1,5,0
1,10,0
1,15,0
1,20,0
2,5,0
2,10,0
2,15,0
2,20,0
2,25,0
2,30,0
3,5,0
3,10,0
3,15,0
3,20,0
3,20,1
3,25,0
4,5,0
4,10,0
4,15,0
4,20,0
4,25,0
4,60,11
5,5,0
5,10,0
5,15,0
5,20,0
5,25,0
5,45,4
5,50,7
6,5,0
6,10,0
6,15,0
6,20,0
6,25,0
7,5,0
7,5,9
7,10,0
7,15,0
7,20,0
7,25,0
7,65,1
7,100,8
8,5,0
8,10,0
8,15,0
8,20,0
8,25,0
8,85,5
9,5,0
9,10,0
9,15,0
9,20,0
9,25,0
9,40,2
9,85,0
10,5,0
10,10,0
10,15,0
10,20,0
10,25,0
10,50,1
10,65,8
11,5,0
11,10,0
11,15,0
11,20,0
11,25,0
11,55,6
11,85,0
12,5,0
12,10,0
12,15,0
12,15,5
12,20,0
12,25,0
12,30,0
12,50,10
13,5,0
13,10,0
13,15,0
13,20,0
13,25,0
14,5,0
14,10,0
14,15,0
14,20,0
14,25,0
14,30,0
14,80,0
15,5,0
15,10,0
15,15,0
15,20,0
15,25,0
15,30,0
16,5,0
16,10,0
16,15,0
16,20,0
16,25,0
16,30,0
17,5,0
17,5,4
17,10,0
17,15,0
17,20,0
17,25,0
17,25,10
17,25,11
17,25,12
17,30,0
17,30,1
17,30,2
17,30,3
17,30,4
17,30,5
17,30,6
17,30,7
17,30,8
17,30,9
17,30,10
17,30,11
17,30,12
17,35,0
17,35,1
17,35,2
17,35,3
17,35,4
17,35,5
17,35,6
17,35,7
17,35,8
17,35,9
17,35,10
17,35,11
17,35,12
17,40,0
17,40,1
17,40,2
17,40,3
17,40,4
17,40,5
17,40,6
17,40,7
17,40,8
17,40,9
17,40,10
17,40,11
17,40,12
17,45,0
17,45,1
17,45,2
17,45,3
17,45,4
17,45,5
17,45,6
17,45,7
17,45,8
17,45,9
17,45,10
17,45,11
17,45,12
17,50,0
17,50,1
17,50,2
17,50,3
17,50,4
17,50,5
17,50,6
17,50,7
17,50,8
17,50,9
17,50,10
17,50,11
17,50,12
17,55,0
17,55,1
17,55,2
17,55,3
17,55,4
17,55,5
17,55,6
17,55,7
17,55,8
17,55,9
17,55,10
17,55,11
17,55,12
17,60,0
17,60,1
17,60,2
17,60,3
17,60,4
17,60,5
17,60,6
17,60,7
17,60,8
17,60,9
17,60,10
17,60,11
17,60,12
17,65,0
17,65,1
17,65,2
17,65,3
17,65,4
17,65,5
17,65,6
17,65,7
17,65,8
17,65,9
17,65,10
17,65,11
17,65,12
17,70,0
17,70,1
17,70,2
17,70,3
17,70,4
17,70,5
17,70,6
17,70,7
17,70,8
17,70,9
17,70,10
17,70,11
17,70,12
17,75,0
17,75,1
17,75,2
17,75,3
17,75,4
17,75,5
17,75,6
17,75,7
17,75,8
17,75,9
17,75,10
17,75,11
17,75,12
17,80,0
17,80,1
17,80,2
17,80,3
17,80,4
17,80,5
17,80,6
17,80,7
17,80,8
17,80,9
17,80,10
17,80,11
17,80,12
17,85,0
17,85,1
17,85,2
17,85,3
17,85,4
17,85,5
17,85,6
17,85,7
17,85,8
17,85,9
17,85,10
17,85,11
17,85,12
17,90,0
17,90,1
17,90,2
17,90,3
17,90,4
17,90,5
17,90,6
17,90,7
17,90,8
17,90,9
17,90,10
17,90,11
17,90,12
17,95,0
17,95,1
17,95,2
17,95,3
17,95,4
17,95,5
17,95,6
17,95,7
17,95,8
17,95,9
17,95,10
17,95,11
17,95,12
17,100,0
17,100,1
17,100,2
17,100,3
17,100,4
17,100,5
17,100,6
17,100,7
17,100,8
17,100,9
17,100,10
17,100,11
17,100,12
18,5,0
18,5,1
18,5,2
18,5,3
18,5,4
18,5,5
18,5,6
18,5,7
18,5,8
18,5,9
18,5,10
18,5,11
18,5,12
18,10,0
18,10,1
18,10,2
18,10,3
18,10,4
18,10,5
18,10,6
18,10,7
18,10,8
18,10,9
18,10,10
18,10,11
18,10,12
18,15,0
18,15,1
18,15,2
18,15,3
18,15,4
18,15,5
18,15,6
18,15,7
18,15,8
18,15,9
18,15,10
18,15,11
18,15,12
18,20,0
18,20,1
18,20,2
18,20,3
18,20,4
18,20,5
18,20,6
18,20,7
18,20,8
18,20,9
18,20,10
18,20,11
18,20,12
18,25,0
18,25,1
18,25,2
18,25,3
18,25,4
18,25,5
18,25,6
18,25,7
18,25,8
18,25,9
18,25,10
18,25,11
18,25,12
18,30,0
18,30,1
18,30,2
18,30,3
18,30,4
18,30,5
18,30,6
18,30,7
18,30,8
18,30,9
18,30,10
18,30,11
18,30,12
18,35,0
18,35,1
18,35,2
18,35,3
18,35,4
18,35,5
18,35,6
18,35,7
18,35,8
18,35,9
18,35,10
18,35,11
18,35,12
18,40,0
18,40,1
18,40,2
18,40,3
18,40,4
18,40,5
18,40,6
18,40,7
18,40,8
18,40,9
18,40,10
18,40,11
18,40,12
18,45,0
18,45,1
18,45,2
18,45,3
18,45,4
18,45,5
18,45,6
18,45,7
18,45,8
18,45,9
18,45,10
18,45,11
18,45,12
18,50,0
18,50,1
18,50,2
18,50,3
18,50,4
18,50,5
18,50,6
18,50,7
18,50,8
18,50,9
18,50,10
18,50,11
18,50,12
18,55,0
18,55,1
18,55,2
18,55,3
18,55,4
18,55,5
18,55,6
18,55,7
18,55,8
18,55,9
18,55,10
18,55,11
18,55,12
18,60,0
18,60,1
18,60,2
18,60,3
18,60,4
18,60,5
18,60,6
18,60,7
18,60,8
18,60,9
18,60,10
18,60,11
18,60,12
18,65,0
18,65,1
18,65,2
18,65,3
18,65,4
18,65,5
18,65,6
18,65,7
18,65,8
18,65,9
18,65,10
18,65,11
18,65,12
18,70,0
18,70,1
18,70,2
18,70,3
18,70,4
18,70,5
18,70,6
18,70,7
18,70,8
18,70,9
18,70,10
18,70,11
18,70,12
18,75,0
18,75,1
18,75,2
18,75,3
18,75,4
18,75,5
18,75,6
18,75,7
18,75,8
18,75,9
18,75,10
18,75,11
18,75,12
18,80,0
18,80,1
18,80,2
18,80,3
18,80,4
18,80,5
18,80,6
18,80,7
18,80,8
18,80,9
18,80,10
18,80,11
18,80,12
18,85,0
18,85,1
18,85,2
18,85,3
18,85,4
18,85,5
18,85,6
18,85,7
18,85,8
18,85,9
18,85,10
18,85,11
18,85,12
18,90,0
18,90,1
18,90,2
18,90,3
18,90,4
18,90,5
18,90,6
18,90,7
18,90,8
18,90,9
18,90,10
18,90,11
18,90,12
18,95,0
18,95,1
18,95,2
18,95,3
18,95,4
18,95,5
18,95,6
18,95,7
18,95,8
18,95,9
18,95,10
18,95,11
18,95,12
18,100,0
18,100,1
18,100,2
18,100,3
18,100,4
18,100,5
18,100,6
18,100,7
18,100,8
18,100,9
18,100,10
18,100,11
18,100,12
19,5,0
19,5,1
19,5,2
19,5,3
19,5,4
19,5,5
19,5,6
19,5,7
19,5,8
19,5,9
19,5,10
19,5,11
19,5,12
19,10,0
19,10,1
19,10,2
19,10,3
19,10,4
19,10,5
19,10,6
19,10,7
19,10,8
19,10,9
19,10,10
19,10,11
19,10,12
19,15,0
19,15,1
19,15,2
19,15,3
19,15,4
19,15,5
19,15,6
19,15,7
19,15,8
19,15,9
19,15,10
19,15,11
19,15,12
19,20,0
19,20,1
19,20,2
19,20,3
19,20,4
19,20,5
19,20,6
19,20,7
19,20,8
19,20,9
19,20,10
19,20,11
19,20,12
19,25,0
19,25,1
19,25,2
19,25,3
19,25,4
19,25,5
19,25,6
19,25,7
19,25,8
19,25,9
19,25,10
19,25,11
19,25,12
19,30,0
19,30,1
19,30,2
19,30,3
19,30,4
19,30,5
19,30,6
19,30,7
19,30,8
19,30,9
19,30,10
19,30,11
19,30,12
19,35,0
19,35,1
19,35,2
19,35,3
19,35,4
19,35,5
19,35,6
19,35,7
19,35,8
19,35,9
19,35,10
19,35,11
19,35,12
19,40,0
19,40,1
19,40,2
19,40,3
19,40,4
19,40,5
19,40,6
19,40,7
19,40,8
19,40,9
19,40,10
19,40,11
19,40,12
19,45,0
19,45,1
19,45,2
19,45,3
19,45,4
19,45,5
19,45,6
19,45,7
19,45,8
19,45,9
19,45,10
19,45,11
19,45,12
19,50,0
19,50,1
19,50,2
19,50,3
19,50,4
19,50,5
19,50,6
19,50,7
19,50,8
19,50,9
19,50,10
19,50,11
19,50,12
19,55,0
19,55,1
19,55,2
19,55,3
19,55,4
19,55,5
19,55,6
19,55,7
19,55,8
19,55,9
19,55,10
19,55,11
19,55,12
19,60,0
19,60,1
19,60,2
19,60,3
19,60,4
19,60,5
19,60,6
19,60,7
19,60,8
19,60,9
19,60,10
19,60,11
19,60,12
19,65,0
19,65,1
19,65,2
19,65,3
19,65,4
19,65,5
19,65,6
19,65,7
19,65,8
19,65,9
19,65,10
19,65,11
19,65,12
19,70,0
19,70,1
19,70,2
19,70,3
19,70,4
19,70,5
19,70,6
19,70,7
19,70,8
19,70,9
19,70,10
19,70,11
19,70,12
19,75,0
19,75,1
19,75,2
19,75,3
19,75,4
19,75,5
19,75,6
19,75,7
19,75,8
19,75,9
19,75,10
19,75,11
19,75,12
19,80,0
19,80,1
19,80,2
19,80,3
19,80,4
19,80,5
19,80,6
19,80,7
19,80,8
19,80,9
19,80,10
19,80,11
19,80,12
19,85,0
19,85,1
19,85,2
19,85,3
19,85,4
19,85,5
19,85,6
19,85,7
19,85,8
19,85,9
19,85,10
19,85,11
19,85,12
19,90,0
19,90,1
19,90,2
19,90,3
19,90,4
19,90,5
19,90,6
19,90,7
19,90,8
19,90,9
19,90,10
19,90,11
19,90,12
19,95,0
19,95,1
19,95,2
19,95,3
19,95,4
19,95,5
19,95,6
19,95,7
19,95,8
19,95,9
19,95,10
19,95,11
19,95,12
19,100,0
19,100,1
19,100,2
19,100,3
19,100,4
19,100,5
19,100,6
19,100,7
19,100,8
19,100,9
19,100,10
19,100,11
19,100,12
20,5,0
20,5,1
20,5,2
20,5,3
20,5,4
20,5,5
20,5,6
20,5,7
20,5,8
20,5,9
20,5,10
20,5,11
20,5,12
20,10,0
20,10,1
20,10,2
20,10,3
20,10,4
20,10,5
20,10,6
20,10,7
20,10,8
20,10,9
20,10,10
20,10,11
20,10,12
20,15,0
20,15,1
20,15,2
20,15,3
20,15,4
20,15,5
20,15,6
20,15,7
20,15,8
20,15,9
20,15,10
20,15,11
20,15,12
20,20,0
20,20,1
20,20,2
20,20,3
20,20,4
20,20,5
20,20,6
20,20,7
20,20,8
20,20,9
20,20,10
20,20,11
20,20,12
20,25,0
20,25,1
20,25,2
20,25,3
20,25,4
20,25,5
20,25,6
20,25,7
20,25,8
20,25,9
20,25,10
20,25,11
20,25,12
20,30,0
20,30,1
20,30,2
20,30,3
20,30,4
20,30,5
20,30,6
20,30,7
20,30,8
20,30,9
20,30,10
20,30,11
20,30,12
20,35,0
20,35,1
20,35,2
20,35,3
20,35,4
20,35,5
20,35,6
20,35,7
20,35,8
20,35,9
20,35,10
20,35,11
20,35,12
20,40,0
20,40,1
20,40,2
20,40,3
20,40,4
20,40,5
20,40,6
20,40,7
20,40,8
20,40,9
20,40,10
20,40,11
20,40,12
20,45,0
20,45,1
20,45,2
20,45,3
20,45,4
20,45,5
20,45,6
20,45,7
20,45,8
20,45,9
20,45,10
20,45,11
20,45,12
20,50,0
20,50,1
20,50,2
20,50,3
20,50,4
20,50,5
20,50,6
20,50,7
20,50,8
20,50,9
20,50,10
20,50,11
20,50,12
20,55,0
20,55,1
20,55,2
20,55,3
20,55,4
20,55,5
20,55,6
20,55,7
20,55,8
20,55,9
20,55,10
20,55,11
20,55,12
20,60,0
20,60,1
20,60,2
20,60,3
20,60,4
20,60,5
20,60,6
20,60,7
20,60,8
20,60,9
20,60,10
20,60,11
20,60,12
20,65,0
20,65,1
20,65,2
20,65,3
20,65,4
20,65,5
20,65,6
20,65,7
20,65,8
20,65,9
20,65,10
20,65,11
20,65,12
20,70,0
20,70,1
20,70,2
20,70,3
20,70,4
20,70,5
20,70,6
20,70,7
20,70,8
20,70,9
20,70,10
20,70,11
20,70,12
20,75,0
20,75,1
20,75,2
20,75,3
20,75,4
20,75,5
20,75,6
20,75,7
20,75,8
20,75,9
20,75,10
20,75,11
20,75,12
20,80,0
20,80,1
20,80,2
20,80,3
20,80,4
20,80,5
20,80,6
20,80,7
20,80,8
20,80,9
20,80,10
20,80,11
20,80,12
20,85,0
20,85,1
20,85,2
20,85,3
20,85,4
20,85,5
20,85,6
20,85,7
20,85,8
20,85,9
20,85,10
20,85,11
20,85,12
20,90,0
20,90,1
20,90,2
20,90,3
20,90,4
20,90,5
20,90,6
20,90,7
20,90,8
20,90,9
20,90,10
20,90,11
20,90,12
20,95,0
20,95,1
20,95,2
20,95,3
20,95,4
20,95,5
20,95,6
20,95,7
20,95,8
20,95,9
20,95,10
20,95,11
20,95,12
20,100,0
20,100,1
20,100,2
20,100,3
20,100,4
20,100,5
20,100,6
20,100,7
20,100,8
20,100,9
20,100,10
20,100,11
20,100,12
21,5,0
21,5,1
21,5,2
21,5,3
21,5,4
21,5,5
21,5,6
21,5,7
21,5,8
21,5,9
21,5,10
21,5,11
21,5,12
21,10,0
21,10,1
21,10,2
21,10,3
21,10,4
21,10,5
21,10,6
21,10,7
21,10,8
21,10,9
21,10,10
21,10,11
21,10,12
21,15,0
21,15,1
21,15,2
21,15,3
21,15,4
21,15,5
21,15,6
21,15,7
21,15,8
21,15,9
21,15,10
21,15,11
21,15,12
21,20,0
21,20,1
21,20,2
21,20,3
21,20,4
21,20,5
21,20,6
21,20,7
21,20,8
21,20,9
21,20,10
21,20,11
21,20,12
21,25,0
21,25,1
21,25,2
21,25,3
21,25,4
21,25,5
21,25,6
21,25,7
21,25,8
21,25,9
21,25,10
21,25,11
21,25,12
21,30,0
21,30,1
21,30,2
21,30,3
21,30,4
21,30,5
21,30,6
21,30,7
21,30,8
21,30,9
21,30,10
21,30,11
21,30,12
21,35,0
21,35,1
21,35,2
21,35,3
21,35,4
21,35,5
21,35,6
21,35,7
21,35,8
21,35,9
21,35,10
21,35,11
21,35,12
21,40,0
21,40,1
21,40,2
21,40,3
21,40,4
21,40,5
21,40,6
21,40,7
21,40,8
21,40,9
21,40,10
21,40,11
21,40,12
21,45,0
21,45,1
21,45,2
21,45,3
21,45,4
21,45,5
21,45,6
21,45,7
21,45,8
21,45,9
21,45,10
21,45,11
21,45,12
21,50,0
21,50,1
21,50,2
21,50,3
21,50,4
21,50,5
21,50,6
21,50,7
21,50,8
21,50,9
21,50,10
21,50,11
21,50,12
21,55,0
21,55,1
21,55,2
21,55,3
21,55,4
21,55,5
21,55,6
21,55,7
21,55,8
21,55,9
21,55,10
21,55,11
21,55,12
21,60,0
21,60,1
21,60,2
21,60,3
21,60,4
21,60,5
21,60,6
21,60,7
21,60,8
21,60,9
21,60,10
21,60,11
21,60,12
21,65,0
21,65,1
21,65,2
21,65,3
21,65,4
21,65,5
21,65,6
21,65,7
21,65,8
21,65,9
21,65,10
21,65,11
21,65,12
21,70,0
21,70,1
21,70,2
21,70,3
21,70,4
21,70,5
21,70,6
21,70,7
21,70,8
21,70,9
21,70,10
21,70,11
21,70,12
21,75,0
21,75,1
21,75,2
21,75,3
21,75,4
21,75,5
21,75,6
21,75,7
21,75,8
21,75,9
21,75,10
21,75,11
21,75,12
21,80,0
21,80,1
21,80,2
21,80,3
21,80,4
21,80,5
21,80,6
21,80,7
21,80,8
21,80,9
21,80,10
21,80,11
21,80,12
21,85,0
21,85,1
21,85,2
21,85,3
21,85,4
21,85,5
21,85,6
21,85,7
21,85,8
21,85,9
21,85,10
21,85,11
21,85,12
21,90,0
21,90,1
21,90,2
21,90,3
21,90,4
21,90,5
21,90,6
21,90,7
21,90,8
21,90,9
21,90,10
21,90,11
21,90,12
21,95,0
21,95,1
21,95,2
21,95,3
21,95,4
21,95,5
21,95,6
21,95,7
21,95,8
21,95,9
21,95,10
21,95,11
21,95,12
21,100,0
21,100,1
21,100,2
21,100,3
21,100,4
21,100,5
21,100,6
21,100,7
21,100,8
21,100,9
21,100,10
21,100,11
21,100,12
22,5,0
22,5,1
22,5,2
22,5,3
22,5,4
22,5,5
22,5,6
22,5,7
22,5,8
22,5,9
22,5,10
22,5,11
22,5,12
22,10,0
22,10,1
22,10,2
22,10,3
22,10,4
22,10,5
22,10,6
22,10,7
22,10,8
22,10,9
22,10,10
22,10,11
22,10,12
22,15,0
22,15,1
22,15,2
22,15,3
22,15,4
22,15,5
22,15,6
22,15,7
22,15,8
22,15,9
22,15,10
22,15,11
22,15,12
22,20,0
22,20,1
22,20,2
22,20,3
22,20,4
22,20,5
22,20,6
22,20,7
22,20,8
22,20,9
22,20,10
22,20,11
22,20,12
22,25,0
22,25,1
22,25,2
22,25,3
22,25,4
22,25,5
22,25,6
22,25,7
22,25,8
22,25,9
22,25,10
22,25,11
22,25,12
22,30,0
22,30,1
22,30,2
22,30,3
22,30,4
22,30,5
22,30,6
22,30,7
22,30,8
22,30,9
22,30,10
22,30,11
22,30,12
22,35,0
22,35,1
22,35,2
22,35,3
22,35,4
22,35,5
22,35,6
22,35,7
22,35,8
22,35,9
22,35,10
22,35,11
22,35,12
22,40,0
22,40,1
22,40,2
22,40,3
22,40,4
22,40,5
22,40,6
22,40,7
22,40,8
22,40,9
22,40,10
22,40,11
22,40,12
22,45,0
22,45,1
22,45,2
22,45,3
22,45,4
22,45,5
22,45,6
22,45,7
22,45,8
22,45,9
22,45,10
22,45,11
22,45,12
22,50,0
22,50,1
22,50,2
22,50,3
22,50,4
22,50,5
22,50,6
22,50,7
22,50,8
22,50,9
22,50,10
22,50,11
22,50,12
22,55,0
22,55,1
22,55,2
22,55,3
22,55,4
22,55,5
22,55,6
22,55,7
22,55,8
22,55,9
22,55,10
22,55,11
22,55,12
22,60,0
22,60,1
22,60,2
22,60,3
22,60,4
22,60,5
22,60,6
22,60,7
22,60,8
22,60,9
22,60,10
22,60,11
22,60,12
22,65,0
22,65,1
22,65,2
22,65,3
22,65,4
22,65,5
22,65,6
22,65,7
22,65,8
22,65,9
22,65,10
22,65,11
22,65,12
22,70,0
22,70,1
22,70,2
22,70,3
22,70,4
22,70,5
22,70,6
22,70,7
22,70,8
22,70,9
22,70,10
22,70,11
22,70,12
22,75,0
22,75,1
22,75,2
22,75,3
22,75,4
22,75,5
22,75,6
22,75,7
22,75,8
22,75,9
22,75,10
22,75,11
22,75,12
22,80,0
22,80,1
22,80,2
22,80,3
22,80,4
22,80,5
22,80,6
22,80,7
22,80,8
22,80,9
22,80,10
22,80,11
22,80,12
22,85,0
22,85,1
22,85,2
22,85,3
22,85,4
22,85,5
22,85,6
22,85,7
22,85,8
22,85,9
22,85,10
22,85,11
22,85,12
22,90,0
22,90,1
22,90,2
22,90,3
22,90,4
22,90,5
22,90,6
22,90,7
22,90,8
22,90,9
22,90,10
22,90,11
22,90,12
22,95,0
22,95,1
22,95,2
22,95,3
22,95,4
22,95,5
22,95,6
22,95,7
22,95,8
22,95,9
22,95,10
22,95,11
22,95,12
22,100,0
22,100,1
22,100,2
22,100,3
22,100,4
22,100,5
22,100,6
22,100,7
22,100,8
22,100,9
22,100,10
22,100,11
22,100,12
23,5,0
23,5,1
23,5,2
23,5,3
23,5,4
23,5,5
23,5,6
23,5,7
23,5,8
23,5,9
23,5,10
23,5,11
23,5,12
23,10,0
23,10,1
23,10,2
23,10,3
23,10,4
23,10,5
23,10,6
23,10,7
23,10,8
23,10,9
23,10,10
23,10,11
23,10,12
23,15,0
23,15,1
23,15,2
23,15,3
23,15,4
23,15,5
23,15,6
23,15,7
23,15,8
23,15,9
23,15,10
23,15,11
23,15,12
23,20,0
23,20,1
23,20,2
23,20,3
23,20,4
23,20,5
23,20,6
23,20,7
23,20,8
23,20,9
23,20,10
23,20,11
23,20,12
23,25,0
23,25,1
23,25,2
23,25,3
23,25,4
23,25,5
23,25,6
23,25,7
23,25,8
23,25,9
23,25,10
23,25,11
23,25,12
23,30,0
23,30,1
23,30,2
23,30,3
23,30,4
23,30,5
23,30,6
23,30,7
23,30,8
23,30,9
23,30,10
23,30,11
23,30,12
23,35,0
23,35,1
23,35,2
23,35,3
23,35,4
23,35,5
23,35,6
23,35,7
23,35,8
23,35,9
23,35,10
23,35,11
23,35,12
23,40,0
23,40,1
23,40,2
23,40,3
23,40,4
23,40,5
23,40,6
23,40,7
23,40,8
23,40,9
23,40,10
23,40,11
23,40,12
23,45,0
23,45,1
23,45,2
23,45,3
23,45,4
23,45,5
23,45,6
23,45,7
23,45,8
23,45,9
23,45,10
23,45,11
23,45,12
23,50,0
23,50,1
23,50,2
23,50,3
23,50,4
23,50,5
23,50,6
23,50,7
23,50,8
23,50,9
23,50,10
23,50,11
23,50,12
23,55,0
23,55,1
23,55,2
23,55,3
23,55,4
23,55,5
23,55,6
23,55,7
23,55,8
23,55,9
23,55,10
23,55,11
23,55,12
23,60,0
23,60,1
23,60,2
23,60,3
23,60,4
23,60,5
23,60,6
23,60,7
23,60,8
23,60,9
23,60,10
23,60,11
23,60,12
23,65,0
23,65,1
23,65,2
23,65,3
23,65,4
23,65,5
23,65,6
23,65,7
23,65,8
23,65,9
23,65,10
23,65,11
23,65,12
23,70,0
23,70,1
23,70,2
23,70,3
23,70,4
23,70,5
23,70,6
23,70,7
23,70,8
23,70,9
23,70,10
23,70,11
23,70,12
23,75,0
23,75,1
23,75,2
23,75,3
23,75,4
23,75,5
23,75,6
23,75,7
23,75,8
23,75,9
23,75,10
23,75,11
23,75,12
23,80,0
23,80,1
23,80,2
23,80,3
23,80,4
23,80,5
23,80,6
23,80,7
23,80,8
23,80,9
23,80,10
23,80,11
23,80,12
23,85,0
23,85,1
23,85,2
23,85,3
23,85,4
23,85,5
23,85,6
23,85,7
23,85,8
23,85,9
23,85,10
23,85,11
23,85,12
23,90,0
23,90,1
23,90,2
23,90,3
23,90,4
23,90,5
23,90,6
23,90,7
23,90,8
23,90,9
23,90,10
23,90,11
23,90,12
23,95,0
23,95,1
23,95,2
23,95,3
23,95,4
23,95,5
23,95,6
23,95,7
23,95,8
23,95,9
23,95,10
23,95,11
23,95,12
23,100,0
23,100,1
23,100,2
23,100,3
23,100,4
23,100,5
23,100,6
23,100,7
23,100,8
23,100,9
23,100,10
23,100,11
23,100,12
24,5,0
24,5,1
24,5,2
24,5,3
24,5,4
24,5,5
24,5,6
24,5,7
24,5,8
24,5,9
24,5,10
24,5,11
24,5,12
24,10,0
24,10,1
24,10,2
24,10,3
24,10,4
24,10,5
24,10,6
24,10,7
24,10,8
24,10,9
24,10,10
24,10,11
24,10,12
24,15,0
24,15,1
24,15,2
24,15,3
24,15,4
24,15,5
24,15,6
24,15,7
24,15,8
24,15,9
24,15,10
24,15,11
24,15,12
24,20,0
24,20,1
24,20,2
24,20,3
24,20,4
24,20,5
24,20,6
24,20,7
24,20,8
24,20,9
24,20,10
24,20,11
24,20,12
24,25,0
24,25,1
24,25,2
24,25,3
24,25,4
24,25,5
24,25,6
24,25,7
24,25,8
24,25,9
24,25,10
24,25,11
24,25,12
24,30,0
24,30,1
24,30,2
24,30,3
24,30,4
24,30,5
24,30,6
24,30,7
24,30,8
24,30,9
24,30,10
24,30,11
24,30,12
24,35,0
24,35,1
24,35,2
24,35,3
24,35,4
24,35,5
24,35,6
24,35,7
24,35,8
24,35,9
24,35,10
24,35,11
24,35,12
24,40,0
24,40,1
24,40,2
24,40,3
24,40,4
24,40,5
24,40,6
24,40,7
24,40,8
24,40,9
24,40,10
24,40,11
24,40,12
24,45,0
24,45,1
24,45,2
24,45,3
24,45,4
24,45,5
24,45,6
24,45,7
24,45,8
24,45,9
24,45,10
24,45,11
24,45,12
24,50,0
24,50,1
24,50,2
24,50,3
24,50,4
24,50,5
24,50,6
24,50,7
24,50,8
24,50,9
24,50,10
24,50,11
24,50,12
24,55,0
24,55,1
24,55,2
24,55,3
24,55,4
24,55,5
24,55,6
24,55,7
24,55,8
24,55,9
24,55,10
24,55,11
24,55,12
24,60,0
24,60,1
24,60,2
24,60,3
24,60,4
24,60,5
24,60,6
24,60,7
24,60,8
24,60,9
24,60,10
24,60,11
24,60,12
24,65,0
24,65,1
24,65,2
24,65,3
24,65,4
24,65,5
24,65,6
24,65,7
24,65,8
24,65,9
24,65,10
24,65,11
24,65,12
24,70,0
24,70,1
24,70,2
24,70,3
24,70,4
24,70,5
24,70,6
24,70,7
24,70,8
24,70,9
24,70,10
24,70,11
24,70,12
24,75,0
24,75,1
24,75,2
24,75,3
24,75,4
24,75,5
24,75,6
24,75,7
24,75,8
24,75,9
24,75,10
24,75,11
24,75,12
24,80,0
24,80,1
24,80,2
24,80,3
24,80,4
24,80,5
24,80,6
24,80,7
24,80,8
24,80,9
24,80,10
24,80,11
24,80,12
24,85,0
24,85,1
24,85,2
24,85,3
24,85,4
24,85,5
24,85,6
24,85,7
24,85,8
24,85,9
24,85,10
24,85,11
24,85,12
24,90,0
24,90,1
24,90,2
24,90,3
24,90,4
24,90,5
24,90,6
24,90,7
24,90,8
24,90,9
24,90,10
24,90,11
24,90,12
24,95,0
24,95,1
24,95,2
24,95,3
24,95,4
24,95,5
24,95,6
24,95,7
24,95,8
24,95,9
24,95,10
24,95,11
24,95,12
24,100,0
24,100,1
24,100,2
24,100,3
24,100,4
24,100,5
24,100,6
24,100,7
24,100,8
24,100,9
24,100,10
24,100,11
24,100,12
25,5,0
25,5,1
25,5,2
25,5,3
25,5,4
25,5,5
25,5,6
25,5,7
25,5,8
25,5,9
25,5,10
25,5,11
25,5,12
25,10,0
25,10,1
25,10,2
25,10,3
25,10,4
25,10,5
25,10,6
25,10,7
25,10,8
25,10,9
25,10,10
25,10,11
25,10,12
25,15,0
25,15,1
25,15,2
25,15,3
25,15,4
25,15,5
25,15,6
25,15,7
25,15,8
25,15,9
25,15,10
25,15,11
25,15,12
25,20,0
25,20,1
25,20,2
25,20,3
25,20,4
25,20,5
25,20,6
25,20,7
25,20,8
25,20,9
25,20,10
25,20,11
25,20,12
25,25,0
25,25,1
25,25,2
25,25,3
25,25,4
25,25,5
25,25,6
25,25,7
25,25,8
25,25,9
25,25,10
25,25,11
25,25,12
25,30,0
25,30,1
25,30,2
25,30,3
25,30,4
25,30,5
25,30,6
25,30,7
25,30,8
25,30,9
25,30,10
25,30,11
25,30,12
25,35,0
25,35,1
25,35,2
25,35,3
25,35,4
25,35,5
25,35,6
25,35,7
25,35,8
25,35,9
25,35,10
25,35,11
25,35,12
25,40,0
25,40,1
25,40,2
25,40,3
25,40,4
25,40,5
25,40,6
25,40,7
25,40,8
25,40,9
25,40,10
25,40,11
25,40,12
25,45,0
25,45,1
25,45,2
25,45,3
25,45,4
25,45,5
25,45,6
25,45,7
25,45,8
25,45,9
25,45,10
25,45,11
25,45,12
25,50,0
25,50,1
25,50,2
25,50,3
25,50,4
25,50,5
25,50,6
25,50,7
25,50,8
25,50,9
25,50,10
25,50,11
25,50,12
25,55,0
25,55,1
25,55,2
25,55,3
25,55,4
25,55,5
25,55,6
25,55,7
25,55,8
25,55,9
25,55,10
25,55,11
25,55,12
25,60,0
25,60,1
25,60,2
25,60,3
25,60,4
25,60,5
25,60,6
25,60,7
25,60,8
25,60,9
25,60,10
25,60,11
25,60,12
25,65,0
25,65,1
25,65,2
25,65,3
25,65,4
25,65,5
25,65,6
25,65,7
25,65,8
25,65,9
25,65,10
25,65,11
25,65,12
25,70,0
25,70,1
25,70,2
25,70,3
25,70,4
25,70,5
25,70,6
25,70,7
25,70,8
25,70,9
25,70,10
25,70,11
25,70,12
25,75,0
25,75,1
25,75,2
25,75,3
25,75,4
25,75,5
25,75,6
25,75,7
25,75,8
25,75,9
25,75,10
25,75,11
25,75,12
25,80,0
25,80,1
25,80,2
25,80,3
25,80,4
25,80,5
25,80,6
25,80,7
25,80,8
25,80,9
25,80,10
25,80,11
25,80,12
25,85,0
25,85,1
25,85,2
25,85,3
25,85,4
25,85,5
25,85,6
25,85,7
25,85,8
25,85,9
25,85,10
25,85,11
25,85,12
25,90,0
25,90,1
25,90,2
25,90,3
25,90,4
25,90,5
25,90,6
25,90,7
25,90,8
25,90,9
25,90,10
25,90,11
25,90,12
25,95,0
25,95,1
25,95,2
25,95,3
25,95,4
25,95,5
25,95,6
25,95,7
25,95,8
25,95,9
25,95,10
25,95,11
25,95,12
25,100,0
25,100,1
25,100,2
25,100,3
25,100,4
25,100,5
25,100,6
25,100,7
25,100,8
25,100,9
25,100,10
25,100,11
25,100,12
26,5,0
26,5,1
26,5,2
26,5,3
26,5,4
26,5,5
26,5,6
26,5,7
26,5,8
26,5,9
26,5,10
26,5,11
26,5,12
26,10,0
26,10,1
26,10,2
26,10,3
26,10,4
26,10,5
26,10,6
26,10,7
26,10,8
26,10,9
26,10,10
26,10,11
26,10,12
26,15,0
26,15,1
26,15,2
26,15,3
26,15,4
26,15,5
26,15,6
26,15,7
26,15,8
26,15,9
26,15,10
26,15,11
26,15,12
26,20,0
26,20,1
26,20,2
26,20,3
26,20,4
26,20,5
26,20,6
26,20,7
26,20,8
26,20,9
26,20,10
26,20,11
26,20,12
26,25,0
26,25,1
26,25,2
26,25,3
26,25,4
26,25,5
26,25,6
26,25,7
26,25,8
26,25,9
26,25,10
26,25,11
26,25,12
26,30,0
26,30,1
26,30,2
26,30,3
26,30,4
26,30,5
26,30,6
26,30,7
26,30,8
26,30,9
26,30,10
26,30,11
26,30,12
26,35,0
26,35,1
26,35,2
26,35,3
26,35,4
26,35,5
26,35,6
26,35,7
26,35,8
26,35,9
26,35,10
26,35,11
26,35,12
26,40,0
26,40,1
26,40,2
26,40,3
26,40,4
26,40,5
26,40,6
26,40,7
26,40,8
26,40,9
26,40,10
26,40,11
26,40,12
26,45,0
26,45,1
26,45,2
26,45,3
26,45,4
26,45,5
26,45,6
26,45,7
26,45,8
26,45,9
26,45,10
26,45,11
26,45,12
26,50,0
26,50,1
26,50,2
26,50,3
26,50,4
26,50,5
26,50,6
26,50,7
26,50,8
26,50,9
26,50,10
26,50,11
26,50,12
26,55,0
26,55,1
26,55,2
26,55,3
26,55,4
26,55,5
26,55,6
26,55,7
26,55,8
26,55,9
26,55,10
26,55,11
26,55,12
26,60,0
26,60,1
26,60,2
26,60,3
26,60,4
26,60,5
26,60,6
26,60,7
26,60,8
26,60,9
26,60,10
26,60,11
26,60,12
26,65,0
26,65,1
26,65,2
26,65,3
26,65,4
26,65,5
26,65,6
26,65,7
26,65,8
26,65,9
26,65,10
26,65,11
26,65,12
26,70,0
26,70,1
26,70,2
26,70,3
26,70,4
26,70,5
26,70,6
26,70,7
26,70,8
26,70,9
26,70,10
26,70,11
26,70,12
26,75,0
26,75,1
26,75,2
26,75,3
26,75,4
26,75,5
26,75,6
26,75,7
26,75,8
26,75,9
26,75,10
26,75,11
26,75,12
26,80,0
26,80,1
26,80,2
26,80,3
26,80,4
26,80,5
26,80,6
26,80,7
26,80,8
26,80,9
26,80,10
26,80,11
26,80,12
26,85,0
26,85,1
26,85,2
26,85,3
26,85,4
26,85,5
26,85,6
26,85,7
26,85,8
26,85,9
26,85,10
26,85,11
26,85,12
26,90,0
26,90,1
26,90,2
26,90,3
26,90,4
26,90,5
26,90,6
26,90,7
26,90,8
26,90,9
26,90,10
26,90,11
26,90,12
26,95,0
26,95,1
26,95,2
26,95,3
26,95,4
26,95,5
26,95,6
26,95,7
26,95,8
26,95,9
26,95,10
26,95,11
26,95,12
26,100,0
26,100,1
26,100,2
26,100,3
26,100,4
26,100,5
26,100,6
26,100,7
26,100,8
26,100,9
26,100,10
26,100,11
26,100,12
27,5,0
27,5,1
27,5,2
27,5,3
27,5,4
27,5,5
27,5,6
27,5,7
27,5,8
27,5,9
27,5,10
27,5,11
27,5,12
27,10,0
27,10,1
27,10,2
27,10,3
27,10,4
27,10,5
27,10,6
27,10,7
27,10,8
27,10,9
27,10,10
27,10,11
27,10,12
27,15,0
27,15,1
27,15,2
27,15,3
27,15,4
27,15,5
27,15,6
27,15,7
27,15,8
27,15,9
27,15,10
27,15,11
27,15,12
27,20,0
27,20,1
27,20,2
27,20,3
27,20,4
27,20,5
27,20,6
27,20,7
27,20,8
27,20,9
27,20,10
27,20,11
27,20,12
27,25,0
27,25,1
27,25,2
27,25,3
27,25,4
27,25,5
27,25,6
27,25,7
27,25,8
27,25,9
27,25,10
27,25,11
27,25,12
27,30,0
27,30,1
27,30,2
27,30,3
27,30,4
27,30,5
27,30,6
27,30,7
27,30,8
27,30,9
27,30,10
27,30,11
27,30,12
27,35,0
27,35,1
27,35,2
27,35,3
27,35,4
27,35,5
27,35,6
27,35,7
27,35,8
27,35,9
27,35,10
27,35,11
27,35,12
27,40,0
27,40,1
27,40,2
27,40,3
27,40,4
27,40,5
27,40,6
27,40,7
27,40,8
27,40,9
27,40,10
27,40,11
27,40,12
27,45,0
27,45,1
27,45,2
27,45,3
27,45,4
27,45,5
27,45,6
27,45,7
27,45,8
27,45,9
27,45,10
27,45,11
27,45,12
27,50,0
27,50,1
27,50,2
27,50,3
27,50,4
27,50,5
27,50,6
27,50,7
27,50,8
27,50,9
27,50,10
27,50,11
27,50,12
27,55,0
27,55,1
27,55,2
27,55,3
27,55,4
27,55,5
27,55,6
27,55,7
27,55,8
27,55,9
27,55,10
27,55,11
27,55,12
27,60,0
27,60,1
27,60,2
27,60,3
27,60,4
27,60,5
27,60,6
27,60,7
27,60,8
27,60,9
27,60,10
27,60,11
27,60,12
27,65,0
27,65,1
27,65,2
27,65,3
27,65,4
27,65,5
27,65,6
27,65,7
27,65,8
27,65,9
27,65,10
27,65,11
27,65,12
27,70,0
27,70,1
27,70,2
27,70,3
27,70,4
27,70,5
27,70,6
27,70,7
27,70,8
27,70,9
27,70,10
27,70,11
27,70,12
27,75,0
27,75,1
27,75,2
27,75,3
27,75,4
27,75,5
27,75,6
27,75,7
27,75,8
27,75,9
27,75,10
27,75,11
27,75,12
27,80,0
27,80,1
27,80,2
27,80,3
27,80,4
27,80,5
27,80,6
27,80,7
27,80,8
27,80,9
27,80,10
27,80,11
27,80,12
27,85,0
27,85,1
27,85,2
27,85,3
27,85,4
27,85,5
27,85,6
27,85,7
27,85,8
27,85,9
27,85,10
27,85,11
27,85,12
27,90,0
27,90,1
27,90,2
27,90,3
27,90,4
27,90,5
27,90,6
27,90,7
27,90,8
27,90,9
27,90,10
27,90,11
27,90,12
27,95,0
27,95,1
27,95,2
27,95,3
27,95,4
27,95,5
27,95,6
27,95,7
27,95,8
27,95,9
27,95,10
27,95,11
27,95,12
27,100,0
27,100,1
27,100,2
27,100,3
27,100,4
27,100,5
27,100,6
27,100,7
27,100,8
27,100,9
27,100,10
27,100,11
27,100,12
28,5,0
28,5,1
28,5,2
28,5,3
28,5,4
28,5,5
28,5,6
28,5,7
28,5,8
28,5,9
28,5,10
28,5,11
28,5,12
28,10,0
28,10,1
28,10,2
28,10,3
28,10,4
28,10,5
28,10,6
28,10,7
28,10,8
28,10,9
28,10,10
28,10,11
28,10,12
28,15,0
28,15,1
28,15,2
28,15,3
28,15,4
28,15,5
28,15,6
28,15,7
28,15,8
28,15,9
28,15,10
28,15,11
28,15,12
28,20,0
28,20,1
28,20,2
28,20,3
28,20,4
28,20,5
28,20,6
28,20,7
28,20,8
28,20,9
28,20,10
28,20,11
28,20,12
28,25,0
28,25,1
28,25,2
28,25,3
28,25,4
28,25,5
28,25,6
28,25,7
28,25,8
28,25,9
28,25,10
28,25,11
28,25,12
28,30,0
28,30,1
28,30,2
28,30,3
28,30,4
28,30,5
28,30,6
28,30,7
28,30,8
28,30,9
28,30,10
28,30,11
28,30,12
28,35,0
28,35,1
28,35,2
28,35,3
28,35,4
28,35,5
28,35,6
28,35,7
28,35,8
28,35,9
28,35,10
28,35,11
28,35,12
28,40,0
28,40,1
28,40,2
28,40,3
28,40,4
28,40,5
28,40,6
28,40,7
28,40,8
28,40,9
28,40,10
28,40,11
28,40,12
28,45,0
28,45,1
28,45,2
28,45,3
28,45,4
28,45,5
28,45,6
28,45,7
28,45,8
28,45,9
28,45,10
28,45,11
28,45,12
28,50,0
28,50,1
28,50,2
28,50,3
28,50,4
28,50,5
28,50,6
28,50,7
28,50,8
28,50,9
28,50,10
28,50,11
28,50,12
28,55,0
28,55,1
28,55,2
28,55,3
28,55,4
28,55,5
28,55,6
28,55,7
28,55,8
28,55,9
28,55,10
28,55,11
28,55,12
28,60,0
28,60,1
28,60,2
28,60,3
28,60,4
28,60,5
28,60,6
28,60,7
28,60,8
28,60,9
28,60,10
28,60,11
28,60,12
28,65,0
28,65,1
28,65,2
28,65,3
28,65,4
28,65,5
28,65,6
28,65,7
28,65,8
28,65,9
28,65,10
28,65,11
28,65,12
28,70,0
28,70,1
28,70,2
28,70,3
28,70,4
28,70,5
28,70,6
28,70,7
28,70,8
28,70,9
28,70,10
28,70,11
28,70,12
28,75,0
28,75,1
28,75,2
28,75,3
28,75,4
28,75,5
28,75,6
28,75,7
28,75,8
28,75,9
28,75,10
28,75,11
28,75,12
28,80,0
28,80,1
28,80,2
28,80,3
28,80,4
28,80,5
28,80,6
28,80,7
28,80,8
28,80,9
28,80,10
28,80,11
28,80,12
28,85,0
28,85,1
28,85,2
28,85,3
28,85,4
28,85,5
28,85,6
28,85,7
28,85,8
28,85,9
28,85,10
28,85,11
28,85,12
28,90,0
28,90,1
28,90,2
28,90,3
28,90,4
28,90,5
28,90,6
28,90,7
28,90,8
28,90,9
28,90,10
28,90,11
28,90,12
28,95,0
28,95,1
28,95,2
28,95,3
28,95,4
28,95,5
28,95,6
28,95,7
28,95,8
28,95,9
28,95,10
28,95,11
28,95,12
28,100,0
28,100,1
28,100,2
28,100,3
28,100,4
28,100,5
28,100,6
28,100,7
28,100,8
28,100,9
28,100,10
28,100,11
28,100,12
29,5,0
29,5,1
29,5,2
29,5,3
29,5,4
29,5,5
29,5,6
29,5,7
29,5,8
29,5,9
29,5,10
29,5,11
29,5,12
29,10,0
29,10,1
29,10,2
29,10,3
29,10,4
29,10,5
29,10,6
29,10,7
29,10,8
29,10,9
29,10,10
29,10,11
29,10,12
29,15,0
29,15,1
29,15,2
29,15,3
29,15,4
29,15,5
29,15,6
29,15,7
29,15,8
29,15,9
29,15,10
29,15,11
29,15,12
29,20,0
29,20,1
29,20,2
29,20,3
29,20,4
29,20,5
29,20,6
29,20,7
29,20,8
29,20,9
29,20,10
29,20,11
29,20,12
29,25,0
29,25,1
29,25,2
29,25,3
29,25,4
29,25,5
29,25,6
29,25,7
29,25,8
29,25,9
29,25,10
29,25,11
29,25,12
29,30,0
29,30,1
29,30,2
29,30,3
29,30,4
29,30,5
29,30,6
29,30,7
29,30,8
29,30,9
29,30,10
29,30,11
29,30,12
29,35,0
29,35,1
29,35,2
29,35,3
29,35,4
29,35,5
29,35,6
29,35,7
29,35,8
29,35,9
29,35,10
29,35,11
29,35,12
29,40,0
29,40,1
29,40,2
29,40,3
29,40,4
29,40,5
29,40,6
29,40,7
29,40,8
29,40,9
29,40,10
29,40,11
29,40,12
29,45,0
29,45,1
29,45,2
29,45,3
29,45,4
29,45,5
29,45,6
29,45,7
29,45,8
29,45,9
29,45,10
29,45,11
29,45,12
29,50,0
29,50,1
29,50,2
29,50,3
29,50,4
29,50,5
29,50,6
29,50,7
29,50,8
29,50,9
29,50,10
29,50,11
29,50,12
29,55,0
29,55,1
29,55,2
29,55,3
29,55,4
29,55,5
29,55,6
29,55,7
29,55,8
29,55,9
29,55,10
29,55,11
29,55,12
29,60,0
29,60,1
29,60,2
29,60,3
29,60,4
29,60,5
29,60,6
29,60,7
29,60,8
29,60,9
29,60,10
29,60,11
29,60,12
29,65,0
29,65,1
29,65,2
29,65,3
29,65,4
29,65,5
29,65,6
29,65,7
29,65,8
29,65,9
29,65,10
29,65,11
29,65,12
29,70,0
29,70,1
29,70,2
29,70,3
29,70,4
29,70,5
29,70,6
29,70,7
29,70,8
29,70,9
29,70,10
29,70,11
29,70,12
29,75,0
29,75,1
29,75,2
29,75,3
29,75,4
29,75,5
29,75,6
29,75,7
29,75,8
29,75,9
29,75,10
29,75,11
29,75,12
29,80,0
29,80,1
29,80,2
29,80,3
29,80,4
29,80,5
29,80,6
29,80,7
29,80,8
29,80,9
29,80,10
29,80,11
29,80,12
29,85,0
29,85,1
29,85,2
29,85,3
29,85,4
29,85,5
29,85,6
29,85,7
29,85,8
29,85,9
29,85,10
29,85,11
29,85,12
29,90,0
29,90,1
29,90,2
29,90,3
29,90,4
29,90,5
29,90,6
29,90,7
29,90,8
29,90,9
29,90,10
29,90,11
29,90,12
29,95,0
29,95,1
29,95,2
29,95,3
29,95,4
29,95,5
29,95,6
29,95,7
29,95,8
29,95,9
29,95,10
29,95,11
29,95,12
29,100,0
29,100,1
29,100,2
29,100,3
29,100,4
29,100,5
29,100,6
29,100,7
29,100,8
29,100,9
29,100,10
29,100,11
29,100,12
30,5,0
30,5,1
30,5,2
30,5,3
30,5,4
30,5,5
30,5,6
30,5,7
30,5,8
30,5,9
30,5,10
30,5,11
30,5,12
30,10,0
30,10,1
30,10,2
30,10,3
30,10,4
30,10,5
30,10,6
30,10,7
30,10,8
30,10,9
30,10,10
30,10,11
30,10,12
30,15,0
30,15,1
30,15,2
30,15,3
30,15,4
30,15,5
30,15,6
30,15,7
30,15,8
30,15,9
30,15,10
30,15,11
30,15,12
30,20,0
30,20,1
30,20,2
30,20,3
30,20,4
30,20,5
30,20,6
30,20,7
30,20,8
30,20,9
30,20,10
30,20,11
30,20,12
30,25,0
30,25,1
30,25,2
30,25,3
30,25,4
30,25,5
30,25,6
30,25,7
30,25,8
30,25,9
30,25,10
30,25,11
30,25,12
30,30,0
30,30,1
30,30,2
30,30,3
30,30,4
30,30,5
30,30,6
30,30,7
30,30,8
30,30,9
30,30,10
30,30,11
30,30,12
30,35,0
30,35,1
30,35,2
30,35,3
30,35,4
30,35,5
30,35,6
30,35,7
30,35,8
30,35,9
30,35,10
30,35,11
30,35,12
30,40,0
30,40,1
30,40,2
30,40,3
30,40,4
30,40,5
30,40,6
30,40,7
30,40,8
30,40,9
30,40,10
30,40,11
30,40,12
30,45,0
30,45,1
30,45,2
30,45,3
30,45,4
30,45,5
30,45,6
30,45,7
30,45,8
30,45,9
30,45,10
30,45,11
30,45,12
30,50,0
30,50,1
30,50,2
30,50,3
30,50,4
30,50,5
30,50,6
30,50,7
30,50,8
30,50,9
30,50,10
30,50,11
30,50,12
30,55,0
30,55,1
30,55,2
30,55,3
30,55,4
30,55,5
30,55,6
30,55,7
30,55,8
30,55,9
30,55,10
30,55,11
30,55,12
30,60,0
30,60,1
30,60,2
30,60,3
30,60,4
30,60,5
30,60,6
30,60,7
30,60,8
30,60,9
30,60,10
30,60,11
30,60,12
30,65,0
30,65,1
30,65,2
30,65,3
30,65,4
30,65,5
30,65,6
30,65,7
30,65,8
30,65,9
30,65,10
30,65,11
30,65,12
30,70,0
30,70,1
30,70,2
30,70,3
30,70,4
30,70,5
30,70,6
30,70,7
30,70,8
30,70,9
30,70,10
30,70,11
30,70,12
30,75,0
30,75,1
30,75,2
30,75,3
30,75,4
30,75,5
30,75,6
30,75,7
30,75,8
30,75,9
30,75,10
30,75,11
30,75,12
30,80,0
30,80,1
30,80,2
30,80,3
30,80,4
30,80,5
30,80,6
30,80,7
30,80,8
30,80,9
30,80,10
30,80,11
30,80,12
30,85,0
30,85,1
30,85,2
30,85,3
30,85,4
30,85,5
30,85,6
30,85,7
30,85,8
30,85,9
30,85,10
30,85,11
30,85,12
30,90,0
30,90,1
30,90,2
30,90,3
30,90,4
30,90,5
30,90,6
30,90,7
30,90,8
30,90,9
30,90,10
30,90,11
30,90,12
30,95,0
30,95,1
30,95,2
30,95,3
30,95,4
30,95,5
30,95,6
30,95,7
30,95,8
30,95,9
30,95,10
30,95,11
30,95,12
30,100,0
30,100,1
30,100,2
30,100,3
30,100,4
30,100,5
30,100,6
30,100,7
30,100,8
30,100,9
30,100,10
30,100,11
30,100,12
31,5,0
31,5,1
31,5,2
31,5,3
31,5,4
31,5,5
31,5,6
31,5,7
31,5,8
31,5,9
31,5,10
31,5,11
31,5,12
31,10,0
31,10,1
31,10,2
31,10,3
31,10,4
31,10,5
31,10,6
31,10,7
31,10,8
31,10,9
31,10,10
31,10,11
31,10,12
31,15,0
31,15,1
31,15,2
31,15,3
31,15,4
31,15,5
31,15,6
31,15,7
31,15,8
31,15,9
31,15,10
31,15,11
31,15,12
31,20,0
31,20,1
31,20,2
31,20,3
31,20,4
31,20,5
31,20,6
31,20,7
31,20,8
31,20,9
31,20,10
31,20,11
31,20,12
31,25,0
31,25,1
31,25,2
31,25,3
31,25,4
31,25,5
31,25,6
31,25,7
31,25,8
31,25,9
31,25,10
31,25,11
31,25,12
31,30,0
31,30,1
31,30,2
31,30,3
31,30,4
31,30,5
31,30,6
31,30,7
31,30,8
31,30,9
31,30,10
31,30,11
31,30,12
31,35,0
31,35,1
31,35,2
31,35,3
31,35,4
31,35,5
31,35,6
31,35,7
31,35,8
31,35,9
31,35,10
31,35,11
31,35,12
31,40,0
31,40,1
31,40,2
31,40,3
31,40,4
31,40,5
31,40,6
31,40,7
31,40,8
31,40,9
31,40,10
31,40,11
31,40,12
31,45,0
31,45,1
31,45,2
31,45,3
31,45,4
31,45,5
31,45,6
31,45,7
31,45,8
31,45,9
31,45,10
31,45,11
31,45,12
31,50,0
31,50,1
31,50,2
31,50,3
31,50,4
31,50,5
31,50,6
31,50,7
31,50,8
31,50,9
31,50,10
31,50,11
31,50,12
31,55,0
31,55,1
31,55,2
31,55,3
31,55,4
31,55,5
31,55,6
31,55,7
31,55,8
31,55,9
31,55,10
31,55,11
31,55,12
31,60,0
31,60,1
31,60,2
31,60,3
31,60,4
31,60,5
31,60,6
31,60,7
31,60,8
31,60,9
31,60,10
31,60,11
31,60,12
31,65,0
31,65,1
31,65,2
31,65,3
31,65,4
31,65,5
31,65,6
31,65,7
31,65,8
31,65,9
31,65,10
31,65,11
31,65,12
31,70,0
31,70,1
31,70,2
31,70,3
31,70,4
31,70,5
31,70,6
31,70,7
31,70,8
31,70,9
31,70,10
31,70,11
31,70,12
31,75,0
31,75,1
31,75,2
31,75,3
31,75,4
31,75,5
31,75,6
31,75,7
31,75,8
31,75,9
31,75,10
31,75,11
31,75,12
31,80,0
31,80,1
31,80,2
31,80,3
31,80,4
31,80,5
31,80,6
31,80,7
31,80,8
31,80,9
31,80,10
31,80,11
31,80,12
31,85,0
31,85,1
31,85,2
31,85,3
31,85,4
31,85,5
31,85,6
31,85,7
31,85,8
31,85,9
31,85,10
31,85,11
31,85,12
31,90,0
31,90,1
31,90,2
31,90,3
31,90,4
31,90,5
31,90,6
31,90,7
31,90,8
31,90,9
31,90,10
31,90,11
31,90,12
31,95,0
31,95,1
31,95,2
31,95,3
31,95,4
31,95,5
31,95,6
31,95,7
31,95,8
31,95,9
31,95,10
31,95,11
31,95,12
31,100,0
31,100,1
31,100,2
31,100,3
31,100,4
31,100,5
31,100,6
31,100,7
31,100,8
31,100,9
31,100,10
31,100,11
31,100,12
32,5,0
32,5,1
32,5,2
32,5,3
32,5,4
32,5,5
32,5,6
32,5,7
32,5,8
32,5,9
32,5,10
32,5,11
32,5,12
32,10,0
32,10,1
32,10,2
32,10,3
32,10,4
32,10,5
32,10,6
32,10,7
32,10,8
32,10,9
32,10,10
32,10,11
32,10,12
32,15,0
32,15,1
32,15,2
32,15,3
32,15,4
32,15,5
32,15,6
32,15,7
32,15,8
32,15,9
32,15,10
32,15,11
32,15,12
32,20,0
32,20,1
32,20,2
32,20,3
32,20,4
32,20,5
32,20,6
32,20,7
32,20,8
32,20,9
32,20,10
32,20,11
32,20,12
32,25,0
32,25,1
32,25,2
32,25,3
32,25,4
32,25,5
32,25,6
32,25,7
32,25,8
32,25,9
32,25,10
32,25,11
32,25,12
32,30,0
32,30,1
32,30,2
32,30,3
32,30,4
32,30,5
32,30,6
32,30,7
32,30,8
32,30,9
32,30,10
32,30,11
32,30,12
32,35,0
32,35,1
32,35,2
32,35,3
32,35,4
32,35,5
32,35,6
32,35,7
32,35,8
32,35,9
32,35,10
32,35,11
32,35,12
32,40,0
32,40,1
32,40,2
32,40,3
32,40,4
32,40,5
32,40,6
32,40,7
32,40,8
32,40,9
32,40,10
32,40,11
32,40,12
32,45,0
32,45,1
32,45,2
32,45,3
32,45,4
32,45,5
32,45,6
32,45,7
32,45,8
32,45,9
32,45,10
32,45,11
32,45,12
32,50,0
32,50,1
32,50,2
32,50,3
32,50,4
32,50,5
32,50,6
32,50,7
32,50,8
32,50,9
32,50,10
32,50,11
32,50,12
32,55,0
32,55,1
32,55,2
32,55,3
32,55,4
32,55,5
32,55,6
32,55,7
32,55,8
32,55,9
32,55,10
32,55,11
32,55,12
32,60,0
32,60,1
32,60,2
32,60,3
32,60,4
32,60,5
32,60,6
32,60,7
32,60,8
32,60,9
32,60,10
32,60,11
32,60,12
32,65,0
32,65,1
32,65,2
32,65,3
32,65,4
32,65,5
32,65,6
32,65,7
32,65,8
32,65,9
32,65,10
32,65,11
32,65,12
32,70,0
32,70,1
32,70,2
32,70,3
32,70,4
32,70,5
32,70,6
32,70,7
32,70,8
32,70,9
32,70,10
32,70,11
32,70,12
32,75,0
32,75,1
32,75,2
32,75,3
32,75,4
32,75,5
32,75,6
32,75,7
32,75,8
32,75,9
32,75,10
32,75,11
32,75,12
32,80,0
32,80,1
32,80,2
32,80,3
32,80,4
32,80,5
32,80,6
32,80,7
32,80,8
32,80,9
32,80,10
32,80,11
32,80,12
32,85,0
32,85,1
32,85,2
32,85,3
32,85,4
32,85,5
32,85,6
32,85,7
32,85,8
32,85,9
32,85,10
32,85,11
32,85,12
32,90,0
32,90,1
32,90,2
32,90,3
32,90,4
32,90,5
32,90,6
32,90,7
32,90,8
32,90,9
32,90,10
32,90,11
32,90,12
32,95,0
32,95,1
32,95,2
32,95,3
32,95,4
32,95,5
32,95,6
32,95,7
32,95,8
32,95,9
32,95,10
32,95,11
32,95,12
32,100,0
32,100,1
32,100,2
32,100,3
32,100,4
32,100,5
32,100,6
32,100,7
32,100,8
32,100,9
32,100,10
32,100,11
32,100,12
33,5,0
33,5,1
33,5,2
33,5,3
33,5,4
33,5,5
33,5,6
33,5,7
33,5,8
33,5,9
33,5,10
33,5,11
33,5,12
33,10,0
33,10,1
33,10,2
33,10,3
33,10,4
33,10,5
33,10,6
33,10,7
33,10,8
33,10,9
33,10,10
33,10,11
33,10,12
33,15,0
33,15,1
33,15,2
33,15,3
33,15,4
33,15,5
33,15,6
33,15,7
33,15,8
33,15,9
33,15,10
33,15,11
33,15,12
33,20,0
33,20,1
33,20,2
33,20,3
33,20,4
33,20,5
33,20,6
33,20,7
33,20,8
33,20,9
33,20,10
33,20,11
33,20,12
33,25,0
33,25,1
33,25,2
33,25,3
33,25,4
33,25,5
33,25,6
33,25,7
33,25,8
33,25,9
33,25,10
33,25,11
33,25,12
33,30,0
33,30,1
33,30,2
33,30,3
33,30,4
33,30,5
33,30,6
33,30,7
33,30,8
33,30,9
33,30,10
33,30,11
33,30,12
33,35,0
33,35,1
33,35,2
33,35,3
33,35,4
33,35,5
33,35,6
33,35,7
33,35,8
33,35,9
33,35,10
33,35,11
33,35,12
33,40,0
33,40,1
33,40,2
33,40,3
33,40,4
33,40,5
33,40,6
33,40,7
33,40,8
33,40,9
33,40,10
33,40,11
33,40,12
33,45,0
33,45,1
33,45,2
33,45,3
33,45,4
33,45,5
33,45,6
33,45,7
33,45,8
33,45,9
33,45,10
33,45,11
33,45,12
33,50,0
33,50,1
33,50,2
33,50,3
33,50,4
33,50,5
33,50,6
33,50,7
33,50,8
33,50,9
33,50,10
33,50,11
33,50,12
33,55,0
33,55,1
33,55,2
33,55,3
33,55,4
33,55,5
33,55,6
33,55,7
33,55,8
33,55,9
33,55,10
33,55,11
33,55,12
33,60,0
33,60,1
33,60,2
33,60,3
33,60,4
33,60,5
33,60,6
33,60,7
33,60,8
33,60,9
33,60,10
33,60,11
33,60,12
33,65,0
33,65,1
33,65,2
33,65,3
33,65,4
33,65,5
33,65,6
33,65,7
33,65,8
33,65,9
33,65,10
33,65,11
33,65,12
33,70,0
33,70,1
33,70,2
33,70,3
33,70,4
33,70,5
33,70,6
33,70,7
33,70,8
33,70,9
33,70,10
33,70,11
33,70,12
33,75,0
33,75,1
33,75,2
33,75,3
33,75,4
33,75,5
33,75,6
33,75,7
33,75,8
33,75,9
33,75,10
33,75,11
33,75,12
33,80,0
33,80,1
33,80,2
33,80,3
33,80,4
33,80,5
33,80,6
33,80,7
33,80,8
33,80,9
33,80,10
33,80,11
33,80,12
33,85,0
33,85,1
33,85,2
33,85,3
33,85,4
33,85,5
33,85,6
33,85,7
33,85,8
33,85,9
33,85,10
33,85,11
33,85,12
33,90,0
33,90,1
33,90,2
33,90,3
33,90,4
33,90,5
33,90,6
33,90,7
33,90,8
33,90,9
33,90,10
33,90,11
33,90,12
33,95,0
33,95,1
33,95,2
33,95,3
33,95,4
33,95,5
33,95,6
33,95,7
33,95,8
33,95,9
33,95,10
33,95,11
33,95,12
33,100,0
33,100,1
33,100,2
33,100,3
33,100,4
33,100,5
33,100,6
33,100,7
33,100,8
33,100,9
33,100,10
33,100,11
33,100,12
34,5,0
34,5,1
34,5,2
34,5,3
34,5,4
34,5,5
34,5,6
34,5,7
34,5,8
34,5,9
34,5,10
34,5,11
34,5,12
34,10,0
34,10,1
34,10,2
34,10,3
34,10,4
34,10,5
34,10,6
34,10,7
34,10,8
34,10,9
34,10,10
34,10,11
34,10,12
34,15,0
34,15,1
34,15,2
34,15,3
34,15,4
34,15,5
34,15,6
34,15,7
34,15,8
34,15,9
34,15,10
34,15,11
34,15,12
34,20,0
34,20,1
34,20,2
34,20,3
34,20,4
34,20,5
34,20,6
34,20,7
34,20,8
34,20,9
34,20,10
34,20,11
34,20,12
34,25,0
34,25,1
34,25,2
34,25,3
34,25,4
34,25,5
34,25,6
34,25,7
34,25,8
34,25,9
34,25,10
34,25,11
34,25,12
34,30,0
34,30,1
34,30,2
34,30,3
34,30,4
34,30,5
34,30,6
34,30,7
34,30,8
34,30,9
34,30,10
34,30,11
34,30,12
34,35,0
34,35,1
34,35,2
34,35,3
34,35,4
34,35,5
34,35,6
34,35,7
34,35,8
34,35,9
34,35,10
34,35,11
34,35,12
34,40,0
34,40,1
34,40,2
34,40,3
34,40,4
34,40,5
34,40,6
34,40,7
34,40,8
34,40,9
34,40,10
34,40,11
34,40,12
34,45,0
34,45,1
34,45,2
34,45,3
34,45,4
34,45,5
34,45,6
34,45,7
34,45,8
34,45,9
34,45,10
34,45,11
34,45,12
34,50,0
34,50,1
34,50,2
34,50,3
34,50,4
34,50,5
34,50,6
34,50,7
34,50,8
34,50,9
34,50,10
34,50,11
34,50,12
34,55,0
34,55,1
34,55,2
34,55,3
34,55,4
34,55,5
34,55,6
34,55,7
34,55,8
34,55,9
34,55,10
34,55,11
34,55,12
34,60,0
34,60,1
34,60,2
34,60,3
34,60,4
34,60,5
34,60,6
34,60,7
34,60,8
34,60,9
34,60,10
34,60,11
34,60,12
34,65,0
34,65,1
34,65,2
34,65,3
34,65,4
34,65,5
34,65,6
34,65,7
34,65,8
34,65,9
34,65,10
34,65,11
34,65,12
34,70,0
34,70,1
34,70,2
34,70,3
34,70,4
34,70,5
34,70,6
34,70,7
34,70,8
34,70,9
34,70,10
34,70,11
34,70,12
34,75,0
34,75,1
34,75,2
34,75,3
34,75,4
34,75,5
34,75,6
34,75,7
34,75,8
34,75,9
34,75,10
34,75,11
34,75,12
34,80,0
34,80,1
34,80,2
34,80,3
34,80,4
34,80,5
34,80,6
34,80,7
34,80,8
34,80,9
34,80,10
34,80,11
34,80,12
34,85,0
34,85,1
34,85,2
34,85,3
34,85,4
34,85,5
34,85,6
34,85,7
34,85,8
34,85,9
34,85,10
34,85,11
34,85,12
34,90,0
34,90,1
34,90,2
34,90,3
34,90,4
34,90,5
34,90,6
34,90,7
34,90,8
34,90,9
34,90,10
34,90,11
34,90,12
34,95,0
34,95,1
34,95,2
34,95,3
34,95,4
34,95,5
34,95,6
34,95,7
34,95,8
34,95,9
34,95,10
34,95,11
34,95,12
34,100,0
34,100,1
34,100,2
34,100,3
34,100,4
34,100,5
34,100,6
34,100,7
34,100,8
34,100,9
34,100,10
34,100,11
34,100,12
35,5,0
35,5,1
35,5,2
35,5,3
35,5,4
35,5,5
35,5,6
35,5,7
35,5,8
35,5,9
35,5,10
35,5,11
35,5,12
35,10,0
35,10,1
35,10,2
35,10,3
35,10,4
35,10,5
35,10,6
35,10,7
35,10,8
35,10,9
35,10,10
35,10,11
35,10,12
35,15,0
35,15,1
35,15,2
35,15,3
35,15,4
35,15,5
35,15,6
35,15,7
35,15,8
35,15,9
35,15,10
35,15,11
35,15,12
35,20,0
35,20,1
35,20,2
35,20,3
35,20,4
35,20,5
35,20,6
35,20,7
35,20,8
35,20,9
35,20,10
35,20,11
35,20,12
35,25,0
35,25,1
35,25,2
35,25,3
35,25,4
35,25,5
35,25,6
35,25,7
35,25,8
35,25,9
35,25,10
35,25,11
35,25,12
35,30,0
35,30,1
35,30,2
35,30,3
35,30,4
35,30,5
35,30,6
35,30,7
35,30,8
35,30,9
35,30,10
35,30,11
35,30,12
35,35,0
35,35,1
35,35,2
35,35,3
35,35,4
35,35,5
35,35,6
35,35,7
35,35,8
35,35,9
35,35,10
35,35,11
35,35,12
35,40,0
35,40,1
35,40,2
35,40,3
35,40,4
35,40,5
35,40,6
35,40,7
35,40,8
35,40,9
35,40,10
35,40,11
35,40,12
35,45,0
35,45,1
35,45,2
35,45,3
35,45,4
35,45,5
35,45,6
35,45,7
35,45,8
35,45,9
35,45,10
35,45,11
35,45,12
35,50,0
35,50,1
35,50,2
35,50,3
35,50,4
35,50,5
35,50,6
35,50,7
35,50,8
35,50,9
35,50,10
35,50,11
35,50,12
35,55,0
35,55,1
35,55,2
35,55,3
35,55,4
35,55,5
35,55,6
35,55,7
35,55,8
35,55,9
35,55,10
35,55,11
35,55,12
35,60,0
35,60,1
35,60,2
35,60,3
35,60,4
35,60,5
35,60,6
35,60,7
35,60,8
35,60,9
35,60,10
35,60,11
35,60,12
35,65,0
35,65,1
35,65,2
35,65,3
35,65,4
35,65,5
35,65,6
35,65,7
35,65,8
35,65,9
35,65,10
35,65,11
35,65,12
35,70,0
35,70,1
35,70,2
35,70,3
35,70,4
35,70,5
35,70,6
35,70,7
35,70,8
35,70,9
35,70,10
35,70,11
35,70,12
35,75,0
35,75,1
35,75,2
35,75,3
35,75,4
35,75,5
35,75,6
35,75,7
35,75,8
35,75,9
35,75,10
35,75,11
35,75,12
35,80,0
35,80,1
35,80,2
35,80,3
35,80,4
35,80,5
35,80,6
35,80,7
35,80,8
35,80,9
35,80,10
35,80,11
35,80,12
35,85,0
35,85,1
35,85,2
35,85,3
35,85,4
35,85,5
35,85,6
35,85,7
35,85,8
35,85,9
35,85,10
35,85,11
35,85,12
35,90,0
35,90,1
35,90,2
35,90,3
35,90,4
35,90,5
35,90,6
35,90,7
35,90,8
35,90,9
35,90,10
35,90,11
35,90,12
35,95,0
35,95,1
35,95,2
35,95,3
35,95,4
35,95,5
35,95,6
35,95,7
35,95,8
35,95,9
35,95,10
35,95,11
35,95,12
35,100,0
35,100,1
35,100,2
35,100,3
35,100,4
35,100,5
35,100,6
35,100,7
35,100,8
35,100,9
35,100,10
35,100,11
35,100,12
36,5,0
36,5,1
36,5,2
36,5,3
36,5,4
36,5,5
36,5,6
36,5,7
36,5,8
36,5,9
36,5,10
36,5,11
36,5,12
36,10,0
36,10,1
36,10,2
36,10,3
36,10,4
36,10,5
36,10,6
36,10,7
36,10,8
36,10,9
36,10,10
36,10,11
36,10,12
36,15,0
36,15,1
36,15,2
36,15,3
36,15,4
36,15,5
36,15,6
36,15,7
36,15,8
36,15,9
36,15,10
36,15,11
36,15,12
36,20,0
36,20,1
36,20,2
36,20,3
36,20,4
36,20,5
36,20,6
36,20,7
36,20,8
36,20,9
36,20,10
36,20,11
36,20,12
36,25,0
36,25,1
36,25,2
36,25,3
36,25,4
36,25,5
36,25,6
36,25,7
36,25,8
36,25,9
36,25,10
36,25,11
36,25,12
36,30,0
36,30,1
36,30,2
36,30,3
36,30,4
36,30,5
36,30,6
36,30,7
36,30,8
36,30,9
36,30,10
36,30,11
36,30,12
36,35,0
36,35,1
36,35,2
36,35,3
36,35,4
36,35,5
36,35,6
36,35,7
36,35,8
36,35,9
36,35,10
36,35,11
36,35,12
36,40,0
36,40,1
36,40,2
36,40,3
36,40,4
36,40,5
36,40,6
36,40,7
36,40,8
36,40,9
36,40,10
36,40,11
36,40,12
36,45,0
36,45,1
36,45,2
36,45,3
36,45,4
36,45,5
36,45,6
36,45,7
36,45,8
36,45,9
36,45,10
36,45,11
36,45,12
36,50,0
36,50,1
36,50,2
36,50,3
36,50,4
36,50,5
36,50,6
36,50,7
36,50,8
36,50,9
36,50,10
36,50,11
36,50,12
36,55,0
36,55,1
36,55,2
36,55,3
36,55,4
36,55,5
36,55,6
36,55,7
36,55,8
36,55,9
36,55,10
36,55,11
36,55,12
36,60,0
36,60,1
36,60,2
36,60,3
36,60,4
36,60,5
36,60,6
36,60,7
36,60,8
36,60,9
36,60,10
36,60,11
36,60,12
36,65,0
36,65,1
36,65,2
36,65,3
36,65,4
36,65,5
36,65,6
36,65,7
36,65,8
36,65,9
36,65,10
36,65,11
36,65,12
36,70,0
36,70,1
36,70,2
36,70,3
36,70,4
36,70,5
36,70,6
36,70,7
36,70,8
36,70,9
36,70,10
36,70,11
36,70,12
36,75,0
36,75,1
36,75,2
36,75,3
36,75,4
36,75,5
36,75,6
36,75,7
36,75,8
36,75,9
36,75,10
36,75,11
36,75,12
36,80,0
36,80,1
36,80,2
36,80,3
36,80,4
36,80,5
36,80,6
36,80,7
36,80,8
36,80,9
36,80,10
36,80,11
36,80,12
36,85,0
36,85,1
36,85,2
36,85,3
36,85,4
36,85,5
36,85,6
36,85,7
36,85,8
36,85,9
36,85,10
36,85,11
36,85,12
36,90,0
36,90,1
36,90,2
36,90,3
36,90,4
36,90,5
36,90,6
36,90,7
36,90,8
36,90,9
36,90,10
36,90,11
36,90,12
36,95,0
36,95,1
36,95,2
36,95,3
36,95,4
36,95,5
36,95,6
36,95,7
36,95,8
36,95,9
36,95,10
36,95,11
36,95,12
36,100,0
36,100,1
36,100,2
36,100,3
36,100,4
36,100,5
36,100,6
36,100,7
36,100,8
36,100,9
36,100,10
36,100,11
36,100,12
37,5,0
37,5,1
37,5,2
37,5,3
37,5,4
37,5,5
37,5,6
37,5,7
37,5,8
37,5,9
37,5,10
37,5,11
37,5,12
37,10,0
37,10,1
37,10,2
37,10,3
37,10,4
37,10,5
37,10,6
37,10,7
37,10,8
37,10,9
37,10,10
37,10,11
37,10,12
37,15,0
37,15,1
37,15,2
37,15,3
37,15,4
37,15,5
37,15,6
37,15,7
37,15,8
37,15,9
37,15,10
37,15,11
37,15,12
37,20,0
37,20,1
37,20,2
37,20,3
37,20,4
37,20,5
37,20,6
37,20,7
37,20,8
37,20,9
37,20,10
37,20,11
37,20,12
37,25,0
37,25,1
37,25,2
37,25,3
37,25,4
37,25,5
37,25,6
37,25,7
37,25,8
37,25,9
37,25,10
37,25,11
37,25,12
37,30,0
37,30,1
37,30,2
37,30,3
37,30,4
37,30,5
37,30,6
37,30,7
37,30,8
37,30,9
37,30,10
37,30,11
37,30,12
37,35,0
37,35,1
37,35,2
37,35,3
37,35,4
37,35,5
37,35,6
37,35,7
37,35,8
37,35,9
37,35,10
37,35,11
37,35,12
37,40,0
37,40,1
37,40,2
37,40,3
37,40,4
37,40,5
37,40,6
37,40,7
37,40,8
37,40,9
37,40,10
37,40,11
37,40,12
37,45,0
37,45,1
37,45,2
37,45,3
37,45,4
37,45,5
37,45,6
37,45,7
37,45,8
37,45,9
37,45,10
37,45,11
37,45,12
37,50,0
37,50,1
37,50,2
37,50,3
37,50,4
37,50,5
37,50,6
37,50,7
37,50,8
37,50,9
37,50,10
37,50,11
37,50,12
37,55,0
37,55,1
37,55,2
37,55,3
37,55,4
37,55,5
37,55,6
37,55,7
37,55,8
37,55,9
37,55,10
37,55,11
37,55,12
37,60,0
37,60,1
37,60,2
37,60,3
37,60,4
37,60,5
37,60,6
37,60,7
37,60,8
37,60,9
37,60,10
37,60,11
37,60,12
37,65,0
37,65,1
37,65,2
37,65,3
37,65,4
37,65,5
37,65,6
37,65,7
37,65,8
37,65,9
37,65,10
37,65,11
37,65,12
37,70,0
37,70,1
37,70,2
37,70,3
37,70,4
37,70,5
37,70,6
37,70,7
37,70,8
37,70,9
37,70,10
37,70,11
37,70,12
37,75,0
37,75,1
37,75,2
37,75,3
37,75,4
37,75,5
37,75,6
37,75,7
37,75,8
37,75,9
37,75,10
37,75,11
37,75,12
37,80,0
37,80,1
37,80,2
37,80,3
37,80,4
37,80,5
37,80,6
37,80,7
37,80,8
37,80,9
37,80,10
37,80,11
37,80,12
37,85,0
37,85,1
37,85,2
37,85,3
37,85,4
37,85,5
37,85,6
37,85,7
37,85,8
37,85,9
37,85,10
37,85,11
37,85,12
37,90,0
37,90,1
37,90,2
37,90,3
37,90,4
37,90,5
37,90,6
37,90,7
37,90,8
37,90,9
37,90,10
37,90,11
37,90,12
37,95,0
37,95,1
37,95,2
37,95,3
37,95,4
37,95,5
37,95,6
37,95,7
37,95,8
37,95,9
37,95,10
37,95,11
37,95,12
37,100,0
37,100,1
37,100,2
37,100,3
37,100,4
37,100,5
37,100,6
37,100,7
37,100,8
37,100,9
37,100,10
37,100,11
37,100,12
38,5,0
38,5,1
38,5,2
38,5,3
38,5,4
38,5,5
38,5,6
38,5,7
38,5,8
38,5,9
38,5,10
38,5,11
38,5,12
38,10,0
38,10,1
38,10,2
38,10,3
38,10,4
38,10,5
38,10,6
38,10,7
38,10,8
38,10,9
38,10,10
38,10,11
38,10,12
38,15,0
38,15,1
38,15,2
38,15,3
38,15,4
38,15,5
38,15,6
38,15,7
38,15,8
38,15,9
38,15,10
38,15,11
38,15,12
38,20,0
38,20,1
38,20,2
38,20,3
38,20,4
38,20,5
38,20,6
38,20,7
38,20,8
38,20,9
38,20,10
38,20,11
38,20,12
38,25,0
38,25,1
38,25,2
38,25,3
38,25,4
38,25,5
38,25,6
38,25,7
38,25,8
38,25,9
38,25,10
38,25,11
38,25,12
38,30,0
38,30,1
38,30,2
38,30,3
38,30,4
38,30,5
38,30,6
38,30,7
38,30,8
38,30,9
38,30,10
38,30,11
38,30,12
38,35,0
38,35,1
38,35,2
38,35,3
38,35,4
38,35,5
38,35,6
38,35,7
38,35,8
38,35,9
38,35,10
38,35,11
38,35,12
38,40,0
38,40,1
38,40,2
38,40,3
38,40,4
38,40,5
38,40,6
38,40,7
38,40,8
38,40,9
38,40,10
38,40,11
38,40,12
38,45,0
38,45,1
38,45,2
38,45,3
38,45,4
38,45,5
38,45,6
38,45,7
38,45,8
38,45,9
38,45,10
38,45,11
38,45,12
38,50,0
38,50,1
38,50,2
38,50,3
38,50,4
38,50,5
38,50,6
38,50,7
38,50,8
38,50,9
38,50,10
38,50,11
38,50,12
38,55,0
38,55,1
38,55,2
38,55,3
38,55,4
38,55,5
38,55,6
38,55,7
38,55,8
38,55,9
38,55,10
38,55,11
38,55,12
38,60,0
38,60,1
38,60,2
38,60,3
38,60,4
38,60,5
38,60,6
38,60,7
38,60,8
38,60,9
38,60,10
38,60,11
38,60,12
38,65,0
38,65,1
38,65,2
38,65,3
38,65,4
38,65,5
38,65,6
38,65,7
38,65,8
38,65,9
38,65,10
38,65,11
38,65,12
38,70,0
38,70,1
38,70,2
38,70,3
38,70,4
38,70,5
38,70,6
38,70,7
38,70,8
38,70,9
38,70,10
38,70,11
38,70,12
38,75,0
38,75,1
38,75,2
38,75,3
38,75,4
38,75,5
38,75,6
38,75,7
38,75,8
38,75,9
38,75,10
38,75,11
38,75,12
38,80,0
38,80,1
38,80,2
38,80,3
38,80,4
38,80,5
38,80,6
38,80,7
38,80,8
38,80,9
38,80,10
38,80,11
38,80,12
38,85,0
38,85,1
38,85,2
38,85,3
38,85,4
38,85,5
38,85,6
38,85,7
38,85,8
38,85,9
38,85,10
38,85,11
38,85,12
38,90,0
38,90,1
38,90,2
38,90,3
38,90,4
38,90,5
38,90,6
38,90,7
38,90,8
38,90,9
38,90,10
38,90,11
38,90,12
38,95,0
38,95,1
38,95,2
38,95,3
38,95,4
38,95,5
38,95,6
38,95,7
38,95,8
38,95,9
38,95,10
38,95,11
38,95,12
38,100,0
38,100,1
38,100,2
38,100,3
38,100,4
38,100,5
38,100,6
38,100,7
38,100,8
38,100,9
38,100,10
38,100,11
38,100,12
39,5,0
39,5,1
39,5,2
39,5,3
39,5,4
39,5,5
39,5,6
39,5,7
39,5,8
39,5,9
39,5,10
39,5,11
39,5,12
39,10,0
39,10,1
39,10,2
39,10,3
39,10,4
39,10,5
39,10,6
39,10,7
39,10,8
39,10,9
39,10,10
39,10,11
39,10,12
39,15,0
39,15,1
39,15,2
39,15,3
39,15,4
39,15,5
39,15,6
39,15,7
39,15,8
39,15,9
39,15,10
39,15,11
39,15,12
39,20,0
39,20,1
39,20,2
39,20,3
39,20,4
39,20,5
39,20,6
39,20,7
39,20,8
39,20,9
39,20,10
39,20,11
39,20,12
39,25,0
39,25,1
39,25,2
39,25,3
39,25,4
39,25,5
39,25,6
39,25,7
39,25,8
39,25,9
39,25,10
39,25,11
39,25,12
39,30,0
39,30,1
39,30,2
39,30,3
39,30,4
39,30,5
39,30,6
39,30,7
39,30,8
39,30,9
39,30,10
39,30,11
39,30,12
39,35,0
39,35,1
39,35,2
39,35,3
39,35,4
39,35,5
39,35,6
39,35,7
39,35,8
39,35,9
39,35,10
39,35,11
39,35,12
39,40,0
39,40,1
39,40,2
39,40,3
39,40,4
39,40,5
39,40,6
39,40,7
39,40,8
39,40,9
39,40,10
39,40,11
39,40,12
39,45,0
39,45,1
39,45,2
39,45,3
39,45,4
39,45,5
39,45,6
39,45,7
39,45,8
39,45,9
39,45,10
39,45,11
39,45,12
39,50,0
39,50,1
39,50,2
40,100,12
