26,80,300,0.76
26,80,302,0.76
26,80,304,0.76
26,80,306,0.76
26,80,308,0.76
26,80,310,0.76
26,81,210,0.76
26,81,212,0.76
26,81,214,0.76
26,81,216,0.76
26,81,218,0.76
26,81,220,0.76
26,81,222,0.76
26,81,224,0.76
26,81,226,0.76
26,81,228,0.76
26,81,230,0.76
26,81,232,0.76
26,81,234,0.76
26,81,236,0.76
26,81,238,0.76
26,81,240,0.76
26,81,242,0.76
26,81,244,0.76
26,81,246,0.76
26,81,248,0.76
26,81,250,0.76
26,81,252,0.76
26,81,254,0.76
26,81,256,0.76
26,81,258,0.76
26,81,260,0.76
26,81,262,0.76
26,81,264,0.76
26,81,266,0.76
26,81,268,0.76
26,81,270,0.76
26,81,272,0.76
26,81,274,0.76
26,81,276,0.76
26,81,278,0.76
26,81,280,0.76
26,81,282,0.76
26,81,284,0.76
26,81,286,0.76
26,81,288,0.76
26,81,290,0.76
26,81,292,0.76
26,81,294,0.76
26,81,296,0.76
26,81,298,0.76
26,81,300,0.76
26,81,302,0.76
26,81,304,0.76
26,81,306,0.76
26,81,308,0.76
26,81,310,0.76
26,82,210,0.76
26,82,212,0.76
26,82,214,0.76
26,82,216,0.76
26,82,218,0.76
26,82,220,0.76
26,82,222,0.76
26,82,224,0.76
26,82,226,0.76
26,82,228,0.76
26,82,230,0.76
26,82,232,0.76
26,82,234,0.76
26,82,236,0.76
26,82,238,0.76
26,82,240,0.76
26,82,242,0.76
26,82,244,0.76
26,82,246,0.76
26,82,248,0.76
26,82,250,0.76
26,82,252,0.76
26,82,254,0.76
26,82,256,0.76
26,82,258,0.76
26,82,260,0.76
26,82,262,0.76
26,82,264,0.76
26,82,266,0.76
26,82,268,0.76
26,82,270,0.76
26,82,272,0.76
26,82,274,0.76
26,82,276,0.76
26,82,278,0.76
26,82,280,0.76
26,82,282,0.76
26,82,284,0.76
26,82,286,0.76
26,82,288,0.76
26,82,290,0.76
26,82,292,0.76
26,82,294,0.76
26,82,296,0.76
26,82,298,0.76
26,82,300,0.76
26,82,302,0.76
26,82,304,0.76
26,82,306,0.76
26,82,308,0.76
26,82,310,0.76
26,83,210,0.76
26,83,212,0.76
26,83,214,0.76
26,83,216,0.76
26,83,218,0.76
26,83,220,0.76
26,83,222,0.76
26,83,224,0.76
26,83,226,0.76
26,83,228,0.76
26,83,230,0.76
26,83,232,0.76
26,83,234,0.76
26,83,236,0.76
26,83,238,0.76
26,83,240,0.76
26,83,242,0.76
26,83,244,0.76
26,83,246,0.76
26,83,248,0.76
26,83,250,0.76
26,83,252,0.76
26,83,254,0.76
26,83,256,0.76
26,83,258,0.76
26,83,260,0.76
26,83,262,0.76
26,83,264,0.76
26,83,266,0.76
26,83,268,0.76
26,83,270,0.76
26,83,272,0.76
26,83,274,0.76
26,83,276,0.76
26,83,278,0.76
26,83,280,0.76
26,83,282,0.76
26,83,284,0.76
26,83,286,0.76
26,83,288,0.76
26,83,290,0.76
26,83,292,0.76
26,83,294,0.76
26,83,296,0.76
26,83,298,0.76
26,83,300,0.76
26,83,302,0.76
26,83,304,0.76
26,83,306,0.76
26,83,308,0.76
26,83,310,0.76
26,84,210,0.76
26,84,212,0.76
26,84,214,0.76
26,84,216,0.76
26,84,218,0.76
26,84,220,0.76
26,84,222,0.76
26,84,224,0.76
26,84,226,0.76
26,84,228,0.76
26,84,230,0.76
26,84,232,0.76
26,84,234,0.76
26,84,236,0.76
26,84,238,0.76
26,84,240,0.76
26,84,242,0.76
26,84,244,0.76
26,84,246,0.76
26,84,248,0.76
26,84,250,0.76
26,84,252,0.76
26,84,254,0.76
26,84,256,0.76
26,84,258,0.76
26,84,260,0.76
26,84,262,0.76
26,84,264,0.76
26,84,266,0.76
26,84,268,0.76
26,84,270,0.76
26,84,272,0.76
26,84,274,0.76
26,84,276,0.76
26,84,278,0.76
26,84,280,0.76
26,84,282,0.76
26,84,284,0.76
26,84,286,0.76
26,84,288,0.76
26,84,290,0.76
26,84,292,0.76
26,84,294,0.76
26,84,296,0.76
26,84,298,0.76
26,84,300,0.76
26,84,302,0.76
26,84,304,0.76
26,84,306,0.76
26,84,308,0.76
26,84,310,0.76
26,85,184,0.76
26,85,186,0.76
26,85,188,0.76
26,85,190,0.76
26,85,192,0.76
26,85,194,0.76
26,85,196,0.76
26,85,198,0.76
26,85,200,0.76
26,85,202,0.76
26,85,204,0.76
26,85,206,0.76
26,85,208,0.76
26,85,210,0.76
26,85,212,0.76
26,85,214,0.76
26,85,216,0.76
26,85,218,0.76
26,85,220,0.76
26,85,222,0.76
26,85,224,0.76
26,85,226,0.76
26,85,228,0.76
26,85,230,0.76
26,85,232,0.76
26,85,234,0.76
26,85,236,0.76
26,85,238,0.76
26,85,240,0.76
26,85,242,0.76
26,85,244,0.76
26,85,246,0.76
26,85,248,0.76
26,85,250,0.76
26,85,252,0.76
26,85,254,0.76
26,85,256,0.76
26,85,258,0.76
26,85,260,0.76
26,85,262,0.76
26,85,264,0.76
26,85,266,0.76
26,85,268,0.76
26,85,270,0.76
26,85,272,0.76
26,85,274,0.76
26,85,276,0.76
26,85,278,0.76
26,85,280,0.76
26,85,282,0.76
26,85,284,0.76
26,86,184,0.76
26,86,186,0.76
26,86,188,0.76
26,86,190,0.76
26,86,192,0.76
26,86,194,0.76
26,86,196,0.76
26,86,198,0.76
26,86,200,0.76
26,86,202,0.76
26,86,204,0.76
26,86,206,0.76
26,86,208,0.76
26,86,210,0.76
26,86,212,0.76
26,86,214,0.76
26,86,216,0.76
26,86,218,0.76
26,86,220,0.76
26,86,222,0.76
26,86,224,0.76
26,86,226,0.76
26,86,228,0.76
26,86,230,0.76
26,86,232,0.76
26,86,234,0.76
26,86,236,0.76
26,86,238,0.76
26,86,240,0.76
26,86,242,0.76
26,86,244,0.76
26,86,246,0.76
26,86,248,0.76
26,86,250,0.76
26,86,252,0.76
26,86,254,0.76
26,86,256,0.76
26,86,258,0.76
26,86,260,0.76
26,86,262,0.76
26,86,264,0.76
26,86,266,0.76
26,86,268,0.76
26,86,270,0.76
26,86,272,0.76
26,86,274,0.76
26,86,276,0.76
26,86,278,0.76
26,86,280,0.76
26,86,282,0.76
26,86,284,0.76
26,87,184,0.76
26,87,186,0.76
26,87,188,0.76
26,87,190,0.76
26,87,192,0.76
26,87,194,0.76
26,87,196,0.76
26,87,198,0.76
26,87,200,0.76
26,87,202,0.76
26,87,204,0.76
26,87,206,0.76
26,87,208,0.76
26,87,210,0.76
26,87,212,0.76
26,87,214,0.76
26,87,216,0.76
26,87,218,0.76
26,87,220,0.76
26,87,222,0.76
26,87,224,0.76
26,87,226,0.76
26,87,228,0.76
26,87,230,0.76
26,87,232,0.76
26,87,234,0.76
26,87,236,0.76
26,87,238,0.76
26,87,240,0.76
26,87,242,0.76
26,87,244,0.76
26,87,246,0.76
26,87,248,0.76
26,87,250,0.76
26,87,252,0.76
26,87,254,0.76
26,87,256,0.76
26,87,258,0.76
26,87,260,0.76
26,87,262,0.76
26,87,264,0.76
26,87,266,0.76
26,87,268,0.76
26,87,270,0.76
26,87,272,0.76
26,87,274,0.76
26,87,276,0.76
26,87,278,0.76
26,87,280,0.76
26,87,282,0.76
26,87,284,0.76
26,88,184,0.76
26,88,186,0.76
26,88,188,0.76
26,88,190,0.76
26,88,192,0.76
26,88,194,0.76
26,88,196,0.76
26,88,198,0.76
26,88,200,0.76
26,88,202,0.76
26,88,204,0.76
26,88,206,0.76
26,88,208,0.76
26,88,210,0.76
26,88,212,0.76
26,88,214,0.76
26,88,216,0.76
26,88,218,0.76
26,88,220,0.76
26,88,222,0.76
26,88,224,0.76
26,88,226,0.76
26,88,228,0.76
26,88,230,0.76
26,88,232,0.76
26,88,234,0.76
26,88,236,0.76
26,88,238,0.76
26,88,240,0.76
26,88,242,0.76
26,88,244,0.76
26,88,246,0.76
26,88,248,0.76
26,88,250,0.76
26,88,252,0.76
26,88,254,0.76
26,88,256,0.76
26,88,258,0.76
26,88,260,0.76
26,88,262,0.76
26,88,264,0.76
26,88,266,0.76
26,88,268,0.76
26,88,270,0.76
26,88,272,0.76
26,88,274,0.76
26,88,276,0.76
26,88,278,0.76
26,88,280,0.76
26,88,282,0.76
26,88,284,0.76
26,89,184,0.76
26,89,186,0.76
26,89,188,0.76
26,89,190,0.76
26,89,192,0.76
26,89,194,0.76
26,89,196,0.76
26,89,198,0.76
26,89,200,0.76
26,89,202,0.76
26,89,204,0.76
26,89,206,0.76
26,89,208,0.76
26,89,210,0.76
26,89,212,0.76
26,89,214,0.76
26,89,216,0.76
26,89,218,0.76
26,89,220,0.76
26,89,222,0.76
26,89,224,0.76
26,89,226,0.76
26,89,228,0.76
26,89,230,0.76
26,89,232,0.76
26,89,234,0.76
26,89,236,0.76
26,89,238,0.76
26,89,240,0.76
26,89,242,0.76
26,89,244,0.76
26,89,246,0.76
26,89,248,0.76
26,89,250,0.76
26,89,252,0.76
26,89,254,0.76
26,89,256,0.76
26,89,258,0.76
26,89,260,0.76
26,89,262,0.76
26,89,264,0.76
26,89,266,0.76
26,89,268,0.76
26,89,270,0.76
26,89,272,0.76
26,89,274,0.76
26,89,276,0.76
26,89,278,0.76
26,89,280,0.76
26,89,282,0.76
26,89,284,0.76
26,35,166,0.77
26,35,168,0.77
26,35,170,0.77
26,35,172,0.77
26,35,174,0.77
26,35,176,0.77
26,35,178,0.77
26,35,180,0.77
26,35,182,0.77
26,35,184,0.77
26,35,186,0.77
26,35,188,0.77
26,35,190,0.77
26,35,192,0.77
26,35,194,0.77
26,35,196,0.77
26,35,198,0.77
26,35,200,0.77
26,35,202,0.77
26,35,204,0.77
26,35,206,0.77
26,35,208,0.77
26,35,210,0.77
26,35,212,0.77
26,35,214,0.77
26,35,216,0.77
26,35,218,0.77
26,35,220,0.77
26,35,222,0.77
26,35,224,0.77
26,35,226,0.77
26,35,228,0.77
26,35,230,0.77
26,35,232,0.77
26,35,234,0.77
26,35,236,0.77
26,35,238,0.77
26,35,240,0.77
26,35,242,0.77
26,35,244,0.77
26,35,246,0.77
26,35,248,0.77
26,35,250,0.77
26,35,252,0.77
26,35,254,0.77
26,35,256,0.77
26,35,258,0.77
26,35,260,0.77
26,35,262,0.77
26,35,264,0.77
26,35,266,0.77
26,36,166,0.77
26,36,168,0.77
26,36,170,0.77
26,36,172,0.77
26,36,174,0.77
26,36,176,0.77
26,36,178,0.77
26,36,180,0.77
26,36,182,0.77
26,36,184,0.77
26,36,186,0.77
26,36,188,0.77
26,36,190,0.77
26,36,192,0.77
26,36,194,0.77
26,36,196,0.77
26,36,198,0.77
26,36,200,0.77
26,36,202,0.77
26,36,204,0.77
26,36,206,0.77
26,36,208,0.77
26,36,210,0.77
26,36,212,0.77
26,36,214,0.77
26,36,216,0.77
26,36,218,0.77
26,36,220,0.77
26,36,222,0.77
26,36,224,0.77
26,36,226,0.77
26,36,228,0.77
26,36,230,0.77
26,36,232,0.77
26,36,234,0.77
26,36,236,0.77
26,36,238,0.77
26,36,240,0.77
26,36,242,0.77
26,36,244,0.77
26,36,246,0.77
26,36,248,0.77
26,36,250,0.77
26,36,252,0.77
26,36,254,0.77
26,36,256,0.77
26,36,258,0.77
26,36,260,0.77
26,36,262,0.77
26,36,264,0.77
26,36,266,0.77
26,37,166,0.77
26,37,168,0.77
26,37,170,0.77
26,37,172,0.77
26,37,174,0.77
26,37,176,0.77
26,37,178,0.77
26,37,180,0.77
26,37,182,0.77
26,37,184,0.77
26,37,186,0.77
26,37,188,0.77
26,37,190,0.77
26,37,192,0.77
26,37,194,0.77
26,37,196,0.77
26,37,198,0.77
26,37,200,0.77
26,37,202,0.77
26,37,204,0.77
26,37,206,0.77
26,37,208,0.77
26,37,210,0.77
26,37,212,0.77
26,37,214,0.77
26,37,216,0.77
26,37,218,0.77
26,37,220,0.77
26,37,222,0.77
26,37,224,0.77
26,37,226,0.77
26,37,228,0.77
26,37,230,0.77
26,37,232,0.77
26,37,234,0.77
26,37,236,0.77
26,37,238,0.77
26,37,240,0.77
26,37,242,0.77
26,37,244,0.77
26,37,246,0.77
26,37,248,0.77
26,37,250,0.77
26,37,252,0.77
26,37,254,0.77
26,37,256,0.77
26,37,258,0.77
26,37,260,0.77
26,37,262,0.77
26,37,264,0.77
26,37,266,0.77
26,38,166,0.77
26,38,168,0.77
26,38,170,0.77
26,38,172,0.77
26,38,174,0.77
26,38,176,0.77
26,38,178,0.77
26,38,180,0.77
26,38,182,0.77
26,38,184,0.77
26,38,186,0.77
26,38,188,0.77
26,38,190,0.77
26,38,192,0.77
26,38,194,0.77
26,38,196,0.77
26,38,198,0.77
26,38,200,0.77
26,38,202,0.77
26,38,204,0.77
26,38,206,0.77
26,38,208,0.77
26,38,210,0.77
26,38,212,0.77
26,38,214,0.77
26,38,216,0.77
26,38,218,0.77
26,38,220,0.77
26,38,222,0.77
26,38,224,0.77
26,38,226,0.77
26,38,228,0.77
26,38,230,0.77
26,38,232,0.77
26,38,234,0.77
26,38,236,0.77
26,38,238,0.77
26,38,240,0.77
26,38,242,0.77
26,38,244,0.77
26,38,246,0.77
26,38,248,0.77
26,38,250,0.77
26,38,252,0.77
26,38,254,0.77
26,38,256,0.77
26,38,258,0.77
26,38,260,0.77
26,38,262,0.77
26,38,264,0.77
26,38,266,0.77
26,39,166,0.77
26,39,168,0.77
26,39,170,0.77
26,39,172,0.77
26,39,174,0.77
26,39,176,0.77
26,39,178,0.77
26,39,180,0.77
26,39,182,0.77
26,39,184,0.77
26,39,186,0.77
26,39,188,0.77
26,39,190,0.77
26,39,192,0.77
26,39,194,0.77
26,39,196,0.77
26,39,198,0.77
26,39,200,0.77
26,39,202,0.77
26,39,204,0.77
26,39,206,0.77
26,39,208,0.77
26,39,210,0.77
26,39,212,0.77
26,39,214,0.77
26,39,216,0.77
26,39,218,0.77
26,39,220,0.77
26,39,222,0.77
26,39,224,0.77
26,39,226,0.77
26,39,228,0.77
26,39,230,0.77
26,39,232,0.77
26,39,234,0.77
26,39,236,0.77
26,39,238,0.77
26,39,240,0.77
26,39,242,0.77
26,39,244,0.77
26,39,246,0.77
26,39,248,0.77
26,39,250,0.77
26,39,252,0.77
26,39,254,0.77
26,39,256,0.77
26,39,258,0.77
26,39,260,0.77
26,39,262,0.77
26,39,264,0.77
26,39,266,0.77
26,40,198,0.77
26,40,200,0.77
26,40,202,0.77
26,40,204,0.77
26,40,206,0.77
26,40,208,0.77
26,40,210,0.77
26,40,212,0.77
26,40,214,0.77
26,40,216,0.77
26,40,218,0.77
26,40,220,0.77
26,40,222,0.77
26,40,224,0.77
26,40,226,0.77
26,40,228,0.77
26,40,230,0.77
26,40,232,0.77
26,40,234,0.77
26,40,236,0.77
26,40,238,0.77
26,40,240,0.77
26,40,242,0.77
26,40,244,0.77
26,40,246,0.77
26,40,248,0.77
26,40,250,0.77
26,40,252,0.77
26,40,254,0.77
26,40,256,0.77
26,40,258,0.77
26,40,260,0.77
26,40,262,0.77
26,40,264,0.77
26,40,266,0.77
26,40,268,0.77
26,40,270,0.77
26,40,272,0.77
26,40,274,0.77
26,40,276,0.77
26,40,278,0.77
26,40,280,0.77
26,40,282,0.77
26,40,284,0.77
26,40,286,0.77
26,40,288,0.77
26,40,290,0.77
26,40,292,0.77
26,40,294,0.77
26,40,296,0.77
26,40,298,0.77
26,41,198,0.77
26,41,200,0.77
26,41,202,0.77
26,41,204,0.77
26,41,206,0.77
26,41,208,0.77
26,41,210,0.77
26,41,212,0.77
26,41,214,0.77
26,41,216,0.77
26,41,218,0.77
26,41,220,0.77
26,41,222,0.77
26,41,224,0.77
26,41,226,0.77
26,41,228,0.77
26,41,230,0.77
26,41,232,0.77
26,41,234,0.77
26,41,236,0.77
26,41,238,0.77
26,41,240,0.77
26,41,242,0.77
26,41,244,0.77
26,41,246,0.77
26,41,248,0.77
26,41,250,0.77
26,41,252,0.77
26,41,254,0.77
26,41,256,0.77
26,41,258,0.77
26,41,260,0.77
26,41,262,0.77
26,41,264,0.77
26,41,266,0.77
26,41,268,0.77
26,41,270,0.77
26,41,272,0.77
26,41,274,0.77
26,41,276,0.77
26,41,278,0.77
26,41,280,0.77
26,41,282,0.77
26,41,284,0.77
26,41,286,0.77
26,41,288,0.77
26,41,290,0.77
26,41,292,0.77
26,41,294,0.77
26,41,296,0.77
26,41,298,0.77
26,42,198,0.77
26,42,200,0.77
26,42,202,0.77
26,42,204,0.77
26,42,206,0.77
26,42,208,0.77
26,42,210,0.77
26,42,212,0.77
26,42,214,0.77
26,42,216,0.77
26,42,218,0.77
26,42,220,0.77
26,42,222,0.77
26,42,224,0.77
26,42,226,0.77
26,42,228,0.77
26,42,230,0.77
26,42,232,0.77
26,42,234,0.77
26,42,236,0.77
26,42,238,0.77
26,42,240,0.77
26,42,242,0.77
26,42,244,0.77
26,42,246,0.77
26,42,248,0.77
26,42,250,0.77
26,42,252,0.77
26,42,254,0.77
26,42,256,0.77
26,42,258,0.77
26,42,260,0.77
26,42,262,0.77
26,42,264,0.77
26,42,266,0.77
26,42,268,0.77
26,42,270,0.77
26,42,272,0.77
26,42,274,0.77
26,42,276,0.77
26,42,278,0.77
26,42,280,0.77
26,42,282,0.77
26,42,284,0.77
26,42,286,0.77
26,42,288,0.77
26,42,290,0.77
26,42,292,0.77
26,42,294,0.77
26,42,296,0.77
26,42,298,0.77
26,43,198,0.77
26,43,200,0.77
26,43,202,0.77
26,43,204,0.77
26,43,206,0.77
26,43,208,0.77
26,43,210,0.77
26,43,212,0.77
26,43,214,0.77
26,43,216,0.77
26,43,218,0.77
26,43,220,0.77
26,43,222,0.77
26,43,224,0.77
26,43,226,0.77
26,43,228,0.77
26,43,230,0.77
26,43,232,0.77
26,43,234,0.77
26,43,236,0.77
26,43,238,0.77
26,43,240,0.77
26,43,242,0.77
26,43,244,0.77
26,43,246,0.77
26,43,248,0.77
26,43,250,0.77
26,43,252,0.77
26,43,254,0.77
26,43,256,0.77
26,43,258,0.77
26,43,260,0.77
26,43,262,0.77
26,43,264,0.77
26,43,266,0.77
26,43,268,0.77
26,43,270,0.77
26,43,272,0.77
26,43,274,0.77
26,43,276,0.77
26,43,278,0.77
26,43,280,0.77
26,43,282,0.77
26,43,284,0.77
26,43,286,0.77
26,43,288,0.77
26,43,290,0.77
26,43,292,0.77
26,43,294,0.77
26,43,296,0.77
26,43,298,0.77
26,44,198,0.77
26,44,200,0.77
26,44,202,0.77
26,44,204,0.77
26,44,206,0.77
26,44,208,0.77
26,44,210,0.77
26,44,212,0.77
26,44,214,0.77
26,44,216,0.77
26,44,218,0.77
26,44,220,0.77
26,44,222,0.77
26,44,224,0.77
26,44,226,0.77
26,44,228,0.77
26,44,230,0.77
26,44,232,0.77
26,44,234,0.77
26,44,236,0.77
26,44,238,0.77
26,44,240,0.77
26,44,242,0.77
26,44,244,0.77
26,44,246,0.77
26,44,248,0.77
26,44,250,0.77
26,44,252,0.77
26,44,254,0.77
26,44,256,0.77
26,44,258,0.77
26,44,260,0.77
26,44,262,0.77
26,44,264,0.77
26,44,266,0.77
26,44,268,0.77
26,44,270,0.77
26,44,272,0.77
26,44,274,0.77
26,44,276,0.77
26,44,278,0.77
26,44,280,0.77
26,44,282,0.77
26,44,284,0.77
26,44,286,0.77
26,44,288,0.77
26,44,290,0.77
26,44,292,0.77
26,44,294,0.77
26,44,296,0.77
26,44,298,0.77
26,45,196,0.77
26,45,198,0.77
26,45,200,0.77
26,45,202,0.77
26,45,204,0.77
26,45,206,0.77
26,45,208,0.77
26,45,210,0.77
26,45,212,0.77
26,45,214,0.77
26,45,216,0.77
26,45,218,0.77
26,45,220,0.77
26,45,222,0.77
26,45,224,0.77
26,45,226,0.77
26,45,228,0.77
26,45,230,0.77
26,45,232,0.77
26,45,234,0.77
26,45,236,0.77
26,45,238,0.77
26,45,240,0.77
26,45,242,0.77
26,45,244,0.77
26,45,246,0.77
26,45,248,0.77
26,45,250,0.77
26,45,252,0.77
26,45,254,0.77
26,45,256,0.77
26,45,258,0.77
26,45,260,0.77
26,45,262,0.77
26,45,264,0.77
26,45,266,0.77
26,45,268,0.77
26,45,270,0.77
26,45,272,0.77
26,45,274,0.77
26,45,276,0.77
26,45,278,0.77
26,45,280,0.77
26,45,282,0.77
26,45,284,0.77
26,45,286,0.77
26,45,288,0.77
26,45,290,0.77
26,45,292,0.77
26,45,294,0.77
26,45,296,0.77
26,46,196,0.77
26,46,198,0.77
26,46,200,0.77
26,46,202,0.77
26,46,204,0.77
26,46,206,0.77
26,46,208,0.77
26,46,210,0.77
26,46,212,0.77
26,46,214,0.77
26,46,216,0.77
26,46,218,0.77
26,46,220,0.77
26,46,222,0.77
26,46,224,0.77
26,46,226,0.77
26,46,228,0.77
26,46,230,0.77
26,46,232,0.77
26,46,234,0.77
26,46,236,0.77
26,46,238,0.77
26,46,240,0.77
26,46,242,0.77
26,46,244,0.77
26,46,246,0.77
26,46,248,0.77
26,46,250,0.77
26,46,252,0.77
26,46,254,0.77
26,46,256,0.77
26,46,258,0.77
26,46,260,0.77
26,46,262,0.77
26,46,264,0.77
26,46,266,0.77
26,46,268,0.77
26,46,270,0.77
26,46,272,0.77
26,46,274,0.77
26,46,276,0.77
26,46,278,0.77
26,46,280,0.77
26,46,282,0.77
26,46,284,0.77
26,46,286,0.77
26,46,288,0.77
26,46,290,0.77
26,46,292,0.77
26,46,294,0.77
26,46,296,0.77
26,47,196,0.77
26,47,198,0.77
26,47,200,0.77
26,47,202,0.77
26,47,204,0.77
26,47,206,0.77
26,47,208,0.77
26,47,210,0.77
26,47,212,0.77
26,47,214,0.77
26,47,216,0.77
26,47,218,0.77
26,47,220,0.77
26,47,222,0.77
26,47,224,0.77
26,47,226,0.77
26,47,228,0.77
26,47,230,0.77
26,47,232,0.77
26,47,234,0.77
26,47,236,0.77
26,47,238,0.77
26,47,240,0.77
26,47,242,0.77
26,47,244,0.77
26,47,246,0.77
26,47,248,0.77
26,47,250,0.77
26,47,252,0.77
26,47,254,0.77
26,47,256,0.77
26,47,258,0.77
26,47,260,0.77
26,47,262,0.77
26,47,264,0.77
26,47,266,0.77
26,47,268,0.77
26,47,270,0.77
26,47,272,0.77
26,47,274,0.77
26,47,276,0.77
26,47,278,0.77
26,47,280,0.77
26,47,282,0.77
26,47,284,0.77
26,47,286,0.77
26,47,288,0.77
26,47,290,0.77
26,47,292,0.77
26,47,294,0.77
26,47,296,0.77
26,48,196,0.77
26,48,198,0.77
26,48,200,0.77
26,48,202,0.77
26,48,204,0.77
26,48,206,0.77
26,48,208,0.77
26,48,210,0.77
26,48,212,0.77
26,48,214,0.77
26,48,216,0.77
26,48,218,0.77
26,48,220,0.77
26,48,222,0.77
26,48,224,0.77
26,48,226,0.77
26,48,228,0.77
26,48,230,0.77
26,48,232,0.77
26,48,234,0.77
26,48,236,0.77
26,48,238,0.77
26,48,240,0.77
26,48,242,0.77
26,48,244,0.77
26,48,246,0.77
26,48,248,0.77
26,48,250,0.77
26,48,252,0.77
26,48,254,0.77
26,48,256,0.77
26,48,258,0.77
26,48,260,0.77
26,48,262,0.77
26,48,264,0.77
26,48,266,0.77
26,48,268,0.77
26,48,270,0.77
26,48,272,0.77
26,48,274,0.77
26,48,276,0.77
26,48,278,0.77
26,48,280,0.77
26,48,282,0.77
26,48,284,0.77
26,48,286,0.77
26,48,288,0.77
26,48,290,0.77
26,48,292,0.77
26,48,294,0.77
26,48,296,0.77
26,49,196,0.77
26,49,198,0.77
26,49,200,0.77
26,49,202,0.77
26,49,204,0.77
26,49,206,0.77
26,49,208,0.77
26,49,210,0.77
26,49,212,0.77
26,49,214,0.77
26,49,216,0.77
26,49,218,0.77
26,49,220,0.77
26,49,222,0.77
26,49,224,0.77
26,49,226,0.77
26,49,228,0.77
26,49,230,0.77
26,49,232,0.77
26,49,234,0.77
26,49,236,0.77
26,49,238,0.77
26,49,240,0.77
26,49,242,0.77
26,49,244,0.77
26,49,246,0.77
26,49,248,0.77
26,49,250,0.77
26,49,252,0.77
26,49,254,0.77
26,49,256,0.77
26,49,258,0.77
26,49,260,0.77
26,49,262,0.77
26,49,264,0.77
26,49,266,0.77
26,49,268,0.77
26,49,270,0.77
26,49,272,0.77
26,49,274,0.77
26,49,276,0.77
26,49,278,0.77
26,49,280,0.77
26,49,282,0.77
26,49,284,0.77
26,49,286,0.77
26,49,288,0.77
26,49,290,0.77
26,49,292,0.77
26,49,294,0.77
26,49,296,0.77
26,50,186,0.77
26,50,188,0.77
26,50,190,0.77
26,50,192,0.77
26,50,194,0.77
26,50,196,0.77
26,50,198,0.77
26,50,200,0.77
26,50,202,0.77
26,50,204,0.77
26,50,206,0.77
26,50,208,0.77
26,50,210,0.77
26,50,212,0.77
26,50,214,0.77
26,50,216,0.77
26,50,218,0.77
26,50,220,0.77
26,50,222,0.77
26,50,224,0.77
26,50,226,0.77
26,50,228,0.77
26,50,230,0.77
26,50,232,0.77
26,50,234,0.77
26,50,236,0.77
26,50,238,0.77
26,50,240,0.77
26,50,242,0.77
26,50,244,0.77
26,50,246,0.77
26,50,248,0.77
26,50,250,0.77
26,50,252,0.77
26,50,254,0.77
26,50,256,0.77
26,50,258,0.77
26,50,260,0.77
26,50,262,0.77
26,50,264,0.77
26,50,266,0.77
26,50,268,0.77
26,50,270,0.77
26,50,272,0.77
26,50,274,0.77
26,50,276,0.77
26,50,278,0.77
26,50,280,0.77
26,50,282,0.77
26,50,284,0.77
26,50,286,0.77
26,51,186,0.77
26,51,188,0.77
26,51,190,0.77
26,51,192,0.77
26,51,194,0.77
26,51,196,0.77
26,51,198,0.77
26,51,200,0.77
26,51,202,0.77
26,51,204,0.77
26,51,206,0.77
26,51,208,0.77
26,51,210,0.77
26,51,212,0.77
26,51,214,0.77
26,51,216,0.77
26,51,218,0.77
26,51,220,0.77
26,51,222,0.77
26,51,224,0.77
26,51,226,0.77
26,51,228,0.77
26,51,230,0.77
26,51,232,0.77
26,51,234,0.77
26,51,236,0.77
26,51,238,0.77
26,51,240,0.77
26,51,242,0.77
26,51,244,0.77
26,51,246,0.77
26,51,248,0.77
26,51,250,0.77
26,51,252,0.77
26,51,254,0.77
26,51,256,0.77
26,51,258,0.77
26,51,260,0.77
26,51,262,0.77
26,51,264,0.77
26,51,266,0.77
26,51,268,0.77
26,51,270,0.77
26,51,272,0.77
26,51,274,0.77
26,51,276,0.77
26,51,278,0.77
26,51,280,0.77
26,51,282,0.77
26,51,284,0.77
26,51,286,0.77
26,52,186,0.77
26,52,188,0.77
26,52,190,0.77
26,52,192,0.77
26,52,194,0.77
26,52,196,0.77
26,52,198,0.77
26,52,200,0.77
26,52,202,0.77
26,52,204,0.77
26,52,206,0.77
26,52,208,0.77
26,52,210,0.77
26,52,212,0.77
26,52,214,0.77
26,52,216,0.77
26,52,218,0.77
26,52,220,0.77
26,52,222,0.77
26,52,224,0.77
26,52,226,0.77
26,52,228,0.77
26,52,230,0.77
26,52,232,0.77
26,52,234,0.77
26,52,236,0.77
26,52,238,0.77
26,52,240,0.77
26,52,242,0.77
26,52,244,0.77
26,52,246,0.77
26,52,248,0.77
26,52,250,0.77
26,52,252,0.77
26,52,254,0.77
26,52,256,0.77
26,52,258,0.77
26,52,260,0.77
26,52,262,0.77
26,52,264,0.77
26,52,266,0.77
26,52,268,0.77
26,52,270,0.77
26,52,272,0.77
26,52,274,0.77
26,52,276,0.77
26,52,278,0.77
26,52,280,0.77
26,52,282,0.77
26,52,284,0.77
26,52,286,0.77
26,53,186,0.77
26,53,188,0.77
26,53,190,0.77
26,53,192,0.77
26,53,194,0.77
26,53,196,0.77
26,53,198,0.77
26,53,200,0.77
26,53,202,0.77
26,53,204,0.77
26,53,206,0.77
26,53,208,0.77
26,53,210,0.77
26,53,212,0.77
26,53,214,0.77
26,53,216,0.77
26,53,218,0.77
26,53,220,0.77
26,53,222,0.77
26,53,224,0.77
26,53,226,0.77
26,53,228,0.77
26,53,230,0.77
26,53,232,0.77
26,53,234,0.77
26,53,236,0.77
26,53,238,0.77
26,53,240,0.77
26,53,242,0.77
26,53,244,0.77
26,53,246,0.77
26,53,248,0.77
26,53,250,0.77
26,53,252,0.77
26,53,254,0.77
26,53,256,0.77
26,53,258,0.77
26,53,260,0.77
26,53,262,0.77
26,53,264,0.77
26,53,266,0.77
26,53,268,0.77
26,53,270,0.77
26,53,272,0.77
26,53,274,0.77
26,53,276,0.77
26,53,278,0.77
26,53,280,0.77
26,53,282,0.77
26,53,284,0.77
26,53,286,0.77
26,54,186,0.77
26,54,188,0.77
26,54,190,0.77
26,54,192,0.77
26,54,194,0.77
26,54,196,0.77
26,54,198,0.77
26,54,200,0.77
26,54,202,0.77
26,54,204,0.77
26,54,206,0.77
26,54,208,0.77
26,54,210,0.77
26,54,212,0.77
26,54,214,0.77
26,54,216,0.77
26,54,218,0.77
26,54,220,0.77
26,54,222,0.77
26,54,224,0.77
26,54,226,0.77
26,54,228,0.77
26,54,230,0.77
26,54,232,0.77
26,54,234,0.77
26,54,236,0.77
26,54,238,0.77
26,54,240,0.77
26,54,242,0.77
26,54,244,0.77
26,54,246,0.77
26,54,248,0.77
26,54,250,0.77
26,54,252,0.77
26,54,254,0.77
26,54,256,0.77
26,54,258,0.77
26,54,260,0.77
26,54,262,0.77
26,54,264,0.77
26,54,266,0.77
26,54,268,0.77
26,54,270,0.77
26,54,272,0.77
26,54,274,0.77
26,54,276,0.77
26,54,278,0.77
26,54,280,0.77
26,54,282,0.77
26,54,284,0.77
26,54,286,0.77
26,55,216,0.77
26,55,218,0.77
26,55,220,0.77
26,55,222,0.77
26,55,224,0.77
26,55,226,0.77
26,55,228,0.77
26,55,230,0.77
26,55,232,0.77
26,55,234,0.77
26,55,236,0.77
26,55,238,0.77
26,55,240,0.77
26,55,242,0.77
26,55,244,0.77
26,55,246,0.77
26,55,248,0.77
26,55,250,0.77
26,55,252,0.77
26,55,254,0.77
26,55,256,0.77
26,55,258,0.77
26,55,260,0.77
26,55,262,0.77
26,55,264,0.77
26,55,266,0.77
26,55,268,0.77
26,55,270,0.77
26,55,272,0.77
26,55,274,0.77
26,55,276,0.77
26,55,278,0.77
26,55,280,0.77
26,55,282,0.77
26,55,284,0.77
26,55,286,0.77
26,55,288,0.77
26,55,290,0.77
26,55,292,0.77
26,55,294,0.77
26,55,296,0.77
26,55,298,0.77
26,55,300,0.77
26,55,302,0.77
26,55,304,0.77
26,55,306,0.77
26,55,308,0.77
26,55,310,0.77
26,55,312,0.77
26,55,314,0.77
26,55,316,0.77
26,56,216,0.77
26,56,218,0.77
26,56,220,0.77
26,56,222,0.77
26,56,224,0.77
26,56,226,0.77
26,56,228,0.77
26,56,230,0.77
26,56,232,0.77
26,56,234,0.77
26,56,236,0.77
26,56,238,0.77
26,56,240,0.77
26,56,242,0.77
26,56,244,0.77
26,56,246,0.77
26,56,248,0.77
26,56,250,0.77
26,56,252,0.77
26,56,254,0.77
26,56,256,0.77
26,56,258,0.77
26,56,260,0.77
26,56,262,0.77
26,56,264,0.77
26,56,266,0.77
26,56,268,0.77
26,56,270,0.77
26,56,272,0.77
26,56,274,0.77
26,56,276,0.77
26,56,278,0.77
26,56,280,0.77
26,56,282,0.77
26,56,284,0.77
26,56,286,0.77
26,56,288,0.77
26,56,290,0.77
26,56,292,0.77
26,56,294,0.77
26,56,296,0.77
26,56,298,0.77
26,56,300,0.77
26,56,302,0.77
26,56,304,0.77
26,56,306,0.77
26,56,308,0.77
26,56,310,0.77
26,56,312,0.77
26,56,314,0.77
26,56,316,0.77
26,57,216,0.77
26,57,218,0.77
26,57,220,0.77
26,57,222,0.77
26,57,224,0.77
26,57,226,0.77
26,57,228,0.77
26,57,230,0.77
26,57,232,0.77
26,57,234,0.77
26,57,236,0.77
26,57,238,0.77
26,57,240,0.77
26,57,242,0.77
26,57,244,0.77
26,57,246,0.77
26,57,248,0.77
26,57,250,0.77
26,57,252,0.77
26,57,254,0.77
26,57,256,0.77
26,57,258,0.77
26,57,260,0.77
26,57,262,0.77
26,57,264,0.77
26,57,266,0.77
26,57,268,0.77
26,57,270,0.77
26,57,272,0.77
26,57,274,0.77
26,57,276,0.77
26,57,278,0.77
26,57,280,0.77
26,57,282,0.77
26,57,284,0.77
26,57,286,0.77
26,57,288,0.77
26,57,290,0.77
26,57,292,0.77
26,57,294,0.77
26,57,296,0.77
26,57,298,0.77
26,57,300,0.77
26,57,302,0.77
26,57,304,0.77
26,57,306,0.77
26,57,308,0.77
26,57,310,0.77
26,57,312,0.77
26,57,314,0.77
26,57,316,0.77
26,58,216,0.77
26,58,218,0.77
26,58,220,0.77
26,58,222,0.77
26,58,224,0.77
26,58,226,0.77
26,58,228,0.77
26,58,230,0.77
26,58,232,0.77
26,58,234,0.77
26,58,236,0.77
26,58,238,0.77
26,58,240,0.77
26,58,242,0.77
26,58,244,0.77
26,58,246,0.77
26,58,248,0.77
26,58,250,0.77
26,58,252,0.77
26,58,254,0.77
26,58,256,0.77
26,58,258,0.77
26,58,260,0.77
26,58,262,0.77
26,58,264,0.77
26,58,266,0.77
26,58,268,0.77
26,58,270,0.77
26,58,272,0.77
26,58,274,0.77
26,58,276,0.77
26,58,278,0.77
26,58,280,0.77
26,58,282,0.77
26,58,284,0.77
26,58,286,0.77
26,58,288,0.77
26,58,290,0.77
26,58,292,0.77
26,58,294,0.77
26,58,296,0.77
26,58,298,0.77
26,58,300,0.77
26,58,302,0.77
26,58,304,0.77
26,58,306,0.77
26,58,308,0.77
26,58,310,0.77
26,58,312,0.77
26,58,314,0.77
26,58,316,0.77
26,59,216,0.77
26,59,218,0.77
26,59,220,0.77
26,59,222,0.77
26,59,224,0.77
26,59,226,0.77
26,59,228,0.77
26,59,230,0.77
26,59,232,0.77
26,59,234,0.77
26,59,236,0.77
26,59,238,0.77
26,59,240,0.77
26,59,242,0.77
26,59,244,0.77
26,59,246,0.77
26,59,248,0.77
26,59,250,0.77
26,59,252,0.77
26,59,254,0.77
26,59,256,0.77
26,59,258,0.77
26,59,260,0.77
26,59,262,0.77
26,59,264,0.77
26,59,266,0.77
26,59,268,0.77
26,59,270,0.77
26,59,272,0.77
26,59,274,0.77
26,59,276,0.77
26,59,278,0.77
26,59,280,0.77
26,59,282,0.77
26,59,284,0.77
26,59,286,0.77
26,59,288,0.77
26,59,290,0.77
26,59,292,0.77
26,59,294,0.77
26,59,296,0.77
26,59,298,0.77
26,59,300,0.77
26,59,302,0.77
26,59,304,0.77
26,59,306,0.77
26,59,308,0.77
26,59,310,0.77
26,59,312,0.77
26,59,314,0.77
26,59,316,0.77
26,60,200,0.77
26,60,202,0.77
26,60,204,0.77
26,60,206,0.77
26,60,208,0.77
26,60,210,0.77
26,60,212,0.77
26,60,214,0.77
26,60,216,0.77
26,60,218,0.77
26,60,220,0.77
26,60,222,0.77
26,60,224,0.77
26,60,226,0.77
26,60,228,0.77
26,60,230,0.77
26,60,232,0.77
26,60,234,0.77
26,60,236,0.77
26,60,238,0.77
26,60,240,0.77
26,60,242,0.77
26,60,244,0.77
26,60,246,0.77
26,60,248,0.77
26,60,250,0.77
26,60,252,0.77
26,60,254,0.77
26,60,256,0.77
26,60,258,0.77
26,60,260,0.77
26,60,262,0.77
26,60,264,0.77
26,60,266,0.77
26,60,268,0.77
26,60,270,0.77
26,60,272,0.77
26,60,274,0.77
26,60,276,0.77
26,60,278,0.77
26,60,280,0.77
26,60,282,0.77
26,60,284,0.77
26,60,286,0.77
26,60,288,0.77
26,60,290,0.77
26,60,292,0.77
26,60,294,0.77
26,60,296,0.77
26,60,298,0.77
26,60,300,0.77
26,61,200,0.77
26,61,202,0.77
26,61,204,0.77
26,61,206,0.77
26,61,208,0.77
26,61,210,0.77
26,61,212,0.77
26,61,214,0.77
26,61,216,0.77
26,61,218,0.77
26,61,220,0.77
26,61,222,0.77
26,61,224,0.77
26,61,226,0.77
26,61,228,0.77
26,61,230,0.77
26,61,232,0.77
26,61,234,0.77
26,61,236,0.77
26,61,238,0.77
26,61,240,0.77
26,61,242,0.77
26,61,244,0.77
26,61,246,0.77
26,61,248,0.77
26,61,250,0.77
26,61,252,0.77
26,61,254,0.77
26,61,256,0.77
26,61,258,0.77
26,61,260,0.77
26,61,262,0.77
26,61,264,0.77
26,61,266,0.77
26,61,268,0.77
26,61,270,0.77
26,61,272,0.77
26,61,274,0.77
26,61,276,0.77
26,61,278,0.77
26,61,280,0.77
26,61,282,0.77
26,61,284,0.77
26,61,286,0.77
26,61,288,0.77
26,61,290,0.77
26,61,292,0.77
26,61,294,0.77
26,61,296,0.77
26,61,298,0.77
26,61,300,0.77
26,62,200,0.77
26,62,202,0.77
26,62,204,0.77
26,62,206,0.77
26,62,208,0.77
26,62,210,0.77
26,62,212,0.77
26,62,214,0.77
26,62,216,0.77
26,62,218,0.77
26,62,220,0.77
26,62,222,0.77
26,62,224,0.77
26,62,226,0.77
26,62,228,0.77
26,62,230,0.77
26,62,232,0.77
26,62,234,0.77
26,62,236,0.77
26,62,238,0.77
26,62,240,0.77
26,62,242,0.77
26,62,244,0.77
26,62,246,0.77
26,62,248,0.77
26,62,250,0.77
26,62,252,0.77
26,62,254,0.77
26,62,256,0.77
26,62,258,0.77
26,62,260,0.77
26,62,262,0.77
26,62,264,0.77
26,62,266,0.77
26,62,268,0.77
26,62,270,0.77
26,62,272,0.77
26,62,274,0.77
26,62,276,0.77
26,62,278,0.77
26,62,280,0.77
26,62,282,0.77
26,62,284,0.77
26,62,286,0.77
26,62,288,0.77
26,62,290,0.77
26,62,292,0.77
26,62,294,0.77
26,62,296,0.77
26,62,298,0.77
26,62,300,0.77
26,63,200,0.77
26,63,202,0.77
26,63,204,0.77
26,63,206,0.77
26,63,208,0.77
26,63,210,0.77
26,63,212,0.77
26,63,214,0.77
26,63,216,0.77
26,63,218,0.77
26,63,220,0.77
26,63,222,0.77
26,63,224,0.77
26,63,226,0.77
26,63,228,0.77
26,63,230,0.77
26,63,232,0.77
26,63,234,0.77
26,63,236,0.77
26,63,238,0.77
26,63,240,0.77
26,63,242,0.77
26,63,244,0.77
26,63,246,0.77
26,63,248,0.77
26,63,250,0.77
26,63,252,0.77
26,63,254,0.77
26,63,256,0.77
26,63,258,0.77
26,63,260,0.77
26,63,262,0.77
26,63,264,0.77
26,63,266,0.77
26,63,268,0.77
26,63,270,0.77
26,63,272,0.77
26,63,274,0.77
26,63,276,0.77
26,63,278,0.77
26,63,280,0.77
26,63,282,0.77
26,63,284,0.77
26,63,286,0.77
26,63,288,0.77
26,63,290,0.77
26,63,292,0.77
26,63,294,0.77
26,63,296,0.77
26,63,298,0.77
26,63,300,0.77
26,64,200,0.77
26,64,202,0.77
26,64,204,0.77
26,64,206,0.77
26,64,208,0.77
26,64,210,0.77
26,64,212,0.77
26,64,214,0.77
26,64,216,0.77
26,64,218,0.77
26,64,220,0.77
26,64,222,0.77
26,64,224,0.77
26,64,226,0.77
26,64,228,0.77
26,64,230,0.77
26,64,232,0.77
26,64,234,0.77
26,64,236,0.77
26,64,238,0.77
26,64,240,0.77
26,64,242,0.77
26,64,244,0.77
26,64,246,0.77
26,64,248,0.77
26,64,250,0.77
26,64,252,0.77
26,64,254,0.77
26,64,256,0.77
26,64,258,0.77
26,64,260,0.77
26,64,262,0.77
26,64,264,0.77
26,64,266,0.77
26,64,268,0.77
26,64,270,0.77
26,64,272,0.77
26,64,274,0.77
26,64,276,0.77
26,64,278,0.77
26,64,280,0.77
26,64,282,0.77
26,64,284,0.77
26,64,286,0.77
26,64,288,0.77
26,64,290,0.77
26,64,292,0.77
26,64,294,0.77
26,64,296,0.77
26,64,298,0.77
26,64,300,0.77
26,65,194,0.77
26,65,196,0.77
26,65,198,0.77
26,65,200,0.77
26,65,202,0.77
26,65,204,0.77
26,65,206,0.77
26,65,208,0.77
26,65,210,0.77
26,65,212,0.77
26,65,214,0.77
26,65,216,0.77
26,65,218,0.77
26,65,220,0.77
26,65,222,0.77
26,65,224,0.77
26,65,226,0.77
26,65,228,0.77
26,65,230,0.77
26,65,232,0.77
26,65,234,0.77
26,65,236,0.77
26,65,238,0.77
26,65,240,0.77
26,65,242,0.77
26,65,244,0.77
26,65,246,0.77
26,65,248,0.77
26,65,250,0.77
26,65,252,0.77
26,65,254,0.77
26,65,256,0.77
26,65,258,0.77
26,65,260,0.77
26,65,262,0.77
26,65,264,0.77
26,65,266,0.77
26,65,268,0.77
26,65,270,0.77
26,65,272,0.77
26,65,274,0.77
26,65,276,0.77
26,65,278,0.77
26,65,280,0.77
26,65,282,0.77
26,65,284,0.77
26,65,286,0.77
26,65,288,0.77
26,65,290,0.77
26,65,292,0.77
26,65,294,0.77
26,66,194,0.77
26,66,196,0.77
26,66,198,0.77
26,66,200,0.77
26,66,202,0.77
26,66,204,0.77
26,66,206,0.77
26,66,208,0.77
26,66,210,0.77
26,66,212,0.77
26,66,214,0.77
26,66,216,0.77
26,66,218,0.77
26,66,220,0.77
26,66,222,0.77
26,66,224,0.77
26,66,226,0.77
26,66,228,0.77
26,66,230,0.77
26,66,232,0.77
26,66,234,0.77
26,66,236,0.77
26,66,238,0.77
26,66,240,0.77
26,66,242,0.77
26,66,244,0.77
26,66,246,0.77
26,66,248,0.77
26,66,250,0.77
26,66,252,0.77
26,66,254,0.77
26,66,256,0.77
26,66,258,0.77
26,66,260,0.77
26,66,262,0.77
26,66,264,0.77
26,66,266,0.77
26,66,268,0.77
26,66,270,0.77
26,66,272,0.77
26,66,274,0.77
26,66,276,0.77
26,66,278,0.77
26,66,280,0.77
26,66,282,0.77
26,66,284,0.77
26,66,286,0.77
26,66,288,0.77
26,66,290,0.77
26,66,292,0.77
26,66,294,0.77
26,67,194,0.77
26,67,196,0.77
26,67,198,0.77
26,67,200,0.77
26,67,202,0.77
26,67,204,0.77
26,67,206,0.77
26,67,208,0.77
26,67,210,0.77
26,67,212,0.77
26,67,214,0.77
26,67,216,0.77
26,67,218,0.77
26,67,220,0.77
26,67,222,0.77
26,67,224,0.77
26,67,226,0.77
26,67,228,0.77
26,67,230,0.77
26,67,232,0.77
26,67,234,0.77
26,67,236,0.77
26,67,238,0.77
26,67,240,0.77
26,67,242,0.77
26,67,244,0.77
26,67,246,0.77
26,67,248,0.77
26,67,250,0.77
26,67,252,0.77
26,67,254,0.77
26,67,256,0.77
26,67,258,0.77
26,67,260,0.77
26,67,262,0.77
26,67,264,0.77
26,67,266,0.77
26,67,268,0.77
26,67,270,0.77
26,67,272,0.77
26,67,274,0.77
26,67,276,0.77
26,67,278,0.77
26,67,280,0.77
26,67,282,0.77
26,67,284,0.77
26,67,286,0.77
26,67,288,0.77
26,67,290,0.77
26,67,292,0.77
26,67,294,0.77
26,68,194,0.77
26,68,196,0.77
26,68,198,0.77
26,68,200,0.77
26,68,202,0.77
26,68,204,0.77
26,68,206,0.77
26,68,208,0.77
26,68,210,0.77
26,68,212,0.77
26,68,214,0.77
26,68,216,0.77
26,68,218,0.77
26,68,220,0.77
26,68,222,0.77
26,68,224,0.77
26,68,226,0.77
26,68,228,0.77
26,68,230,0.77
26,68,232,0.77
26,68,234,0.77
26,68,236,0.77
26,68,238,0.77
26,68,240,0.77
26,68,242,0.77
26,68,244,0.77
26,68,246,0.77
26,68,248,0.77
26,68,250,0.77
26,68,252,0.77
26,68,254,0.77
26,68,256,0.77
26,68,258,0.77
26,68,260,0.77
26,68,262,0.77
26,68,264,0.77
26,68,266,0.77
26,68,268,0.77
26,68,270,0.77
26,68,272,0.77
26,68,274,0.77
26,68,276,0.77
26,68,278,0.77
26,68,280,0.77
26,68,282,0.77
26,68,284,0.77
26,68,286,0.77
26,68,288,0.77
26,68,290,0.77
26,68,292,0.77
26,68,294,0.77
26,69,194,0.77
26,69,196,0.77
26,69,198,0.77
26,69,200,0.77
26,69,202,0.77
26,69,204,0.77
26,69,206,0.77
26,69,208,0.77
26,69,210,0.77
26,69,212,0.77
26,69,214,0.77
26,69,216,0.77
26,69,218,0.77
26,69,220,0.77
26,69,222,0.77
26,69,224,0.77
26,69,226,0.77
26,69,228,0.77
26,69,230,0.77
26,69,232,0.77
26,69,234,0.77
26,69,236,0.77
26,69,238,0.77
26,69,240,0.77
26,69,242,0.77
26,69,244,0.77
26,69,246,0.77
26,69,248,0.77
26,69,250,0.77
26,69,252,0.77
26,69,254,0.77
26,69,256,0.77
26,69,258,0.77
26,69,260,0.77
26,69,262,0.77
26,69,264,0.77
26,69,266,0.77
26,69,268,0.77
26,69,270,0.77
26,69,272,0.77
26,69,274,0.77
26,69,276,0.77
26,69,278,0.77
26,69,280,0.77
26,69,282,0.77
26,69,284,0.77
26,69,286,0.77
26,69,288,0.77
26,69,290,0.77
26,69,292,0.77
26,69,294,0.77
26,70,200,0.77
26,70,202,0.77
26,70,204,0.77
26,70,206,0.77
26,70,208,0.77
26,70,210,0.77
26,70,212,0.77
26,70,214,0.77
26,70,216,0.77
26,70,218,0.77
26,70,220,0.77
26,70,222,0.77
26,70,224,0.77
26,70,226,0.77
26,70,228,0.77
26,70,230,0.77
26,70,232,0.77
26,70,234,0.77
26,70,236,0.77
26,70,238,0.77
26,70,240,0.77
26,70,242,0.77
26,70,244,0.77
26,70,246,0.77
26,70,248,0.77
26,70,250,0.77
26,70,252,0.77
26,70,254,0.77
26,70,256,0.77
26,70,258,0.77
26,70,260,0.77
26,70,262,0.77
26,70,264,0.77
26,70,266,0.77
26,70,268,0.77
26,70,270,0.77
26,70,272,0.77
26,70,274,0.77
26,70,276,0.77
26,70,278,0.77
26,70,280,0.77
26,70,282,0.77
26,70,284,0.77
26,70,286,0.77
26,70,288,0.77
26,70,290,0.77
26,70,292,0.77
26,70,294,0.77
26,70,296,0.77
26,70,298,0.77
26,70,300,0.77
26,71,200,0.77
26,71,202,0.77
26,71,204,0.77
26,71,206,0.77
26,71,208,0.77
26,71,210,0.77
26,71,212,0.77
26,71,214,0.77
26,71,216,0.77
26,71,218,0.77
26,71,220,0.77
26,71,222,0.77
26,71,224,0.77
26,71,226,0.77
26,71,228,0.77
26,71,230,0.77
26,71,232,0.77
26,71,234,0.77
26,71,236,0.77
26,71,238,0.77
26,71,240,0.77
26,71,242,0.77
26,71,244,0.77
26,71,246,0.77
26,71,248,0.77
26,71,250,0.77
26,71,252,0.77
26,71,254,0.77
26,71,256,0.77
26,71,258,0.77
26,71,260,0.77
26,71,262,0.77
26,71,264,0.77
26,71,266,0.77
26,71,268,0.77
26,71,270,0.77
26,71,272,0.77
26,71,274,0.77
26,71,276,0.77
26,71,278,0.77
26,71,280,0.77
26,71,282,0.77
26,71,284,0.77
26,71,286,0.77
26,71,288,0.77
26,71,290,0.77
26,71,292,0.77
26,71,294,0.77
26,71,296,0.77
26,71,298,0.77
26,71,300,0.77
26,72,200,0.77
26,72,202,0.77
26,72,204,0.77
26,72,206,0.77
26,72,208,0.77
26,72,210,0.77
26,72,212,0.77
26,72,214,0.77
26,72,216,0.77
26,72,218,0.77
26,72,220,0.77
26,72,222,0.77
26,72,224,0.77
26,72,226,0.77
26,72,228,0.77
26,72,230,0.77
26,72,232,0.77
26,72,234,0.77
26,72,236,0.77
26,72,238,0.77
26,72,240,0.77
26,72,242,0.77
26,72,244,0.77
26,72,246,0.77
26,72,248,0.77
26,72,250,0.77
26,72,252,0.77
26,72,254,0.77
26,72,256,0.77
26,72,258,0.77
26,72,260,0.77
26,72,262,0.77
26,72,264,0.77
26,72,266,0.77
26,72,268,0.77
26,72,270,0.77
26,72,272,0.77
26,72,274,0.77
26,72,276,0.77
26,72,278,0.77
26,72,280,0.77
26,72,282,0.77
26,72,284,0.77
26,72,286,0.77
26,72,288,0.77
26,72,290,0.77
26,72,292,0.77
26,72,294,0.77
26,72,296,0.77
26,72,298,0.77
26,72,300,0.77
26,73,200,0.77
26,73,202,0.77
26,73,204,0.77
26,73,206,0.77
26,73,208,0.77
26,73,210,0.77
26,73,212,0.77
26,73,214,0.77
26,73,216,0.77
26,73,218,0.77
26,73,220,0.77
26,73,222,0.77
26,73,224,0.77
26,73,226,0.77
26,73,228,0.77
26,73,230,0.77
26,73,232,0.77
26,73,234,0.77
26,73,236,0.77
26,73,238,0.77
26,73,240,0.77
26,73,242,0.77
26,73,244,0.77
26,73,246,0.77
26,73,248,0.77
26,73,250,0.77
26,73,252,0.77
26,73,254,0.77
26,73,256,0.77
26,73,258,0.77
26,73,260,0.77
26,73,262,0.77
26,73,264,0.77
26,73,266,0.77
26,73,268,0.77
26,73,270,0.77
26,73,272,0.77
26,73,274,0.77
26,73,276,0.77
26,73,278,0.77
26,73,280,0.77
26,73,282,0.77
26,73,284,0.77
26,73,286,0.77
26,73,288,0.77
26,73,290,0.77
26,73,292,0.77
26,73,294,0.77
26,73,296,0.77
26,73,298,0.77
26,73,300,0.77
26,74,200,0.77
26,74,202,0.77
26,74,204,0.77
26,74,206,0.77
26,74,208,0.77
26,74,210,0.77
26,74,212,0.77
26,74,214,0.77
26,74,216,0.77
26,74,218,0.77
26,74,220,0.77
26,74,222,0.77
26,74,224,0.77
26,74,226,0.77
26,74,228,0.77
26,74,230,0.77
26,74,232,0.77
26,74,234,0.77
26,74,236,0.77
26,74,238,0.77
26,74,240,0.77
26,74,242,0.77
26,74,244,0.77
26,74,246,0.77
26,74,248,0.77
26,74,250,0.77
26,74,252,0.77
26,74,254,0.77
26,74,256,0.77
26,74,258,0.77
26,74,260,0.77
26,74,262,0.77
26,74,264,0.77
26,74,266,0.77
26,74,268,0.77
26,74,270,0.77
26,74,272,0.77
26,74,274,0.77
26,74,276,0.77
26,74,278,0.77
26,74,280,0.77
26,74,282,0.77
26,74,284,0.77
26,74,286,0.77
26,74,288,0.77
26,74,290,0.77
26,74,292,0.77
26,74,294,0.77
26,74,296,0.77
26,74,298,0.77
26,74,300,0.77
26,75,198,0.77
26,75,200,0.77
26,75,202,0.77
26,75,204,0.77
26,75,206,0.77
26,75,208,0.77
26,75,210,0.77
26,75,212,0.77
26,75,214,0.77
26,75,216,0.77
26,75,218,0.77
26,75,220,0.77
26,75,222,0.77
26,75,224,0.77
26,75,226,0.77
26,75,228,0.77
26,75,230,0.77
26,75,232,0.77
26,75,234,0.77
26,75,236,0.77
26,75,238,0.77
26,75,240,0.77
26,75,242,0.77
26,75,244,0.77
26,75,246,0.77
26,75,248,0.77
26,75,250,0.77
26,75,252,0.77
26,75,254,0.77
26,75,256,0.77
26,75,258,0.77
26,75,260,0.77
26,75,262,0.77
26,75,264,0.77
26,75,266,0.77
26,75,268,0.77
26,75,270,0.77
26,75,272,0.77
26,75,274,0.77
26,75,276,0.77
26,75,278,0.77
26,75,280,0.77
26,75,282,0.77
26,75,284,0.77
26,75,286,0.77
26,75,288,0.77
26,75,290,0.77
26,75,292,0.77
26,75,294,0.77
26,75,296,0.77
26,75,298,0.77
26,76,198,0.77
26,76,200,0.77
26,76,202,0.77
26,76,204,0.77
26,76,206,0.77
26,76,208,0.77
26,76,210,0.77
26,76,212,0.77
26,76,214,0.77
26,76,216,0.77
26,76,218,0.77
26,76,220,0.77
26,76,222,0.77
26,76,224,0.77
26,76,226,0.77
26,76,228,0.77
26,76,230,0.77
26,76,232,0.77
26,76,234,0.77
26,76,236,0.77
26,76,238,0.77
26,76,240,0.77
26,76,242,0.77
26,76,244,0.77
26,76,246,0.77
26,76,248,0.77
26,76,250,0.77
26,76,252,0.77
26,76,254,0.77
26,76,256,0.77
26,76,258,0.77
26,76,260,0.77
26,76,262,0.77
26,76,264,0.77
26,76,266,0.77
26,76,268,0.77
26,76,270,0.77
26,76,272,0.77
26,76,274,0.77
26,76,276,0.77
26,76,278,0.77
26,76,280,0.77
26,76,282,0.77
26,76,284,0.77
26,76,286,0.77
26,76,288,0.77
26,76,290,0.77
26,76,292,0.77
26,76,294,0.77
26,76,296,0.77
26,76,298,0.77
26,77,198,0.77
26,77,200,0.77
26,77,202,0.77
26,77,204,0.77
26,77,206,0.77
26,77,208,0.77
26,77,210,0.77
26,77,212,0.77
26,77,214,0.77
26,77,216,0.77
26,77,218,0.77
26,77,220,0.77
26,77,222,0.77
26,77,224,0.77
26,77,226,0.77
26,77,228,0.77
26,77,230,0.77
26,77,232,0.77
26,77,234,0.77
26,77,236,0.77
26,77,238,0.77
26,77,240,0.77
26,77,242,0.77
26,77,244,0.77
26,77,246,0.77
26,77,248,0.77
26,77,250,0.77
26,77,252,0.77
26,77,254,0.77
26,77,256,0.77
26,77,258,0.77
26,77,260,0.77
26,77,262,0.77
26,77,264,0.77
26,77,266,0.77
26,77,268,0.77
26,77,270,0.77
26,77,272,0.77
26,77,274,0.77
26,77,276,0.77
26,77,278,0.77
26,77,280,0.77
26,77,282,0.77
26,77,284,0.77
26,77,286,0.77
26,77,288,0.77
26,77,290,0.77
26,77,292,0.77
26,77,294,0.77
26,77,296,0.77
26,77,298,0.77
26,78,198,0.77
26,78,200,0.77
26,78,202,0.77
26,78,204,0.77
26,78,206,0.77
26,78,208,0.77
26,78,210,0.77
26,78,212,0.77
26,78,214,0.77
26,78,216,0.77
26,78,218,0.77
26,78,220,0.77
26,78,222,0.77
26,78,224,0.77
26,78,226,0.77
26,78,228,0.77
26,78,230,0.77
26,78,232,0.77
26,78,234,0.77
26,78,236,0.77
26,78,238,0.77
26,78,240,0.77
26,78,242,0.77
26,78,244,0.77
26,78,246,0.77
26,78,248,0.77
26,78,250,0.77
26,78,252,0.77
26,78,254,0.77
26,78,256,0.77
26,78,258,0.77
26,78,260,0.77
26,78,262,0.77
26,78,264,0.77
26,78,266,0.77
26,78,268,0.77
26,78,270,0.77
26,78,272,0.77
26,78,274,0.77
26,78,276,0.77
26,78,278,0.77
26,78,280,0.77
26,78,282,0.77
26,78,284,0.77
26,78,286,0.77
26,78,288,0.77
26,78,290,0.77
26,78,292,0.77
26,78,294,0.77
26,78,296,0.77
26,78,298,0.77
26,79,198,0.77
26,79,200,0.77
26,79,202,0.77
26,79,204,0.77
26,79,206,0.77
26,79,208,0.77
26,79,210,0.77
26,79,212,0.77
26,79,214,0.77
26,79,216,0.77
26,79,218,0.77
26,79,220,0.77
26,79,222,0.77
26,79,224,0.77
26,79,226,0.77
26,79,228,0.77
26,79,230,0.77
26,79,232,0.77
26,79,234,0.77
26,79,236,0.77
26,79,238,0.77
26,79,240,0.77
26,79,242,0.77
26,79,244,0.77
26,79,246,0.77
26,79,248,0.77
26,79,250,0.77
26,79,252,0.77
26,79,254,0.77
26,79,256,0.77
26,79,258,0.77
26,79,260,0.77
26,79,262,0.77
26,79,264,0.77
26,79,266,0.77
26,79,268,0.77
26,79,270,0.77
26,79,272,0.77
26,79,274,0.77
26,79,276,0.77
26,79,278,0.77
26,79,280,0.77
26,79,282,0.77
26,79,284,0.77
26,79,286,0.77
26,79,288,0.77
26,79,290,0.77
26,79,292,0.77
26,79,294,0.77
26,79,296,0.77
26,79,298,0.77
26,80,178,0.77
26,80,180,0.77
26,80,182,0.77
26,80,184,0.77
26,80,186,0.77
26,80,188,0.77
26,80,190,0.77
26,80,192,0.77
26,80,194,0.77
26,80,196,0.77
26,80,198,0.77
26,80,200,0.77
26,80,202,0.77
26,80,204,0.77
26,80,206,0.77
26,80,208,0.77
26,80,210,0.77
26,80,212,0.77
26,80,214,0.77
26,80,216,0.77
26,80,218,0.77
26,80,220,0.77
26,80,222,0.77
26,80,224,0.77
26,80,226,0.77
26,80,228,0.77
26,80,230,0.77
26,80,232,0.77
26,80,234,0.77
26,80,236,0.77
26,80,238,0.77
26,80,240,0.77
26,80,242,0.77
26,80,244,0.77
26,80,246,0.77
26,80,248,0.77
26,80,250,0.77
26,80,252,0.77
26,80,254,0.77
26,80,256,0.77
26,80,258,0.77
26,80,260,0.77
26,80,262,0.77
26,80,264,0.77
26,80,266,0.77
26,80,268,0.77
26,80,270,0.77
26,80,272,0.77
26,80,274,0.77
26,80,276,0.77
26,80,278,0.77
26,81,178,0.77
26,81,180,0.77
26,81,182,0.77
26,81,184,0.77
26,81,186,0.77
26,81,188,0.77
26,81,190,0.77
26,81,192,0.77
26,81,194,0.77
26,81,196,0.77
26,81,198,0.77
26,81,200,0.77
26,81,202,0.77
26,81,204,0.77
26,81,206,0.77
26,81,208,0.77
26,81,210,0.77
26,81,212,0.77
26,81,214,0.77
26,81,216,0.77
26,81,218,0.77
26,81,220,0.77
26,81,222,0.77
26,81,224,0.77
26,81,226,0.77
26,81,228,0.77
26,81,230,0.77
26,81,232,0.77
26,81,234,0.77
26,81,236,0.77
26,81,238,0.77
26,81,240,0.77
26,81,242,0.77
26,81,244,0.77
26,81,246,0.77
26,81,248,0.77
26,81,250,0.77
26,81,252,0.77
26,81,254,0.77
26,81,256,0.77
26,81,258,0.77
26,81,260,0.77
26,81,262,0.77
26,81,264,0.77
26,81,266,0.77
26,81,268,0.77
26,81,270,0.77
26,81,272,0.77
26,81,274,0.77
26,81,276,0.77
26,81,278,0.77
26,82,178,0.77
26,82,180,0.77
26,82,182,0.77
26,82,184,0.77
26,82,186,0.77
26,82,188,0.77
26,82,190,0.77
26,82,192,0.77
26,82,194,0.77
26,82,196,0.77
26,82,198,0.77
26,82,200,0.77
26,82,202,0.77
26,82,204,0.77
26,82,206,0.77
26,82,208,0.77
26,82,210,0.77
26,82,212,0.77
26,82,214,0.77
26,82,216,0.77
26,82,218,0.77
26,82,220,0.77
26,82,222,0.77
26,82,224,0.77
26,82,226,0.77
26,82,228,0.77
26,82,230,0.77
26,82,232,0.77
26,82,234,0.77
26,82,236,0.77
26,82,238,0.77
26,82,240,0.77
26,82,242,0.77
26,82,244,0.77
26,82,246,0.77
26,82,248,0.77
26,82,250,0.77
26,82,252,0.77
26,82,254,0.77
26,82,256,0.77
26,82,258,0.77
26,82,260,0.77
26,82,262,0.77
26,82,264,0.77
26,82,266,0.77
26,82,268,0.77
26,82,270,0.77
26,82,272,0.77
26,82,274,0.77
26,82,276,0.77
26,82,278,0.77
26,83,178,0.77
26,83,180,0.77
26,83,182,0.77
26,83,184,0.77
26,83,186,0.77
26,83,188,0.77
26,83,190,0.77
26,83,192,0.77
26,83,194,0.77
26,83,196,0.77
26,83,198,0.77
26,83,200,0.77
26,83,202,0.77
26,83,204,0.77
26,83,206,0.77
26,83,208,0.77
26,83,210,0.77
26,83,212,0.77
26,83,214,0.77
26,83,216,0.77
26,83,218,0.77
26,83,220,0.77
26,83,222,0.77
26,83,224,0.77
26,83,226,0.77
26,83,228,0.77
26,83,230,0.77
26,83,232,0.77
26,83,234,0.77
26,83,236,0.77
26,83,238,0.77
26,83,240,0.77
26,83,242,0.77
26,83,244,0.77
26,83,246,0.77
26,83,248,0.77
26,83,250,0.77
26,83,252,0.77
26,83,254,0.77
26,83,256,0.77
26,83,258,0.77
26,83,260,0.77
26,83,262,0.77
26,83,264,0.77
26,83,266,0.77
26,83,268,0.77
26,83,270,0.77
26,83,272,0.77
26,83,274,0.77
26,83,276,0.77
26,83,278,0.77
26,84,178,0.77
26,84,180,0.77
26,84,182,0.77
26,84,184,0.77
26,84,186,0.77
26,84,188,0.77
26,84,190,0.77
26,84,192,0.77
26,84,194,0.77
26,84,196,0.77
26,84,198,0.77
26,84,200,0.77
26,84,202,0.77
26,84,204,0.77
26,84,206,0.77
26,84,208,0.77
26,84,210,0.77
26,84,212,0.77
26,84,214,0.77
26,84,216,0.77
26,84,218,0.77
26,84,220,0.77
26,84,222,0.77
26,84,224,0.77
26,84,226,0.77
26,84,228,0.77
26,84,230,0.77
26,84,232,0.77
26,84,234,0.77
26,84,236,0.77
26,84,238,0.77
26,84,240,0.77
26,84,242,0.77
26,84,244,0.77
26,84,246,0.77
26,84,248,0.77
26,84,250,0.77
26,84,252,0.77
26,84,254,0.77
26,84,256,0.77
26,84,258,0.77
26,84,260,0.77
26,84,262,0.77
26,84,264,0.77
26,84,266,0.77
26,84,268,0.77
26,84,270,0.77
26,84,272,0.77
26,84,274,0.77
26,84,276,0.77
26,84,278,0.77
26,85,204,0.77
26,85,206,0.77
26,85,208,0.77
26,85,210,0.77
26,85,212,0.77
26,85,214,0.77
26,85,216,0.77
26,85,218,0.77
26,85,220,0.77
26,85,222,0.77
26,85,224,0.77
26,85,226,0.77
26,85,228,0.77
26,85,230,0.77
26,85,232,0.77
26,85,234,0.77
26,85,236,0.77
26,85,238,0.77
26,85,240,0.77
26,85,242,0.77
26,85,244,0.77
26,85,246,0.77
26,85,248,0.77
26,85,250,0.77
26,85,252,0.77
26,85,254,0.77
26,85,256,0.77
26,85,258,0.77
26,85,260,0.77
26,85,262,0.77
26,85,264,0.77
26,85,266,0.77
26,85,268,0.77
26,85,270,0.77
26,85,272,0.77
26,85,274,0.77
26,85,276,0.77
26,85,278,0.77
26,85,280,0.77
26,85,282,0.77
26,85,284,0.77
26,85,286,0.77
26,85,288,0.77
26,85,290,0.77
26,85,292,0.77
26,85,294,0.77
26,85,296,0.77
26,85,298,0.77
26,85,300,0.77
26,85,302,0.77
26,85,304,0.77
26,86,204,0.77
26,86,206,0.77
26,86,208,0.77
26,86,210,0.77
26,86,212,0.77
26,86,214,0.77
26,86,216,0.77
26,86,218,0.77
26,86,220,0.77
26,86,222,0.77
26,86,224,0.77
26,86,226,0.77
26,86,228,0.77
26,86,230,0.77
26,86,232,0.77
26,86,234,0.77
26,86,236,0.77
26,86,238,0.77
26,86,240,0.77
26,86,242,0.77
26,86,244,0.77
26,86,246,0.77
26,86,248,0.77
26,86,250,0.77
26,86,252,0.77
26,86,254,0.77
26,86,256,0.77
26,86,258,0.77
26,86,260,0.77
26,86,262,0.77
26,86,264,0.77
26,86,266,0.77
26,86,268,0.77
26,86,270,0.77
26,86,272,0.77
26,86,274,0.77
26,86,276,0.77
26,86,278,0.77
26,86,280,0.77
26,86,282,0.77
26,86,284,0.77
26,86,286,0.77
26,86,288,0.77
26,86,290,0.77
26,86,292,0.77
26,86,294,0.77
26,86,296,0.77
26,86,298,0.77
26,86,300,0.77
26,86,302,0.77
26,86,304,0.77
26,87,204,0.77
26,87,206,0.77
26,87,208,0.77
26,87,210,0.77
26,87,212,0.77
26,87,214,0.77
26,87,216,0.77
26,87,218,0.77
26,87,220,0.77
26,87,222,0.77
26,87,224,0.77
26,87,226,0.77
26,87,228,0.77
26,87,230,0.77
26,87,232,0.77
26,87,234,0.77
26,87,236,0.77
26,87,238,0.77
26,87,240,0.77
26,87,242,0.77
26,87,244,0.77
26,87,246,0.77
26,87,248,0.77
26,87,250,0.77
26,87,252,0.77
26,87,254,0.77
26,87,256,0.77
26,87,258,0.77
26,87,260,0.77
26,87,262,0.77
26,87,264,0.77
26,87,266,0.77
26,87,268,0.77
26,87,270,0.77
26,87,272,0.77
26,87,274,0.77
26,87,276,0.77
26,87,278,0.77
26,87,280,0.77
26,87,282,0.77
26,87,284,0.77
26,87,286,0.77
26,87,288,0.77
26,87,290,0.77
26,87,292,0.77
26,87,294,0.77
26,87,296,0.77
26,87,298,0.77
26,87,300,0.77
26,87,302,0.77
26,87,304,0.77
26,88,204,0.77
26,88,206,0.77
26,88,208,0.77
26,88,210,0.77
26,88,212,0.77
26,88,214,0.77
26,88,216,0.77
26,88,218,0.77
26,88,220,0.77
26,88,222,0.77
26,88,224,0.77
26,88,226,0.77
26,88,228,0.77
26,88,230,0.77
26,88,232,0.77
26,88,234,0.77
26,88,236,0.77
26,88,238,0.77
26,88,240,0.77
26,88,242,0.77
26,88,244,0.77
26,88,246,0.77
26,88,248,0.77
26,88,250,0.77
26,88,252,0.77
26,88,254,0.77
26,88,256,0.77
26,88,258,0.77
26,88,260,0.77
26,88,262,0.77
26,88,264,0.77
26,88,266,0.77
26,88,268,0.77
26,88,270,0.77
26,88,272,0.77
26,88,274,0.77
26,88,276,0.77
26,88,278,0.77
26,88,280,0.77
26,88,282,0.77
26,88,284,0.77
26,88,286,0.77
26,88,288,0.77
26,88,290,0.77
26,88,292,0.77
26,88,294,0.77
26,88,296,0.77
26,88,298,0.77
26,88,300,0.77
26,88,302,0.77
26,88,304,0.77
26,89,204,0.77
26,89,206,0.77
26,89,208,0.77
26,89,210,0.77
26,89,212,0.77
26,89,214,0.77
26,89,216,0.77
26,89,218,0.77
26,89,220,0.77
26,89,222,0.77
26,89,224,0.77
26,89,226,0.77
26,89,228,0.77
26,89,230,0.77
26,89,232,0.77
26,89,234,0.77
26,89,236,0.77
26,89,238,0.77
26,89,240,0.77
26,89,242,0.77
26,89,244,0.77
26,89,246,0.77
26,89,248,0.77
26,89,250,0.77
26,89,252,0.77
26,89,254,0.77
26,89,256,0.77
26,89,258,0.77
26,89,260,0.77
26,89,262,0.77
26,89,264,0.77
26,89,266,0.77
26,89,268,0.77
26,89,270,0.77
26,89,272,0.77
26,89,274,0.77
26,89,276,0.77
26,89,278,0.77
26,89,280,0.77
26,89,282,0.77
26,89,284,0.77
26,89,286,0.77
26,89,288,0.77
26,89,290,0.77
26,89,292,0.77
26,89,294,0.77
26,89,296,0.77
26,89,298,0.77
26,89,300,0.77
26,89,302,0.77
26,89,304,0.77
27,35,250,0.71
27,35,252,0.71
27,35,254,0.71
27,35,256,0.71
27,35,258,0.71
27,35,260,0.71
27,35,262,0.71
27,35,264,0.71
27,35,266,0.71
27,35,268,0.71
27,35,270,0.71
27,35,272,0.71
27,35,274,0.71
27,35,276,0.71
27,35,278,0.71
27,35,280,0.71
27,35,282,0.71
27,35,284,0.71
27,35,286,0.71
27,35,288,0.71
27,35,290,0.71
27,35,292,0.71
27,35,294,0.71
27,35,296,0.71
27,35,298,0.71
27,35,300,0.71
27,35,302,0.71
27,35,304,0.71
27,35,306,0.71
27,35,308,0.71
27,35,310,0.71
27,35,312,0.71
27,35,314,0.71
27,35,316,0.71
27,35,318,0.71
27,35,320,0.71
27,35,322,0.71
27,35,324,0.71
27,35,326,0.71
27,35,328,0.71
27,35,330,0.71
27,35,332,0.71
27,35,334,0.71
27,35,336,0.71
27,35,338,0.71
27,35,340,0.71
27,35,342,0.71
27,35,344,0.71
27,35,346,0.71
27,35,348,0.71
27,35,350,0.71
27,36,250,0.71
27,36,252,0.71
27,36,254,0.71
27,36,256,0.71
27,36,258,0.71
27,36,260,0.71
27,36,262,0.71
27,36,264,0.71
27,36,266,0.71
27,36,268,0.71
27,36,270,0.71
27,36,272,0.71
27,36,274,0.71
27,36,276,0.71
27,36,278,0.71
27,36,280,0.71
27,36,282,0.71
27,36,284,0.71
27,36,286,0.71
27,36,288,0.71
27,36,290,0.71
27,36,292,0.71
27,36,294,0.71
27,36,296,0.71
27,36,298,0.71
27,36,300,0.71
27,36,302,0.71
27,36,304,0.71
27,36,306,0.71
27,36,308,0.71
27,36,310,0.71
27,36,312,0.71
27,36,314,0.71
27,36,316,0.71
27,36,318,0.71
27,36,320,0.71
27,36,322,0.71
27,36,324,0.71
27,36,326,0.71
27,36,328,0.71
27,36,330,0.71
27,36,332,0.71
27,36,334,0.71
27,36,336,0.71
27,36,338,0.71
27,36,340,0.71
27,36,342,0.71
27,36,344,0.71
27,36,346,0.71
27,36,348,0.71
27,36,350,0.71
27,37,250,0.71
27,37,252,0.71
27,37,254,0.71
27,37,256,0.71
27,37,258,0.71
27,37,260,0.71
27,37,262,0.71
27,37,264,0.71
27,37,266,0.71
27,37,268,0.71
27,37,270,0.71
27,37,272,0.71
27,37,274,0.71
27,37,276,0.71
27,37,278,0.71
27,37,280,0.71
27,37,282,0.71
27,37,284,0.71
27,37,286,0.71
27,37,288,0.71
27,37,290,0.71
27,37,292,0.71
27,37,294,0.71
27,37,296,0.71
27,37,298,0.71
27,37,300,0.71
27,37,302,0.71
27,37,304,0.71
27,37,306,0.71
27,37,308,0.71
27,37,310,0.71
27,37,312,0.71
27,37,314,0.71
27,37,316,0.71
27,37,318,0.71
27,37,320,0.71
27,37,322,0.71
27,37,324,0.71
27,37,326,0.71
27,37,328,0.71
27,37,330,0.71
27,37,332,0.71
27,37,334,0.71
27,37,336,0.71
27,37,338,0.71
27,37,340,0.71
27,37,342,0.71
27,37,344,0.71
27,37,346,0.71
27,37,348,0.71
27,37,350,0.71
27,38,250,0.71
27,38,252,0.71
27,38,254,0.71
27,38,256,0.71
27,38,258,0.71
27,38,260,0.71
27,38,262,0.71
27,38,264,0.71
27,38,266,0.71
27,38,268,0.71
27,38,270,0.71
27,38,272,0.71
27,38,274,0.71
27,38,276,0.71
27,38,278,0.71
27,38,280,0.71
27,38,282,0.71
27,38,284,0.71
27,38,286,0.71
27,38,288,0.71
27,38,290,0.71
27,38,292,0.71
27,38,294,0.71
27,38,296,0.71
27,38,298,0.71
27,38,300,0.71
27,38,302,0.71
27,38,304,0.71
27,38,306,0.71
27,38,308,0.71
27,38,310,0.71
27,38,312,0.71
27,38,314,0.71
27,38,316,0.71
27,38,318,0.71
27,38,320,0.71
27,38,322,0.71
27,38,324,0.71
27,38,326,0.71
27,38,328,0.71
27,38,330,0.71
27,38,332,0.71
27,38,334,0.71
27,38,336,0.71
27,38,338,0.71
27,38,340,0.71
27,38,342,0.71
27,38,344,0.71
27,38,346,0.71
27,38,348,0.71
27,38,350,0.71
27,39,250,0.71
27,39,252,0.71
27,39,254,0.71
27,39,256,0.71
27,39,258,0.71
27,39,260,0.71
27,39,262,0.71
27,39,264,0.71
27,39,266,0.71
27,39,268,0.71
27,39,270,0.71
27,39,272,0.71
27,39,274,0.71
27,39,276,0.71
27,39,278,0.71
27,39,280,0.71
27,39,282,0.71
27,39,284,0.71
27,39,286,0.71
27,39,288,0.71
27,39,290,0.71
27,39,292,0.71
27,39,294,0.71
27,39,296,0.71
27,39,298,0.71
27,39,300,0.71
27,39,302,0.71
27,39,304,0.71
27,39,306,0.71
27,39,308,0.71
27,39,310,0.71
27,39,312,0.71
27,39,314,0.71
27,39,316,0.71
27,39,318,0.71
27,39,320,0.71
27,39,322,0.71
27,39,324,0.71
27,39,326,0.71
27,39,328,0.71
27,39,330,0.71
27,39,332,0.71
27,39,334,0.71
27,39,336,0.71
27,39,338,0.71
27,39,340,0.71
27,39,342,0.71
27,39,344,0.71
27,39,346,0.71
27,39,348,0.71
27,39,350,0.71
27,40,262,0.71
27,40,264,0.71
27,40,266,0.71
27,40,268,0.71
27,40,270,0.71
27,40,272,0.71
27,40,274,0.71
27,40,276,0.71
27,40,278,0.71
27,40,280,0.71
27,40,282,0.71
27,40,284,0.71
27,40,286,0.71
27,40,288,0.71
27,40,290,0.71
27,40,292,0.71
27,40,294,0.71
27,40,296,0.71
27,40,298,0.71
27,40,300,0.71
27,40,302,0.71
27,40,304,0.71
27,40,306,0.71
27,40,308,0.71
27,40,310,0.71
27,40,312,0.71
27,40,314,0.71
27,40,316,0.71
27,40,318,0.71
27,40,320,0.71
27,40,322,0.71
27,40,324,0.71
27,40,326,0.71
27,40,328,0.71
27,40,330,0.71
27,40,332,0.71
27,40,334,0.71
27,40,336,0.71
27,40,338,0.71
27,40,340,0.71
27,40,342,0.71
27,40,344,0.71
27,40,346,0.71
27,40,348,0.71
27,40,350,0.71
27,40,352,0.71
27,40,354,0.71
27,40,356,0.71
27,40,358,0.71
27,40,360,0.71
27,40,362,0.71
27,41,262,0.71
27,41,264,0.71
27,41,266,0.71
27,41,268,0.71
27,41,270,0.71
27,41,272,0.71
27,41,274,0.71
27,41,276,0.71
27,41,278,0.71
27,41,280,0.71
27,41,282,0.71
27,41,284,0.71
27,41,286,0.71
27,41,288,0.71
27,41,290,0.71
27,41,292,0.71
27,41,294,0.71
27,41,296,0.71
27,41,298,0.71
27,41,300,0.71
27,41,302,0.71
27,41,304,0.71
27,41,306,0.71
27,41,308,0.71
27,41,310,0.71
27,41,312,0.71
27,41,314,0.71
27,41,316,0.71
27,41,318,0.71
27,41,320,0.71
27,41,322,0.71
27,41,324,0.71
27,41,326,0.71
27,41,328,0.71
27,41,330,0.71
27,41,332,0.71
27,41,334,0.71
27,41,336,0.71
27,41,338,0.71
27,41,340,0.71
27,41,342,0.71
27,41,344,0.71
27,41,346,0.71
27,41,348,0.71
27,41,350,0.71
27,41,352,0.71
27,41,354,0.71
27,41,356,0.71
27,41,358,0.71
27,41,360,0.71
27,41,362,0.71
27,42,262,0.71
27,42,264,0.71
27,42,266,0.71
27,42,268,0.71
27,42,270,0.71
27,42,272,0.71
27,42,274,0.71
27,42,276,0.71
27,42,278,0.71
27,42,280,0.71
27,42,282,0.71
27,42,284,0.71
27,42,286,0.71
27,42,288,0.71
27,42,290,0.71
27,42,292,0.71
27,42,294,0.71
27,42,296,0.71
27,42,298,0.71
27,42,300,0.71
27,42,302,0.71
27,42,304,0.71
27,42,306,0.71
27,42,308,0.71
27,42,310,0.71
27,42,312,0.71
27,42,314,0.71
27,42,316,0.71
27,42,318,0.71
27,42,320,0.71
27,42,322,0.71
27,42,324,0.71
27,42,326,0.71
27,42,328,0.71
27,42,330,0.71
27,42,332,0.71
27,42,334,0.71
27,42,336,0.71
27,42,338,0.71
27,42,340,0.71
27,42,342,0.71
27,42,344,0.71
27,42,346,0.71
27,42,348,0.71
27,42,350,0.71
27,42,352,0.71
27,42,354,0.71
27,42,356,0.71
27,42,358,0.71
27,42,360,0.71
27,42,362,0.71
27,43,262,0.71
27,43,264,0.71
27,43,266,0.71
27,43,268,0.71
27,43,270,0.71
27,43,272,0.71
27,43,274,0.71
27,43,276,0.71
27,43,278,0.71
27,43,280,0.71
27,43,282,0.71
27,43,284,0.71
27,43,286,0.71
27,43,288,0.71
27,43,290,0.71
27,43,292,0.71
27,43,294,0.71
27,43,296,0.71
27,43,298,0.71
27,43,300,0.71
27,43,302,0.71
27,43,304,0.71
27,43,306,0.71
27,43,308,0.71
27,43,310,0.71
27,43,312,0.71
27,43,314,0.71
27,43,316,0.71
27,43,318,0.71
27,43,320,0.71
27,43,322,0.71
27,43,324,0.71
27,43,326,0.71
27,43,328,0.71
27,43,330,0.71
27,43,332,0.71
27,43,334,0.71
27,43,336,0.71
27,43,338,0.71
27,43,340,0.71
27,43,342,0.71
27,43,344,0.71
27,43,346,0.71
27,43,348,0.71
27,43,350,0.71
27,43,352,0.71
27,43,354,0.71
27,43,356,0.71
27,43,358,0.71
27,43,360,0.71
27,43,362,0.71
27,44,262,0.71
27,44,264,0.71
27,44,266,0.71
27,44,268,0.71
27,44,270,0.71
27,44,272,0.71
27,44,274,0.71
27,44,276,0.71
27,44,278,0.71
27,44,280,0.71
27,44,282,0.71
27,44,284,0.71
27,44,286,0.71
27,44,288,0.71
27,44,290,0.71
27,44,292,0.71
27,44,294,0.71
27,44,296,0.71
27,44,298,0.71
27,44,300,0.71
27,44,302,0.71
27,44,304,0.71
27,44,306,0.71
27,44,308,0.71
27,44,310,0.71
27,44,312,0.71
27,44,314,0.71
27,44,316,0.71
27,44,318,0.71
27,44,320,0.71
27,44,322,0.71
27,44,324,0.71
27,44,326,0.71
27,44,328,0.71
27,44,330,0.71
27,44,332,0.71
27,44,334,0.71
27,44,336,0.71
27,44,338,0.71
27,44,340,0.71
27,44,342,0.71
27,44,344,0.71
27,44,346,0.71
27,44,348,0.71
27,44,350,0.71
27,44,352,0.71
27,44,354,0.71
27,44,356,0.71
27,44,358,0.71
27,44,360,0.71
27,44,362,0.71
27,45,280,0.71
27,45,282,0.71
27,45,284,0.71
27,45,286,0.71
27,45,288,0.71
27,45,290,0.71
27,45,292,0.71
27,45,294,0.71
27,45,296,0.71
27,45,298,0.71
27,45,300,0.71
27,45,302,0.71
27,45,304,0.71
27,45,306,0.71
27,45,308,0.71
27,45,310,0.71
27,45,312,0.71
27,45,314,0.71
27,45,316,0.71
27,45,318,0.71
27,45,320,0.71
27,45,322,0.71
27,45,324,0.71
27,45,326,0.71
27,45,328,0.71
27,45,330,0.71
27,45,332,0.71
27,45,334,0.71
27,45,336,0.71
27,45,338,0.71
27,45,340,0.71
27,45,342,0.71
27,45,344,0.71
27,45,346,0.71
27,45,348,0.71
27,45,350,0.71
27,45,352,0.71
27,45,354,0.71
27,45,356,0.71
27,45,358,0.71
27,45,360,0.71
27,45,362,0.71
27,45,364,0.71
27,45,366,0.71
27,45,368,0.71
27,45,370,0.71
27,45,372,0.71
27,45,374,0.71
27,45,376,0.71
27,45,378,0.71
27,45,380,0.71
27,46,280,0.71
27,46,282,0.71
27,46,284,0.71
27,46,286,0.71
27,46,288,0.71
27,46,290,0.71
27,46,292,0.71
27,46,294,0.71
27,46,296,0.71
27,46,298,0.71
27,46,300,0.71
27,46,302,0.71
27,46,304,0.71
27,46,306,0.71
27,46,308,0.71
27,46,310,0.71
27,46,312,0.71
27,46,314,0.71
27,46,316,0.71
27,46,318,0.71
27,46,320,0.71
27,46,322,0.71
27,46,324,0.71
27,46,326,0.71
27,46,328,0.71
27,46,330,0.71
27,46,332,0.71
27,46,334,0.71
27,46,336,0.71
27,46,338,0.71
27,46,340,0.71
27,46,342,0.71
27,46,344,0.71
27,46,346,0.71
27,46,348,0.71
27,46,350,0.71
27,46,352,0.71
27,46,354,0.71
27,46,356,0.71
27,46,358,0.71
27,46,360,0.71
27,46,362,0.71
27,46,364,0.71
27,46,366,0.71
27,46,368,0.71
27,46,370,0.71
27,46,372,0.71
27,46,374,0.71
27,46,376,0.71
27,46,378,0.71
27,46,380,0.71
27,47,280,0.71
27,47,282,0.71
27,47,284,0.71
27,47,286,0.71
27,47,288,0.71
27,47,290,0.71
27,47,292,0.71
27,47,294,0.71
27,47,296,0.71
27,47,298,0.71
27,47,300,0.71
27,47,302,0.71
27,47,304,0.71
27,47,306,0.71
27,47,308,0.71
27,47,310,0.71
27,47,312,0.71
27,47,314,0.71
27,47,316,0.71
27,47,318,0.71
27,47,320,0.71
27,47,322,0.71
27,47,324,0.71
27,47,326,0.71
27,47,328,0.71
27,47,330,0.71
27,47,332,0.71
27,47,334,0.71
27,47,336,0.71
27,47,338,0.71
27,47,340,0.71
27,47,342,0.71
27,47,344,0.71
27,47,346,0.71
27,47,348,0.71
27,47,350,0.71
27,47,352,0.71
27,47,354,0.71
27,47,356,0.71
27,47,358,0.71
27,47,360,0.71
27,47,362,0.71
27,47,364,0.71
27,47,366,0.71
27,47,368,0.71
27,47,370,0.71
27,47,372,0.71
27,47,374,0.71
27,47,376,0.71
27,47,378,0.71
27,47,380,0.71
27,48,280,0.71
27,48,282,0.71
27,48,284,0.71
27,48,286,0.71
27,48,288,0.71
27,48,290,0.71
27,48,292,0.71
27,48,294,0.71
27,48,296,0.71
27,48,298,0.71
27,48,300,0.71
27,48,302,0.71
27,48,304,0.71
27,48,306,0.71
27,48,308,0.71
27,48,310,0.71
27,48,312,0.71
27,48,314,0.71
27,48,316,0.71
27,48,318,0.71
27,48,320,0.71
27,48,322,0.71
27,48,324,0.71
27,48,326,0.71
27,48,328,0.71
27,48,330,0.71
27,48,332,0.71
27,48,334,0.71
27,48,336,0.71
27,48,338,0.71
27,48,340,0.71
27,48,342,0.71
27,48,344,0.71
27,48,346,0.71
27,48,348,0.71
27,48,350,0.71
27,48,352,0.71
27,48,354,0.71
27,48,356,0.71
27,48,358,0.71
27,48,360,0.71
27,48,362,0.71
27,48,364,0.71
27,48,366,0.71
27,48,368,0.71
27,48,370,0.71
27,48,372,0.71
27,48,374,0.71
27,48,376,0.71
27,48,378,0.71
27,48,380,0.71
27,49,280,0.71
27,49,282,0.71
27,49,284,0.71
27,49,286,0.71
27,49,288,0.71
27,49,290,0.71
27,49,292,0.71
27,49,294,0.71
27,49,296,0.71
27,49,298,0.71
27,49,300,0.71
27,49,302,0.71
27,49,304,0.71
27,49,306,0.71
27,49,308,0.71
27,49,310,0.71
27,49,312,0.71
27,49,314,0.71
27,49,316,0.71
27,49,318,0.71
27,49,320,0.71
27,49,322,0.71
27,49,324,0.71
27,49,326,0.71
27,49,328,0.71
27,49,330,0.71
27,49,332,0.71
27,49,334,0.71
27,49,336,0.71
27,49,338,0.71
27,49,340,0.71
27,49,342,0.71
27,49,344,0.71
27,49,346,0.71
27,49,348,0.71
27,49,350,0.71
27,49,352,0.71
27,49,354,0.71
27,49,356,0.71
27,49,358,0.71
27,49,360,0.71
27,49,362,0.71
27,49,364,0.71
27,49,366,0.71
27,49,368,0.71
27,49,370,0.71
27,49,372,0.71
27,49,374,0.71
27,49,376,0.71
27,49,378,0.71
27,49,380,0.71
27,50,278,0.71
27,50,280,0.71
27,50,282,0.71
27,50,284,0.71
27,50,286,0.71
27,50,288,0.71
27,50,290,0.71
27,50,292,0.71
27,50,294,0.71
27,50,296,0.71
27,50,298,0.71
27,50,300,0.71
27,50,302,0.71
27,50,304,0.71
27,50,306,0.71
27,50,308,0.71
27,50,310,0.71
27,50,312,0.71
27,50,314,0.71
27,50,316,0.71
27,50,318,0.71
27,50,320,0.71
27,50,322,0.71
27,50,324,0.71
27,50,326,0.71
27,50,328,0.71
27,50,330,0.71
27,50,332,0.71
27,50,334,0.71
27,50,336,0.71
27,50,338,0.71
27,50,340,0.71
27,50,342,0.71
27,50,344,0.71
27,50,346,0.71
27,50,348,0.71
27,50,350,0.71
27,50,352,0.71
27,50,354,0.71
27,50,356,0.71
27,50,358,0.71
27,50,360,0.71
27,50,362,0.71
27,50,364,0.71
27,50,366,0.71
27,50,368,0.71
27,50,370,0.71
27,50,372,0.71
27,50,374,0.71
27,50,376,0.71
27,50,378,0.71
27,51,278,0.71
27,51,280,0.71
27,51,282,0.71
27,51,284,0.71
27,51,286,0.71
27,51,288,0.71
27,51,290,0.71
27,51,292,0.71
27,51,294,0.71
27,51,296,0.71
27,51,298,0.71
27,51,300,0.71
27,51,302,0.71
27,51,304,0.71
27,51,306,0.71
27,51,308,0.71
27,51,310,0.71
27,51,312,0.71
27,51,314,0.71
27,51,316,0.71
27,51,318,0.71
27,51,320,0.71
27,51,322,0.71
27,51,324,0.71
27,51,326,0.71
27,51,328,0.71
27,51,330,0.71
27,51,332,0.71
27,51,334,0.71
27,51,336,0.71
27,51,338,0.71
27,51,340,0.71
27,51,342,0.71
27,51,344,0.71
27,51,346,0.71
27,51,348,0.71
27,51,350,0.71
27,51,352,0.71
27,51,354,0.71
27,51,356,0.71
27,51,358,0.71
27,51,360,0.71
27,51,362,0.71
27,51,364,0.71
27,51,366,0.71
27,51,368,0.71
27,51,370,0.71
27,51,372,0.71
27,51,374,0.71
27,51,376,0.71
27,51,378,0.71
27,52,278,0.71
27,52,280,0.71
27,52,282,0.71
27,52,284,0.71
27,52,286,0.71
27,52,288,0.71
27,52,290,0.71
27,52,292,0.71
27,52,294,0.71
27,52,296,0.71
27,52,298,0.71
27,52,300,0.71
27,52,302,0.71
27,52,304,0.71
27,52,306,0.71
27,52,308,0.71
27,52,310,0.71
27,52,312,0.71
27,52,314,0.71
27,52,316,0.71
27,52,318,0.71
27,52,320,0.71
27,52,322,0.71
27,52,324,0.71
27,52,326,0.71
27,52,328,0.71
27,52,330,0.71
27,52,332,0.71
27,52,334,0.71
27,52,336,0.71
27,52,338,0.71
27,52,340,0.71
27,52,342,0.71
27,52,344,0.71
27,52,346,0.71
27,52,348,0.71
27,52,350,0.71
27,52,352,0.71
27,52,354,0.71
27,52,356,0.71
27,52,358,0.71
27,52,360,0.71
27,52,362,0.71
27,52,364,0.71
27,52,366,0.71
27,52,368,0.71
27,52,370,0.71
27,52,372,0.71
27,52,374,0.71
27,52,376,0.71
27,52,378,0.71
27,53,278,0.71
27,53,280,0.71
27,53,282,0.71
27,53,284,0.71
27,53,286,0.71
27,53,288,0.71
27,53,290,0.71
27,53,292,0.71
27,53,294,0.71
27,53,296,0.71
27,53,298,0.71
27,53,300,0.71
27,53,302,0.71
27,53,304,0.71
27,53,306,0.71
27,53,308,0.71
27,53,310,0.71
27,53,312,0.71
27,53,314,0.71
27,53,316,0.71
27,53,318,0.71
27,53,320,0.71
27,53,322,0.71
27,53,324,0.71
27,53,326,0.71
27,53,328,0.71
27,53,330,0.71
27,53,332,0.71
27,53,334,0.71
27,53,336,0.71
27,53,338,0.71
27,53,340,0.71
27,53,342,0.71
27,53,344,0.71
27,53,346,0.71
27,53,348,0.71
27,53,350,0.71
27,53,352,0.71
27,53,354,0.71
27,53,356,0.71
27,53,358,0.71
27,53,360,0.71
27,53,362,0.71
27,53,364,0.71
27,53,366,0.71
27,53,368,0.71
27,53,370,0.71
27,53,372,0.71
27,53,374,0.71
27,53,376,0.71
27,53,378,0.71
27,54,278,0.71
27,54,280,0.71
27,54,282,0.71
27,54,284,0.71
27,54,286,0.71
27,54,288,0.71
27,54,290,0.71
27,54,292,0.71
27,54,294,0.71
27,54,296,0.71
27,54,298,0.71
27,54,300,0.71
27,54,302,0.71
27,54,304,0.71
27,54,306,0.71
27,54,308,0.71
27,54,310,0.71
27,54,312,0.71
27,54,314,0.71
27,54,316,0.71
27,54,318,0.71
27,54,320,0.71
27,54,322,0.71
27,54,324,0.71
27,54,326,0.71
27,54,328,0.71
27,54,330,0.71
27,54,332,0.71
27,54,334,0.71
27,54,336,0.71
27,54,338,0.71
27,54,340,0.71
27,54,342,0.71
27,54,344,0.71
27,54,346,0.71
27,54,348,0.71
27,54,350,0.71
27,54,352,0.71
27,54,354,0.71
27,54,356,0.71
27,54,358,0.71
27,54,360,0.71
27,54,362,0.71
27,54,364,0.71
27,54,366,0.71
27,54,368,0.71
27,54,370,0.71
27,54,372,0.71
27,54,374,0.71
27,54,376,0.71
27,54,378,0.71
27,55,276,0.71
27,55,278,0.71
27,55,280,0.71
27,55,282,0.71
27,55,284,0.71
27,55,286,0.71
27,55,288,0.71
27,55,290,0.71
27,55,292,0.71
27,55,294,0.71
27,55,296,0.71
27,55,298,0.71
27,55,300,0.71
27,55,302,0.71
27,55,304,0.71
27,55,306,0.71
27,55,308,0.71
27,55,310,0.71
27,55,312,0.71
27,55,314,0.71
27,55,316,0.71
27,55,318,0.71
27,55,320,0.71
27,55,322,0.71
27,55,324,0.71
27,55,326,0.71
27,55,328,0.71
27,55,330,0.71
27,55,332,0.71
27,55,334,0.71
27,55,336,0.71
27,55,338,0.71
27,55,340,0.71
27,55,342,0.71
27,55,344,0.71
27,55,346,0.71
27,55,348,0.71
27,55,350,0.71
27,55,352,0.71
27,55,354,0.71
27,55,356,0.71
27,55,358,0.71
27,55,360,0.71
27,55,362,0.71
27,55,364,0.71
27,55,366,0.71
27,55,368,0.71
27,55,370,0.71
27,55,372,0.71
27,55,374,0.71
27,55,376,0.71
27,56,276,0.71
27,56,278,0.71
27,56,280,0.71
27,56,282,0.71
27,56,284,0.71
27,56,286,0.71
27,56,288,0.71
27,56,290,0.71
27,56,292,0.71
27,56,294,0.71
27,56,296,0.71
27,56,298,0.71
27,56,300,0.71
27,56,302,0.71
27,56,304,0.71
27,56,306,0.71
27,56,308,0.71
27,56,310,0.71
27,56,312,0.71
27,56,314,0.71
27,56,316,0.71
27,56,318,0.71
27,56,320,0.71
27,56,322,0.71
27,56,324,0.71
27,56,326,0.71
27,56,328,0.71
27,56,330,0.71
27,56,332,0.71
27,56,334,0.71
27,56,336,0.71
27,56,338,0.71
27,56,340,0.71
27,56,342,0.71
27,56,344,0.71
27,56,346,0.71
27,56,348,0.71
27,56,350,0.71
27,56,352,0.71
27,56,354,0.71
27,56,356,0.71
27,56,358,0.71
27,56,360,0.71
27,56,362,0.71
27,56,364,0.71
27,56,366,0.71
27,56,368,0.71
27,56,370,0.71
27,56,372,0.71
27,56,374,0.71
27,56,376,0.71
27,57,276,0.71
27,57,278,0.71
27,57,280,0.71
27,57,282,0.71
27,57,284,0.71
27,57,286,0.71
27,57,288,0.71
27,57,290,0.71
27,57,292,0.71
27,57,294,0.71
27,57,296,0.71
27,57,298,0.71
27,57,300,0.71
27,57,302,0.71
27,57,304,0.71
27,57,306,0.71
27,57,308,0.71
27,57,310,0.71
27,57,312,0.71
27,57,314,0.71
27,57,316,0.71
27,57,318,0.71
27,57,320,0.71
27,57,322,0.71
27,57,324,0.71
27,57,326,0.71
27,57,328,0.71
27,57,330,0.71
27,57,332,0.71
27,57,334,0.71
27,57,336,0.71
27,57,338,0.71
27,57,340,0.71
27,57,342,0.71
27,57,344,0.71
27,57,346,0.71
27,57,348,0.71
27,57,350,0.71
27,57,352,0.71
27,57,354,0.71
27,57,356,0.71
27,57,358,0.71
27,57,360,0.71
27,57,362,0.71
27,57,364,0.71
27,57,366,0.71
27,57,368,0.71
27,57,370,0.71
27,57,372,0.71
27,57,374,0.71
27,57,376,0.71
27,58,276,0.71
27,58,278,0.71
27,58,280,0.71
27,58,282,0.71
27,58,284,0.71
27,58,286,0.71
27,58,288,0.71
27,58,290,0.71
27,58,292,0.71
27,58,294,0.71
27,58,296,0.71
27,58,298,0.71
27,58,300,0.71
27,58,302,0.71
27,58,304,0.71
27,58,306,0.71
27,58,308,0.71
27,58,310,0.71
27,58,312,0.71
27,58,314,0.71
27,58,316,0.71
27,58,318,0.71
27,58,320,0.71
27,58,322,0.71
27,58,324,0.71
27,58,326,0.71
27,58,328,0.71
27,58,330,0.71
27,58,332,0.71
27,58,334,0.71
27,58,336,0.71
27,58,338,0.71
27,58,340,0.71
27,58,342,0.71
27,58,344,0.71
27,58,346,0.71
27,58,348,0.71
27,58,350,0.71
27,58,352,0.71
27,58,354,0.71
27,58,356,0.71
27,58,358,0.71
27,58,360,0.71
27,58,362,0.71
27,58,364,0.71
27,58,366,0.71
27,58,368,0.71
27,58,370,0.71
27,58,372,0.71
27,58,374,0.71
27,58,376,0.71
27,59,276,0.71
27,59,278,0.71
27,59,280,0.71
27,59,282,0.71
27,59,284,0.71
27,59,286,0.71
27,59,288,0.71
27,59,290,0.71
27,59,292,0.71
27,59,294,0.71
27,59,296,0.71
27,59,298,0.71
27,59,300,0.71
27,59,302,0.71
27,59,304,0.71
27,59,306,0.71
27,59,308,0.71
27,59,310,0.71
27,59,312,0.71
27,59,314,0.71
27,59,316,0.71
27,59,318,0.71
27,59,320,0.71
27,59,322,0.71
27,59,324,0.71
27,59,326,0.71
27,59,328,0.71
27,59,330,0.71
27,59,332,0.71
27,59,334,0.71
27,59,336,0.71
27,59,338,0.71
27,59,340,0.71
27,59,342,0.71
27,59,344,0.71
27,59,346,0.71
27,59,348,0.71
27,59,350,0.71
27,59,352,0.71
27,59,354,0.71
27,59,356,0.71
27,59,358,0.71
27,59,360,0.71
27,59,362,0.71
27,59,364,0.71
27,59,366,0.71
27,59,368,0.71
27,59,370,0.71
27,59,372,0.71
27,59,374,0.71
27,59,376,0.71
27,60,256,0.71
27,60,258,0.71
27,60,260,0.71
27,60,262,0.71
27,60,264,0.71
27,60,266,0.71
27,60,268,0.71
27,60,270,0.71
27,60,272,0.71
27,60,274,0.71
27,60,276,0.71
27,60,278,0.71
27,60,280,0.71
27,60,282,0.71
27,60,284,0.71
27,60,286,0.71
27,60,288,0.71
27,60,290,0.71
27,60,292,0.71
27,60,294,0.71
27,60,296,0.71
27,60,298,0.71
27,60,300,0.71
27,60,302,0.71
27,60,304,0.71
27,60,306,0.71
27,60,308,0.71
27,60,310,0.71
27,60,312,0.71
27,60,314,0.71
27,60,316,0.71
27,60,318,0.71
27,60,320,0.71
27,60,322,0.71
27,60,324,0.71
27,60,326,0.71
27,60,328,0.71
27,60,330,0.71
27,60,332,0.71
27,60,334,0.71
27,60,336,0.71
27,60,338,0.71
27,60,340,0.71
27,60,342,0.71
27,60,344,0.71
27,60,346,0.71
27,60,348,0.71
27,60,350,0.71
27,60,352,0.71
27,60,354,0.71
27,60,356,0.71
27,61,256,0.71
27,61,258,0.71
27,61,260,0.71
27,61,262,0.71
27,61,264,0.71
27,61,266,0.71
27,61,268,0.71
27,61,270,0.71
27,61,272,0.71
27,61,274,0.71
27,61,276,0.71
27,61,278,0.71
27,61,280,0.71
27,61,282,0.71
27,61,284,0.71
27,61,286,0.71
27,61,288,0.71
27,61,290,0.71
27,61,292,0.71
27,61,294,0.71
27,61,296,0.71
27,61,298,0.71
27,61,300,0.71
27,61,302,0.71
27,61,304,0.71
27,61,306,0.71
27,61,308,0.71
27,61,310,0.71
27,61,312,0.71
27,61,314,0.71
27,61,316,0.71
27,61,318,0.71
27,61,320,0.71
27,61,322,0.71
27,61,324,0.71
27,61,326,0.71
27,61,328,0.71
27,61,330,0.71
27,61,332,0.71
27,61,334,0.71
27,61,336,0.71
27,61,338,0.71
27,61,340,0.71
27,61,342,0.71
27,61,344,0.71
27,61,346,0.71
27,61,348,0.71
27,61,350,0.71
27,61,352,0.71
27,61,354,0.71
27,61,356,0.71
27,62,256,0.71
27,62,258,0.71
27,62,260,0.71
27,62,262,0.71
27,62,264,0.71
27,62,266,0.71
27,62,268,0.71
27,62,270,0.71
27,62,272,0.71
27,62,274,0.71
27,62,276,0.71
27,62,278,0.71
27,62,280,0.71
27,62,282,0.71
27,62,284,0.71
27,62,286,0.71
27,62,288,0.71
27,62,290,0.71
27,62,292,0.71
27,62,294,0.71
27,62,296,0.71
27,62,298,0.71
27,62,300,0.71
27,62,302,0.71
27,62,304,0.71
27,62,306,0.71
27,62,308,0.71
27,62,310,0.71
27,62,312,0.71
27,62,314,0.71
27,62,316,0.71
27,62,318,0.71
27,62,320,0.71
27,62,322,0.71
27,62,324,0.71
27,62,326,0.71
27,62,328,0.71
27,62,330,0.71
27,62,332,0.71
27,62,334,0.71
27,62,336,0.71
27,62,338,0.71
27,62,340,0.71
27,62,342,0.71
27,62,344,0.71
27,62,346,0.71
27,62,348,0.71
27,62,350,0.71
27,62,352,0.71
27,62,354,0.71
27,62,356,0.71
27,63,256,0.71
27,63,258,0.71
27,63,260,0.71
27,63,262,0.71
27,63,264,0.71
27,63,266,0.71
27,63,268,0.71
27,63,270,0.71
27,63,272,0.71
27,63,274,0.71
27,63,276,0.71
27,63,278,0.71
27,63,280,0.71
27,63,282,0.71
27,63,284,0.71
27,63,286,0.71
27,63,288,0.71
27,63,290,0.71
27,63,292,0.71
27,63,294,0.71
27,63,296,0.71
27,63,298,0.71
27,63,300,0.71
27,63,302,0.71
27,63,304,0.71
27,63,306,0.71
27,63,308,0.71
27,63,310,0.71
27,63,312,0.71
27,63,314,0.71
27,63,316,0.71
27,63,318,0.71
27,63,320,0.71
27,63,322,0.71
27,63,324,0.71
27,63,326,0.71
27,63,328,0.71
27,63,330,0.71
27,63,332,0.71
27,63,334,0.71
27,63,336,0.71
27,63,338,0.71
27,63,340,0.71
27,63,342,0.71
27,63,344,0.71
27,63,346,0.71
27,63,348,0.71
27,63,350,0.71
27,63,352,0.71
27,63,354,0.71
27,63,356,0.71
27,64,256,0.71
27,64,258,0.71
27,64,260,0.71
27,64,262,0.71
27,64,264,0.71
27,64,266,0.71
27,64,268,0.71
27,64,270,0.71
27,64,272,0.71
27,64,274,0.71
27,64,276,0.71
27,64,278,0.71
27,64,280,0.71
27,64,282,0.71
27,64,284,0.71
27,64,286,0.71
27,64,288,0.71
27,64,290,0.71
27,64,292,0.71
27,64,294,0.71
27,64,296,0.71
27,64,298,0.71
27,64,300,0.71
27,64,302,0.71
27,64,304,0.71
27,64,306,0.71
27,64,308,0.71
27,64,310,0.71
27,64,312,0.71
27,64,314,0.71
27,64,316,0.71
27,64,318,0.71
27,64,320,0.71
27,64,322,0.71
27,64,324,0.71
27,64,326,0.71
27,64,328,0.71
27,64,330,0.71
27,64,332,0.71
27,64,334,0.71
27,64,336,0.71
27,64,338,0.71
27,64,340,0.71
27,64,342,0.71
27,64,344,0.71
27,64,346,0.71
27,64,348,0.71
27,64,350,0.71
27,64,352,0.71
27,64,354,0.71
27,64,356,0.71
27,65,234,0.71
27,65,236,0.71
27,65,238,0.71
27,65,240,0.71
27,65,242,0.71
27,65,244,0.71
27,65,246,0.71
27,65,248,0.71
27,65,250,0.71
27,65,252,0.71
27,65,254,0.71
27,65,256,0.71
27,65,258,0.71
27,65,260,0.71
27,65,262,0.71
27,65,264,0.71
27,65,266,0.71
27,65,268,0.71
27,65,270,0.71
27,65,272,0.71
27,65,274,0.71
27,65,276,0.71
27,65,278,0.71
27,65,280,0.71
27,65,282,0.71
27,65,284,0.71
27,65,286,0.71
27,65,288,0.71
27,65,290,0.71
27,65,292,0.71
27,65,294,0.71
27,65,296,0.71
27,65,298,0.71
27,65,300,0.71
27,65,302,0.71
27,65,304,0.71
27,65,306,0.71
27,65,308,0.71
27,65,310,0.71
27,65,312,0.71
27,65,314,0.71
27,65,316,0.71
27,65,318,0.71
27,65,320,0.71
27,65,322,0.71
27,65,324,0.71
27,65,326,0.71
27,65,328,0.71
27,65,330,0.71
27,65,332,0.71
27,65,334,0.71
27,66,234,0.71
27,66,236,0.71
27,66,238,0.71
27,66,240,0.71
27,66,242,0.71
27,66,244,0.71
27,66,246,0.71
27,66,248,0.71
27,66,250,0.71
27,66,252,0.71
27,66,254,0.71
27,66,256,0.71
27,66,258,0.71
27,66,260,0.71
27,66,262,0.71
27,66,264,0.71
27,66,266,0.71
27,66,268,0.71
27,66,270,0.71
27,66,272,0.71
27,66,274,0.71
27,66,276,0.71
27,66,278,0.71
27,66,280,0.71
27,66,282,0.71
27,66,284,0.71
27,66,286,0.71
27,66,288,0.71
27,66,290,0.71
27,66,292,0.71
27,66,294,0.71
27,66,296,0.71
27,66,298,0.71
27,66,300,0.71
27,66,302,0.71
27,66,304,0.71
27,66,306,0.71
27,66,308,0.71
27,66,310,0.71
27,66,312,0.71
27,66,314,0.71
27,66,316,0.71
27,66,318,0.71
27,66,320,0.71
27,66,322,0.71
27,66,324,0.71
27,66,326,0.71
27,66,328,0.71
27,66,330,0.71
27,66,332,0.71
27,66,334,0.71
27,67,234,0.71
27,67,236,0.71
27,67,238,0.71
27,67,240,0.71
27,67,242,0.71
27,67,244,0.71
27,67,246,0.71
27,67,248,0.71
27,67,250,0.71
27,67,252,0.71
27,67,254,0.71
27,67,256,0.71
27,67,258,0.71
27,67,260,0.71
27,67,262,0.71
27,67,264,0.71
27,67,266,0.71
27,67,268,0.71
27,67,270,0.71
27,67,272,0.71
27,67,274,0.71
27,67,276,0.71
27,67,278,0.71
27,67,280,0.71
27,67,282,0.71
27,67,284,0.71
27,67,286,0.71
27,67,288,0.71
27,67,290,0.71
27,67,292,0.71
27,67,294,0.71
27,67,296,0.71
27,67,298,0.71
27,67,300,0.71
27,67,302,0.71
27,67,304,0.71
27,67,306,0.71
27,67,308,0.71
27,67,310,0.71
27,67,312,0.71
27,67,314,0.71
27,67,316,0.71
27,67,318,0.71
27,67,320,0.71
27,67,322,0.71
27,67,324,0.71
27,67,326,0.71
27,67,328,0.71
27,67,330,0.71
27,67,332,0.71
27,67,334,0.71
27,68,234,0.71
27,68,236,0.71
27,68,238,0.71
27,68,240,0.71
27,68,242,0.71
27,68,244,0.71
27,68,246,0.71
27,68,248,0.71
27,68,250,0.71
27,68,252,0.71
27,68,254,0.71
27,68,256,0.71
27,68,258,0.71
27,68,260,0.71
27,68,262,0.71
27,68,264,0.71
27,68,266,0.71
27,68,268,0.71
27,68,270,0.71
27,68,272,0.71
27,68,274,0.71
27,68,276,0.71
27,68,278,0.71
27,68,280,0.71
27,68,282,0.71
27,68,284,0.71
27,68,286,0.71
27,68,288,0.71
27,68,290,0.71
27,68,292,0.71
27,68,294,0.71
27,68,296,0.71
27,68,298,0.71
27,68,300,0.71
27,68,302,0.71
27,68,304,0.71
27,68,306,0.71
27,68,308,0.71
27,68,310,0.71
27,68,312,0.71
27,68,314,0.71
27,68,316,0.71
27,68,318,0.71
27,68,320,0.71
27,68,322,0.71
27,68,324,0.71
27,68,326,0.71
27,68,328,0.71
27,68,330,0.71
27,68,332,0.71
27,68,334,0.71
27,69,234,0.71
27,69,236,0.71
27,69,238,0.71
27,69,240,0.71
27,69,242,0.71
27,69,244,0.71
27,69,246,0.71
27,69,248,0.71
27,69,250,0.71
27,69,252,0.71
27,69,254,0.71
27,69,256,0.71
27,69,258,0.71
27,69,260,0.71
27,69,262,0.71
27,69,264,0.71
27,69,266,0.71
27,69,268,0.71
27,69,270,0.71
27,69,272,0.71
27,69,274,0.71
27,69,276,0.71
27,69,278,0.71
27,69,280,0.71
27,69,282,0.71
27,69,284,0.71
27,69,286,0.71
27,69,288,0.71
27,69,290,0.71
27,69,292,0.71
27,69,294,0.71
27,69,296,0.71
27,69,298,0.71
27,69,300,0.71
27,69,302,0.71
27,69,304,0.71
27,69,306,0.71
27,69,308,0.71
27,69,310,0.71
27,69,312,0.71
27,69,314,0.71
27,69,316,0.71
27,69,318,0.71
27,69,320,0.71
27,69,322,0.71
27,69,324,0.71
27,69,326,0.71
27,69,328,0.71
27,69,330,0.71
27,69,332,0.71
27,69,334,0.71
27,70,230,0.71
27,70,232,0.71
27,70,234,0.71
27,70,236,0.71
27,70,238,0.71
27,70,240,0.71
27,70,242,0.71
27,70,244,0.71
27,70,246,0.71
27,70,248,0.71
27,70,250,0.71
27,70,252,0.71
27,70,254,0.71
27,70,256,0.71
27,70,258,0.71
27,70,260,0.71
27,70,262,0.71
27,70,264,0.71
27,70,266,0.71
27,70,268,0.71
27,70,270,0.71
27,70,272,0.71
27,70,274,0.71
27,70,276,0.71
27,70,278,0.71
27,70,280,0.71
27,70,282,0.71
27,70,284,0.71
27,70,286,0.71
27,70,288,0.71
27,70,290,0.71
27,70,292,0.71
27,70,294,0.71
27,70,296,0.71
27,70,298,0.71
27,70,300,0.71
27,70,302,0.71
27,70,304,0.71
27,70,306,0.71
27,70,308,0.71
27,70,310,0.71
27,70,312,0.71
27,70,314,0.71
27,70,316,0.71
27,70,318,0.71
27,70,320,0.71
27,70,322,0.71
27,70,324,0.71
27,70,326,0.71
27,70,328,0.71
27,70,330,0.71
27,71,230,0.71
27,71,232,0.71
27,71,234,0.71
27,71,236,0.71
27,71,238,0.71
27,71,240,0.71
27,71,242,0.71
27,71,244,0.71
27,71,246,0.71
27,71,248,0.71
27,71,250,0.71
27,71,252,0.71
27,71,254,0.71
27,71,256,0.71
27,71,258,0.71
27,71,260,0.71
27,71,262,0.71
27,71,264,0.71
27,71,266,0.71
27,71,268,0.71
27,71,270,0.71
27,71,272,0.71
27,71,274,0.71
27,71,276,0.71
27,71,278,0.71
27,71,280,0.71
27,71,282,0.71
27,71,284,0.71
27,71,286,0.71
27,71,288,0.71
27,71,290,0.71
27,71,292,0.71
27,71,294,0.71
27,71,296,0.71
27,71,298,0.71
27,71,300,0.71
27,71,302,0.71
27,71,304,0.71
27,71,306,0.71
27,71,308,0.71
27,71,310,0.71
27,71,312,0.71
27,71,314,0.71
27,71,316,0.71
27,71,318,0.71
27,71,320,0.71
27,71,322,0.71
27,71,324,0.71
27,71,326,0.71
27,71,328,0.71
27,71,330,0.71
27,72,230,0.71
27,72,232,0.71
27,72,234,0.71
27,72,236,0.71
27,72,238,0.71
27,72,240,0.71
27,72,242,0.71
27,72,244,0.71
27,72,246,0.71
27,72,248,0.71
27,72,250,0.71
27,72,252,0.71
27,72,254,0.71
27,72,256,0.71
27,72,258,0.71
27,72,260,0.71
27,72,262,0.71
27,72,264,0.71
27,72,266,0.71
27,72,268,0.71
27,72,270,0.71
27,72,272,0.71
27,72,274,0.71
27,72,276,0.71
27,72,278,0.71
27,72,280,0.71
27,72,282,0.71
27,72,284,0.71
27,72,286,0.71
27,72,288,0.71
27,72,290,0.71
27,72,292,0.71
27,72,294,0.71
27,72,296,0.71
27,72,298,0.71
27,72,300,0.71
27,72,302,0.71
27,72,304,0.71
27,72,306,0.71
27,72,308,0.71
27,72,310,0.71
27,72,312,0.71
27,72,314,0.71
27,72,316,0.71
27,72,318,0.71
27,72,320,0.71
27,72,322,0.71
27,72,324,0.71
27,72,326,0.71
27,72,328,0.71
27,72,330,0.71
27,73,230,0.71
27,73,232,0.71
27,73,234,0.71
27,73,236,0.71
27,73,238,0.71
27,73,240,0.71
27,73,242,0.71
27,73,244,0.71
27,73,246,0.71
27,73,248,0.71
27,73,250,0.71
27,73,252,0.71
27,73,254,0.71
27,73,256,0.71
27,73,258,0.71
27,73,260,0.71
27,73,262,0.71
27,73,264,0.71
27,73,266,0.71
27,73,268,0.71
27,73,270,0.71
27,73,272,0.71
27,73,274,0.71
27,73,276,0.71
27,73,278,0.71
27,73,280,0.71
27,73,282,0.71
27,73,284,0.71
27,73,286,0.71
27,73,288,0.71
27,73,290,0.71
27,73,292,0.71
27,73,294,0.71
27,73,296,0.71
27,73,298,0.71
27,73,300,0.71
27,73,302,0.71
27,73,304,0.71
27,73,306,0.71
27,73,308,0.71
27,73,310,0.71
27,73,312,0.71
27,73,314,0.71
27,73,316,0.71
27,73,318,0.71
27,73,320,0.71
27,73,322,0.71
27,73,324,0.71
27,73,326,0.71
27,73,328,0.71
27,73,330,0.71
27,74,230,0.71
27,74,232,0.71
27,74,234,0.71
27,74,236,0.71
27,74,238,0.71
27,74,240,0.71
27,74,242,0.71
27,74,244,0.71
27,74,246,0.71
27,74,248,0.71
27,74,250,0.71
27,74,252,0.71
27,74,254,0.71
27,74,256,0.71
27,74,258,0.71
27,74,260,0.71
27,74,262,0.71
27,74,264,0.71
27,74,266,0.71
27,74,268,0.71
27,74,270,0.71
27,74,272,0.71
27,74,274,0.71
27,74,276,0.71
27,74,278,0.71
27,74,280,0.71
27,74,282,0.71
27,74,284,0.71
27,74,286,0.71
27,74,288,0.71
27,74,290,0.71
27,74,292,0.71
27,74,294,0.71
27,74,296,0.71
27,74,298,0.71
27,74,300,0.71
27,74,302,0.71
27,74,304,0.71
27,74,306,0.71
27,74,308,0.71
27,74,310,0.71
27,74,312,0.71
27,74,314,0.71
27,74,316,0.71
27,74,318,0.71
27,74,320,0.71
27,74,322,0.71
27,74,324,0.71
27,74,326,0.71
27,74,328,0.71
27,74,330,0.71
27,75,204,0.71
27,75,206,0.71
27,75,208,0.71
27,75,210,0.71
27,75,212,0.71
27,75,214,0.71
27,75,216,0.71
27,75,218,0.71
27,75,220,0.71
27,75,222,0.71
27,75,224,0.71
27,75,226,0.71
27,75,228,0.71
27,75,230,0.71
27,75,232,0.71
27,75,234,0.71
27,75,236,0.71
27,75,238,0.71
27,75,240,0.71
27,75,242,0.71
27,75,244,0.71
27,75,246,0.71
27,75,248,0.71
27,75,250,0.71
27,75,252,0.71
27,75,254,0.71
27,75,256,0.71
27,75,258,0.71
27,75,260,0.71
27,75,262,0.71
27,75,264,0.71
27,75,266,0.71
27,75,268,0.71
27,75,270,0.71
27,75,272,0.71
27,75,274,0.71
27,75,276,0.71
27,75,278,0.71
27,75,280,0.71
27,75,282,0.71
27,75,284,0.71
27,75,286,0.71
27,75,288,0.71
27,75,290,0.71
27,75,292,0.71
27,75,294,0.71
27,75,296,0.71
27,75,298,0.71
27,75,300,0.71
27,75,302,0.71
27,75,304,0.71
27,76,204,0.71
27,76,206,0.71
27,76,208,0.71
27,76,210,0.71
27,76,212,0.71
27,76,214,0.71
27,76,216,0.71
27,76,218,0.71
27,76,220,0.71
27,76,222,0.71
27,76,224,0.71
27,76,226,0.71
27,76,228,0.71
27,76,230,0.71
27,76,232,0.71
27,76,234,0.71
27,76,236,0.71
27,76,238,0.71
27,76,240,0.71
27,76,242,0.71
27,76,244,0.71
27,76,246,0.71
27,76,248,0.71
27,76,250,0.71
27,76,252,0.71
27,76,254,0.71
27,76,256,0.71
27,76,258,0.71
27,76,260,0.71
27,76,262,0.71
27,76,264,0.71
27,76,266,0.71
27,76,268,0.71
27,76,270,0.71
27,76,272,0.71
27,76,274,0.71
27,76,276,0.71
27,76,278,0.71
27,76,280,0.71
27,76,282,0.71
27,76,284,0.71
27,76,286,0.71
27,76,288,0.71
27,76,290,0.71
27,76,292,0.71
27,76,294,0.71
27,76,296,0.71
27,76,298,0.71
27,76,300,0.71
27,76,302,0.71
27,76,304,0.71
27,77,204,0.71
27,77,206,0.71
27,77,208,0.71
27,77,210,0.71
27,77,212,0.71
27,77,214,0.71
27,77,216,0.71
27,77,218,0.71
27,77,220,0.71
27,77,222,0.71
27,77,224,0.71
27,77,226,0.71
27,77,228,0.71
27,77,230,0.71
27,77,232,0.71
27,77,234,0.71
27,77,236,0.71
27,77,238,0.71
27,77,240,0.71
27,77,242,0.71
27,77,244,0.71
27,77,246,0.71
27,77,248,0.71
27,77,250,0.71
27,77,252,0.71
27,77,254,0.71
27,77,256,0.71
27,77,258,0.71
27,77,260,0.71
27,77,262,0.71
27,77,264,0.71
27,77,266,0.71
27,77,268,0.71
27,77,270,0.71
27,77,272,0.71
27,77,274,0.71
27,77,276,0.71
27,77,278,0.71
27,77,280,0.71
27,77,282,0.71
27,77,284,0.71
27,77,286,0.71
27,77,288,0.71
27,77,290,0.71
27,77,292,0.71
27,77,294,0.71
27,77,296,0.71
27,77,298,0.71
27,77,300,0.71
27,77,302,0.71
27,77,304,0.71
27,78,204,0.71
27,78,206,0.71
27,78,208,0.71
27,78,210,0.71
27,78,212,0.71
27,78,214,0.71
27,78,216,0.71
27,78,218,0.71
27,78,220,0.71
27,78,222,0.71
27,78,224,0.71
27,78,226,0.71
27,78,228,0.71
27,78,230,0.71
27,78,232,0.71
27,78,234,0.71
27,78,236,0.71
27,78,238,0.71
27,78,240,0.71
27,78,242,0.71
27,78,244,0.71
27,78,246,0.71
27,78,248,0.71
27,78,250,0.71
27,78,252,0.71
27,78,254,0.71
27,78,256,0.71
27,78,258,0.71
27,78,260,0.71
27,78,262,0.71
27,78,264,0.71
27,78,266,0.71
27,78,268,0.71
27,78,270,0.71
27,78,272,0.71
27,78,274,0.71
27,78,276,0.71
27,78,278,0.71
27,78,280,0.71
27,78,282,0.71
27,78,284,0.71
27,78,286,0.71
27,78,288,0.71
27,78,290,0.71
27,78,292,0.71
27,78,294,0.71
27,78,296,0.71
27,78,298,0.71
27,78,300,0.71
27,78,302,0.71
27,78,304,0.71
27,79,204,0.71
27,79,206,0.71
27,79,208,0.71
27,79,210,0.71
27,79,212,0.71
27,79,214,0.71
27,79,216,0.71
27,79,218,0.71
27,79,220,0.71
27,79,222,0.71
27,79,224,0.71
27,79,226,0.71
27,79,228,0.71
27,79,230,0.71
27,79,232,0.71
27,79,234,0.71
27,79,236,0.71
27,79,238,0.71
27,79,240,0.71
27,79,242,0.71
27,79,244,0.71
27,79,246,0.71
27,79,248,0.71
27,79,250,0.71
27,79,252,0.71
27,79,254,0.71
27,79,256,0.71
27,79,258,0.71
27,79,260,0.71
27,79,262,0.71
27,79,264,0.71
27,79,266,0.71
27,79,268,0.71
27,79,270,0.71
27,79,272,0.71
27,79,274,0.71
27,79,276,0.71
27,79,278,0.71
27,79,280,0.71
27,79,282,0.71
27,79,284,0.71
27,79,286,0.71
27,79,288,0.71
27,79,290,0.71
27,79,292,0.71
27,79,294,0.71
27,79,296,0.71
27,79,298,0.71
27,79,300,0.71
27,79,302,0.71
27,79,304,0.71
27,80,244,0.71
27,80,246,0.71
27,80,248,0.71
27,80,250,0.71
27,80,252,0.71
27,80,254,0.71
27,80,256,0.71
27,80,258,0.71
27,80,260,0.71
27,80,262,0.71
27,80,264,0.71
27,80,266,0.71
27,80,268,0.71
27,80,270,0.71
27,80,272,0.71
27,80,274,0.71
27,80,276,0.71
27,80,278,0.71
27,80,280,0.71
27,80,282,0.71
27,80,284,0.71
27,80,286,0.71
27,80,288,0.71
27,80,290,0.71
27,80,292,0.71
27,80,294,0.71
27,80,296,0.71
27,80,298,0.71
27,80,300,0.71
27,80,302,0.71
27,80,304,0.71
27,80,306,0.71
27,80,308,0.71
27,80,310,0.71
27,80,312,0.71
27,80,314,0.71
27,80,316,0.71
27,80,318,0.71
27,80,320,0.71
27,80,322,0.71
27,80,324,0.71
27,80,326,0.71
27,80,328,0.71
27,80,330,0.71
27,80,332,0.71
27,80,334,0.71
27,80,336,0.71
27,80,338,0.71
27,80,340,0.71
27,80,342,0.71
27,80,344,0.71
27,81,244,0.71
27,81,246,0.71
27,81,248,0.71
27,81,250,0.71
27,81,252,0.71
27,81,254,0.71
27,81,256,0.71
27,81,258,0.71
27,81,260,0.71
27,81,262,0.71
27,81,264,0.71
27,81,266,0.71
27,81,268,0.71
27,81,270,0.71
27,81,272,0.71
27,81,274,0.71
27,81,276,0.71
27,81,278,0.71
27,81,280,0.71
27,81,282,0.71
27,81,284,0.71
27,81,286,0.71
27,81,288,0.71
27,81,290,0.71
27,81,292,0.71
27,81,294,0.71
27,81,296,0.71
27,81,298,0.71
27,81,300,0.71
27,81,302,0.71
27,81,304,0.71
27,81,306,0.71
27,81,308,0.71
27,81,310,0.71
27,81,312,0.71
27,81,314,0.71
27,81,316,0.71
27,81,318,0.71
27,81,320,0.71
27,81,322,0.71
27,81,324,0.71
27,81,326,0.71
27,81,328,0.71
27,81,330,0.71
27,81,332,0.71
27,81,334,0.71
27,81,336,0.71
27,81,338,0.71
27,81,340,0.71
27,81,342,0.71
27,81,344,0.71
27,82,244,0.71
27,82,246,0.71
27,82,248,0.71
27,82,250,0.71
27,82,252,0.71
27,82,254,0.71
27,82,256,0.71
27,82,258,0.71
27,82,260,0.71
27,82,262,0.71
27,82,264,0.71
27,82,266,0.71
27,82,268,0.71
27,82,270,0.71
27,82,272,0.71
27,82,274,0.71
27,82,276,0.71
27,82,278,0.71
27,82,280,0.71
27,82,282,0.71
27,82,284,0.71
27,82,286,0.71
27,82,288,0.71
27,82,290,0.71
27,82,292,0.71
27,82,294,0.71
27,82,296,0.71
27,82,298,0.71
27,82,300,0.71
27,82,302,0.71
27,82,304,0.71
27,82,306,0.71
27,82,308,0.71
27,82,310,0.71
27,82,312,0.71
27,82,314,0.71
27,82,316,0.71
27,82,318,0.71
27,82,320,0.71
27,82,322,0.71
27,82,324,0.71
27,82,326,0.71
27,82,328,0.71
27,82,330,0.71
27,82,332,0.71
27,82,334,0.71
27,82,336,0.71
27,82,338,0.71
27,82,340,0.71
27,82,342,0.71
27,82,344,0.71
27,83,244,0.71
27,83,246,0.71
27,83,248,0.71
27,83,250,0.71
27,83,252,0.71
27,83,254,0.71
27,83,256,0.71
27,83,258,0.71
27,83,260,0.71
27,83,262,0.71
27,83,264,0.71
27,83,266,0.71
27,83,268,0.71
27,83,270,0.71
27,83,272,0.71
27,83,274,0.71
27,83,276,0.71
27,83,278,0.71
27,83,280,0.71
27,83,282,0.71
27,83,284,0.71
27,83,286,0.71
27,83,288,0.71
27,83,290,0.71
27,83,292,0.71
27,83,294,0.71
27,83,296,0.71
27,83,298,0.71
27,83,300,0.71
27,83,302,0.71
27,83,304,0.71
27,83,306,0.71
27,83,308,0.71
27,83,310,0.71
27,83,312,0.71
27,83,314,0.71
27,83,316,0.71
27,83,318,0.71
27,83,320,0.71
27,83,322,0.71
27,83,324,0.71
27,83,326,0.71
27,83,328,0.71
27,83,330,0.71
27,83,332,0.71
27,83,334,0.71
27,83,336,0.71
27,83,338,0.71
27,83,340,0.71
27,83,342,0.71
27,83,344,0.71
27,84,244,0.71
27,84,246,0.71
27,84,248,0.71
27,84,250,0.71
27,84,252,0.71
27,84,254,0.71
27,84,256,0.71
27,84,258,0.71
27,84,260,0.71
27,84,262,0.71
27,84,264,0.71
27,84,266,0.71
27,84,268,0.71
27,84,270,0.71
27,84,272,0.71
27,84,274,0.71
27,84,276,0.71
27,84,278,0.71
27,84,280,0.71
27,84,282,0.71
27,84,284,0.71
27,84,286,0.71
27,84,288,0.71
27,84,290,0.71
27,84,292,0.71
27,84,294,0.71
27,84,296,0.71
27,84,298,0.71
27,84,300,0.71
27,84,302,0.71
27,84,304,0.71
27,84,306,0.71
27,84,308,0.71
27,84,310,0.71
27,84,312,0.71
27,84,314,0.71
27,84,316,0.71
27,84,318,0.71
27,84,320,0.71
27,84,322,0.71
27,84,324,0.71
27,84,326,0.71
27,84,328,0.71
27,84,330,0.71
27,84,332,0.71
27,84,334,0.71
27,84,336,0.71
27,84,338,0.71
27,84,340,0.71
27,84,342,0.71
27,84,344,0.71
27,85,222,0.71
27,85,224,0.71
27,85,226,0.71
27,85,228,0.71
27,85,230,0.71
27,85,232,0.71
27,85,234,0.71
27,85,236,0.71
27,85,238,0.71
27,85,240,0.71
27,85,242,0.71
27,85,244,0.71
27,85,246,0.71
27,85,248,0.71
27,85,250,0.71
27,85,252,0.71
27,85,254,0.71
27,85,256,0.71
27,85,258,0.71
27,85,260,0.71
27,85,262,0.71
27,85,264,0.71
27,85,266,0.71
27,85,268,0.71
27,85,270,0.71
27,85,272,0.71
27,85,274,0.71
27,85,276,0.71
27,85,278,0.71
27,85,280,0.71
27,85,282,0.71
27,85,284,0.71
27,85,286,0.71
27,85,288,0.71
27,85,290,0.71
27,85,292,0.71
27,85,294,0.71
27,85,296,0.71
27,85,298,0.71
27,85,300,0.71
27,85,302,0.71
27,85,304,0.71
27,85,306,0.71
27,85,308,0.71
27,85,310,0.71
27,85,312,0.71
27,85,314,0.71
27,85,316,0.71
27,85,318,0.71
27,85,320,0.71
27,85,322,0.71
27,86,222,0.71
27,86,224,0.71
27,86,226,0.71
27,86,228,0.71
27,86,230,0.71
27,86,232,0.71
27,86,234,0.71
27,86,236,0.71
27,86,238,0.71
27,86,240,0.71
27,86,242,0.71
27,86,244,0.71
27,86,246,0.71
27,86,248,0.71
27,86,250,0.71
27,86,252,0.71
27,86,254,0.71
27,86,256,0.71
27,86,258,0.71
27,86,260,0.71
27,86,262,0.71
27,86,264,0.71
27,86,266,0.71
27,86,268,0.71
27,86,270,0.71
27,86,272,0.71
27,86,274,0.71
27,86,276,0.71
27,86,278,0.71
27,86,280,0.71
27,86,282,0.71
27,86,284,0.71
27,86,286,0.71
27,86,288,0.71
27,86,290,0.71
27,86,292,0.71
27,86,294,0.71
27,86,296,0.71
27,86,298,0.71
27,86,300,0.71
27,86,302,0.71
27,86,304,0.71
27,86,306,0.71
27,86,308,0.71
27,86,310,0.71
27,86,312,0.71
27,86,314,0.71
27,86,316,0.71
27,86,318,0.71
27,86,320,0.71
27,86,322,0.71
27,87,222,0.71
27,87,224,0.71
27,87,226,0.71
27,87,228,0.71
27,87,230,0.71
27,87,232,0.71
27,87,234,0.71
27,87,236,0.71
27,87,238,0.71
27,87,240,0.71
27,87,242,0.71
27,87,244,0.71
27,87,246,0.71
27,87,248,0.71
27,87,250,0.71
27,87,252,0.71
27,87,254,0.71
27,87,256,0.71
27,87,258,0.71
27,87,260,0.71
27,87,262,0.71
27,87,264,0.71
27,87,266,0.71
27,87,268,0.71
27,87,270,0.71
27,87,272,0.71
27,87,274,0.71
27,87,276,0.71
27,87,278,0.71
27,87,280,0.71
27,87,282,0.71
27,87,284,0.71
27,87,286,0.71
27,87,288,0.71
27,87,290,0.71
27,87,292,0.71
27,87,294,0.71
27,87,296,0.71
27,87,298,0.71
27,87,300,0.71
27,87,302,0.71
27,87,304,0.71
27,87,306,0.71
27,87,308,0.71
27,87,310,0.71
27,87,312,0.71
27,87,314,0.71
27,87,316,0.71
27,87,318,0.71
27,87,320,0.71
27,87,322,0.71
27,88,222,0.71
27,88,224,0.71
27,88,226,0.71
27,88,228,0.71
27,88,230,0.71
27,88,232,0.71
27,88,234,0.71
27,88,236,0.71
27,88,238,0.71
27,88,240,0.71
27,88,242,0.71
27,88,244,0.71
27,88,246,0.71
27,88,248,0.71
27,88,250,0.71
27,88,252,0.71
27,88,254,0.71
27,88,256,0.71
27,88,258,0.71
27,88,260,0.71
27,88,262,0.71
27,88,264,0.71
27,88,266,0.71
27,88,268,0.71
27,88,270,0.71
27,88,272,0.71
27,88,274,0.71
