27,88,276,0.71
27,88,278,0.71
27,88,280,0.71
27,88,282,0.71
27,88,284,0.71
27,88,286,0.71
27,88,288,0.71
27,88,290,0.71
27,88,292,0.71
27,88,294,0.71
27,88,296,0.71
27,88,298,0.71
27,88,300,0.71
27,88,302,0.71
27,88,304,0.71
27,88,306,0.71
27,88,308,0.71
27,88,310,0.71
27,88,312,0.71
27,88,314,0.71
27,88,316,0.71
27,88,318,0.71
27,88,320,0.71
27,88,322,0.71
27,89,222,0.71
27,89,224,0.71
27,89,226,0.71
27,89,228,0.71
27,89,230,0.71
27,89,232,0.71
27,89,234,0.71
27,89,236,0.71
27,89,238,0.71
27,89,240,0.71
27,89,242,0.71
27,89,244,0.71
27,89,246,0.71
27,89,248,0.71
27,89,250,0.71
27,89,252,0.71
27,89,254,0.71
27,89,256,0.71
27,89,258,0.71
27,89,260,0.71
27,89,262,0.71
27,89,264,0.71
27,89,266,0.71
27,89,268,0.71
27,89,270,0.71
27,89,272,0.71
27,89,274,0.71
27,89,276,0.71
27,89,278,0.71
27,89,280,0.71
27,89,282,0.71
27,89,284,0.71
27,89,286,0.71
27,89,288,0.71
27,89,290,0.71
27,89,292,0.71
27,89,294,0.71
27,89,296,0.71
27,89,298,0.71
27,89,300,0.71
27,89,302,0.71
27,89,304,0.71
27,89,306,0.71
27,89,308,0.71
27,89,310,0.71
27,89,312,0.71
27,89,314,0.71
27,89,316,0.71
27,89,318,0.71
27,89,320,0.71
27,89,322,0.71
27,35,230,0.72
27,35,232,0.72
27,35,234,0.72
27,35,236,0.72
27,35,238,0.72
27,35,240,0.72
27,35,242,0.72
27,35,244,0.72
27,35,246,0.72
27,35,248,0.72
27,35,250,0.72
27,35,252,0.72
27,35,254,0.72
27,35,256,0.72
27,35,258,0.72
27,35,260,0.72
27,35,262,0.72
27,35,264,0.72
27,35,266,0.72
27,35,268,0.72
27,35,270,0.72
27,35,272,0.72
27,35,274,0.72
27,35,276,0.72
27,35,278,0.72
27,35,280,0.72
27,35,282,0.72
27,35,284,0.72
27,35,286,0.72
27,35,288,0.72
27,35,290,0.72
27,35,292,0.72
27,35,294,0.72
27,35,296,0.72
27,35,298,0.72
27,35,300,0.72
27,35,302,0.72
27,35,304,0.72
27,35,306,0.72
27,35,308,0.72
27,35,310,0.72
27,35,312,0.72
27,35,314,0.72
27,35,316,0.72
27,35,318,0.72
27,35,320,0.72
27,35,322,0.72
27,35,324,0.72
27,35,326,0.72
27,35,328,0.72
27,35,330,0.72
27,36,230,0.72
27,36,232,0.72
27,36,234,0.72
27,36,236,0.72
27,36,238,0.72
27,36,240,0.72
27,36,242,0.72
27,36,244,0.72
27,36,246,0.72
27,36,248,0.72
27,36,250,0.72
27,36,252,0.72
27,36,254,0.72
27,36,256,0.72
27,36,258,0.72
27,36,260,0.72
27,36,262,0.72
27,36,264,0.72
27,36,266,0.72
27,36,268,0.72
27,36,270,0.72
27,36,272,0.72
27,36,274,0.72
27,36,276,0.72
27,36,278,0.72
27,36,280,0.72
27,36,282,0.72
27,36,284,0.72
27,36,286,0.72
27,36,288,0.72
27,36,290,0.72
27,36,292,0.72
27,36,294,0.72
27,36,296,0.72
27,36,298,0.72
27,36,300,0.72
27,36,302,0.72
27,36,304,0.72
27,36,306,0.72
27,36,308,0.72
27,36,310,0.72
27,36,312,0.72
27,36,314,0.72
27,36,316,0.72
27,36,318,0.72
27,36,320,0.72
27,36,322,0.72
27,36,324,0.72
27,36,326,0.72
27,36,328,0.72
27,36,330,0.72
27,37,230,0.72
27,37,232,0.72
27,37,234,0.72
27,37,236,0.72
27,37,238,0.72
27,37,240,0.72
27,37,242,0.72
27,37,244,0.72
27,37,246,0.72
27,37,248,0.72
27,37,250,0.72
27,37,252,0.72
27,37,254,0.72
27,37,256,0.72
27,37,258,0.72
27,37,260,0.72
27,37,262,0.72
27,37,264,0.72
27,37,266,0.72
27,37,268,0.72
27,37,270,0.72
27,37,272,0.72
27,37,274,0.72
27,37,276,0.72
27,37,278,0.72
27,37,280,0.72
27,37,282,0.72
27,37,284,0.72
27,37,286,0.72
27,37,288,0.72
27,37,290,0.72
27,37,292,0.72
27,37,294,0.72
27,37,296,0.72
27,37,298,0.72
27,37,300,0.72
27,37,302,0.72
27,37,304,0.72
27,37,306,0.72
27,37,308,0.72
27,37,310,0.72
27,37,312,0.72
27,37,314,0.72
27,37,316,0.72
27,37,318,0.72
27,37,320,0.72
27,37,322,0.72
27,37,324,0.72
27,37,326,0.72
27,37,328,0.72
27,37,330,0.72
27,38,230,0.72
27,38,232,0.72
27,38,234,0.72
27,38,236,0.72
27,38,238,0.72
27,38,240,0.72
27,38,242,0.72
27,38,244,0.72
27,38,246,0.72
27,38,248,0.72
27,38,250,0.72
27,38,252,0.72
27,38,254,0.72
27,38,256,0.72
27,38,258,0.72
27,38,260,0.72
27,38,262,0.72
27,38,264,0.72
27,38,266,0.72
27,38,268,0.72
27,38,270,0.72
27,38,272,0.72
27,38,274,0.72
27,38,276,0.72
27,38,278,0.72
27,38,280,0.72
27,38,282,0.72
27,38,284,0.72
27,38,286,0.72
27,38,288,0.72
27,38,290,0.72
27,38,292,0.72
27,38,294,0.72
27,38,296,0.72
27,38,298,0.72
27,38,300,0.72
27,38,302,0.72
27,38,304,0.72
27,38,306,0.72
27,38,308,0.72
27,38,310,0.72
27,38,312,0.72
27,38,314,0.72
27,38,316,0.72
27,38,318,0.72
27,38,320,0.72
27,38,322,0.72
27,38,324,0.72
27,38,326,0.72
27,38,328,0.72
27,38,330,0.72
27,39,230,0.72
27,39,232,0.72
27,39,234,0.72
27,39,236,0.72
27,39,238,0.72
27,39,240,0.72
27,39,242,0.72
27,39,244,0.72
27,39,246,0.72
27,39,248,0.72
27,39,250,0.72
27,39,252,0.72
27,39,254,0.72
27,39,256,0.72
27,39,258,0.72
27,39,260,0.72
27,39,262,0.72
27,39,264,0.72
27,39,266,0.72
27,39,268,0.72
27,39,270,0.72
27,39,272,0.72
27,39,274,0.72
27,39,276,0.72
27,39,278,0.72
27,39,280,0.72
27,39,282,0.72
27,39,284,0.72
27,39,286,0.72
27,39,288,0.72
27,39,290,0.72
27,39,292,0.72
27,39,294,0.72
27,39,296,0.72
27,39,298,0.72
27,39,300,0.72
27,39,302,0.72
27,39,304,0.72
27,39,306,0.72
27,39,308,0.72
27,39,310,0.72
27,39,312,0.72
27,39,314,0.72
27,39,316,0.72
27,39,318,0.72
27,39,320,0.72
27,39,322,0.72
27,39,324,0.72
27,39,326,0.72
27,39,328,0.72
27,39,330,0.72
27,40,272,0.72
27,40,274,0.72
27,40,276,0.72
27,40,278,0.72
27,40,280,0.72
27,40,282,0.72
27,40,284,0.72
27,40,286,0.72
27,40,288,0.72
27,40,290,0.72
27,40,292,0.72
27,40,294,0.72
27,40,296,0.72
27,40,298,0.72
27,40,300,0.72
27,40,302,0.72
27,40,304,0.72
27,40,306,0.72
27,40,308,0.72
27,40,310,0.72
27,40,312,0.72
27,40,314,0.72
27,40,316,0.72
27,40,318,0.72
27,40,320,0.72
27,40,322,0.72
27,40,324,0.72
27,40,326,0.72
27,40,328,0.72
27,40,330,0.72
27,40,332,0.72
27,40,334,0.72
27,40,336,0.72
27,40,338,0.72
27,40,340,0.72
27,40,342,0.72
27,40,344,0.72
27,40,346,0.72
27,40,348,0.72
27,40,350,0.72
27,40,352,0.72
27,40,354,0.72
27,40,356,0.72
27,40,358,0.72
27,40,360,0.72
27,40,362,0.72
27,40,364,0.72
27,40,366,0.72
27,40,368,0.72
27,40,370,0.72
27,40,372,0.72
27,41,272,0.72
27,41,274,0.72
27,41,276,0.72
27,41,278,0.72
27,41,280,0.72
27,41,282,0.72
27,41,284,0.72
27,41,286,0.72
27,41,288,0.72
27,41,290,0.72
27,41,292,0.72
27,41,294,0.72
27,41,296,0.72
27,41,298,0.72
27,41,300,0.72
27,41,302,0.72
27,41,304,0.72
27,41,306,0.72
27,41,308,0.72
27,41,310,0.72
27,41,312,0.72
27,41,314,0.72
27,41,316,0.72
27,41,318,0.72
27,41,320,0.72
27,41,322,0.72
27,41,324,0.72
27,41,326,0.72
27,41,328,0.72
27,41,330,0.72
27,41,332,0.72
27,41,334,0.72
27,41,336,0.72
27,41,338,0.72
27,41,340,0.72
27,41,342,0.72
27,41,344,0.72
27,41,346,0.72
27,41,348,0.72
27,41,350,0.72
27,41,352,0.72
27,41,354,0.72
27,41,356,0.72
27,41,358,0.72
27,41,360,0.72
27,41,362,0.72
27,41,364,0.72
27,41,366,0.72
27,41,368,0.72
27,41,370,0.72
27,41,372,0.72
27,42,272,0.72
27,42,274,0.72
27,42,276,0.72
27,42,278,0.72
27,42,280,0.72
27,42,282,0.72
27,42,284,0.72
27,42,286,0.72
27,42,288,0.72
27,42,290,0.72
27,42,292,0.72
27,42,294,0.72
27,42,296,0.72
27,42,298,0.72
27,42,300,0.72
27,42,302,0.72
27,42,304,0.72
27,42,306,0.72
27,42,308,0.72
27,42,310,0.72
27,42,312,0.72
27,42,314,0.72
27,42,316,0.72
27,42,318,0.72
27,42,320,0.72
27,42,322,0.72
27,42,324,0.72
27,42,326,0.72
27,42,328,0.72
27,42,330,0.72
27,42,332,0.72
27,42,334,0.72
27,42,336,0.72
27,42,338,0.72
27,42,340,0.72
27,42,342,0.72
27,42,344,0.72
27,42,346,0.72
27,42,348,0.72
27,42,350,0.72
27,42,352,0.72
27,42,354,0.72
27,42,356,0.72
27,42,358,0.72
27,42,360,0.72
27,42,362,0.72
27,42,364,0.72
27,42,366,0.72
27,42,368,0.72
27,42,370,0.72
27,42,372,0.72
27,43,272,0.72
27,43,274,0.72
27,43,276,0.72
27,43,278,0.72
27,43,280,0.72
27,43,282,0.72
27,43,284,0.72
27,43,286,0.72
27,43,288,0.72
27,43,290,0.72
27,43,292,0.72
27,43,294,0.72
27,43,296,0.72
27,43,298,0.72
27,43,300,0.72
27,43,302,0.72
27,43,304,0.72
27,43,306,0.72
27,43,308,0.72
27,43,310,0.72
27,43,312,0.72
27,43,314,0.72
27,43,316,0.72
27,43,318,0.72
27,43,320,0.72
27,43,322,0.72
27,43,324,0.72
27,43,326,0.72
27,43,328,0.72
27,43,330,0.72
27,43,332,0.72
27,43,334,0.72
27,43,336,0.72
27,43,338,0.72
27,43,340,0.72
27,43,342,0.72
27,43,344,0.72
27,43,346,0.72
27,43,348,0.72
27,43,350,0.72
27,43,352,0.72
27,43,354,0.72
27,43,356,0.72
27,43,358,0.72
27,43,360,0.72
27,43,362,0.72
27,43,364,0.72
27,43,366,0.72
27,43,368,0.72
27,43,370,0.72
27,43,372,0.72
27,44,272,0.72
27,44,274,0.72
27,44,276,0.72
27,44,278,0.72
27,44,280,0.72
27,44,282,0.72
27,44,284,0.72
27,44,286,0.72
27,44,288,0.72
27,44,290,0.72
27,44,292,0.72
27,44,294,0.72
27,44,296,0.72
27,44,298,0.72
27,44,300,0.72
27,44,302,0.72
27,44,304,0.72
27,44,306,0.72
27,44,308,0.72
27,44,310,0.72
27,44,312,0.72
27,44,314,0.72
27,44,316,0.72
27,44,318,0.72
27,44,320,0.72
27,44,322,0.72
27,44,324,0.72
27,44,326,0.72
27,44,328,0.72
27,44,330,0.72
27,44,332,0.72
27,44,334,0.72
27,44,336,0.72
27,44,338,0.72
27,44,340,0.72
27,44,342,0.72
27,44,344,0.72
27,44,346,0.72
27,44,348,0.72
27,44,350,0.72
27,44,352,0.72
27,44,354,0.72
27,44,356,0.72
27,44,358,0.72
27,44,360,0.72
27,44,362,0.72
27,44,364,0.72
27,44,366,0.72
27,44,368,0.72
27,44,370,0.72
27,44,372,0.72
27,45,258,0.72
27,45,260,0.72
27,45,262,0.72
27,45,264,0.72
27,45,266,0.72
27,45,268,0.72
27,45,270,0.72
27,45,272,0.72
27,45,274,0.72
27,45,276,0.72
27,45,278,0.72
27,45,280,0.72
27,45,282,0.72
27,45,284,0.72
27,45,286,0.72
27,45,288,0.72
27,45,290,0.72
27,45,292,0.72
27,45,294,0.72
27,45,296,0.72
27,45,298,0.72
27,45,300,0.72
27,45,302,0.72
27,45,304,0.72
27,45,306,0.72
27,45,308,0.72
27,45,310,0.72
27,45,312,0.72
27,45,314,0.72
27,45,316,0.72
27,45,318,0.72
27,45,320,0.72
27,45,322,0.72
27,45,324,0.72
27,45,326,0.72
27,45,328,0.72
27,45,330,0.72
27,45,332,0.72
27,45,334,0.72
27,45,336,0.72
27,45,338,0.72
27,45,340,0.72
27,45,342,0.72
27,45,344,0.72
27,45,346,0.72
27,45,348,0.72
27,45,350,0.72
27,45,352,0.72
27,45,354,0.72
27,45,356,0.72
27,45,358,0.72
27,46,258,0.72
27,46,260,0.72
27,46,262,0.72
27,46,264,0.72
27,46,266,0.72
27,46,268,0.72
27,46,270,0.72
27,46,272,0.72
27,46,274,0.72
27,46,276,0.72
27,46,278,0.72
27,46,280,0.72
27,46,282,0.72
27,46,284,0.72
27,46,286,0.72
27,46,288,0.72
27,46,290,0.72
27,46,292,0.72
27,46,294,0.72
27,46,296,0.72
27,46,298,0.72
27,46,300,0.72
27,46,302,0.72
27,46,304,0.72
27,46,306,0.72
27,46,308,0.72
27,46,310,0.72
27,46,312,0.72
27,46,314,0.72
27,46,316,0.72
27,46,318,0.72
27,46,320,0.72
27,46,322,0.72
27,46,324,0.72
27,46,326,0.72
27,46,328,0.72
27,46,330,0.72
27,46,332,0.72
27,46,334,0.72
27,46,336,0.72
27,46,338,0.72
27,46,340,0.72
27,46,342,0.72
27,46,344,0.72
27,46,346,0.72
27,46,348,0.72
27,46,350,0.72
27,46,352,0.72
27,46,354,0.72
27,46,356,0.72
27,46,358,0.72
27,47,258,0.72
27,47,260,0.72
27,47,262,0.72
27,47,264,0.72
27,47,266,0.72
27,47,268,0.72
27,47,270,0.72
27,47,272,0.72
27,47,274,0.72
27,47,276,0.72
27,47,278,0.72
27,47,280,0.72
27,47,282,0.72
27,47,284,0.72
27,47,286,0.72
27,47,288,0.72
27,47,290,0.72
27,47,292,0.72
27,47,294,0.72
27,47,296,0.72
27,47,298,0.72
27,47,300,0.72
27,47,302,0.72
27,47,304,0.72
27,47,306,0.72
27,47,308,0.72
27,47,310,0.72
27,47,312,0.72
27,47,314,0.72
27,47,316,0.72
27,47,318,0.72
27,47,320,0.72
27,47,322,0.72
27,47,324,0.72
27,47,326,0.72
27,47,328,0.72
27,47,330,0.72
27,47,332,0.72
27,47,334,0.72
27,47,336,0.72
27,47,338,0.72
27,47,340,0.72
27,47,342,0.72
27,47,344,0.72
27,47,346,0.72
27,47,348,0.72
27,47,350,0.72
27,47,352,0.72
27,47,354,0.72
27,47,356,0.72
27,47,358,0.72
27,48,258,0.72
27,48,260,0.72
27,48,262,0.72
27,48,264,0.72
27,48,266,0.72
27,48,268,0.72
27,48,270,0.72
27,48,272,0.72
27,48,274,0.72
27,48,276,0.72
27,48,278,0.72
27,48,280,0.72
27,48,282,0.72
27,48,284,0.72
27,48,286,0.72
27,48,288,0.72
27,48,290,0.72
27,48,292,0.72
27,48,294,0.72
27,48,296,0.72
27,48,298,0.72
27,48,300,0.72
27,48,302,0.72
27,48,304,0.72
27,48,306,0.72
27,48,308,0.72
27,48,310,0.72
27,48,312,0.72
27,48,314,0.72
27,48,316,0.72
27,48,318,0.72
27,48,320,0.72
27,48,322,0.72
27,48,324,0.72
27,48,326,0.72
27,48,328,0.72
27,48,330,0.72
27,48,332,0.72
27,48,334,0.72
27,48,336,0.72
27,48,338,0.72
27,48,340,0.72
27,48,342,0.72
27,48,344,0.72
27,48,346,0.72
27,48,348,0.72
27,48,350,0.72
27,48,352,0.72
27,48,354,0.72
27,48,356,0.72
27,48,358,0.72
27,49,258,0.72
27,49,260,0.72
27,49,262,0.72
27,49,264,0.72
27,49,266,0.72
27,49,268,0.72
27,49,270,0.72
27,49,272,0.72
27,49,274,0.72
27,49,276,0.72
27,49,278,0.72
27,49,280,0.72
27,49,282,0.72
27,49,284,0.72
27,49,286,0.72
27,49,288,0.72
27,49,290,0.72
27,49,292,0.72
27,49,294,0.72
27,49,296,0.72
27,49,298,0.72
27,49,300,0.72
27,49,302,0.72
27,49,304,0.72
27,49,306,0.72
27,49,308,0.72
27,49,310,0.72
27,49,312,0.72
27,49,314,0.72
27,49,316,0.72
27,49,318,0.72
27,49,320,0.72
27,49,322,0.72
27,49,324,0.72
27,49,326,0.72
27,49,328,0.72
27,49,330,0.72
27,49,332,0.72
27,49,334,0.72
27,49,336,0.72
27,49,338,0.72
27,49,340,0.72
27,49,342,0.72
27,49,344,0.72
27,49,346,0.72
27,49,348,0.72
27,49,350,0.72
27,49,352,0.72
27,49,354,0.72
27,49,356,0.72
27,49,358,0.72
27,50,268,0.72
27,50,270,0.72
27,50,272,0.72
27,50,274,0.72
27,50,276,0.72
27,50,278,0.72
27,50,280,0.72
27,50,282,0.72
27,50,284,0.72
27,50,286,0.72
27,50,288,0.72
27,50,290,0.72
27,50,292,0.72
27,50,294,0.72
27,50,296,0.72
27,50,298,0.72
27,50,300,0.72
27,50,302,0.72
27,50,304,0.72
27,50,306,0.72
27,50,308,0.72
27,50,310,0.72
27,50,312,0.72
27,50,314,0.72
27,50,316,0.72
27,50,318,0.72
27,50,320,0.72
27,50,322,0.72
27,50,324,0.72
27,50,326,0.72
27,50,328,0.72
27,50,330,0.72
27,50,332,0.72
27,50,334,0.72
27,50,336,0.72
27,50,338,0.72
27,50,340,0.72
27,50,342,0.72
27,50,344,0.72
27,50,346,0.72
27,50,348,0.72
27,50,350,0.72
27,50,352,0.72
27,50,354,0.72
27,50,356,0.72
27,50,358,0.72
27,50,360,0.72
27,50,362,0.72
27,50,364,0.72
27,50,366,0.72
27,50,368,0.72
27,51,268,0.72
27,51,270,0.72
27,51,272,0.72
27,51,274,0.72
27,51,276,0.72
27,51,278,0.72
27,51,280,0.72
27,51,282,0.72
27,51,284,0.72
27,51,286,0.72
27,51,288,0.72
27,51,290,0.72
27,51,292,0.72
27,51,294,0.72
27,51,296,0.72
27,51,298,0.72
27,51,300,0.72
27,51,302,0.72
27,51,304,0.72
27,51,306,0.72
27,51,308,0.72
27,51,310,0.72
27,51,312,0.72
27,51,314,0.72
27,51,316,0.72
27,51,318,0.72
27,51,320,0.72
27,51,322,0.72
27,51,324,0.72
27,51,326,0.72
27,51,328,0.72
27,51,330,0.72
27,51,332,0.72
27,51,334,0.72
27,51,336,0.72
27,51,338,0.72
27,51,340,0.72
27,51,342,0.72
27,51,344,0.72
27,51,346,0.72
27,51,348,0.72
27,51,350,0.72
27,51,352,0.72
27,51,354,0.72
27,51,356,0.72
27,51,358,0.72
27,51,360,0.72
27,51,362,0.72
27,51,364,0.72
27,51,366,0.72
27,51,368,0.72
27,52,268,0.72
27,52,270,0.72
27,52,272,0.72
27,52,274,0.72
27,52,276,0.72
27,52,278,0.72
27,52,280,0.72
27,52,282,0.72
27,52,284,0.72
27,52,286,0.72
27,52,288,0.72
27,52,290,0.72
27,52,292,0.72
27,52,294,0.72
27,52,296,0.72
27,52,298,0.72
27,52,300,0.72
27,52,302,0.72
27,52,304,0.72
27,52,306,0.72
27,52,308,0.72
27,52,310,0.72
27,52,312,0.72
27,52,314,0.72
27,52,316,0.72
27,52,318,0.72
27,52,320,0.72
27,52,322,0.72
27,52,324,0.72
27,52,326,0.72
27,52,328,0.72
27,52,330,0.72
27,52,332,0.72
27,52,334,0.72
27,52,336,0.72
27,52,338,0.72
27,52,340,0.72
27,52,342,0.72
27,52,344,0.72
27,52,346,0.72
27,52,348,0.72
27,52,350,0.72
27,52,352,0.72
27,52,354,0.72
27,52,356,0.72
27,52,358,0.72
27,52,360,0.72
27,52,362,0.72
27,52,364,0.72
27,52,366,0.72
27,52,368,0.72
27,53,268,0.72
27,53,270,0.72
27,53,272,0.72
27,53,274,0.72
27,53,276,0.72
27,53,278,0.72
27,53,280,0.72
27,53,282,0.72
27,53,284,0.72
27,53,286,0.72
27,53,288,0.72
27,53,290,0.72
27,53,292,0.72
27,53,294,0.72
27,53,296,0.72
27,53,298,0.72
27,53,300,0.72
27,53,302,0.72
27,53,304,0.72
27,53,306,0.72
27,53,308,0.72
27,53,310,0.72
27,53,312,0.72
27,53,314,0.72
27,53,316,0.72
27,53,318,0.72
27,53,320,0.72
27,53,322,0.72
27,53,324,0.72
27,53,326,0.72
27,53,328,0.72
27,53,330,0.72
27,53,332,0.72
27,53,334,0.72
27,53,336,0.72
27,53,338,0.72
27,53,340,0.72
27,53,342,0.72
27,53,344,0.72
27,53,346,0.72
27,53,348,0.72
27,53,350,0.72
27,53,352,0.72
27,53,354,0.72
27,53,356,0.72
27,53,358,0.72
27,53,360,0.72
27,53,362,0.72
27,53,364,0.72
27,53,366,0.72
27,53,368,0.72
27,54,268,0.72
27,54,270,0.72
27,54,272,0.72
27,54,274,0.72
27,54,276,0.72
27,54,278,0.72
27,54,280,0.72
27,54,282,0.72
27,54,284,0.72
27,54,286,0.72
27,54,288,0.72
27,54,290,0.72
27,54,292,0.72
27,54,294,0.72
27,54,296,0.72
27,54,298,0.72
27,54,300,0.72
27,54,302,0.72
27,54,304,0.72
27,54,306,0.72
27,54,308,0.72
27,54,310,0.72
27,54,312,0.72
27,54,314,0.72
27,54,316,0.72
27,54,318,0.72
27,54,320,0.72
27,54,322,0.72
27,54,324,0.72
27,54,326,0.72
27,54,328,0.72
27,54,330,0.72
27,54,332,0.72
27,54,334,0.72
27,54,336,0.72
27,54,338,0.72
27,54,340,0.72
27,54,342,0.72
27,54,344,0.72
27,54,346,0.72
27,54,348,0.72
27,54,350,0.72
27,54,352,0.72
27,54,354,0.72
27,54,356,0.72
27,54,358,0.72
27,54,360,0.72
27,54,362,0.72
27,54,364,0.72
27,54,366,0.72
27,54,368,0.72
27,55,292,0.72
27,55,294,0.72
27,55,296,0.72
27,55,298,0.72
27,55,300,0.72
27,55,302,0.72
27,55,304,0.72
27,55,306,0.72
27,55,308,0.72
27,55,310,0.72
27,55,312,0.72
27,55,314,0.72
27,55,316,0.72
27,55,318,0.72
27,55,320,0.72
27,55,322,0.72
27,55,324,0.72
27,55,326,0.72
27,55,328,0.72
27,55,330,0.72
27,55,332,0.72
27,55,334,0.72
27,55,336,0.72
27,55,338,0.72
27,55,340,0.72
27,55,342,0.72
27,55,344,0.72
27,55,346,0.72
27,55,348,0.72
27,55,350,0.72
27,55,352,0.72
27,55,354,0.72
27,55,356,0.72
27,55,358,0.72
27,55,360,0.72
27,55,362,0.72
27,55,364,0.72
27,55,366,0.72
27,55,368,0.72
27,55,370,0.72
27,55,372,0.72
27,55,374,0.72
27,55,376,0.72
27,55,378,0.72
27,55,380,0.72
27,55,382,0.72
27,55,384,0.72
27,55,386,0.72
27,55,388,0.72
27,55,390,0.72
27,55,392,0.72
27,56,292,0.72
27,56,294,0.72
27,56,296,0.72
27,56,298,0.72
27,56,300,0.72
27,56,302,0.72
27,56,304,0.72
27,56,306,0.72
27,56,308,0.72
27,56,310,0.72
27,56,312,0.72
27,56,314,0.72
27,56,316,0.72
27,56,318,0.72
27,56,320,0.72
27,56,322,0.72
27,56,324,0.72
27,56,326,0.72
27,56,328,0.72
27,56,330,0.72
27,56,332,0.72
27,56,334,0.72
27,56,336,0.72
27,56,338,0.72
27,56,340,0.72
27,56,342,0.72
27,56,344,0.72
27,56,346,0.72
27,56,348,0.72
27,56,350,0.72
27,56,352,0.72
27,56,354,0.72
27,56,356,0.72
27,56,358,0.72
27,56,360,0.72
27,56,362,0.72
27,56,364,0.72
27,56,366,0.72
27,56,368,0.72
27,56,370,0.72
27,56,372,0.72
27,56,374,0.72
27,56,376,0.72
27,56,378,0.72
27,56,380,0.72
27,56,382,0.72
27,56,384,0.72
27,56,386,0.72
27,56,388,0.72
27,56,390,0.72
27,56,392,0.72
27,57,292,0.72
27,57,294,0.72
27,57,296,0.72
27,57,298,0.72
27,57,300,0.72
27,57,302,0.72
27,57,304,0.72
27,57,306,0.72
27,57,308,0.72
27,57,310,0.72
27,57,312,0.72
27,57,314,0.72
27,57,316,0.72
27,57,318,0.72
27,57,320,0.72
27,57,322,0.72
27,57,324,0.72
27,57,326,0.72
27,57,328,0.72
27,57,330,0.72
27,57,332,0.72
27,57,334,0.72
27,57,336,0.72
27,57,338,0.72
27,57,340,0.72
27,57,342,0.72
27,57,344,0.72
27,57,346,0.72
27,57,348,0.72
27,57,350,0.72
27,57,352,0.72
27,57,354,0.72
27,57,356,0.72
27,57,358,0.72
27,57,360,0.72
27,57,362,0.72
27,57,364,0.72
27,57,366,0.72
27,57,368,0.72
27,57,370,0.72
27,57,372,0.72
27,57,374,0.72
27,57,376,0.72
27,57,378,0.72
27,57,380,0.72
27,57,382,0.72
27,57,384,0.72
27,57,386,0.72
27,57,388,0.72
27,57,390,0.72
27,57,392,0.72
27,58,292,0.72
27,58,294,0.72
27,58,296,0.72
27,58,298,0.72
27,58,300,0.72
27,58,302,0.72
27,58,304,0.72
27,58,306,0.72
27,58,308,0.72
27,58,310,0.72
27,58,312,0.72
27,58,314,0.72
27,58,316,0.72
27,58,318,0.72
27,58,320,0.72
27,58,322,0.72
27,58,324,0.72
27,58,326,0.72
27,58,328,0.72
27,58,330,0.72
27,58,332,0.72
27,58,334,0.72
27,58,336,0.72
27,58,338,0.72
27,58,340,0.72
27,58,342,0.72
27,58,344,0.72
27,58,346,0.72
27,58,348,0.72
27,58,350,0.72
27,58,352,0.72
27,58,354,0.72
27,58,356,0.72
27,58,358,0.72
27,58,360,0.72
27,58,362,0.72
27,58,364,0.72
27,58,366,0.72
27,58,368,0.72
27,58,370,0.72
27,58,372,0.72
27,58,374,0.72
27,58,376,0.72
27,58,378,0.72
27,58,380,0.72
27,58,382,0.72
27,58,384,0.72
27,58,386,0.72
27,58,388,0.72
27,58,390,0.72
27,58,392,0.72
27,59,292,0.72
27,59,294,0.72
27,59,296,0.72
27,59,298,0.72
27,59,300,0.72
27,59,302,0.72
27,59,304,0.72
27,59,306,0.72
27,59,308,0.72
27,59,310,0.72
27,59,312,0.72
27,59,314,0.72
27,59,316,0.72
27,59,318,0.72
27,59,320,0.72
27,59,322,0.72
27,59,324,0.72
27,59,326,0.72
27,59,328,0.72
27,59,330,0.72
27,59,332,0.72
27,59,334,0.72
27,59,336,0.72
27,59,338,0.72
27,59,340,0.72
27,59,342,0.72
27,59,344,0.72
27,59,346,0.72
27,59,348,0.72
27,59,350,0.72
27,59,352,0.72
27,59,354,0.72
27,59,356,0.72
27,59,358,0.72
27,59,360,0.72
27,59,362,0.72
27,59,364,0.72
27,59,366,0.72
27,59,368,0.72
27,59,370,0.72
27,59,372,0.72
27,59,374,0.72
27,59,376,0.72
27,59,378,0.72
27,59,380,0.72
27,59,382,0.72
27,59,384,0.72
27,59,386,0.72
27,59,388,0.72
27,59,390,0.72
27,59,392,0.72
27,60,272,0.72
27,60,274,0.72
27,60,276,0.72
27,60,278,0.72
27,60,280,0.72
27,60,282,0.72
27,60,284,0.72
27,60,286,0.72
27,60,288,0.72
27,60,290,0.72
27,60,292,0.72
27,60,294,0.72
27,60,296,0.72
27,60,298,0.72
27,60,300,0.72
27,60,302,0.72
27,60,304,0.72
27,60,306,0.72
27,60,308,0.72
27,60,310,0.72
27,60,312,0.72
27,60,314,0.72
27,60,316,0.72
27,60,318,0.72
27,60,320,0.72
27,60,322,0.72
27,60,324,0.72
27,60,326,0.72
27,60,328,0.72
27,60,330,0.72
27,60,332,0.72
27,60,334,0.72
27,60,336,0.72
27,60,338,0.72
27,60,340,0.72
27,60,342,0.72
27,60,344,0.72
27,60,346,0.72
27,60,348,0.72
27,60,350,0.72
27,60,352,0.72
27,60,354,0.72
27,60,356,0.72
27,60,358,0.72
27,60,360,0.72
27,60,362,0.72
27,60,364,0.72
27,60,366,0.72
27,60,368,0.72
27,60,370,0.72
27,60,372,0.72
27,61,272,0.72
27,61,274,0.72
27,61,276,0.72
27,61,278,0.72
27,61,280,0.72
27,61,282,0.72
27,61,284,0.72
27,61,286,0.72
27,61,288,0.72
27,61,290,0.72
27,61,292,0.72
27,61,294,0.72
27,61,296,0.72
27,61,298,0.72
27,61,300,0.72
27,61,302,0.72
27,61,304,0.72
27,61,306,0.72
27,61,308,0.72
27,61,310,0.72
27,61,312,0.72
27,61,314,0.72
27,61,316,0.72
27,61,318,0.72
27,61,320,0.72
27,61,322,0.72
27,61,324,0.72
27,61,326,0.72
27,61,328,0.72
27,61,330,0.72
27,61,332,0.72
27,61,334,0.72
27,61,336,0.72
27,61,338,0.72
27,61,340,0.72
27,61,342,0.72
27,61,344,0.72
27,61,346,0.72
27,61,348,0.72
27,61,350,0.72
27,61,352,0.72
27,61,354,0.72
27,61,356,0.72
27,61,358,0.72
27,61,360,0.72
27,61,362,0.72
27,61,364,0.72
27,61,366,0.72
27,61,368,0.72
27,61,370,0.72
27,61,372,0.72
27,62,272,0.72
27,62,274,0.72
27,62,276,0.72
27,62,278,0.72
27,62,280,0.72
27,62,282,0.72
27,62,284,0.72
27,62,286,0.72
27,62,288,0.72
27,62,290,0.72
27,62,292,0.72
27,62,294,0.72
27,62,296,0.72
27,62,298,0.72
27,62,300,0.72
27,62,302,0.72
27,62,304,0.72
27,62,306,0.72
27,62,308,0.72
27,62,310,0.72
27,62,312,0.72
27,62,314,0.72
27,62,316,0.72
27,62,318,0.72
27,62,320,0.72
27,62,322,0.72
27,62,324,0.72
27,62,326,0.72
27,62,328,0.72
27,62,330,0.72
27,62,332,0.72
27,62,334,0.72
27,62,336,0.72
27,62,338,0.72
27,62,340,0.72
27,62,342,0.72
27,62,344,0.72
27,62,346,0.72
27,62,348,0.72
27,62,350,0.72
27,62,352,0.72
27,62,354,0.72
27,62,356,0.72
27,62,358,0.72
27,62,360,0.72
27,62,362,0.72
27,62,364,0.72
27,62,366,0.72
27,62,368,0.72
27,62,370,0.72
27,62,372,0.72
27,63,272,0.72
27,63,274,0.72
27,63,276,0.72
27,63,278,0.72
27,63,280,0.72
27,63,282,0.72
27,63,284,0.72
27,63,286,0.72
27,63,288,0.72
27,63,290,0.72
27,63,292,0.72
27,63,294,0.72
27,63,296,0.72
27,63,298,0.72
27,63,300,0.72
27,63,302,0.72
27,63,304,0.72
27,63,306,0.72
27,63,308,0.72
27,63,310,0.72
27,63,312,0.72
27,63,314,0.72
27,63,316,0.72
27,63,318,0.72
27,63,320,0.72
27,63,322,0.72
27,63,324,0.72
27,63,326,0.72
27,63,328,0.72
27,63,330,0.72
27,63,332,0.72
27,63,334,0.72
27,63,336,0.72
27,63,338,0.72
27,63,340,0.72
27,63,342,0.72
27,63,344,0.72
27,63,346,0.72
27,63,348,0.72
27,63,350,0.72
27,63,352,0.72
27,63,354,0.72
27,63,356,0.72
27,63,358,0.72
27,63,360,0.72
27,63,362,0.72
27,63,364,0.72
27,63,366,0.72
27,63,368,0.72
27,63,370,0.72
27,63,372,0.72
27,64,272,0.72
27,64,274,0.72
27,64,276,0.72
27,64,278,0.72
27,64,280,0.72
27,64,282,0.72
27,64,284,0.72
27,64,286,0.72
27,64,288,0.72
27,64,290,0.72
27,64,292,0.72
27,64,294,0.72
27,64,296,0.72
27,64,298,0.72
27,64,300,0.72
27,64,302,0.72
27,64,304,0.72
27,64,306,0.72
27,64,308,0.72
27,64,310,0.72
27,64,312,0.72
27,64,314,0.72
27,64,316,0.72
27,64,318,0.72
27,64,320,0.72
27,64,322,0.72
27,64,324,0.72
27,64,326,0.72
27,64,328,0.72
27,64,330,0.72
27,64,332,0.72
27,64,334,0.72
27,64,336,0.72
27,64,338,0.72
27,64,340,0.72
27,64,342,0.72
27,64,344,0.72
27,64,346,0.72
27,64,348,0.72
27,64,350,0.72
27,64,352,0.72
27,64,354,0.72
27,64,356,0.72
27,64,358,0.72
27,64,360,0.72
27,64,362,0.72
27,64,364,0.72
27,64,366,0.72
27,64,368,0.72
27,64,370,0.72
27,64,372,0.72
27,65,256,0.72
27,65,258,0.72
27,65,260,0.72
27,65,262,0.72
27,65,264,0.72
27,65,266,0.72
27,65,268,0.72
27,65,270,0.72
27,65,272,0.72
27,65,274,0.72
27,65,276,0.72
27,65,278,0.72
27,65,280,0.72
27,65,282,0.72
27,65,284,0.72
27,65,286,0.72
27,65,288,0.72
27,65,290,0.72
27,65,292,0.72
27,65,294,0.72
27,65,296,0.72
27,65,298,0.72
27,65,300,0.72
27,65,302,0.72
27,65,304,0.72
27,65,306,0.72
27,65,308,0.72
27,65,310,0.72
27,65,312,0.72
27,65,314,0.72
27,65,316,0.72
27,65,318,0.72
27,65,320,0.72
27,65,322,0.72
27,65,324,0.72
27,65,326,0.72
27,65,328,0.72
27,65,330,0.72
27,65,332,0.72
27,65,334,0.72
27,65,336,0.72
27,65,338,0.72
27,65,340,0.72
27,65,342,0.72
27,65,344,0.72
27,65,346,0.72
27,65,348,0.72
27,65,350,0.72
27,65,352,0.72
27,65,354,0.72
27,65,356,0.72
27,66,256,0.72
27,66,258,0.72
27,66,260,0.72
27,66,262,0.72
27,66,264,0.72
27,66,266,0.72
27,66,268,0.72
27,66,270,0.72
27,66,272,0.72
27,66,274,0.72
27,66,276,0.72
27,66,278,0.72
27,66,280,0.72
27,66,282,0.72
27,66,284,0.72
27,66,286,0.72
27,66,288,0.72
27,66,290,0.72
27,66,292,0.72
27,66,294,0.72
27,66,296,0.72
27,66,298,0.72
27,66,300,0.72
27,66,302,0.72
27,66,304,0.72
27,66,306,0.72
27,66,308,0.72
27,66,310,0.72
27,66,312,0.72
27,66,314,0.72
27,66,316,0.72
27,66,318,0.72
27,66,320,0.72
27,66,322,0.72
27,66,324,0.72
27,66,326,0.72
27,66,328,0.72
27,66,330,0.72
27,66,332,0.72
27,66,334,0.72
27,66,336,0.72
27,66,338,0.72
27,66,340,0.72
27,66,342,0.72
27,66,344,0.72
27,66,346,0.72
27,66,348,0.72
27,66,350,0.72
27,66,352,0.72
27,66,354,0.72
27,66,356,0.72
27,67,256,0.72
27,67,258,0.72
27,67,260,0.72
27,67,262,0.72
27,67,264,0.72
27,67,266,0.72
27,67,268,0.72
27,67,270,0.72
27,67,272,0.72
27,67,274,0.72
27,67,276,0.72
27,67,278,0.72
27,67,280,0.72
27,67,282,0.72
27,67,284,0.72
27,67,286,0.72
27,67,288,0.72
27,67,290,0.72
27,67,292,0.72
27,67,294,0.72
27,67,296,0.72
27,67,298,0.72
27,67,300,0.72
27,67,302,0.72
27,67,304,0.72
27,67,306,0.72
27,67,308,0.72
27,67,310,0.72
27,67,312,0.72
27,67,314,0.72
27,67,316,0.72
27,67,318,0.72
27,67,320,0.72
27,67,322,0.72
27,67,324,0.72
27,67,326,0.72
27,67,328,0.72
27,67,330,0.72
27,67,332,0.72
27,67,334,0.72
27,67,336,0.72
27,67,338,0.72
27,67,340,0.72
27,67,342,0.72
27,67,344,0.72
27,67,346,0.72
27,67,348,0.72
27,67,350,0.72
27,67,352,0.72
27,67,354,0.72
27,67,356,0.72
27,68,256,0.72
27,68,258,0.72
27,68,260,0.72
27,68,262,0.72
27,68,264,0.72
27,68,266,0.72
27,68,268,0.72
27,68,270,0.72
27,68,272,0.72
27,68,274,0.72
27,68,276,0.72
27,68,278,0.72
27,68,280,0.72
27,68,282,0.72
27,68,284,0.72
27,68,286,0.72
27,68,288,0.72
27,68,290,0.72
27,68,292,0.72
27,68,294,0.72
27,68,296,0.72
27,68,298,0.72
27,68,300,0.72
27,68,302,0.72
27,68,304,0.72
27,68,306,0.72
27,68,308,0.72
27,68,310,0.72
27,68,312,0.72
27,68,314,0.72
27,68,316,0.72
27,68,318,0.72
27,68,320,0.72
27,68,322,0.72
27,68,324,0.72
27,68,326,0.72
27,68,328,0.72
27,68,330,0.72
27,68,332,0.72
27,68,334,0.72
27,68,336,0.72
27,68,338,0.72
27,68,340,0.72
27,68,342,0.72
27,68,344,0.72
27,68,346,0.72
27,68,348,0.72
27,68,350,0.72
27,68,352,0.72
27,68,354,0.72
27,68,356,0.72
27,69,256,0.72
27,69,258,0.72
27,69,260,0.72
27,69,262,0.72
27,69,264,0.72
27,69,266,0.72
27,69,268,0.72
27,69,270,0.72
27,69,272,0.72
27,69,274,0.72
27,69,276,0.72
27,69,278,0.72
27,69,280,0.72
27,69,282,0.72
27,69,284,0.72
27,69,286,0.72
27,69,288,0.72
27,69,290,0.72
27,69,292,0.72
27,69,294,0.72
27,69,296,0.72
27,69,298,0.72
27,69,300,0.72
27,69,302,0.72
27,69,304,0.72
27,69,306,0.72
27,69,308,0.72
27,69,310,0.72
27,69,312,0.72
27,69,314,0.72
27,69,316,0.72
27,69,318,0.72
27,69,320,0.72
27,69,322,0.72
27,69,324,0.72
27,69,326,0.72
27,69,328,0.72
27,69,330,0.72
27,69,332,0.72
27,69,334,0.72
27,69,336,0.72
27,69,338,0.72
27,69,340,0.72
27,69,342,0.72
27,69,344,0.72
27,69,346,0.72
27,69,348,0.72
27,69,350,0.72
27,69,352,0.72
27,69,354,0.72
27,69,356,0.72
27,70,246,0.72
27,70,248,0.72
27,70,250,0.72
27,70,252,0.72
27,70,254,0.72
27,70,256,0.72
27,70,258,0.72
27,70,260,0.72
27,70,262,0.72
27,70,264,0.72
27,70,266,0.72
27,70,268,0.72
27,70,270,0.72
27,70,272,0.72
27,70,274,0.72
27,70,276,0.72
27,70,278,0.72
27,70,280,0.72
27,70,282,0.72
27,70,284,0.72
27,70,286,0.72
27,70,288,0.72
27,70,290,0.72
27,70,292,0.72
27,70,294,0.72
27,70,296,0.72
27,70,298,0.72
27,70,300,0.72
27,70,302,0.72
27,70,304,0.72
27,70,306,0.72
27,70,308,0.72
27,70,310,0.72
27,70,312,0.72
27,70,314,0.72
27,70,316,0.72
27,70,318,0.72
27,70,320,0.72
27,70,322,0.72
27,70,324,0.72
27,70,326,0.72
27,70,328,0.72
27,70,330,0.72
27,70,332,0.72
27,70,334,0.72
27,70,336,0.72
27,70,338,0.72
27,70,340,0.72
27,70,342,0.72
27,70,344,0.72
27,70,346,0.72
27,71,246,0.72
27,71,248,0.72
27,71,250,0.72
27,71,252,0.72
27,71,254,0.72
27,71,256,0.72
27,71,258,0.72
27,71,260,0.72
27,71,262,0.72
27,71,264,0.72
27,71,266,0.72
27,71,268,0.72
27,71,270,0.72
27,71,272,0.72
27,71,274,0.72
27,71,276,0.72
27,71,278,0.72
27,71,280,0.72
27,71,282,0.72
27,71,284,0.72
27,71,286,0.72
27,71,288,0.72
27,71,290,0.72
27,71,292,0.72
27,71,294,0.72
27,71,296,0.72
27,71,298,0.72
27,71,300,0.72
27,71,302,0.72
27,71,304,0.72
27,71,306,0.72
27,71,308,0.72
27,71,310,0.72
27,71,312,0.72
27,71,314,0.72
27,71,316,0.72
27,71,318,0.72
27,71,320,0.72
27,71,322,0.72
27,71,324,0.72
27,71,326,0.72
27,71,328,0.72
27,71,330,0.72
27,71,332,0.72
27,71,334,0.72
27,71,336,0.72
27,71,338,0.72
27,71,340,0.72
27,71,342,0.72
27,71,344,0.72
27,71,346,0.72
27,72,246,0.72
27,72,248,0.72
27,72,250,0.72
27,72,252,0.72
27,72,254,0.72
27,72,256,0.72
27,72,258,0.72
27,72,260,0.72
27,72,262,0.72
27,72,264,0.72
27,72,266,0.72
27,72,268,0.72
27,72,270,0.72
27,72,272,0.72
27,72,274,0.72
27,72,276,0.72
27,72,278,0.72
27,72,280,0.72
27,72,282,0.72
27,72,284,0.72
27,72,286,0.72
27,72,288,0.72
27,72,290,0.72
27,72,292,0.72
27,72,294,0.72
27,72,296,0.72
27,72,298,0.72
27,72,300,0.72
27,72,302,0.72
27,72,304,0.72
27,72,306,0.72
27,72,308,0.72
27,72,310,0.72
27,72,312,0.72
27,72,314,0.72
27,72,316,0.72
27,72,318,0.72
27,72,320,0.72
27,72,322,0.72
27,72,324,0.72
27,72,326,0.72
27,72,328,0.72
27,72,330,0.72
27,72,332,0.72
27,72,334,0.72
27,72,336,0.72
27,72,338,0.72
27,72,340,0.72
27,72,342,0.72
27,72,344,0.72
27,72,346,0.72
27,73,246,0.72
27,73,248,0.72
27,73,250,0.72
27,73,252,0.72
27,73,254,0.72
27,73,256,0.72
27,73,258,0.72
27,73,260,0.72
27,73,262,0.72
27,73,264,0.72
27,73,266,0.72
27,73,268,0.72
27,73,270,0.72
27,73,272,0.72
27,73,274,0.72
27,73,276,0.72
27,73,278,0.72
27,73,280,0.72
27,73,282,0.72
27,73,284,0.72
27,73,286,0.72
27,73,288,0.72
27,73,290,0.72
27,73,292,0.72
27,73,294,0.72
27,73,296,0.72
27,73,298,0.72
27,73,300,0.72
27,73,302,0.72
27,73,304,0.72
27,73,306,0.72
27,73,308,0.72
27,73,310,0.72
27,73,312,0.72
27,73,314,0.72
27,73,316,0.72
27,73,318,0.72
27,73,320,0.72
27,73,322,0.72
27,73,324,0.72
27,73,326,0.72
27,73,328,0.72
27,73,330,0.72
27,73,332,0.72
27,73,334,0.72
27,73,336,0.72
27,73,338,0.72
27,73,340,0.72
27,73,342,0.72
27,73,344,0.72
27,73,346,0.72
27,74,246,0.72
27,74,248,0.72
27,74,250,0.72
27,74,252,0.72
27,74,254,0.72
27,74,256,0.72
27,74,258,0.72
27,74,260,0.72
27,74,262,0.72
27,74,264,0.72
27,74,266,0.72
27,74,268,0.72
27,74,270,0.72
27,74,272,0.72
27,74,274,0.72
27,74,276,0.72
27,74,278,0.72
27,74,280,0.72
27,74,282,0.72
27,74,284,0.72
27,74,286,0.72
27,74,288,0.72
27,74,290,0.72
27,74,292,0.72
27,74,294,0.72
27,74,296,0.72
27,74,298,0.72
27,74,300,0.72
27,74,302,0.72
27,74,304,0.72
27,74,306,0.72
27,74,308,0.72
27,74,310,0.72
27,74,312,0.72
27,74,314,0.72
27,74,316,0.72
27,74,318,0.72
27,74,320,0.72
27,74,322,0.72
27,74,324,0.72
27,74,326,0.72
27,74,328,0.72
27,74,330,0.72
27,74,332,0.72
27,74,334,0.72
27,74,336,0.72
27,74,338,0.72
27,74,340,0.72
27,74,342,0.72
27,74,344,0.72
27,74,346,0.72
27,75,220,0.72
27,75,222,0.72
27,75,224,0.72
27,75,226,0.72
27,75,228,0.72
27,75,230,0.72
27,75,232,0.72
27,75,234,0.72
27,75,236,0.72
27,75,238,0.72
27,75,240,0.72
27,75,242,0.72
27,75,244,0.72
27,75,246,0.72
27,75,248,0.72
27,75,250,0.72
27,75,252,0.72
27,75,254,0.72
27,75,256,0.72
27,75,258,0.72
27,75,260,0.72
27,75,262,0.72
27,75,264,0.72
27,75,266,0.72
27,75,268,0.72
27,75,270,0.72
27,75,272,0.72
27,75,274,0.72
27,75,276,0.72
27,75,278,0.72
27,75,280,0.72
27,75,282,0.72
27,75,284,0.72
27,75,286,0.72
27,75,288,0.72
27,75,290,0.72
27,75,292,0.72
27,75,294,0.72
27,75,296,0.72
27,75,298,0.72
27,75,300,0.72
27,75,302,0.72
27,75,304,0.72
27,75,306,0.72
27,75,308,0.72
27,75,310,0.72
27,75,312,0.72
27,75,314,0.72
27,75,316,0.72
27,75,318,0.72
27,75,320,0.72
27,76,220,0.72
27,76,222,0.72
27,76,224,0.72
27,76,226,0.72
27,76,228,0.72
27,76,230,0.72
27,76,232,0.72
27,76,234,0.72
27,76,236,0.72
27,76,238,0.72
27,76,240,0.72
27,76,242,0.72
27,76,244,0.72
27,76,246,0.72
27,76,248,0.72
27,76,250,0.72
27,76,252,0.72
27,76,254,0.72
27,76,256,0.72
27,76,258,0.72
27,76,260,0.72
27,76,262,0.72
27,76,264,0.72
27,76,266,0.72
27,76,268,0.72
27,76,270,0.72
27,76,272,0.72
27,76,274,0.72
27,76,276,0.72
27,76,278,0.72
27,76,280,0.72
27,76,282,0.72
27,76,284,0.72
27,76,286,0.72
27,76,288,0.72
27,76,290,0.72
27,76,292,0.72
27,76,294,0.72
27,76,296,0.72
27,76,298,0.72
27,76,300,0.72
27,76,302,0.72
27,76,304,0.72
27,76,306,0.72
27,76,308,0.72
27,76,310,0.72
27,76,312,0.72
27,76,314,0.72
27,76,316,0.72
27,76,318,0.72
27,76,320,0.72
27,77,220,0.72
27,77,222,0.72
27,77,224,0.72
27,77,226,0.72
27,77,228,0.72
27,77,230,0.72
27,77,232,0.72
27,77,234,0.72
27,77,236,0.72
27,77,238,0.72
27,77,240,0.72
27,77,242,0.72
27,77,244,0.72
27,77,246,0.72
27,77,248,0.72
27,77,250,0.72
27,77,252,0.72
27,77,254,0.72
27,77,256,0.72
27,77,258,0.72
27,77,260,0.72
27,77,262,0.72
27,77,264,0.72
27,77,266,0.72
27,77,268,0.72
27,77,270,0.72
27,77,272,0.72
27,77,274,0.72
27,77,276,0.72
27,77,278,0.72
27,77,280,0.72
27,77,282,0.72
27,77,284,0.72
27,77,286,0.72
27,77,288,0.72
27,77,290,0.72
27,77,292,0.72
27,77,294,0.72
27,77,296,0.72
27,77,298,0.72
27,77,300,0.72
27,77,302,0.72
27,77,304,0.72
27,77,306,0.72
27,77,308,0.72
27,77,310,0.72
27,77,312,0.72
27,77,314,0.72
27,77,316,0.72
27,77,318,0.72
27,77,320,0.72
27,78,220,0.72
27,78,222,0.72
27,78,224,0.72
27,78,226,0.72
27,78,228,0.72
27,78,230,0.72
27,78,232,0.72
27,78,234,0.72
27,78,236,0.72
27,78,238,0.72
27,78,240,0.72
27,78,242,0.72
27,78,244,0.72
27,78,246,0.72
27,78,248,0.72
27,78,250,0.72
27,78,252,0.72
27,78,254,0.72
27,78,256,0.72
27,78,258,0.72
27,78,260,0.72
27,78,262,0.72
27,78,264,0.72
27,78,266,0.72
27,78,268,0.72
27,78,270,0.72
27,78,272,0.72
27,78,274,0.72
27,78,276,0.72
27,78,278,0.72
27,78,280,0.72
27,78,282,0.72
27,78,284,0.72
27,78,286,0.72
27,78,288,0.72
27,78,290,0.72
27,78,292,0.72
27,78,294,0.72
27,78,296,0.72
27,78,298,0.72
27,78,300,0.72
27,78,302,0.72
27,78,304,0.72
27,78,306,0.72
27,78,308,0.72
27,78,310,0.72
27,78,312,0.72
27,78,314,0.72
27,78,316,0.72
27,78,318,0.72
27,78,320,0.72
27,79,220,0.72
27,79,222,0.72
27,79,224,0.72
27,79,226,0.72
27,79,228,0.72
27,79,230,0.72
27,79,232,0.72
27,79,234,0.72
27,79,236,0.72
27,79,238,0.72
27,79,240,0.72
27,79,242,0.72
27,79,244,0.72
27,79,246,0.72
27,79,248,0.72
27,79,250,0.72
27,79,252,0.72
27,79,254,0.72
27,79,256,0.72
27,79,258,0.72
27,79,260,0.72
27,79,262,0.72
27,79,264,0.72
27,79,266,0.72
27,79,268,0.72
27,79,270,0.72
27,79,272,0.72
27,79,274,0.72
27,79,276,0.72
27,79,278,0.72
27,79,280,0.72
27,79,282,0.72
27,79,284,0.72
27,79,286,0.72
27,79,288,0.72
27,79,290,0.72
27,79,292,0.72
27,79,294,0.72
27,79,296,0.72
27,79,298,0.72
27,79,300,0.72
27,79,302,0.72
27,79,304,0.72
27,79,306,0.72
27,79,308,0.72
27,79,310,0.72
27,79,312,0.72
27,79,314,0.72
27,79,316,0.72
27,79,318,0.72
27,79,320,0.72
27,80,214,0.72
27,80,216,0.72
27,80,218,0.72
27,80,220,0.72
27,80,222,0.72
27,80,224,0.72
27,80,226,0.72
27,80,228,0.72
27,80,230,0.72
27,80,232,0.72
27,80,234,0.72
27,80,236,0.72
27,80,238,0.72
27,80,240,0.72
27,80,242,0.72
27,80,244,0.72
27,80,246,0.72
27,80,248,0.72
27,80,250,0.72
27,80,252,0.72
27,80,254,0.72
27,80,256,0.72
27,80,258,0.72
27,80,260,0.72
27,80,262,0.72
27,80,264,0.72
27,80,266,0.72
27,80,268,0.72
27,80,270,0.72
27,80,272,0.72
27,80,274,0.72
27,80,276,0.72
27,80,278,0.72
27,80,280,0.72
27,80,282,0.72
27,80,284,0.72
27,80,286,0.72
27,80,288,0.72
27,80,290,0.72
27,80,292,0.72
27,80,294,0.72
27,80,296,0.72
27,80,298,0.72
27,80,300,0.72
27,80,302,0.72
27,80,304,0.72
27,80,306,0.72
27,80,308,0.72
27,80,310,0.72
27,80,312,0.72
27,80,314,0.72
27,81,214,0.72
27,81,216,0.72
27,81,218,0.72
27,81,220,0.72
27,81,222,0.72
27,81,224,0.72
27,81,226,0.72
27,81,228,0.72
27,81,230,0.72
27,81,232,0.72
27,81,234,0.72
27,81,236,0.72
27,81,238,0.72
27,81,240,0.72
27,81,242,0.72
27,81,244,0.72
27,81,246,0.72
27,81,248,0.72
27,81,250,0.72
27,81,252,0.72
27,81,254,0.72
27,81,256,0.72
27,81,258,0.72
27,81,260,0.72
27,81,262,0.72
27,81,264,0.72
27,81,266,0.72
27,81,268,0.72
27,81,270,0.72
27,81,272,0.72
27,81,274,0.72
27,81,276,0.72
27,81,278,0.72
27,81,280,0.72
27,81,282,0.72
27,81,284,0.72
27,81,286,0.72
27,81,288,0.72
27,81,290,0.72
27,81,292,0.72
27,81,294,0.72
27,81,296,0.72
27,81,298,0.72
27,81,300,0.72
27,81,302,0.72
27,81,304,0.72
27,81,306,0.72
27,81,308,0.72
27,81,310,0.72
27,81,312,0.72
27,81,314,0.72
27,82,214,0.72
27,82,216,0.72
27,82,218,0.72
27,82,220,0.72
27,82,222,0.72
27,82,224,0.72
27,82,226,0.72
27,82,228,0.72
27,82,230,0.72
27,82,232,0.72
27,82,234,0.72
27,82,236,0.72
27,82,238,0.72
27,82,240,0.72
27,82,242,0.72
27,82,244,0.72
27,82,246,0.72
27,82,248,0.72
27,82,250,0.72
27,82,252,0.72
27,82,254,0.72
27,82,256,0.72
27,82,258,0.72
27,82,260,0.72
27,82,262,0.72
27,82,264,0.72
27,82,266,0.72
27,82,268,0.72
27,82,270,0.72
27,82,272,0.72
27,82,274,0.72
27,82,276,0.72
27,82,278,0.72
27,82,280,0.72
27,82,282,0.72
27,82,284,0.72
27,82,286,0.72
27,82,288,0.72
27,82,290,0.72
27,82,292,0.72
27,82,294,0.72
27,82,296,0.72
27,82,298,0.72
27,82,300,0.72
27,82,302,0.72
27,82,304,0.72
27,82,306,0.72
27,82,308,0.72
27,82,310,0.72
27,82,312,0.72
27,82,314,0.72
27,83,214,0.72
27,83,216,0.72
27,83,218,0.72
27,83,220,0.72
27,83,222,0.72
27,83,224,0.72
27,83,226,0.72
27,83,228,0.72
27,83,230,0.72
27,83,232,0.72
27,83,234,0.72
27,83,236,0.72
27,83,238,0.72
27,83,240,0.72
27,83,242,0.72
27,83,244,0.72
27,83,246,0.72
27,83,248,0.72
27,83,250,0.72
27,83,252,0.72
27,83,254,0.72
27,83,256,0.72
27,83,258,0.72
27,83,260,0.72
27,83,262,0.72
27,83,264,0.72
27,83,266,0.72
27,83,268,0.72
27,83,270,0.72
27,83,272,0.72
27,83,274,0.72
27,83,276,0.72
27,83,278,0.72
27,83,280,0.72
27,83,282,0.72
27,83,284,0.72
27,83,286,0.72
27,83,288,0.72
27,83,290,0.72
27,83,292,0.72
27,83,294,0.72
27,83,296,0.72
27,83,298,0.72
27,83,300,0.72
27,83,302,0.72
27,83,304,0.72
27,83,306,0.72
27,83,308,0.72
27,83,310,0.72
27,83,312,0.72
27,83,314,0.72
27,84,214,0.72
27,84,216,0.72
27,84,218,0.72
27,84,220,0.72
27,84,222,0.72
27,84,224,0.72
27,84,226,0.72
27,84,228,0.72
27,84,230,0.72
27,84,232,0.72
27,84,234,0.72
27,84,236,0.72
27,84,238,0.72
27,84,240,0.72
27,84,242,0.72
27,84,244,0.72
27,84,246,0.72
27,84,248,0.72
27,84,250,0.72
27,84,252,0.72
27,84,254,0.72
27,84,256,0.72
27,84,258,0.72
27,84,260,0.72
27,84,262,0.72
27,84,264,0.72
27,84,266,0.72
27,84,268,0.72
27,84,270,0.72
27,84,272,0.72
27,84,274,0.72
27,84,276,0.72
27,84,278,0.72
27,84,280,0.72
27,84,282,0.72
27,84,284,0.72
27,84,286,0.72
27,84,288,0.72
27,84,290,0.72
27,84,292,0.72
27,84,294,0.72
27,84,296,0.72
27,84,298,0.72
27,84,300,0.72
27,84,302,0.72
27,84,304,0.72
27,84,306,0.72
27,84,308,0.72
27,84,310,0.72
27,84,312,0.72
27,84,314,0.72
27,85,204,0.72
27,85,206,0.72
27,85,208,0.72
27,85,210,0.72
27,85,212,0.72
27,85,214,0.72
27,85,216,0.72
27,85,218,0.72
27,85,220,0.72
27,85,222,0.72
27,85,224,0.72
27,85,226,0.72
27,85,228,0.72
27,85,230,0.72
27,85,232,0.72
27,85,234,0.72
27,85,236,0.72
27,85,238,0.72
27,85,240,0.72
27,85,242,0.72
27,85,244,0.72
27,85,246,0.72
27,85,248,0.72
27,85,250,0.72
27,85,252,0.72
27,85,254,0.72
27,85,256,0.72
27,85,258,0.72
27,85,260,0.72
27,85,262,0.72
27,85,264,0.72
27,85,266,0.72
27,85,268,0.72
27,85,270,0.72
27,85,272,0.72
27,85,274,0.72
27,85,276,0.72
27,85,278,0.72
27,85,280,0.72
27,85,282,0.72
27,85,284,0.72
27,85,286,0.72
27,85,288,0.72
27,85,290,0.72
27,85,292,0.72
27,85,294,0.72
27,85,296,0.72
27,85,298,0.72
27,85,300,0.72
27,85,302,0.72
27,85,304,0.72
27,86,204,0.72
27,86,206,0.72
27,86,208,0.72
27,86,210,0.72
27,86,212,0.72
27,86,214,0.72
27,86,216,0.72
27,86,218,0.72
27,86,220,0.72
27,86,222,0.72
27,86,224,0.72
27,86,226,0.72
27,86,228,0.72
27,86,230,0.72
27,86,232,0.72
27,86,234,0.72
27,86,236,0.72
27,86,238,0.72
27,86,240,0.72
27,86,242,0.72
27,86,244,0.72
27,86,246,0.72
27,86,248,0.72
27,86,250,0.72
27,86,252,0.72
27,86,254,0.72
27,86,256,0.72
27,86,258,0.72
27,86,260,0.72
27,86,262,0.72
27,86,264,0.72
27,86,266,0.72
27,86,268,0.72
27,86,270,0.72
27,86,272,0.72
27,86,274,0.72
27,86,276,0.72
27,86,278,0.72
27,86,280,0.72
27,86,282,0.72
27,86,284,0.72
27,86,286,0.72
27,86,288,0.72
27,86,290,0.72
27,86,292,0.72
27,86,294,0.72
27,86,296,0.72
27,86,298,0.72
27,86,300,0.72
27,86,302,0.72
27,86,304,0.72
27,87,204,0.72
27,87,206,0.72
27,87,208,0.72
27,87,210,0.72
27,87,212,0.72
27,87,214,0.72
27,87,216,0.72
27,87,218,0.72
27,87,220,0.72
27,87,222,0.72
27,87,224,0.72
27,87,226,0.72
27,87,228,0.72
27,87,230,0.72
27,87,232,0.72
27,87,234,0.72
27,87,236,0.72
27,87,238,0.72
27,87,240,0.72
27,87,242,0.72
27,87,244,0.72
27,87,246,0.72
27,87,248,0.72
27,87,250,0.72
27,87,252,0.72
27,87,254,0.72
27,87,256,0.72
27,87,258,0.72
27,87,260,0.72
27,87,262,0.72
27,87,264,0.72
27,87,266,0.72
27,87,268,0.72
27,87,270,0.72
27,87,272,0.72
27,87,274,0.72
27,87,276,0.72
27,87,278,0.72
27,87,280,0.72
27,87,282,0.72
27,87,284,0.72
27,87,286,0.72
27,87,288,0.72
27,87,290,0.72
27,87,292,0.72
27,87,294,0.72
27,87,296,0.72
27,87,298,0.72
27,87,300,0.72
27,87,302,0.72
27,87,304,0.72
27,88,204,0.72
27,88,206,0.72
27,88,208,0.72
27,88,210,0.72
27,88,212,0.72
27,88,214,0.72
27,88,216,0.72
27,88,218,0.72
27,88,220,0.72
27,88,222,0.72
27,88,224,0.72
27,88,226,0.72
27,88,228,0.72
27,88,230,0.72
27,88,232,0.72
27,88,234,0.72
27,88,236,0.72
27,88,238,0.72
27,88,240,0.72
27,88,242,0.72
27,88,244,0.72
27,88,246,0.72
27,88,248,0.72
27,88,250,0.72
27,88,252,0.72
27,88,254,0.72
27,88,256,0.72
27,88,258,0.72
27,88,260,0.72
27,88,262,0.72
27,88,264,0.72
27,88,266,0.72
27,88,268,0.72
27,88,270,0.72
27,88,272,0.72
27,88,274,0.72
27,88,276,0.72
27,88,278,0.72
27,88,280,0.72
27,88,282,0.72
27,88,284,0.72
27,88,286,0.72
27,88,288,0.72
27,88,290,0.72
27,88,292,0.72
27,88,294,0.72
27,88,296,0.72
27,88,298,0.72
27,88,300,0.72
27,88,302,0.72
27,88,304,0.72
27,89,204,0.72
27,89,206,0.72
27,89,208,0.72
27,89,210,0.72
27,89,212,0.72
27,89,214,0.72
27,89,216,0.72
27,89,218,0.72
27,89,220,0.72
27,89,222,0.72
27,89,224,0.72
27,89,226,0.72
27,89,228,0.72
27,89,230,0.72
27,89,232,0.72
27,89,234,0.72
27,89,236,0.72
27,89,238,0.72
27,89,240,0.72
27,89,242,0.72
27,89,244,0.72
27,89,246,0.72
27,89,248,0.72
27,89,250,0.72
27,89,252,0.72
27,89,254,0.72
27,89,256,0.72
27,89,258,0.72
27,89,260,0.72
27,89,262,0.72
27,89,264,0.72
27,89,266,0.72
27,89,268,0.72
27,89,270,0.72
27,89,272,0.72
27,89,274,0.72
27,89,276,0.72
27,89,278,0.72
27,89,280,0.72
27,89,282,0.72
27,89,284,0.72
27,89,286,0.72
27,89,288,0.72
27,89,290,0.72
27,89,292,0.72
27,89,294,0.72
27,89,296,0.72
27,89,298,0.72
27,89,300,0.72
27,89,302,0.72
27,89,304,0.72
27,35,240,0.73
27,35,242,0.73
27,35,244,0.73
27,35,246,0.73
27,35,248,0.73
27,35,250,0.73
27,35,252,0.73
27,35,254,0.73
27,35,256,0.73
27,35,258,0.73
27,35,260,0.73
27,35,262,0.73
27,35,264,0.73
27,35,266,0.73
27,35,268,0.73
27,35,270,0.73
27,35,272,0.73
27,35,274,0.73
27,35,276,0.73
27,35,278,0.73
27,35,280,0.73
27,35,282,0.73
27,35,284,0.73
27,35,286,0.73
27,35,288,0.73
27,35,290,0.73
27,35,292,0.73
27,35,294,0.73
27,35,296,0.73
27,35,298,0.73
27,35,300,0.73
27,35,302,0.73
27,35,304,0.73
27,35,306,0.73
27,35,308,0.73
27,35,310,0.73
27,35,312,0.73
27,35,314,0.73
27,35,316,0.73
27,35,318,0.73
27,35,320,0.73
27,35,322,0.73
27,35,324,0.73
27,35,326,0.73
27,35,328,0.73
27,35,330,0.73
27,35,332,0.73
27,35,334,0.73
27,35,336,0.73
27,35,338,0.73
27,35,340,0.73
27,36,240,0.73
27,36,242,0.73
27,36,244,0.73
27,36,246,0.73
27,36,248,0.73
27,36,250,0.73
27,36,252,0.73
27,36,254,0.73
27,36,256,0.73
27,36,258,0.73
27,36,260,0.73
27,36,262,0.73
27,36,264,0.73
27,36,266,0.73
27,36,268,0.73
27,36,270,0.73
27,36,272,0.73
27,36,274,0.73
27,36,276,0.73
27,36,278,0.73
27,36,280,0.73
27,36,282,0.73
27,36,284,0.73
27,36,286,0.73
27,36,288,0.73
27,36,290,0.73
27,36,292,0.73
27,36,294,0.73
27,36,296,0.73
27,36,298,0.73
27,36,300,0.73
27,36,302,0.73
27,36,304,0.73
27,36,306,0.73
27,36,308,0.73
27,36,310,0.73
27,36,312,0.73
27,36,314,0.73
27,36,316,0.73
27,36,318,0.73
27,36,320,0.73
27,36,322,0.73
27,36,324,0.73
27,36,326,0.73
27,36,328,0.73
27,36,330,0.73
27,36,332,0.73
27,36,334,0.73
27,36,336,0.73
27,36,338,0.73
27,36,340,0.73
27,37,240,0.73
27,37,242,0.73
27,37,244,0.73
27,37,246,0.73
27,37,248,0.73
27,37,250,0.73
27,37,252,0.73
27,37,254,0.73
27,37,256,0.73
27,37,258,0.73
27,37,260,0.73
27,37,262,0.73
27,37,264,0.73
27,37,266,0.73
27,37,268,0.73
27,37,270,0.73
27,37,272,0.73
27,37,274,0.73
27,37,276,0.73
27,37,278,0.73
27,37,280,0.73
27,37,282,0.73
27,37,284,0.73
27,37,286,0.73
27,37,288,0.73
27,37,290,0.73
27,37,292,0.73
27,37,294,0.73
27,37,296,0.73
27,37,298,0.73
27,37,300,0.73
27,37,302,0.73
27,37,304,0.73
27,37,306,0.73
27,37,308,0.73
27,37,310,0.73
27,37,312,0.73
27,37,314,0.73
27,37,316,0.73
27,37,318,0.73
27,37,320,0.73
27,37,322,0.73
27,37,324,0.73
27,37,326,0.73
27,37,328,0.73
27,37,330,0.73
27,37,332,0.73
27,37,334,0.73
27,37,336,0.73
27,37,338,0.73
27,37,340,0.73
27,38,240,0.73
27,38,242,0.73
27,38,244,0.73
27,38,246,0.73
27,38,248,0.73
27,38,250,0.73
27,38,252,0.73
27,38,254,0.73
27,38,256,0.73
27,38,258,0.73
27,38,260,0.73
27,38,262,0.73
27,38,264,0.73
27,38,266,0.73
27,38,268,0.73
27,38,270,0.73
27,38,272,0.73
27,38,274,0.73
27,38,276,0.73
27,38,278,0.73
27,38,280,0.73
27,38,282,0.73
27,38,284,0.73
27,38,286,0.73
27,38,288,0.73
27,38,290,0.73
27,38,292,0.73
27,38,294,0.73
27,38,296,0.73
27,38,298,0.73
27,38,300,0.73
27,38,302,0.73
27,38,304,0.73
27,38,306,0.73
27,38,308,0.73
27,38,310,0.73
27,38,312,0.73
27,38,314,0.73
27,38,316,0.73
27,38,318,0.73
27,38,320,0.73
27,38,322,0.73
27,38,324,0.73
27,38,326,0.73
27,38,328,0.73
27,38,330,0.73
27,38,332,0.73
27,38,334,0.73
27,38,336,0.73
27,38,338,0.73
27,38,340,0.73
27,39,240,0.73
27,39,242,0.73
27,39,244,0.73
27,39,246,0.73
27,39,248,0.73
27,39,250,0.73
27,39,252,0.73
27,39,254,0.73
27,39,256,0.73
27,39,258,0.73
27,39,260,0.73
27,39,262,0.73
27,39,264,0.73
27,39,266,0.73
27,39,268,0.73
27,39,270,0.73
27,39,272,0.73
27,39,274,0.73
27,39,276,0.73
27,39,278,0.73
27,39,280,0.73
27,39,282,0.73
27,39,284,0.73
27,39,286,0.73
27,39,288,0.73
27,39,290,0.73
27,39,292,0.73
27,39,294,0.73
27,39,296,0.73
27,39,298,0.73
27,39,300,0.73
27,39,302,0.73
27,39,304,0.73
27,39,306,0.73
27,39,308,0.73
27,39,310,0.73
27,39,312,0.73
27,39,314,0.73
27,39,316,0.73
27,39,318,0.73
27,39,320,0.73
27,39,322,0.73
27,39,324,0.73
27,39,326,0.73
27,39,328,0.73
27,39,330,0.73
27,39,332,0.73
27,39,334,0.73
27,39,336,0.73
27,39,338,0.73
27,39,340,0.73
27,40,238,0.73
27,40,240,0.73
27,40,242,0.73
27,40,244,0.73
27,40,246,0.73
27,40,248,0.73
27,40,250,0.73
27,40,252,0.73
27,40,254,0.73
27,40,256,0.73
27,40,258,0.73
27,40,260,0.73
27,40,262,0.73
27,40,264,0.73
27,40,266,0.73
27,40,268,0.73
27,40,270,0.73
27,40,272,0.73
27,40,274,0.73
27,40,276,0.73
27,40,278,0.73
27,40,280,0.73
27,40,282,0.73
27,40,284,0.73
27,40,286,0.73
27,40,288,0.73
27,40,290,0.73
27,40,292,0.73
27,40,294,0.73
27,40,296,0.73
27,40,298,0.73
27,40,300,0.73
27,40,302,0.73
27,40,304,0.73
27,40,306,0.73
27,40,308,0.73
27,40,310,0.73
27,40,312,0.73
27,40,314,0.73
27,40,316,0.73
27,40,318,0.73
27,40,320,0.73
27,40,322,0.73
27,40,324,0.73
27,40,326,0.73
27,40,328,0.73
27,40,330,0.73
27,40,332,0.73
27,40,334,0.73
27,40,336,0.73
27,40,338,0.73
27,41,238,0.73
27,41,240,0.73
27,41,242,0.73
27,41,244,0.73
27,41,246,0.73
27,41,248,0.73
27,41,250,0.73
27,41,252,0.73
27,41,254,0.73
27,41,256,0.73
27,41,258,0.73
27,41,260,0.73
27,41,262,0.73
27,41,264,0.73
27,41,266,0.73
27,41,268,0.73
27,41,270,0.73
27,41,272,0.73
27,41,274,0.73
27,41,276,0.73
27,41,278,0.73
27,41,280,0.73
27,41,282,0.73
27,41,284,0.73
27,41,286,0.73
27,41,288,0.73
27,41,290,0.73
27,41,292,0.73
27,41,294,0.73
27,41,296,0.73
27,41,298,0.73
27,41,300,0.73
27,41,302,0.73
27,41,304,0.73
27,41,306,0.73
27,41,308,0.73
27,41,310,0.73
27,41,312,0.73
27,41,314,0.73
27,41,316,0.73
27,41,318,0.73
27,41,320,0.73
27,41,322,0.73
27,41,324,0.73
27,41,326,0.73
27,41,328,0.73
27,41,330,0.73
27,41,332,0.73
27,41,334,0.73
27,41,336,0.73
27,41,338,0.73
27,42,238,0.73
27,42,240,0.73
27,42,242,0.73
27,42,244,0.73
27,42,246,0.73
27,42,248,0.73
27,42,250,0.73
27,42,252,0.73
27,42,254,0.73
27,42,256,0.73
27,42,258,0.73
27,42,260,0.73
27,42,262,0.73
27,42,264,0.73
27,42,266,0.73
27,42,268,0.73
27,42,270,0.73
27,42,272,0.73
27,42,274,0.73
27,42,276,0.73
27,42,278,0.73
27,42,280,0.73
27,42,282,0.73
27,42,284,0.73
27,42,286,0.73
27,42,288,0.73
27,42,290,0.73
27,42,292,0.73
27,42,294,0.73
27,42,296,0.73
27,42,298,0.73
27,42,300,0.73
27,42,302,0.73
27,42,304,0.73
27,42,306,0.73
27,42,308,0.73
27,42,310,0.73
27,42,312,0.73
27,42,314,0.73
27,42,316,0.73
27,42,318,0.73
27,42,320,0.73
27,42,322,0.73
27,42,324,0.73
27,42,326,0.73
27,42,328,0.73
27,42,330,0.73
27,42,332,0.73
27,42,334,0.73
27,42,336,0.73
27,42,338,0.73
27,43,238,0.73
27,43,240,0.73
27,43,242,0.73
27,43,244,0.73
27,43,246,0.73
27,43,248,0.73
27,43,250,0.73
27,43,252,0.73
27,43,254,0.73
27,43,256,0.73
27,43,258,0.73
27,43,260,0.73
27,43,262,0.73
27,43,264,0.73
27,43,266,0.73
27,43,268,0.73
27,43,270,0.73
27,43,272,0.73
27,43,274,0.73
27,43,276,0.73
27,43,278,0.73
27,43,280,0.73
27,43,282,0.73
27,43,284,0.73
27,43,286,0.73
27,43,288,0.73
27,43,290,0.73
27,43,292,0.73
27,43,294,0.73
27,43,296,0.73
27,43,298,0.73
27,43,300,0.73
27,43,302,0.73
27,43,304,0.73
27,43,306,0.73
27,43,308,0.73
27,43,310,0.73
27,43,312,0.73
27,43,314,0.73
27,43,316,0.73
27,43,318,0.73
27,43,320,0.73
27,43,322,0.73
27,43,324,0.73
27,43,326,0.73
27,43,328,0.73
27,43,330,0.73
27,43,332,0.73
27,43,334,0.73
27,43,336,0.73
27,43,338,0.73
27,44,238,0.73
27,44,240,0.73
27,44,242,0.73
27,44,244,0.73
27,44,246,0.73
27,44,248,0.73
27,44,250,0.73
27,44,252,0.73
27,44,254,0.73
27,44,256,0.73
27,44,258,0.73
27,44,260,0.73
27,44,262,0.73
27,44,264,0.73
27,44,266,0.73
27,44,268,0.73
27,44,270,0.73
27,44,272,0.73
27,44,274,0.73
27,44,276,0.73
27,44,278,0.73
27,44,280,0.73
27,44,282,0.73
27,44,284,0.73
27,44,286,0.73
27,44,288,0.73
27,44,290,0.73
27,44,292,0.73
27,44,294,0.73
27,44,296,0.73
27,44,298,0.73
27,44,300,0.73
27,44,302,0.73
27,44,304,0.73
27,44,306,0.73
27,44,308,0.73
27,44,310,0.73
27,44,312,0.73
27,44,314,0.73
27,44,316,0.73
27,44,318,0.73
27,44,320,0.73
27,44,322,0.73
27,44,324,0.73
27,44,326,0.73
27,44,328,0.73
27,44,330,0.73
27,44,332,0.73
27,44,334,0.73
27,44,336,0.73
27,44,338,0.73
27,45,252,0.73
27,45,254,0.73
27,45,256,0.73
27,45,258,0.73
27,45,260,0.73
27,45,262,0.73
27,45,264,0.73
27,45,266,0.73
27,45,268,0.73
27,45,270,0.73
27,45,272,0.73
27,45,274,0.73
27,45,276,0.73
27,45,278,0.73
27,45,280,0.73
27,45,282,0.73
27,45,284,0.73
27,45,286,0.73
27,45,288,0.73
27,45,290,0.73
27,45,292,0.73
27,45,294,0.73
27,45,296,0.73
27,45,298,0.73
27,45,300,0.73
27,45,302,0.73
27,45,304,0.73
27,45,306,0.73
27,45,308,0.73
27,45,310,0.73
27,45,312,0.73
27,45,314,0.73
27,45,316,0.73
27,45,318,0.73
27,45,320,0.73
27,45,322,0.73
27,45,324,0.73
27,45,326,0.73
27,45,328,0.73
27,45,330,0.73
27,45,332,0.73
27,45,334,0.73
27,45,336,0.73
27,45,338,0.73
27,45,340,0.73
27,45,342,0.73
27,45,344,0.73
27,45,346,0.73
27,45,348,0.73
27,45,350,0.73
27,45,352,0.73
27,46,252,0.73
27,46,254,0.73
27,46,256,0.73
27,46,258,0.73
27,46,260,0.73
27,46,262,0.73
27,46,264,0.73
27,46,266,0.73
27,46,268,0.73
27,46,270,0.73
27,46,272,0.73
27,46,274,0.73
27,46,276,0.73
27,46,278,0.73
27,46,280,0.73
27,46,282,0.73
27,46,284,0.73
27,46,286,0.73
27,46,288,0.73
27,46,290,0.73
27,46,292,0.73
27,46,294,0.73
27,46,296,0.73
27,46,298,0.73
27,46,300,0.73
27,46,302,0.73
27,46,304,0.73
27,46,306,0.73
27,46,308,0.73
27,46,310,0.73
27,46,312,0.73
27,46,314,0.73
27,46,316,0.73
27,46,318,0.73
27,46,320,0.73
27,46,322,0.73
27,46,324,0.73
27,46,326,0.73
27,46,328,0.73
27,46,330,0.73
27,46,332,0.73
27,46,334,0.73
27,46,336,0.73
27,46,338,0.73
27,46,340,0.73
27,46,342,0.73
27,46,344,0.73
27,46,346,0.73
27,46,348,0.73
27,46,350,0.73
27,46,352,0.73
27,47,252,0.73
27,47,254,0.73
27,47,256,0.73
27,47,258,0.73
27,47,260,0.73
27,47,262,0.73
27,47,264,0.73
27,47,266,0.73
27,47,268,0.73
27,47,270,0.73
27,47,272,0.73
27,47,274,0.73
27,47,276,0.73
27,47,278,0.73
27,47,280,0.73
27,47,282,0.73
27,47,284,0.73
27,47,286,0.73
27,47,288,0.73
27,47,290,0.73
27,47,292,0.73
27,47,294,0.73
27,47,296,0.73
27,47,298,0.73
27,47,300,0.73
27,47,302,0.73
27,47,304,0.73
27,47,306,0.73
27,47,308,0.73
27,47,310,0.73
27,47,312,0.73
27,47,314,0.73
27,47,316,0.73
27,47,318,0.73
27,47,320,0.73
27,47,322,0.73
27,47,324,0.73
27,47,326,0.73
27,47,328,0.73
27,47,330,0.73
27,47,332,0.73
27,47,334,0.73
27,47,336,0.73
27,47,338,0.73
27,47,340,0.73
27,47,342,0.73
27,47,344,0.73
27,47,346,0.73
27,47,348,0.73
27,47,350,0.73
27,47,352,0.73
27,48,252,0.73
27,48,254,0.73
27,48,256,0.73
27,48,258,0.73
27,48,260,0.73
27,48,262,0.73
27,48,264,0.73
27,48,266,0.73
27,48,268,0.73
27,48,270,0.73
27,48,272,0.73
27,48,274,0.73
27,48,276,0.73
27,48,278,0.73
27,48,280,0.73
27,48,282,0.73
27,48,284,0.73
27,48,286,0.73
27,48,288,0.73
27,48,290,0.73
27,48,292,0.73
27,48,294,0.73
27,48,296,0.73
27,48,298,0.73
27,48,300,0.73
27,48,302,0.73
27,48,304,0.73
27,48,306,0.73
27,48,308,0.73
27,48,310,0.73
27,48,312,0.73
27,48,314,0.73
27,48,316,0.73
27,48,318,0.73
27,48,320,0.73
27,48,322,0.73
27,48,324,0.73
27,48,326,0.73
27,48,328,0.73
27,48,330,0.73
27,48,332,0.73
27,48,334,0.73
27,48,336,0.73
27,48,338,0.73
27,48,340,0.73
27,48,342,0.73
27,48,344,0.73
27,48,346,0.73
27,48,348,0.73
27,48,350,0.73
27,48,352,0.73
27,49,252,0.73
27,49,254,0.73
27,49,256,0.73
27,49,258,0.73
27,49,260,0.73
27,49,262,0.73
27,49,264,0.73
27,49,266,0.73
27,49,268,0.73
27,49,270,0.73
27,49,272,0.73
27,49,274,0.73
27,49,276,0.73
27,49,278,0.73
27,49,280,0.73
27,49,282,0.73
27,49,284,0.73
27,49,286,0.73
27,49,288,0.73
27,49,290,0.73
27,49,292,0.73
27,49,294,0.73
27,49,296,0.73
27,49,298,0.73
27,49,300,0.73
27,49,302,0.73
27,49,304,0.73
27,49,306,0.73
27,49,308,0.73
27,49,310,0.73
27,49,312,0.73
27,49,314,0.73
27,49,316,0.73
27,49,318,0.73
27,49,320,0.73
27,49,322,0.73
27,49,324,0.73
27,49,326,0.73
27,49,328,0.73
27,49,330,0.73
27,49,332,0.73
27,49,334,0.73
27,49,336,0.73
27,49,338,0.73
27,49,340,0.73
27,49,342,0.73
27,49,344,0.73
27,49,346,0.73
27,49,348,0.73
27,49,350,0.73
27,49,352,0.73
27,50,246,0.73
27,50,248,0.73
27,50,250,0.73
27,50,252,0.73
27,50,254,0.73
27,50,256,0.73
27,50,258,0.73
27,50,260,0.73
27,50,262,0.73
27,50,264,0.73
27,50,266,0.73
27,50,268,0.73
27,50,270,0.73
27,50,272,0.73
27,50,274,0.73
27,50,276,0.73
27,50,278,0.73
27,50,280,0.73
27,50,282,0.73
27,50,284,0.73
27,50,286,0.73
27,50,288,0.73
27,50,290,0.73
27,50,292,0.73
27,50,294,0.73
27,50,296,0.73
27,50,298,0.73
27,50,300,0.73
27,50,302,0.73
27,50,304,0.73
27,50,306,0.73
27,50,308,0.73
27,50,310,0.73
27,50,312,0.73
27,50,314,0.73
27,50,316,0.73
27,50,318,0.73
27,50,320,0.73
27,50,322,0.73
27,50,324,0.73
27,50,326,0.73
27,50,328,0.73
27,50,330,0.73
27,50,332,0.73
27,50,334,0.73
27,50,336,0.73
27,50,338,0.73
27,50,340,0.73
27,50,342,0.73
27,50,344,0.73
27,50,346,0.73
27,51,246,0.73
27,51,248,0.73
27,51,250,0.73
27,51,252,0.73
27,51,254,0.73
27,51,256,0.73
27,51,258,0.73
27,51,260,0.73
27,51,262,0.73
27,51,264,0.73
27,51,266,0.73
27,51,268,0.73
27,51,270,0.73
27,51,272,0.73
27,51,274,0.73
27,51,276,0.73
27,51,278,0.73
27,51,280,0.73
27,51,282,0.73
27,51,284,0.73
27,51,286,0.73
27,51,288,0.73
27,51,290,0.73
27,51,292,0.73
27,51,294,0.73
27,51,296,0.73
27,51,298,0.73
27,51,300,0.73
27,51,302,0.73
27,51,304,0.73
27,51,306,0.73
27,51,308,0.73
27,51,310,0.73
27,51,312,0.73
27,51,314,0.73
27,51,316,0.73
27,51,318,0.73
27,51,320,0.73
27,51,322,0.73
27,51,324,0.73
27,51,326,0.73
27,51,328,0.73
27,51,330,0.73
27,51,332,0.73
27,51,334,0.73
27,51,336,0.73
27,51,338,0.73
27,51,340,0.73
27,51,342,0.73
27,51,344,0.73
27,51,346,0.73
27,52,246,0.73
27,52,248,0.73
27,52,250,0.73
27,52,252,0.73
27,52,254,0.73
27,52,256,0.73
27,52,258,0.73
27,52,260,0.73
27,52,262,0.73
27,52,264,0.73
27,52,266,0.73
27,52,268,0.73
27,52,270,0.73
27,52,272,0.73
27,52,274,0.73
27,52,276,0.73
27,52,278,0.73
27,52,280,0.73
27,52,282,0.73
27,52,284,0.73
27,52,286,0.73
27,52,288,0.73
27,52,290,0.73
27,52,292,0.73
27,52,294,0.73
27,52,296,0.73
27,52,298,0.73
27,52,300,0.73
27,52,302,0.73
27,52,304,0.73
27,52,306,0.73
27,52,308,0.73
27,52,310,0.73
27,52,312,0.73
27,52,314,0.73
27,52,316,0.73
27,52,318,0.73
27,52,320,0.73
27,52,322,0.73
27,52,324,0.73
27,52,326,0.73
27,52,328,0.73
27,52,330,0.73
27,52,332,0.73
27,52,334,0.73
27,52,336,0.73
27,52,338,0.73
27,52,340,0.73
27,52,342,0.73
27,52,344,0.73
27,52,346,0.73
27,53,246,0.73
27,53,248,0.73
27,53,250,0.73
27,53,252,0.73
27,53,254,0.73
27,53,256,0.73
27,53,258,0.73
27,53,260,0.73
27,53,262,0.73
27,53,264,0.73
27,53,266,0.73
27,53,268,0.73
27,53,270,0.73
27,53,272,0.73
27,53,274,0.73
27,53,276,0.73
27,53,278,0.73
27,53,280,0.73
27,53,282,0.73
27,53,284,0.73
27,53,286,0.73
27,53,288,0.73
27,53,290,0.73
27,53,292,0.73
27,53,294,0.73
27,53,296,0.73
27,53,298,0.73
27,53,300,0.73
27,53,302,0.73
27,53,304,0.73
27,53,306,0.73
27,53,308,0.73
27,53,310,0.73
27,53,312,0.73
27,53,314,0.73
27,53,316,0.73
27,53,318,0.73
27,53,320,0.73
27,53,322,0.73
27,53,324,0.73
27,53,326,0.73
27,53,328,0.73
27,53,330,0.73
27,53,332,0.73
27,53,334,0.73
27,53,336,0.73
27,53,338,0.73
27,53,340,0.73
27,53,342,0.73
27,53,344,0.73
27,53,346,0.73
27,54,246,0.73
27,54,248,0.73
27,54,250,0.73
27,54,252,0.73
27,54,254,0.73
27,54,256,0.73
27,54,258,0.73
27,54,260,0.73
27,54,262,0.73
27,54,264,0.73
27,54,266,0.73
27,54,268,0.73
27,54,270,0.73
27,54,272,0.73
27,54,274,0.73
27,54,276,0.73
27,54,278,0.73
27,54,280,0.73
27,54,282,0.73
27,54,284,0.73
27,54,286,0.73
27,54,288,0.73
27,54,290,0.73
27,54,292,0.73
27,54,294,0.73
27,54,296,0.73
27,54,298,0.73
27,54,300,0.73
27,54,302,0.73
27,54,304,0.73
27,54,306,0.73
27,54,308,0.73
27,54,310,0.73
27,54,312,0.73
27,54,314,0.73
27,54,316,0.73
27,54,318,0.73
27,54,320,0.73
27,54,322,0.73
27,54,324,0.73
27,54,326,0.73
27,54,328,0.73
27,54,330,0.73
27,54,332,0.73
27,54,334,0.73
27,54,336,0.73
27,54,338,0.73
27,54,340,0.73
27,54,342,0.73
27,54,344,0.73
27,54,346,0.73
27,55,258,0.73
27,55,260,0.73
27,55,262,0.73
27,55,264,0.73
27,55,266,0.73
27,55,268,0.73
27,55,270,0.73
27,55,272,0.73
27,55,274,0.73
27,55,276,0.73
27,55,278,0.73
27,55,280,0.73
27,55,282,0.73
27,55,284,0.73
27,55,286,0.73
27,55,288,0.73
27,55,290,0.73
27,55,292,0.73
27,55,294,0.73
27,55,296,0.73
27,55,298,0.73
27,55,300,0.73
27,55,302,0.73
27,55,304,0.73
27,55,306,0.73
27,55,308,0.73
27,55,310,0.73
27,55,312,0.73
27,55,314,0.73
27,55,316,0.73
27,55,318,0.73
27,55,320,0.73
27,55,322,0.73
27,55,324,0.73
27,55,326,0.73
27,55,328,0.73
27,55,330,0.73
27,55,332,0.73
27,55,334,0.73
27,55,336,0.73
27,55,338,0.73
27,55,340,0.73
27,55,342,0.73
27,55,344,0.73
27,55,346,0.73
27,55,348,0.73
27,55,350,0.73
27,55,352,0.73
27,55,354,0.73
27,55,356,0.73
27,55,358,0.73
27,56,258,0.73
27,56,260,0.73
27,56,262,0.73
27,56,264,0.73
27,56,266,0.73
27,56,268,0.73
27,56,270,0.73
27,56,272,0.73
27,56,274,0.73
27,56,276,0.73
27,56,278,0.73
27,56,280,0.73
27,56,282,0.73
27,56,284,0.73
27,56,286,0.73
27,56,288,0.73
27,56,290,0.73
27,56,292,0.73
27,56,294,0.73
27,56,296,0.73
27,56,298,0.73
27,56,300,0.73
27,56,302,0.73
27,56,304,0.73
27,56,306,0.73
27,56,308,0.73
27,56,310,0.73
27,56,312,0.73
27,56,314,0.73
27,56,316,0.73
27,56,318,0.73
27,56,320,0.73
27,56,322,0.73
27,56,324,0.73
27,56,326,0.73
27,56,328,0.73
27,56,330,0.73
27,56,332,0.73
27,56,334,0.73
27,56,336,0.73
27,56,338,0.73
27,56,340,0.73
27,56,342,0.73
27,56,344,0.73
27,56,346,0.73
27,56,348,0.73
27,56,350,0.73
27,56,352,0.73
27,56,354,0.73
27,56,356,0.73
27,56,358,0.73
27,57,258,0.73
27,57,260,0.73
27,57,262,0.73
27,57,264,0.73
27,57,266,0.73
27,57,268,0.73
27,57,270,0.73
27,57,272,0.73
27,57,274,0.73
27,57,276,0.73
27,57,278,0.73
27,57,280,0.73
27,57,282,0.73
27,57,284,0.73
27,57,286,0.73
27,57,288,0.73
27,57,290,0.73
27,57,292,0.73
27,57,294,0.73
27,57,296,0.73
27,57,298,0.73
27,57,300,0.73
27,57,302,0.73
27,57,304,0.73
27,57,306,0.73
27,57,308,0.73
27,57,310,0.73
27,57,312,0.73
27,57,314,0.73
27,57,316,0.73
27,57,318,0.73
27,57,320,0.73
27,57,322,0.73
27,57,324,0.73
27,57,326,0.73
27,57,328,0.73
27,57,330,0.73
27,57,332,0.73
27,57,334,0.73
27,57,336,0.73
27,57,338,0.73
27,57,340,0.73
27,57,342,0.73
27,57,344,0.73
27,57,346,0.73
27,57,348,0.73
27,57,350,0.73
27,57,352,0.73
27,57,354,0.73
27,57,356,0.73
27,57,358,0.73
27,58,258,0.73
27,58,260,0.73
27,58,262,0.73
27,58,264,0.73
27,58,266,0.73
27,58,268,0.73
27,58,270,0.73
27,58,272,0.73
27,58,274,0.73
27,58,276,0.73
27,58,278,0.73
27,58,280,0.73
27,58,282,0.73
27,58,284,0.73
27,58,286,0.73
27,58,288,0.73
27,58,290,0.73
27,58,292,0.73
27,58,294,0.73
27,58,296,0.73
27,58,298,0.73
27,58,300,0.73
27,58,302,0.73
27,58,304,0.73
27,58,306,0.73
27,58,308,0.73
27,58,310,0.73
27,58,312,0.73
27,58,314,0.73
27,58,316,0.73
27,58,318,0.73
27,58,320,0.73
27,58,322,0.73
27,58,324,0.73
27,58,326,0.73
27,58,328,0.73
27,58,330,0.73
27,58,332,0.73
27,58,334,0.73
27,58,336,0.73
27,58,338,0.73
27,58,340,0.73
27,58,342,0.73
27,58,344,0.73
27,58,346,0.73
27,58,348,0.73
27,58,350,0.73
27,58,352,0.73
27,58,354,0.73
27,58,356,0.73
27,58,358,0.73
27,59,258,0.73
27,59,260,0.73
27,59,262,0.73
27,59,264,0.73
27,59,266,0.73
27,59,268,0.73
27,59,270,0.73
27,59,272,0.73
27,59,274,0.73
27,59,276,0.73
27,59,278,0.73
27,59,280,0.73
27,59,282,0.73
27,59,284,0.73
27,59,286,0.73
27,59,288,0.73
27,59,290,0.73
27,59,292,0.73
27,59,294,0.73
27,59,296,0.73
27,59,298,0.73
27,59,300,0.73
27,59,302,0.73
27,59,304,0.73
27,59,306,0.73
27,59,308,0.73
27,59,310,0.73
27,59,312,0.73
27,59,314,0.73
27,59,316,0.73
27,59,318,0.73
27,59,320,0.73
27,59,322,0.73
27,59,324,0.73
27,59,326,0.73
27,59,328,0.73
27,59,330,0.73
27,59,332,0.73
27,59,334,0.73
27,59,336,0.73
27,59,338,0.73
27,59,340,0.73
27,59,342,0.73
27,59,344,0.73
27,59,346,0.73
27,59,348,0.73
27,59,350,0.73
27,59,352,0.73
27,59,354,0.73
27,59,356,0.73
27,59,358,0.73
27,60,250,0.73
27,60,252,0.73
27,60,254,0.73
27,60,256,0.73
27,60,258,0.73
27,60,260,0.73
27,60,262,0.73
27,60,264,0.73
27,60,266,0.73
27,60,268,0.73
27,60,270,0.73
27,60,272,0.73
27,60,274,0.73
27,60,276,0.73
27,60,278,0.73
27,60,280,0.73
27,60,282,0.73
27,60,284,0.73
27,60,286,0.73
27,60,288,0.73
27,60,290,0.73
27,60,292,0.73
27,60,294,0.73
27,60,296,0.73
27,60,298,0.73
27,60,300,0.73
27,60,302,0.73
27,60,304,0.73
27,60,306,0.73
27,60,308,0.73
27,60,310,0.73
27,60,312,0.73
27,60,314,0.73
27,60,316,0.73
27,60,318,0.73
27,60,320,0.73
27,60,322,0.73
27,60,324,0.73
27,60,326,0.73
27,60,328,0.73
27,60,330,0.73
27,60,332,0.73
27,60,334,0.73
27,60,336,0.73
27,60,338,0.73
27,60,340,0.73
27,60,342,0.73
27,60,344,0.73
27,60,346,0.73
27,60,348,0.73
27,60,350,0.73
27,61,250,0.73
27,61,252,0.73
27,61,254,0.73
27,61,256,0.73
27,61,258,0.73
27,61,260,0.73
27,61,262,0.73
27,61,264,0.73
27,61,266,0.73
27,61,268,0.73
27,61,270,0.73
27,61,272,0.73
27,61,274,0.73
27,61,276,0.73
27,61,278,0.73
27,61,280,0.73
27,61,282,0.73
27,61,284,0.73
27,61,286,0.73
27,61,288,0.73
27,61,290,0.73
27,61,292,0.73
27,61,294,0.73
27,61,296,0.73
27,61,298,0.73
27,61,300,0.73
27,61,302,0.73
27,61,304,0.73
27,61,306,0.73
27,61,308,0.73
27,61,310,0.73
27,61,312,0.73
27,61,314,0.73
27,61,316,0.73
27,61,318,0.73
27,61,320,0.73
27,61,322,0.73
27,61,324,0.73
27,61,326,0.73
27,61,328,0.73
27,61,330,0.73
27,61,332,0.73
27,61,334,0.73
27,61,336,0.73
27,61,338,0.73
27,61,340,0.73
27,61,342,0.73
27,61,344,0.73
27,61,346,0.73
27,61,348,0.73
27,61,350,0.73
27,62,250,0.73
27,62,252,0.73
27,62,254,0.73
27,62,256,0.73
27,62,258,0.73
27,62,260,0.73
27,62,262,0.73
27,62,264,0.73
27,62,266,0.73
27,62,268,0.73
27,62,270,0.73
27,62,272,0.73
27,62,274,0.73
27,62,276,0.73
27,62,278,0.73
27,62,280,0.73
27,62,282,0.73
27,62,284,0.73
27,62,286,0.73
27,62,288,0.73
27,62,290,0.73
27,62,292,0.73
27,62,294,0.73
27,62,296,0.73
27,62,298,0.73
27,62,300,0.73
27,62,302,0.73
27,62,304,0.73
27,62,306,0.73
27,62,308,0.73
27,62,310,0.73
27,62,312,0.73
27,62,314,0.73
27,62,316,0.73
27,62,318,0.73
27,62,320,0.73
27,62,322,0.73
27,62,324,0.73
27,62,326,0.73
27,62,328,0.73
27,62,330,0.73
27,62,332,0.73
27,62,334,0.73
27,62,336,0.73
27,62,338,0.73
27,62,340,0.73
27,62,342,0.73
27,62,344,0.73
27,62,346,0.73
27,62,348,0.73
27,62,350,0.73
27,63,250,0.73
27,63,252,0.73
27,63,254,0.73
27,63,256,0.73
27,63,258,0.73
27,63,260,0.73
27,63,262,0.73
27,63,264,0.73
27,63,266,0.73
27,63,268,0.73
27,63,270,0.73
27,63,272,0.73
27,63,274,0.73
27,63,276,0.73
27,63,278,0.73
27,63,280,0.73
27,63,282,0.73
27,63,284,0.73
27,63,286,0.73
27,63,288,0.73
27,63,290,0.73
27,63,292,0.73
27,63,294,0.73
27,63,296,0.73
27,63,298,0.73
27,63,300,0.73
27,63,302,0.73
27,63,304,0.73
27,63,306,0.73
27,63,308,0.73
27,63,310,0.73
27,63,312,0.73
27,63,314,0.73
27,63,316,0.73
27,63,318,0.73
27,63,320,0.73
27,63,322,0.73
27,63,324,0.73
27,63,326,0.73
27,63,328,0.73
27,63,330,0.73
27,63,332,0.73
27,63,334,0.73
27,63,336,0.73
27,63,338,0.73
27,63,340,0.73
27,63,342,0.73
27,63,344,0.73
27,63,346,0.73
27,63,348,0.73
27,63,350,0.73
27,64,250,0.73
27,64,252,0.73
27,64,254,0.73
27,64,256,0.73
27,64,258,0.73
27,64,260,0.73
27,64,262,0.73
27,64,264,0.73
27,64,266,0.73
27,64,268,0.73
27,64,270,0.73
27,64,272,0.73
27,64,274,0.73
27,64,276,0.73
27,64,278,0.73
27,64,280,0.73
27,64,282,0.73
27,64,284,0.73
27,64,286,0.73
27,64,288,0.73
27,64,290,0.73
27,64,292,0.73
27,64,294,0.73
27,64,296,0.73
27,64,298,0.73
27,64,300,0.73
27,64,302,0.73
27,64,304,0.73
27,64,306,0.73
27,64,308,0.73
27,64,310,0.73
27,64,312,0.73
27,64,314,0.73
27,64,316,0.73
27,64,318,0.73
27,64,320,0.73
27,64,322,0.73
27,64,324,0.73
27,64,326,0.73
27,64,328,0.73
27,64,330,0.73
27,64,332,0.73
27,64,334,0.73
27,64,336,0.73
27,64,338,0.73
27,64,340,0.73
27,64,342,0.73
27,64,344,0.73
27,64,346,0.73
27,64,348,0.73
27,64,350,0.73
27,65,248,0.73
27,65,250,0.73
27,65,252,0.73
27,65,254,0.73
27,65,256,0.73
27,65,258,0.73
27,65,260,0.73
27,65,262,0.73
27,65,264,0.73
27,65,266,0.73
27,65,268,0.73
27,65,270,0.73
27,65,272,0.73
27,65,274,0.73
27,65,276,0.73
27,65,278,0.73
27,65,280,0.73
27,65,282,0.73
27,65,284,0.73
27,65,286,0.73
27,65,288,0.73
27,65,290,0.73
27,65,292,0.73
27,65,294,0.73
27,65,296,0.73
27,65,298,0.73
27,65,300,0.73
27,65,302,0.73
27,65,304,0.73
27,65,306,0.73
27,65,308,0.73
27,65,310,0.73
27,65,312,0.73
27,65,314,0.73
27,65,316,0.73
27,65,318,0.73
27,65,320,0.73
27,65,322,0.73
27,65,324,0.73
27,65,326,0.73
27,65,328,0.73
27,65,330,0.73
27,65,332,0.73
27,65,334,0.73
27,65,336,0.73
27,65,338,0.73
27,65,340,0.73
27,65,342,0.73
27,65,344,0.73
27,65,346,0.73
27,65,348,0.73
27,66,248,0.73
27,66,250,0.73
27,66,252,0.73
27,66,254,0.73
27,66,256,0.73
27,66,258,0.73
27,66,260,0.73
27,66,262,0.73
27,66,264,0.73
27,66,266,0.73
27,66,268,0.73
27,66,270,0.73
27,66,272,0.73
27,66,274,0.73
27,66,276,0.73
27,66,278,0.73
27,66,280,0.73
27,66,282,0.73
27,66,284,0.73
27,66,286,0.73
27,66,288,0.73
27,66,290,0.73
27,66,292,0.73
27,66,294,0.73
27,66,296,0.73
27,66,298,0.73
27,66,300,0.73
27,66,302,0.73
27,66,304,0.73
27,66,306,0.73
27,66,308,0.73
27,66,310,0.73
27,66,312,0.73
27,66,314,0.73
27,66,316,0.73
27,66,318,0.73
27,66,320,0.73
27,66,322,0.73
27,66,324,0.73
27,66,326,0.73
27,66,328,0.73
27,66,330,0.73
27,66,332,0.73
27,66,334,0.73
27,66,336,0.73
27,66,338,0.73
27,66,340,0.73
27,66,342,0.73
27,66,344,0.73
27,66,346,0.73
27,66,348,0.73
27,67,248,0.73
27,67,250,0.73
27,67,252,0.73
27,67,254,0.73
27,67,256,0.73
27,67,258,0.73
27,67,260,0.73
27,67,262,0.73
27,67,264,0.73
27,67,266,0.73
27,67,268,0.73
27,67,270,0.73
27,67,272,0.73
27,67,274,0.73
27,67,276,0.73
27,67,278,0.73
27,67,280,0.73
27,67,282,0.73
27,67,284,0.73
27,67,286,0.73
27,67,288,0.73
27,67,290,0.73
27,67,292,0.73
27,67,294,0.73
27,67,296,0.73
27,67,298,0.73
27,67,300,0.73
27,67,302,0.73
27,67,304,0.73
27,67,306,0.73
27,67,308,0.73
27,67,310,0.73
27,67,312,0.73
27,67,314,0.73
27,67,316,0.73
27,67,318,0.73
27,67,320,0.73
27,67,322,0.73
27,67,324,0.73
27,67,326,0.73
27,67,328,0.73
27,67,330,0.73
27,67,332,0.73
27,67,334,0.73
27,67,336,0.73
27,67,338,0.73
27,67,340,0.73
27,67,342,0.73
27,67,344,0.73
27,67,346,0.73
27,67,348,0.73
27,68,248,0.73
27,68,250,0.73
27,68,252,0.73
27,68,254,0.73
27,68,256,0.73
27,68,258,0.73
27,68,260,0.73
27,68,262,0.73
27,68,264,0.73
27,68,266,0.73
27,68,268,0.73
27,68,270,0.73
27,68,272,0.73
27,68,274,0.73
27,68,276,0.73
27,68,278,0.73
27,68,280,0.73
27,68,282,0.73
27,68,284,0.73
27,68,286,0.73
27,68,288,0.73
27,68,290,0.73
27,68,292,0.73
27,68,294,0.73
27,68,296,0.73
27,68,298,0.73
27,68,300,0.73
27,68,302,0.73
27,68,304,0.73
27,68,306,0.73
27,68,308,0.73
27,68,310,0.73
27,68,312,0.73
27,68,314,0.73
27,68,316,0.73
27,68,318,0.73
27,68,320,0.73
27,68,322,0.73
27,68,324,0.73
27,68,326,0.73
27,68,328,0.73
27,68,330,0.73
27,68,332,0.73
27,68,334,0.73
27,68,336,0.73
27,68,338,0.73
27,68,340,0.73
27,68,342,0.73
27,68,344,0.73
27,68,346,0.73
27,68,348,0.73
27,69,248,0.73
27,69,250,0.73
27,69,252,0.73
27,69,254,0.73
27,69,256,0.73
27,69,258,0.73
27,69,260,0.73
27,69,262,0.73
27,69,264,0.73
27,69,266,0.73
27,69,268,0.73
27,69,270,0.73
27,69,272,0.73
27,69,274,0.73
27,69,276,0.73
27,69,278,0.73
27,69,280,0.73
27,69,282,0.73
27,69,284,0.73
27,69,286,0.73
27,69,288,0.73
27,69,290,0.73
27,69,292,0.73
27,69,294,0.73
27,69,296,0.73
27,69,298,0.73
27,69,300,0.73
27,69,302,0.73
27,69,304,0.73
27,69,306,0.73
27,69,308,0.73
27,69,310,0.73
27,69,312,0.73
27,69,314,0.73
27,69,316,0.73
27,69,318,0.73
27,69,320,0.73
27,69,322,0.73
27,69,324,0.73
27,69,326,0.73
27,69,328,0.73
27,69,330,0.73
27,69,332,0.73
27,69,334,0.73
27,69,336,0.73
27,69,338,0.73
27,69,340,0.73
27,69,342,0.73
27,69,344,0.73
27,69,346,0.73
27,69,348,0.73
27,70,240,0.73
27,70,242,0.73
27,70,244,0.73
27,70,246,0.73
27,70,248,0.73
27,70,250,0.73
27,70,252,0.73
27,70,254,0.73
27,70,256,0.73
27,70,258,0.73
27,70,260,0.73
27,70,262,0.73
27,70,264,0.73
27,70,266,0.73
27,70,268,0.73
27,70,270,0.73
27,70,272,0.73
27,70,274,0.73
27,70,276,0.73
27,70,278,0.73
27,70,280,0.73
27,70,282,0.73
27,70,284,0.73
27,70,286,0.73
27,70,288,0.73
27,70,290,0.73
27,70,292,0.73
27,70,294,0.73
27,70,296,0.73
27,70,298,0.73
27,70,300,0.73
27,70,302,0.73
27,70,304,0.73
27,70,306,0.73
27,70,308,0.73
27,70,310,0.73
27,70,312,0.73
27,70,314,0.73
27,70,316,0.73
27,70,318,0.73
27,70,320,0.73
27,70,322,0.73
27,70,324,0.73
27,70,326,0.73
27,70,328,0.73
27,70,330,0.73
27,70,332,0.73
27,70,334,0.73
27,70,336,0.73
27,70,338,0.73
27,70,340,0.73
27,71,240,0.73
27,71,242,0.73
27,71,244,0.73
27,71,246,0.73
27,71,248,0.73
27,71,250,0.73
27,71,252,0.73
27,71,254,0.73
27,71,256,0.73
27,71,258,0.73
27,71,260,0.73
27,71,262,0.73
27,71,264,0.73
27,71,266,0.73
27,71,268,0.73
27,71,270,0.73
27,71,272,0.73
27,71,274,0.73
27,71,276,0.73
27,71,278,0.73
27,71,280,0.73
27,71,282,0.73
27,71,284,0.73
27,71,286,0.73
27,71,288,0.73
27,71,290,0.73
27,71,292,0.73
27,71,294,0.73
27,71,296,0.73
27,71,298,0.73
27,71,300,0.73
27,71,302,0.73
27,71,304,0.73
27,71,306,0.73
27,71,308,0.73
27,71,310,0.73
27,71,312,0.73
27,71,314,0.73
27,71,316,0.73
27,71,318,0.73
27,71,320,0.73
27,71,322,0.73
27,71,324,0.73
27,71,326,0.73
27,71,328,0.73
27,71,330,0.73
27,71,332,0.73
27,71,334,0.73
27,71,336,0.73
27,71,338,0.73
27,71,340,0.73
27,72,240,0.73
27,72,242,0.73
27,72,244,0.73
27,72,246,0.73
27,72,248,0.73
27,72,250,0.73
27,72,252,0.73
27,72,254,0.73
27,72,256,0.73
27,72,258,0.73
27,72,260,0.73
27,72,262,0.73
27,72,264,0.73
27,72,266,0.73
27,72,268,0.73
27,72,270,0.73
27,72,272,0.73
27,72,274,0.73
27,72,276,0.73
27,72,278,0.73
27,72,280,0.73
27,72,282,0.73
27,72,284,0.73
27,72,286,0.73
27,72,288,0.73
27,72,290,0.73
27,72,292,0.73
27,72,294,0.73
27,72,296,0.73
27,72,298,0.73
27,72,300,0.73
27,72,302,0.73
27,72,304,0.73
27,72,306,0.73
27,72,308,0.73
27,72,310,0.73
27,72,312,0.73
27,72,314,0.73
27,72,316,0.73
27,72,318,0.73
27,72,320,0.73
27,72,322,0.73
27,72,324,0.73
27,72,326,0.73
27,72,328,0.73
27,72,330,0.73
27,72,332,0.73
27,72,334,0.73
27,72,336,0.73
27,72,338,0.73
27,72,340,0.73
27,73,240,0.73
27,73,242,0.73
27,73,244,0.73
27,73,246,0.73
27,73,248,0.73
27,73,250,0.73
27,73,252,0.73
27,73,254,0.73
27,73,256,0.73
27,73,258,0.73
27,73,260,0.73
27,73,262,0.73
27,73,264,0.73
27,73,266,0.73
27,73,268,0.73
27,73,270,0.73
27,73,272,0.73
27,73,274,0.73
27,73,276,0.73
27,73,278,0.73
27,73,280,0.73
27,73,282,0.73
27,73,284,0.73
27,73,286,0.73
27,73,288,0.73
27,73,290,0.73
27,73,292,0.73
27,73,294,0.73
27,73,296,0.73
27,73,298,0.73
27,73,300,0.73
27,73,302,0.73
27,73,304,0.73
27,73,306,0.73
27,73,308,0.73
27,73,310,0.73
27,73,312,0.73
27,73,314,0.73
27,73,316,0.73
27,73,318,0.73
27,73,320,0.73
27,73,322,0.73
27,73,324,0.73
27,73,326,0.73
27,73,328,0.73
27,73,330,0.73
27,73,332,0.73
27,73,334,0.73
27,73,336,0.73
27,73,338,0.73
27,73,340,0.73
27,74,240,0.73
27,74,242,0.73
27,74,244,0.73
27,74,246,0.73
27,74,248,0.73
27,74,250,0.73
27,74,252,0.73
27,74,254,0.73
27,74,256,0.73
27,74,258,0.73
27,74,260,0.73
27,74,262,0.73
27,74,264,0.73
27,74,266,0.73
27,74,268,0.73
27,74,270,0.73
27,74,272,0.73
27,74,274,0.73
27,74,276,0.73
27,74,278,0.73
27,74,280,0.73
27,74,282,0.73
27,74,284,0.73
27,74,286,0.73
27,74,288,0.73
27,74,290,0.73
27,74,292,0.73
27,74,294,0.73
27,74,296,0.73
27,74,298,0.73
27,74,300,0.73
27,74,302,0.73
27,74,304,0.73
27,74,306,0.73
27,74,308,0.73
27,74,310,0.73
27,74,312,0.73
27,74,314,0.73
27,74,316,0.73
27,74,318,0.73
27,74,320,0.73
27,74,322,0.73
27,74,324,0.73
27,74,326,0.73
27,74,328,0.73
27,74,330,0.73
27,74,332,0.73
27,74,334,0.73
27,74,336,0.73
27,74,338,0.73
27,74,340,0.73
27,75,228,0.73
27,75,230,0.73
27,75,232,0.73
27,75,234,0.73
27,75,236,0.73
27,75,238,0.73
27,75,240,0.73
27,75,242,0.73
27,75,244,0.73
27,75,246,0.73
27,75,248,0.73
27,75,250,0.73
27,75,252,0.73
27,75,254,0.73
27,75,256,0.73
27,75,258,0.73
27,75,260,0.73
27,75,262,0.73
27,75,264,0.73
27,75,266,0.73
27,75,268,0.73
27,75,270,0.73
27,75,272,0.73
27,75,274,0.73
27,75,276,0.73
27,75,278,0.73
27,75,280,0.73
27,75,282,0.73
27,75,284,0.73
27,75,286,0.73
27,75,288,0.73
27,75,290,0.73
27,75,292,0.73
27,75,294,0.73
27,75,296,0.73
27,75,298,0.73
27,75,300,0.73
27,75,302,0.73
27,75,304,0.73
27,75,306,0.73
27,75,308,0.73
27,75,310,0.73
27,75,312,0.73
27,75,314,0.73
27,75,316,0.73
27,75,318,0.73
27,75,320,0.73
27,75,322,0.73
27,75,324,0.73
27,75,326,0.73
27,75,328,0.73
27,76,228,0.73
27,76,230,0.73
27,76,232,0.73
27,76,234,0.73
27,76,236,0.73
27,76,238,0.73
27,76,240,0.73
27,76,242,0.73
27,76,244,0.73
27,76,246,0.73
27,76,248,0.73
27,76,250,0.73
27,76,252,0.73
27,76,254,0.73
27,76,256,0.73
27,76,258,0.73
27,76,260,0.73
27,76,262,0.73
27,76,264,0.73
27,76,266,0.73
27,76,268,0.73
27,76,270,0.73
27,76,272,0.73
27,76,274,0.73
27,76,276,0.73
27,76,278,0.73
27,76,280,0.73
27,76,282,0.73
27,76,284,0.73
27,76,286,0.73
27,76,288,0.73
27,76,290,0.73
27,76,292,0.73
27,76,294,0.73
27,76,296,0.73
27,76,298,0.73
27,76,300,0.73
27,76,302,0.73
27,76,304,0.73
27,76,306,0.73
27,76,308,0.73
27,76,310,0.73
27,76,312,0.73
27,76,314,0.73
27,76,316,0.73
27,76,318,0.73
27,76,320,0.73
27,76,322,0.73
27,76,324,0.73
27,76,326,0.73
27,76,328,0.73
27,77,228,0.73
27,77,230,0.73
27,77,232,0.73
27,77,234,0.73
27,77,236,0.73
27,77,238,0.73
27,77,240,0.73
27,77,242,0.73
27,77,244,0.73
27,77,246,0.73
27,77,248,0.73
27,77,250,0.73
27,77,252,0.73
27,77,254,0.73
27,77,256,0.73
27,77,258,0.73
27,77,260,0.73
27,77,262,0.73
27,77,264,0.73
27,77,266,0.73
27,77,268,0.73
27,77,270,0.73
27,77,272,0.73
27,77,274,0.73
27,77,276,0.73
27,77,278,0.73
27,77,280,0.73
27,77,282,0.73
27,77,284,0.73
27,77,286,0.73
27,77,288,0.73
27,77,290,0.73
27,77,292,0.73
27,77,294,0.73
27,77,296,0.73
27,77,298,0.73
27,77,300,0.73
27,77,302,0.73
27,77,304,0.73
27,77,306,0.73
27,77,308,0.73
27,77,310,0.73
27,77,312,0.73
27,77,314,0.73
27,77,316,0.73
27,77,318,0.73
27,77,320,0.73
27,77,322,0.73
27,77,324,0.73
27,77,326,0.73
27,77,328,0.73
27,78,228,0.73
27,78,230,0.73
27,78,232,0.73
27,78,234,0.73
27,78,236,0.73
27,78,238,0.73
27,78,240,0.73
27,78,242,0.73
27,78,244,0.73
27,78,246,0.73
27,78,248,0.73
27,78,250,0.73
27,78,252,0.73
27,78,254,0.73
27,78,256,0.73
27,78,258,0.73
27,78,260,0.73
27,78,262,0.73
27,78,264,0.73
27,78,266,0.73
27,78,268,0.73
27,78,270,0.73
27,78,272,0.73
27,78,274,0.73
27,78,276,0.73
27,78,278,0.73
27,78,280,0.73
27,78,282,0.73
27,78,284,0.73
27,78,286,0.73
27,78,288,0.73
27,78,290,0.73
27,78,292,0.73
27,78,294,0.73
27,78,296,0.73
27,78,298,0.73
27,78,300,0.73
27,78,302,0.73
27,78,304,0.73
27,78,306,0.73
27,78,308,0.73
27,78,310,0.73
27,78,312,0.73
27,78,314,0.73
27,78,316,0.73
27,78,318,0.73
27,78,320,0.73
27,78,322,0.73
27,78,324,0.73
27,78,326,0.73
27,78,328,0.73
27,79,228,0.73
27,79,230,0.73
27,79,232,0.73
27,79,234,0.73
27,79,236,0.73
27,79,238,0.73
27,79,240,0.73
27,79,242,0.73
27,79,244,0.73
27,79,246,0.73
27,79,248,0.73
27,79,250,0.73
27,79,252,0.73
27,79,254,0.73
27,79,256,0.73
27,79,258,0.73
27,79,260,0.73
27,79,262,0.73
27,79,264,0.73
27,79,266,0.73
27,79,268,0.73
27,79,270,0.73
27,79,272,0.73
27,79,274,0.73
27,79,276,0.73
27,79,278,0.73
27,79,280,0.73
27,79,282,0.73
27,79,284,0.73
27,79,286,0.73
27,79,288,0.73
27,79,290,0.73
27,79,292,0.73
27,79,294,0.73
27,79,296,0.73
27,79,298,0.73
27,79,300,0.73
27,79,302,0.73
27,79,304,0.73
27,79,306,0.73
27,79,308,0.73
27,79,310,0.73
27,79,312,0.73
27,79,314,0.73
27,79,316,0.73
27,79,318,0.73
27,79,320,0.73
27,79,322,0.73
27,79,324,0.73
27,79,326,0.73
27,79,328,0.73
27,80,200,0.73
27,80,202,0.73
27,80,204,0.73
27,80,206,0.73
27,80,208,0.73
27,80,210,0.73
27,80,212,0.73
27,80,214,0.73
27,80,216,0.73
27,80,218,0.73
27,80,220,0.73
27,80,222,0.73
27,80,224,0.73
27,80,226,0.73
27,80,228,0.73
27,80,230,0.73
27,80,232,0.73
27,80,234,0.73
27,80,236,0.73
27,80,238,0.73
27,80,240,0.73
27,80,242,0.73
27,80,244,0.73
27,80,246,0.73
27,80,248,0.73
27,80,250,0.73
27,80,252,0.73
27,80,254,0.73
27,80,256,0.73
27,80,258,0.73
27,80,260,0.73
27,80,262,0.73
27,80,264,0.73
27,80,266,0.73
27,80,268,0.73
27,80,270,0.73
27,80,272,0.73
27,80,274,0.73
27,80,276,0.73
27,80,278,0.73
27,80,280,0.73
27,80,282,0.73
27,80,284,0.73
27,80,286,0.73
27,80,288,0.73
27,80,290,0.73
27,80,292,0.73
27,80,294,0.73
27,80,296,0.73
27,80,298,0.73
27,80,300,0.73
27,81,200,0.73
27,81,202,0.73
27,81,204,0.73
27,81,206,0.73
27,81,208,0.73
27,81,210,0.73
27,81,212,0.73
27,81,214,0.73
27,81,216,0.73
27,81,218,0.73
27,81,220,0.73
27,81,222,0.73
27,81,224,0.73
27,81,226,0.73
27,81,228,0.73
27,81,230,0.73
27,81,232,0.73
27,81,234,0.73
27,81,236,0.73
27,81,238,0.73
27,81,240,0.73
27,81,242,0.73
27,81,244,0.73
27,81,246,0.73
27,81,248,0.73
27,81,250,0.73
27,81,252,0.73
27,81,254,0.73
27,81,256,0.73
27,81,258,0.73
27,81,260,0.73
27,81,262,0.73
27,81,264,0.73
27,81,266,0.73
27,81,268,0.73
27,81,270,0.73
27,81,272,0.73
27,81,274,0.73
27,81,276,0.73
27,81,278,0.73
27,81,280,0.73
27,81,282,0.73
27,81,284,0.73
27,81,286,0.73
27,81,288,0.73
27,81,290,0.73
27,81,292,0.73
27,81,294,0.73
27,81,296,0.73
27,81,298,0.73
27,81,300,0.73
27,82,200,0.73
27,82,202,0.73
27,82,204,0.73
27,82,206,0.73
27,82,208,0.73
27,82,210,0.73
27,82,212,0.73
27,82,214,0.73
27,82,216,0.73
27,82,218,0.73
27,82,220,0.73
27,82,222,0.73
27,82,224,0.73
27,82,226,0.73
27,82,228,0.73
27,82,230,0.73
27,82,232,0.73
27,82,234,0.73
27,82,236,0.73
27,82,238,0.73
27,82,240,0.73
27,82,242,0.73
27,82,244,0.73
27,82,246,0.73
27,82,248,0.73
27,82,250,0.73
27,82,252,0.73
27,82,254,0.73
27,82,256,0.73
27,82,258,0.73
27,82,260,0.73
27,82,262,0.73
27,82,264,0.73
27,82,266,0.73
27,82,268,0.73
27,82,270,0.73
27,82,272,0.73
27,82,274,0.73
27,82,276,0.73
27,82,278,0.73
27,82,280,0.73
27,82,282,0.73
27,82,284,0.73
27,82,286,0.73
27,82,288,0.73
27,82,290,0.73
27,82,292,0.73
27,82,294,0.73
27,82,296,0.73
27,82,298,0.73
27,82,300,0.73
27,83,200,0.73
27,83,202,0.73
27,83,204,0.73
27,83,206,0.73
27,83,208,0.73
27,83,210,0.73
27,83,212,0.73
27,83,214,0.73
27,83,216,0.73
27,83,218,0.73
27,83,220,0.73
27,83,222,0.73
27,83,224,0.73
27,83,226,0.73
27,83,228,0.73
27,83,230,0.73
27,83,232,0.73
27,83,234,0.73
27,83,236,0.73
27,83,238,0.73
27,83,240,0.73
27,83,242,0.73
27,83,244,0.73
27,83,246,0.73
27,83,248,0.73
27,83,250,0.73
27,83,252,0.73
27,83,254,0.73
27,83,256,0.73
27,83,258,0.73
27,83,260,0.73
27,83,262,0.73
27,83,264,0.73
27,83,266,0.73
27,83,268,0.73
27,83,270,0.73
27,83,272,0.73
27,83,274,0.73
27,83,276,0.73
27,83,278,0.73
27,83,280,0.73
27,83,282,0.73
27,83,284,0.73
27,83,286,0.73
27,83,288,0.73
27,83,290,0.73
27,83,292,0.73
27,83,294,0.73
27,83,296,0.73
27,83,298,0.73
27,83,300,0.73
27,84,200,0.73
27,84,202,0.73
27,84,204,0.73
27,84,206,0.73
27,84,208,0.73
27,84,210,0.73
27,84,212,0.73
27,84,214,0.73
27,84,216,0.73
27,84,218,0.73
27,84,220,0.73
27,84,222,0.73
27,84,224,0.73
27,84,226,0.73
27,84,228,0.73
27,84,230,0.73
27,84,232,0.73
27,84,234,0.73
27,84,236,0.73
27,84,238,0.73
27,84,240,0.73
27,84,242,0.73
27,84,244,0.73
27,84,246,0.73
27,84,248,0.73
27,84,250,0.73
27,84,252,0.73
27,84,254,0.73
27,84,256,0.73
27,84,258,0.73
27,84,260,0.73
27,84,262,0.73
27,84,264,0.73
27,84,266,0.73
27,84,268,0.73
27,84,270,0.73
27,84,272,0.73
27,84,274,0.73
27,84,276,0.73
27,84,278,0.73
27,84,280,0.73
27,84,282,0.73
27,84,284,0.73
27,84,286,0.73
27,84,288,0.73
27,84,290,0.73
27,84,292,0.73
27,84,294,0.73
27,84,296,0.73
27,84,298,0.73
27,84,300,0.73
27,85,232,0.73
27,85,234,0.73
27,85,236,0.73
27,85,238,0.73
27,85,240,0.73
27,85,242,0.73
27,85,244,0.73
27,85,246,0.73
27,85,248,0.73
27,85,250,0.73
27,85,252,0.73
27,85,254,0.73
27,85,256,0.73
27,85,258,0.73
27,85,260,0.73
27,85,262,0.73
27,85,264,0.73
27,85,266,0.73
27,85,268,0.73
27,85,270,0.73
27,85,272,0.73
27,85,274,0.73
27,85,276,0.73
27,85,278,0.73
27,85,280,0.73
27,85,282,0.73
27,85,284,0.73
27,85,286,0.73
27,85,288,0.73
27,85,290,0.73
27,85,292,0.73
27,85,294,0.73
27,85,296,0.73
27,85,298,0.73
27,85,300,0.73
27,85,302,0.73
27,85,304,0.73
27,85,306,0.73
27,85,308,0.73
27,85,310,0.73
27,85,312,0.73
27,85,314,0.73
27,85,316,0.73
27,85,318,0.73
27,85,320,0.73
27,85,322,0.73
27,85,324,0.73
27,85,326,0.73
27,85,328,0.73
27,85,330,0.73
27,85,332,0.73
27,86,232,0.73
27,86,234,0.73
27,86,236,0.73
27,86,238,0.73
27,86,240,0.73
27,86,242,0.73
27,86,244,0.73
27,86,246,0.73
27,86,248,0.73
27,86,250,0.73
27,86,252,0.73
27,86,254,0.73
27,86,256,0.73
27,86,258,0.73
27,86,260,0.73
27,86,262,0.73
27,86,264,0.73
27,86,266,0.73
27,86,268,0.73
27,86,270,0.73
27,86,272,0.73
27,86,274,0.73
27,86,276,0.73
27,86,278,0.73
27,86,280,0.73
27,86,282,0.73
27,86,284,0.73
27,86,286,0.73
27,86,288,0.73
27,86,290,0.73
27,86,292,0.73
27,86,294,0.73
27,86,296,0.73
27,86,298,0.73
27,86,300,0.73
27,86,302,0.73
27,86,304,0.73
27,86,306,0.73
27,86,308,0.73
27,86,310,0.73
27,86,312,0.73
27,86,314,0.73
27,86,316,0.73
27,86,318,0.73
27,86,320,0.73
27,86,322,0.73
27,86,324,0.73
27,86,326,0.73
27,86,328,0.73
27,86,330,0.73
27,86,332,0.73
27,87,232,0.73
27,87,234,0.73
27,87,236,0.73
27,87,238,0.73
27,87,240,0.73
27,87,242,0.73
27,87,244,0.73
27,87,246,0.73
27,87,248,0.73
27,87,250,0.73
27,87,252,0.73
27,87,254,0.73
27,87,256,0.73
27,87,258,0.73
27,87,260,0.73
27,87,262,0.73
27,87,264,0.73
27,87,266,0.73
27,87,268,0.73
27,87,270,0.73
27,87,272,0.73
27,87,274,0.73
27,87,276,0.73
27,87,278,0.73
27,87,280,0.73
27,87,282,0.73
27,87,284,0.73
27,87,286,0.73
27,87,288,0.73
27,87,290,0.73
27,87,292,0.73
27,87,294,0.73
27,87,296,0.73
27,87,298,0.73
27,87,300,0.73
27,87,302,0.73
27,87,304,0.73
27,87,306,0.73
27,87,308,0.73
27,87,310,0.73
27,87,312,0.73
27,87,314,0.73
27,87,316,0.73
27,87,318,0.73
27,87,320,0.73
27,87,322,0.73
27,87,324,0.73
27,87,326,0.73
27,87,328,0.73
27,87,330,0.73
27,87,332,0.73
27,88,232,0.73
27,88,234,0.73
27,88,236,0.73
27,88,238,0.73
27,88,240,0.73
27,88,242,0.73
27,88,244,0.73
27,88,246,0.73
27,88,248,0.73
27,88,250,0.73
27,88,252,0.73
27,88,254,0.73
27,88,256,0.73
27,88,258,0.73
27,88,260,0.73
27,88,262,0.73
27,88,264,0.73
27,88,266,0.73
27,88,268,0.73
27,88,270,0.73
27,88,272,0.73
27,88,274,0.73
27,88,276,0.73
27,88,278,0.73
27,88,280,0.73
27,88,282,0.73
27,88,284,0.73
27,88,286,0.73
27,88,288,0.73
27,88,290,0.73
27,88,292,0.73
27,88,294,0.73
27,88,296,0.73
27,88,298,0.73
27,88,300,0.73
27,88,302,0.73
27,88,304,0.73
27,88,306,0.73
27,88,308,0.73
27,88,310,0.73
27,88,312,0.73
27,88,314,0.73
27,88,316,0.73
27,88,318,0.73
27,88,320,0.73
27,88,322,0.73
27,88,324,0.73
27,88,326,0.73
27,88,328,0.73
27,88,330,0.73
27,88,332,0.73
27,89,232,0.73
27,89,234,0.73
27,89,236,0.73
27,89,238,0.73
27,89,240,0.73
27,89,242,0.73
27,89,244,0.73
27,89,246,0.73
27,89,248,0.73
27,89,250,0.73
27,89,252,0.73
27,89,254,0.73
27,89,256,0.73
27,89,258,0.73
27,89,260,0.73
27,89,262,0.73
27,89,264,0.73
27,89,266,0.73
27,89,268,0.73
27,89,270,0.73
27,89,272,0.73
27,89,274,0.73
27,89,276,0.73
27,89,278,0.73
27,89,280,0.73
27,89,282,0.73
27,89,284,0.73
27,89,286,0.73
27,89,288,0.73
27,89,290,0.73
27,89,292,0.73
27,89,294,0.73
27,89,296,0.73
27,89,298,0.73
27,89,300,0.73
27,89,302,0.73
27,89,304,0.73
27,89,306,0.73
27,89,308,0.73
27,89,310,0.73
27,89,312,0.73
27,89,314,0.73
27,89,316,0.73
27,89,318,0.73
27,89,320,0.73
27,89,322,0.73
27,89,324,0.73
27,89,326,0.73
27,89,328,0.73
27,89,330,0.73
27,89,332,0.73
27,35,228,0.74
27,35,230,0.74
27,35,232,0.74
27,35,234,0.74
27,35,236,0.74
27,35,238,0.74
27,35,240,0.74
27,35,242,0.74
27,35,244,0.74
27,35,246,0.74
27,35,248,0.74
27,35,250,0.74
27,35,252,0.74
27,35,254,0.74
27,35,256,0.74
27,35,258,0.74
27,35,260,0.74
27,35,262,0.74
27,35,264,0.74
27,35,266,0.74
27,35,268,0.74
27,35,270,0.74
27,35,272,0.74
27,35,274,0.74
27,35,276,0.74
27,35,278,0.74
27,35,280,0.74
27,35,282,0.74
27,35,284,0.74
27,35,286,0.74
27,35,288,0.74
27,35,290,0.74
27,35,292,0.74
27,35,294,0.74
27,35,296,0.74
27,35,298,0.74
27,35,300,0.74
27,35,302,0.74
27,35,304,0.74
27,35,306,0.74
27,35,308,0.74
27,35,310,0.74
27,35,312,0.74
27,35,314,0.74
27,35,316,0.74
27,35,318,0.74
27,35,320,0.74
27,35,322,0.74
27,35,324,0.74
27,35,326,0.74
27,35,328,0.74
27,36,228,0.74
27,36,230,0.74
27,36,232,0.74
27,36,234,0.74
27,36,236,0.74
27,36,238,0.74
27,36,240,0.74
27,36,242,0.74
27,36,244,0.74
27,36,246,0.74
27,36,248,0.74
27,36,250,0.74
27,36,252,0.74
27,36,254,0.74
27,36,256,0.74
27,36,258,0.74
27,36,260,0.74
27,36,262,0.74
27,36,264,0.74
27,36,266,0.74
27,36,268,0.74
27,36,270,0.74
27,36,272,0.74
27,36,274,0.74
27,36,276,0.74
27,36,278,0.74
27,36,280,0.74
27,36,282,0.74
27,36,284,0.74
27,36,286,0.74
27,36,288,0.74
27,36,290,0.74
27,36,292,0.74
27,36,294,0.74
27,36,296,0.74
27,36,298,0.74
27,36,300,0.74
27,36,302,0.74
27,36,304,0.74
27,36,306,0.74
27,36,308,0.74
27,36,310,0.74
27,36,312,0.74
27,36,314,0.74
27,36,316,0.74
27,36,318,0.74
27,36,320,0.74
27,36,322,0.74
27,36,324,0.74
27,36,326,0.74
27,36,328,0.74
27,37,228,0.74
27,37,230,0.74
27,37,232,0.74
27,37,234,0.74
27,37,236,0.74
27,37,238,0.74
27,37,240,0.74
27,37,242,0.74
27,37,244,0.74
27,37,246,0.74
27,37,248,0.74
27,37,250,0.74
27,37,252,0.74
27,37,254,0.74
27,37,256,0.74
27,37,258,0.74
27,37,260,0.74
27,37,262,0.74
27,37,264,0.74
27,37,266,0.74
27,37,268,0.74
27,37,270,0.74
27,37,272,0.74
27,37,274,0.74
27,37,276,0.74
27,37,278,0.74
27,37,280,0.74
27,37,282,0.74
27,37,284,0.74
27,37,286,0.74
27,37,288,0.74
27,37,290,0.74
27,37,292,0.74
27,37,294,0.74
27,37,296,0.74
27,37,298,0.74
27,37,300,0.74
27,37,302,0.74
27,37,304,0.74
27,37,306,0.74
27,37,308,0.74
27,37,310,0.74
27,37,312,0.74
27,37,314,0.74
27,37,316,0.74
27,37,318,0.74
27,37,320,0.74
27,37,322,0.74
27,37,324,0.74
27,37,326,0.74
27,37,328,0.74
27,38,228,0.74
27,38,230,0.74
27,38,232,0.74
27,38,234,0.74
27,38,236,0.74
27,38,238,0.74
27,38,240,0.74
27,38,242,0.74
27,38,244,0.74
27,38,246,0.74
27,38,248,0.74
27,38,250,0.74
27,38,252,0.74
27,38,254,0.74
27,38,256,0.74
27,38,258,0.74
27,38,260,0.74
27,38,262,0.74
27,38,264,0.74
27,38,266,0.74
27,38,268,0.74
27,38,270,0.74
27,38,272,0.74
27,38,274,0.74
27,38,276,0.74
27,38,278,0.74
27,38,280,0.74
27,38,282,0.74
27,38,284,0.74
27,38,286,0.74
27,38,288,0.74
27,38,290,0.74
27,38,292,0.74
27,38,294,0.74
27,38,296,0.74
27,38,298,0.74
27,38,300,0.74
27,38,302,0.74
27,38,304,0.74
27,38,306,0.74
27,38,308,0.74
27,38,310,0.74
27,38,312,0.74
27,38,314,0.74
27,38,316,0.74
27,38,318,0.74
27,38,320,0.74
27,38,322,0.74
27,38,324,0.74
27,38,326,0.74
27,38,328,0.74
27,39,228,0.74
27,39,230,0.74
27,39,232,0.74
27,39,234,0.74
27,39,236,0.74
27,39,238,0.74
27,39,240,0.74
27,39,242,0.74
27,39,244,0.74
27,39,246,0.74
27,39,248,0.74
27,39,250,0.74
27,39,252,0.74
27,39,254,0.74
27,39,256,0.74
27,39,258,0.74
27,39,260,0.74
27,39,262,0.74
27,39,264,0.74
27,39,266,0.74
27,39,268,0.74
27,39,270,0.74
27,39,272,0.74
27,39,274,0.74
27,39,276,0.74
27,39,278,0.74
27,39,280,0.74
27,39,282,0.74
27,39,284,0.74
27,39,286,0.74
27,39,288,0.74
27,39,290,0.74
27,39,292,0.74
27,39,294,0.74
27,39,296,0.74
27,39,298,0.74
27,39,300,0.74
27,39,302,0.74
27,39,304,0.74
27,39,306,0.74
27,39,308,0.74
27,39,310,0.74
27,39,312,0.74
27,39,314,0.74
27,39,316,0.74
27,39,318,0.74
27,39,320,0.74
27,39,322,0.74
27,39,324,0.74
27,39,326,0.74
27,39,328,0.74
27,40,216,0.74
27,40,218,0.74
27,40,220,0.74
27,40,222,0.74
27,40,224,0.74
27,40,226,0.74
27,40,228,0.74
27,40,230,0.74
27,40,232,0.74
27,40,234,0.74
27,40,236,0.74
27,40,238,0.74
27,40,240,0.74
27,40,242,0.74
27,40,244,0.74
27,40,246,0.74
27,40,248,0.74
27,40,250,0.74
27,40,252,0.74
27,40,254,0.74
27,40,256,0.74
27,40,258,0.74
27,40,260,0.74
27,40,262,0.74
27,40,264,0.74
27,40,266,0.74
27,40,268,0.74
27,40,270,0.74
27,40,272,0.74
27,40,274,0.74
27,40,276,0.74
27,40,278,0.74
27,40,280,0.74
27,40,282,0.74
27,40,284,0.74
27,40,286,0.74
27,40,288,0.74
27,40,290,0.74
27,40,292,0.74
27,40,294,0.74
27,40,296,0.74
27,40,298,0.74
27,40,300,0.74
27,40,302,0.74
27,40,304,0.74
27,40,306,0.74
27,40,308,0.74
27,40,310,0.74
27,40,312,0.74
27,40,314,0.74
27,40,316,0.74
27,41,216,0.74
27,41,218,0.74
27,41,220,0.74
27,41,222,0.74
27,41,224,0.74
27,41,226,0.74
27,41,228,0.74
27,41,230,0.74
27,41,232,0.74
