25,42,264,0.73
25,42,266,0.73
25,42,268,0.73
25,42,270,0.73
25,42,272,0.73
25,42,274,0.73
25,42,276,0.73
25,42,278,0.73
25,42,280,0.73
25,42,282,0.73
25,42,284,0.73
25,42,286,0.73
25,42,288,0.73
25,42,290,0.73
25,42,292,0.73
25,42,294,0.73
25,42,296,0.73
25,42,298,0.73
25,43,198,0.73
25,43,200,0.73
25,43,202,0.73
25,43,204,0.73
25,43,206,0.73
25,43,208,0.73
25,43,210,0.73
25,43,212,0.73
25,43,214,0.73
25,43,216,0.73
25,43,218,0.73
25,43,220,0.73
25,43,222,0.73
25,43,224,0.73
25,43,226,0.73
25,43,228,0.73
25,43,230,0.73
25,43,232,0.73
25,43,234,0.73
25,43,236,0.73
25,43,238,0.73
25,43,240,0.73
25,43,242,0.73
25,43,244,0.73
25,43,246,0.73
25,43,248,0.73
25,43,250,0.73
25,43,252,0.73
25,43,254,0.73
25,43,256,0.73
25,43,258,0.73
25,43,260,0.73
25,43,262,0.73
25,43,264,0.73
25,43,266,0.73
25,43,268,0.73
25,43,270,0.73
25,43,272,0.73
25,43,274,0.73
25,43,276,0.73
25,43,278,0.73
25,43,280,0.73
25,43,282,0.73
25,43,284,0.73
25,43,286,0.73
25,43,288,0.73
25,43,290,0.73
25,43,292,0.73
25,43,294,0.73
25,43,296,0.73
25,43,298,0.73
25,44,198,0.73
25,44,200,0.73
25,44,202,0.73
25,44,204,0.73
25,44,206,0.73
25,44,208,0.73
25,44,210,0.73
25,44,212,0.73
25,44,214,0.73
25,44,216,0.73
25,44,218,0.73
25,44,220,0.73
25,44,222,0.73
25,44,224,0.73
25,44,226,0.73
25,44,228,0.73
25,44,230,0.73
25,44,232,0.73
25,44,234,0.73
25,44,236,0.73
25,44,238,0.73
25,44,240,0.73
25,44,242,0.73
25,44,244,0.73
25,44,246,0.73
25,44,248,0.73
25,44,250,0.73
25,44,252,0.73
25,44,254,0.73
25,44,256,0.73
25,44,258,0.73
25,44,260,0.73
25,44,262,0.73
25,44,264,0.73
25,44,266,0.73
25,44,268,0.73
25,44,270,0.73
25,44,272,0.73
25,44,274,0.73
25,44,276,0.73
25,44,278,0.73
25,44,280,0.73
25,44,282,0.73
25,44,284,0.73
25,44,286,0.73
25,44,288,0.73
25,44,290,0.73
25,44,292,0.73
25,44,294,0.73
25,44,296,0.73
25,44,298,0.73
25,45,192,0.73
25,45,194,0.73
25,45,196,0.73
25,45,198,0.73
25,45,200,0.73
25,45,202,0.73
25,45,204,0.73
25,45,206,0.73
25,45,208,0.73
25,45,210,0.73
25,45,212,0.73
25,45,214,0.73
25,45,216,0.73
25,45,218,0.73
25,45,220,0.73
25,45,222,0.73
25,45,224,0.73
25,45,226,0.73
25,45,228,0.73
25,45,230,0.73
25,45,232,0.73
25,45,234,0.73
25,45,236,0.73
25,45,238,0.73
25,45,240,0.73
25,45,242,0.73
25,45,244,0.73
25,45,246,0.73
25,45,248,0.73
25,45,250,0.73
25,45,252,0.73
25,45,254,0.73
25,45,256,0.73
25,45,258,0.73
25,45,260,0.73
25,45,262,0.73
25,45,264,0.73
25,45,266,0.73
25,45,268,0.73
25,45,270,0.73
25,45,272,0.73
25,45,274,0.73
25,45,276,0.73
25,45,278,0.73
25,45,280,0.73
25,45,282,0.73
25,45,284,0.73
25,45,286,0.73
25,45,288,0.73
25,45,290,0.73
25,45,292,0.73
25,46,192,0.73
25,46,194,0.73
25,46,196,0.73
25,46,198,0.73
25,46,200,0.73
25,46,202,0.73
25,46,204,0.73
25,46,206,0.73
25,46,208,0.73
25,46,210,0.73
25,46,212,0.73
25,46,214,0.73
25,46,216,0.73
25,46,218,0.73
25,46,220,0.73
25,46,222,0.73
25,46,224,0.73
25,46,226,0.73
25,46,228,0.73
25,46,230,0.73
25,46,232,0.73
25,46,234,0.73
25,46,236,0.73
25,46,238,0.73
25,46,240,0.73
25,46,242,0.73
25,46,244,0.73
25,46,246,0.73
25,46,248,0.73
25,46,250,0.73
25,46,252,0.73
25,46,254,0.73
25,46,256,0.73
25,46,258,0.73
25,46,260,0.73
25,46,262,0.73
25,46,264,0.73
25,46,266,0.73
25,46,268,0.73
25,46,270,0.73
25,46,272,0.73
25,46,274,0.73
25,46,276,0.73
25,46,278,0.73
25,46,280,0.73
25,46,282,0.73
25,46,284,0.73
25,46,286,0.73
25,46,288,0.73
25,46,290,0.73
25,46,292,0.73
25,47,192,0.73
25,47,194,0.73
25,47,196,0.73
25,47,198,0.73
25,47,200,0.73
25,47,202,0.73
25,47,204,0.73
25,47,206,0.73
25,47,208,0.73
25,47,210,0.73
25,47,212,0.73
25,47,214,0.73
25,47,216,0.73
25,47,218,0.73
25,47,220,0.73
25,47,222,0.73
25,47,224,0.73
25,47,226,0.73
25,47,228,0.73
25,47,230,0.73
25,47,232,0.73
25,47,234,0.73
25,47,236,0.73
25,47,238,0.73
25,47,240,0.73
25,47,242,0.73
25,47,244,0.73
25,47,246,0.73
25,47,248,0.73
25,47,250,0.73
25,47,252,0.73
25,47,254,0.73
25,47,256,0.73
25,47,258,0.73
25,47,260,0.73
25,47,262,0.73
25,47,264,0.73
25,47,266,0.73
25,47,268,0.73
25,47,270,0.73
25,47,272,0.73
25,47,274,0.73
25,47,276,0.73
25,47,278,0.73
25,47,280,0.73
25,47,282,0.73
25,47,284,0.73
25,47,286,0.73
25,47,288,0.73
25,47,290,0.73
25,47,292,0.73
25,48,192,0.73
25,48,194,0.73
25,48,196,0.73
25,48,198,0.73
25,48,200,0.73
25,48,202,0.73
25,48,204,0.73
25,48,206,0.73
25,48,208,0.73
25,48,210,0.73
25,48,212,0.73
25,48,214,0.73
25,48,216,0.73
25,48,218,0.73
25,48,220,0.73
25,48,222,0.73
25,48,224,0.73
25,48,226,0.73
25,48,228,0.73
25,48,230,0.73
25,48,232,0.73
25,48,234,0.73
25,48,236,0.73
25,48,238,0.73
25,48,240,0.73
25,48,242,0.73
25,48,244,0.73
25,48,246,0.73
25,48,248,0.73
25,48,250,0.73
25,48,252,0.73
25,48,254,0.73
25,48,256,0.73
25,48,258,0.73
25,48,260,0.73
25,48,262,0.73
25,48,264,0.73
25,48,266,0.73
25,48,268,0.73
25,48,270,0.73
25,48,272,0.73
25,48,274,0.73
25,48,276,0.73
25,48,278,0.73
25,48,280,0.73
25,48,282,0.73
25,48,284,0.73
25,48,286,0.73
25,48,288,0.73
25,48,290,0.73
25,48,292,0.73
25,49,192,0.73
25,49,194,0.73
25,49,196,0.73
25,49,198,0.73
25,49,200,0.73
25,49,202,0.73
25,49,204,0.73
25,49,206,0.73
25,49,208,0.73
25,49,210,0.73
25,49,212,0.73
25,49,214,0.73
25,49,216,0.73
25,49,218,0.73
25,49,220,0.73
25,49,222,0.73
25,49,224,0.73
25,49,226,0.73
25,49,228,0.73
25,49,230,0.73
25,49,232,0.73
25,49,234,0.73
25,49,236,0.73
25,49,238,0.73
25,49,240,0.73
25,49,242,0.73
25,49,244,0.73
25,49,246,0.73
25,49,248,0.73
25,49,250,0.73
25,49,252,0.73
25,49,254,0.73
25,49,256,0.73
25,49,258,0.73
25,49,260,0.73
25,49,262,0.73
25,49,264,0.73
25,49,266,0.73
25,49,268,0.73
25,49,270,0.73
25,49,272,0.73
25,49,274,0.73
25,49,276,0.73
25,49,278,0.73
25,49,280,0.73
25,49,282,0.73
25,49,284,0.73
25,49,286,0.73
25,49,288,0.73
25,49,290,0.73
25,49,292,0.73
25,50,206,0.73
25,50,208,0.73
25,50,210,0.73
25,50,212,0.73
25,50,214,0.73
25,50,216,0.73
25,50,218,0.73
25,50,220,0.73
25,50,222,0.73
25,50,224,0.73
25,50,226,0.73
25,50,228,0.73
25,50,230,0.73
25,50,232,0.73
25,50,234,0.73
25,50,236,0.73
25,50,238,0.73
25,50,240,0.73
25,50,242,0.73
25,50,244,0.73
25,50,246,0.73
25,50,248,0.73
25,50,250,0.73
25,50,252,0.73
25,50,254,0.73
25,50,256,0.73
25,50,258,0.73
25,50,260,0.73
25,50,262,0.73
25,50,264,0.73
25,50,266,0.73
25,50,268,0.73
25,50,270,0.73
25,50,272,0.73
25,50,274,0.73
25,50,276,0.73
25,50,278,0.73
25,50,280,0.73
25,50,282,0.73
25,50,284,0.73
25,50,286,0.73
25,50,288,0.73
25,50,290,0.73
25,50,292,0.73
25,50,294,0.73
25,50,296,0.73
25,50,298,0.73
25,50,300,0.73
25,50,302,0.73
25,50,304,0.73
25,50,306,0.73
25,51,206,0.73
25,51,208,0.73
25,51,210,0.73
25,51,212,0.73
25,51,214,0.73
25,51,216,0.73
25,51,218,0.73
25,51,220,0.73
25,51,222,0.73
25,51,224,0.73
25,51,226,0.73
25,51,228,0.73
25,51,230,0.73
25,51,232,0.73
25,51,234,0.73
25,51,236,0.73
25,51,238,0.73
25,51,240,0.73
25,51,242,0.73
25,51,244,0.73
25,51,246,0.73
25,51,248,0.73
25,51,250,0.73
25,51,252,0.73
25,51,254,0.73
25,51,256,0.73
25,51,258,0.73
25,51,260,0.73
25,51,262,0.73
25,51,264,0.73
25,51,266,0.73
25,51,268,0.73
25,51,270,0.73
25,51,272,0.73
25,51,274,0.73
25,51,276,0.73
25,51,278,0.73
25,51,280,0.73
25,51,282,0.73
25,51,284,0.73
25,51,286,0.73
25,51,288,0.73
25,51,290,0.73
25,51,292,0.73
25,51,294,0.73
25,51,296,0.73
25,51,298,0.73
25,51,300,0.73
25,51,302,0.73
25,51,304,0.73
25,51,306,0.73
25,52,206,0.73
25,52,208,0.73
25,52,210,0.73
25,52,212,0.73
25,52,214,0.73
25,52,216,0.73
25,52,218,0.73
25,52,220,0.73
25,52,222,0.73
25,52,224,0.73
25,52,226,0.73
25,52,228,0.73
25,52,230,0.73
25,52,232,0.73
25,52,234,0.73
25,52,236,0.73
25,52,238,0.73
25,52,240,0.73
25,52,242,0.73
25,52,244,0.73
25,52,246,0.73
25,52,248,0.73
25,52,250,0.73
25,52,252,0.73
25,52,254,0.73
25,52,256,0.73
25,52,258,0.73
25,52,260,0.73
25,52,262,0.73
25,52,264,0.73
25,52,266,0.73
25,52,268,0.73
25,52,270,0.73
25,52,272,0.73
25,52,274,0.73
25,52,276,0.73
25,52,278,0.73
25,52,280,0.73
25,52,282,0.73
25,52,284,0.73
25,52,286,0.73
25,52,288,0.73
25,52,290,0.73
25,52,292,0.73
25,52,294,0.73
25,52,296,0.73
25,52,298,0.73
25,52,300,0.73
25,52,302,0.73
25,52,304,0.73
25,52,306,0.73
25,53,206,0.73
25,53,208,0.73
25,53,210,0.73
25,53,212,0.73
25,53,214,0.73
25,53,216,0.73
25,53,218,0.73
25,53,220,0.73
25,53,222,0.73
25,53,224,0.73
25,53,226,0.73
25,53,228,0.73
25,53,230,0.73
25,53,232,0.73
25,53,234,0.73
25,53,236,0.73
25,53,238,0.73
25,53,240,0.73
25,53,242,0.73
25,53,244,0.73
25,53,246,0.73
25,53,248,0.73
25,53,250,0.73
25,53,252,0.73
25,53,254,0.73
25,53,256,0.73
25,53,258,0.73
25,53,260,0.73
25,53,262,0.73
25,53,264,0.73
25,53,266,0.73
25,53,268,0.73
25,53,270,0.73
25,53,272,0.73
25,53,274,0.73
25,53,276,0.73
25,53,278,0.73
25,53,280,0.73
25,53,282,0.73
25,53,284,0.73
25,53,286,0.73
25,53,288,0.73
25,53,290,0.73
25,53,292,0.73
25,53,294,0.73
25,53,296,0.73
25,53,298,0.73
25,53,300,0.73
25,53,302,0.73
25,53,304,0.73
25,53,306,0.73
25,54,206,0.73
25,54,208,0.73
25,54,210,0.73
25,54,212,0.73
25,54,214,0.73
25,54,216,0.73
25,54,218,0.73
25,54,220,0.73
25,54,222,0.73
25,54,224,0.73
25,54,226,0.73
25,54,228,0.73
25,54,230,0.73
25,54,232,0.73
25,54,234,0.73
25,54,236,0.73
25,54,238,0.73
25,54,240,0.73
25,54,242,0.73
25,54,244,0.73
25,54,246,0.73
25,54,248,0.73
25,54,250,0.73
25,54,252,0.73
25,54,254,0.73
25,54,256,0.73
25,54,258,0.73
25,54,260,0.73
25,54,262,0.73
25,54,264,0.73
25,54,266,0.73
25,54,268,0.73
25,54,270,0.73
25,54,272,0.73
25,54,274,0.73
25,54,276,0.73
25,54,278,0.73
25,54,280,0.73
25,54,282,0.73
25,54,284,0.73
25,54,286,0.73
25,54,288,0.73
25,54,290,0.73
25,54,292,0.73
25,54,294,0.73
25,54,296,0.73
25,54,298,0.73
25,54,300,0.73
25,54,302,0.73
25,54,304,0.73
25,54,306,0.73
25,55,198,0.73
25,55,200,0.73
25,55,202,0.73
25,55,204,0.73
25,55,206,0.73
25,55,208,0.73
25,55,210,0.73
25,55,212,0.73
25,55,214,0.73
25,55,216,0.73
25,55,218,0.73
25,55,220,0.73
25,55,222,0.73
25,55,224,0.73
25,55,226,0.73
25,55,228,0.73
25,55,230,0.73
25,55,232,0.73
25,55,234,0.73
25,55,236,0.73
25,55,238,0.73
25,55,240,0.73
25,55,242,0.73
25,55,244,0.73
25,55,246,0.73
25,55,248,0.73
25,55,250,0.73
25,55,252,0.73
25,55,254,0.73
25,55,256,0.73
25,55,258,0.73
25,55,260,0.73
25,55,262,0.73
25,55,264,0.73
25,55,266,0.73
25,55,268,0.73
25,55,270,0.73
25,55,272,0.73
25,55,274,0.73
25,55,276,0.73
25,55,278,0.73
25,55,280,0.73
25,55,282,0.73
25,55,284,0.73
25,55,286,0.73
25,55,288,0.73
25,55,290,0.73
25,55,292,0.73
25,55,294,0.73
25,55,296,0.73
25,55,298,0.73
25,56,198,0.73
25,56,200,0.73
25,56,202,0.73
25,56,204,0.73
25,56,206,0.73
25,56,208,0.73
25,56,210,0.73
25,56,212,0.73
25,56,214,0.73
25,56,216,0.73
25,56,218,0.73
25,56,220,0.73
25,56,222,0.73
25,56,224,0.73
25,56,226,0.73
25,56,228,0.73
25,56,230,0.73
25,56,232,0.73
25,56,234,0.73
25,56,236,0.73
25,56,238,0.73
25,56,240,0.73
25,56,242,0.73
25,56,244,0.73
25,56,246,0.73
25,56,248,0.73
25,56,250,0.73
25,56,252,0.73
25,56,254,0.73
25,56,256,0.73
25,56,258,0.73
25,56,260,0.73
25,56,262,0.73
25,56,264,0.73
25,56,266,0.73
25,56,268,0.73
25,56,270,0.73
25,56,272,0.73
25,56,274,0.73
25,56,276,0.73
25,56,278,0.73
25,56,280,0.73
25,56,282,0.73
25,56,284,0.73
25,56,286,0.73
25,56,288,0.73
25,56,290,0.73
25,56,292,0.73
25,56,294,0.73
25,56,296,0.73
25,56,298,0.73
25,57,198,0.73
25,57,200,0.73
25,57,202,0.73
25,57,204,0.73
25,57,206,0.73
25,57,208,0.73
25,57,210,0.73
25,57,212,0.73
25,57,214,0.73
25,57,216,0.73
25,57,218,0.73
25,57,220,0.73
25,57,222,0.73
25,57,224,0.73
25,57,226,0.73
25,57,228,0.73
25,57,230,0.73
25,57,232,0.73
25,57,234,0.73
25,57,236,0.73
25,57,238,0.73
25,57,240,0.73
25,57,242,0.73
25,57,244,0.73
25,57,246,0.73
25,57,248,0.73
25,57,250,0.73
25,57,252,0.73
25,57,254,0.73
25,57,256,0.73
25,57,258,0.73
25,57,260,0.73
25,57,262,0.73
25,57,264,0.73
25,57,266,0.73
25,57,268,0.73
25,57,270,0.73
25,57,272,0.73
25,57,274,0.73
25,57,276,0.73
25,57,278,0.73
25,57,280,0.73
25,57,282,0.73
25,57,284,0.73
25,57,286,0.73
25,57,288,0.73
25,57,290,0.73
25,57,292,0.73
25,57,294,0.73
25,57,296,0.73
25,57,298,0.73
25,58,198,0.73
25,58,200,0.73
25,58,202,0.73
25,58,204,0.73
25,58,206,0.73
25,58,208,0.73
25,58,210,0.73
25,58,212,0.73
25,58,214,0.73
25,58,216,0.73
25,58,218,0.73
25,58,220,0.73
25,58,222,0.73
25,58,224,0.73
25,58,226,0.73
25,58,228,0.73
25,58,230,0.73
25,58,232,0.73
25,58,234,0.73
25,58,236,0.73
25,58,238,0.73
25,58,240,0.73
25,58,242,0.73
25,58,244,0.73
25,58,246,0.73
25,58,248,0.73
25,58,250,0.73
25,58,252,0.73
25,58,254,0.73
25,58,256,0.73
25,58,258,0.73
25,58,260,0.73
25,58,262,0.73
25,58,264,0.73
25,58,266,0.73
25,58,268,0.73
25,58,270,0.73
25,58,272,0.73
25,58,274,0.73
25,58,276,0.73
25,58,278,0.73
25,58,280,0.73
25,58,282,0.73
25,58,284,0.73
25,58,286,0.73
25,58,288,0.73
25,58,290,0.73
25,58,292,0.73
25,58,294,0.73
25,58,296,0.73
25,58,298,0.73
25,59,198,0.73
25,59,200,0.73
25,59,202,0.73
25,59,204,0.73
25,59,206,0.73
25,59,208,0.73
25,59,210,0.73
25,59,212,0.73
25,59,214,0.73
25,59,216,0.73
25,59,218,0.73
25,59,220,0.73
25,59,222,0.73
25,59,224,0.73
25,59,226,0.73
25,59,228,0.73
25,59,230,0.73
25,59,232,0.73
25,59,234,0.73
25,59,236,0.73
25,59,238,0.73
25,59,240,0.73
25,59,242,0.73
25,59,244,0.73
25,59,246,0.73
25,59,248,0.73
25,59,250,0.73
25,59,252,0.73
25,59,254,0.73
25,59,256,0.73
25,59,258,0.73
25,59,260,0.73
25,59,262,0.73
25,59,264,0.73
25,59,266,0.73
25,59,268,0.73
25,59,270,0.73
25,59,272,0.73
25,59,274,0.73
25,59,276,0.73
25,59,278,0.73
25,59,280,0.73
25,59,282,0.73
25,59,284,0.73
25,59,286,0.73
25,59,288,0.73
25,59,290,0.73
25,59,292,0.73
25,59,294,0.73
25,59,296,0.73
25,59,298,0.73
25,60,182,0.73
25,60,184,0.73
25,60,186,0.73
25,60,188,0.73
25,60,190,0.73
25,60,192,0.73
25,60,194,0.73
25,60,196,0.73
25,60,198,0.73
25,60,200,0.73
25,60,202,0.73
25,60,204,0.73
25,60,206,0.73
25,60,208,0.73
25,60,210,0.73
25,60,212,0.73
25,60,214,0.73
25,60,216,0.73
25,60,218,0.73
25,60,220,0.73
25,60,222,0.73
25,60,224,0.73
25,60,226,0.73
25,60,228,0.73
25,60,230,0.73
25,60,232,0.73
25,60,234,0.73
25,60,236,0.73
25,60,238,0.73
25,60,240,0.73
25,60,242,0.73
25,60,244,0.73
25,60,246,0.73
25,60,248,0.73
25,60,250,0.73
25,60,252,0.73
25,60,254,0.73
25,60,256,0.73
25,60,258,0.73
25,60,260,0.73
25,60,262,0.73
25,60,264,0.73
25,60,266,0.73
25,60,268,0.73
25,60,270,0.73
25,60,272,0.73
25,60,274,0.73
25,60,276,0.73
25,60,278,0.73
25,60,280,0.73
25,60,282,0.73
25,61,182,0.73
25,61,184,0.73
25,61,186,0.73
25,61,188,0.73
25,61,190,0.73
25,61,192,0.73
25,61,194,0.73
25,61,196,0.73
25,61,198,0.73
25,61,200,0.73
25,61,202,0.73
25,61,204,0.73
25,61,206,0.73
25,61,208,0.73
25,61,210,0.73
25,61,212,0.73
25,61,214,0.73
25,61,216,0.73
25,61,218,0.73
25,61,220,0.73
25,61,222,0.73
25,61,224,0.73
25,61,226,0.73
25,61,228,0.73
25,61,230,0.73
25,61,232,0.73
25,61,234,0.73
25,61,236,0.73
25,61,238,0.73
25,61,240,0.73
25,61,242,0.73
25,61,244,0.73
25,61,246,0.73
25,61,248,0.73
25,61,250,0.73
25,61,252,0.73
25,61,254,0.73
25,61,256,0.73
25,61,258,0.73
25,61,260,0.73
25,61,262,0.73
25,61,264,0.73
25,61,266,0.73
25,61,268,0.73
25,61,270,0.73
25,61,272,0.73
25,61,274,0.73
25,61,276,0.73
25,61,278,0.73
25,61,280,0.73
25,61,282,0.73
25,62,182,0.73
25,62,184,0.73
25,62,186,0.73
25,62,188,0.73
25,62,190,0.73
25,62,192,0.73
25,62,194,0.73
25,62,196,0.73
25,62,198,0.73
25,62,200,0.73
25,62,202,0.73
25,62,204,0.73
25,62,206,0.73
25,62,208,0.73
25,62,210,0.73
25,62,212,0.73
25,62,214,0.73
25,62,216,0.73
25,62,218,0.73
25,62,220,0.73
25,62,222,0.73
25,62,224,0.73
25,62,226,0.73
25,62,228,0.73
25,62,230,0.73
25,62,232,0.73
25,62,234,0.73
25,62,236,0.73
25,62,238,0.73
25,62,240,0.73
25,62,242,0.73
25,62,244,0.73
25,62,246,0.73
25,62,248,0.73
25,62,250,0.73
25,62,252,0.73
25,62,254,0.73
25,62,256,0.73
25,62,258,0.73
25,62,260,0.73
25,62,262,0.73
25,62,264,0.73
25,62,266,0.73
25,62,268,0.73
25,62,270,0.73
25,62,272,0.73
25,62,274,0.73
25,62,276,0.73
25,62,278,0.73
25,62,280,0.73
25,62,282,0.73
25,63,182,0.73
25,63,184,0.73
25,63,186,0.73
25,63,188,0.73
25,63,190,0.73
25,63,192,0.73
25,63,194,0.73
25,63,196,0.73
25,63,198,0.73
25,63,200,0.73
25,63,202,0.73
25,63,204,0.73
25,63,206,0.73
25,63,208,0.73
25,63,210,0.73
25,63,212,0.73
25,63,214,0.73
25,63,216,0.73
25,63,218,0.73
25,63,220,0.73
25,63,222,0.73
25,63,224,0.73
25,63,226,0.73
25,63,228,0.73
25,63,230,0.73
25,63,232,0.73
25,63,234,0.73
25,63,236,0.73
25,63,238,0.73
25,63,240,0.73
25,63,242,0.73
25,63,244,0.73
25,63,246,0.73
25,63,248,0.73
25,63,250,0.73
25,63,252,0.73
25,63,254,0.73
25,63,256,0.73
25,63,258,0.73
25,63,260,0.73
25,63,262,0.73
25,63,264,0.73
25,63,266,0.73
25,63,268,0.73
25,63,270,0.73
25,63,272,0.73
25,63,274,0.73
25,63,276,0.73
25,63,278,0.73
25,63,280,0.73
25,63,282,0.73
25,64,182,0.73
25,64,184,0.73
25,64,186,0.73
25,64,188,0.73
25,64,190,0.73
25,64,192,0.73
25,64,194,0.73
25,64,196,0.73
25,64,198,0.73
25,64,200,0.73
25,64,202,0.73
25,64,204,0.73
25,64,206,0.73
25,64,208,0.73
25,64,210,0.73
25,64,212,0.73
25,64,214,0.73
25,64,216,0.73
25,64,218,0.73
25,64,220,0.73
25,64,222,0.73
25,64,224,0.73
25,64,226,0.73
25,64,228,0.73
25,64,230,0.73
25,64,232,0.73
25,64,234,0.73
25,64,236,0.73
25,64,238,0.73
25,64,240,0.73
25,64,242,0.73
25,64,244,0.73
25,64,246,0.73
25,64,248,0.73
25,64,250,0.73
25,64,252,0.73
25,64,254,0.73
25,64,256,0.73
25,64,258,0.73
25,64,260,0.73
25,64,262,0.73
25,64,264,0.73
25,64,266,0.73
25,64,268,0.73
25,64,270,0.73
25,64,272,0.73
25,64,274,0.73
25,64,276,0.73
25,64,278,0.73
25,64,280,0.73
25,64,282,0.73
25,65,158,0.73
25,65,160,0.73
25,65,162,0.73
25,65,164,0.73
25,65,166,0.73
25,65,168,0.73
25,65,170,0.73
25,65,172,0.73
25,65,174,0.73
25,65,176,0.73
25,65,178,0.73
25,65,180,0.73
25,65,182,0.73
25,65,184,0.73
25,65,186,0.73
25,65,188,0.73
25,65,190,0.73
25,65,192,0.73
25,65,194,0.73
25,65,196,0.73
25,65,198,0.73
25,65,200,0.73
25,65,202,0.73
25,65,204,0.73
25,65,206,0.73
25,65,208,0.73
25,65,210,0.73
25,65,212,0.73
25,65,214,0.73
25,65,216,0.73
25,65,218,0.73
25,65,220,0.73
25,65,222,0.73
25,65,224,0.73
25,65,226,0.73
25,65,228,0.73
25,65,230,0.73
25,65,232,0.73
25,65,234,0.73
25,65,236,0.73
25,65,238,0.73
25,65,240,0.73
25,65,242,0.73
25,65,244,0.73
25,65,246,0.73
25,65,248,0.73
25,65,250,0.73
25,65,252,0.73
25,65,254,0.73
25,65,256,0.73
25,65,258,0.73
25,66,158,0.73
25,66,160,0.73
25,66,162,0.73
25,66,164,0.73
25,66,166,0.73
25,66,168,0.73
25,66,170,0.73
25,66,172,0.73
25,66,174,0.73
25,66,176,0.73
25,66,178,0.73
25,66,180,0.73
25,66,182,0.73
25,66,184,0.73
25,66,186,0.73
25,66,188,0.73
25,66,190,0.73
25,66,192,0.73
25,66,194,0.73
25,66,196,0.73
25,66,198,0.73
25,66,200,0.73
25,66,202,0.73
25,66,204,0.73
25,66,206,0.73
25,66,208,0.73
25,66,210,0.73
25,66,212,0.73
25,66,214,0.73
25,66,216,0.73
25,66,218,0.73
25,66,220,0.73
25,66,222,0.73
25,66,224,0.73
25,66,226,0.73
25,66,228,0.73
25,66,230,0.73
25,66,232,0.73
25,66,234,0.73
25,66,236,0.73
25,66,238,0.73
25,66,240,0.73
25,66,242,0.73
25,66,244,0.73
25,66,246,0.73
25,66,248,0.73
25,66,250,0.73
25,66,252,0.73
25,66,254,0.73
25,66,256,0.73
25,66,258,0.73
25,67,158,0.73
25,67,160,0.73
25,67,162,0.73
25,67,164,0.73
25,67,166,0.73
25,67,168,0.73
25,67,170,0.73
25,67,172,0.73
25,67,174,0.73
25,67,176,0.73
25,67,178,0.73
25,67,180,0.73
25,67,182,0.73
25,67,184,0.73
25,67,186,0.73
25,67,188,0.73
25,67,190,0.73
25,67,192,0.73
25,67,194,0.73
25,67,196,0.73
25,67,198,0.73
25,67,200,0.73
25,67,202,0.73
25,67,204,0.73
25,67,206,0.73
25,67,208,0.73
25,67,210,0.73
25,67,212,0.73
25,67,214,0.73
25,67,216,0.73
25,67,218,0.73
25,67,220,0.73
25,67,222,0.73
25,67,224,0.73
25,67,226,0.73
25,67,228,0.73
25,67,230,0.73
25,67,232,0.73
25,67,234,0.73
25,67,236,0.73
25,67,238,0.73
25,67,240,0.73
25,67,242,0.73
25,67,244,0.73
25,67,246,0.73
25,67,248,0.73
25,67,250,0.73
25,67,252,0.73
25,67,254,0.73
25,67,256,0.73
25,67,258,0.73
25,68,158,0.73
25,68,160,0.73
25,68,162,0.73
25,68,164,0.73
25,68,166,0.73
25,68,168,0.73
25,68,170,0.73
25,68,172,0.73
25,68,174,0.73
25,68,176,0.73
25,68,178,0.73
25,68,180,0.73
25,68,182,0.73
25,68,184,0.73
25,68,186,0.73
25,68,188,0.73
25,68,190,0.73
25,68,192,0.73
25,68,194,0.73
25,68,196,0.73
25,68,198,0.73
25,68,200,0.73
25,68,202,0.73
25,68,204,0.73
25,68,206,0.73
25,68,208,0.73
25,68,210,0.73
25,68,212,0.73
25,68,214,0.73
25,68,216,0.73
25,68,218,0.73
25,68,220,0.73
25,68,222,0.73
25,68,224,0.73
25,68,226,0.73
25,68,228,0.73
25,68,230,0.73
25,68,232,0.73
25,68,234,0.73
25,68,236,0.73
25,68,238,0.73
25,68,240,0.73
25,68,242,0.73
25,68,244,0.73
25,68,246,0.73
25,68,248,0.73
25,68,250,0.73
25,68,252,0.73
25,68,254,0.73
25,68,256,0.73
25,68,258,0.73
25,69,158,0.73
25,69,160,0.73
25,69,162,0.73
25,69,164,0.73
25,69,166,0.73
25,69,168,0.73
25,69,170,0.73
25,69,172,0.73
25,69,174,0.73
25,69,176,0.73
25,69,178,0.73
25,69,180,0.73
25,69,182,0.73
25,69,184,0.73
25,69,186,0.73
25,69,188,0.73
25,69,190,0.73
25,69,192,0.73
25,69,194,0.73
25,69,196,0.73
25,69,198,0.73
25,69,200,0.73
25,69,202,0.73
25,69,204,0.73
25,69,206,0.73
25,69,208,0.73
25,69,210,0.73
25,69,212,0.73
25,69,214,0.73
25,69,216,0.73
25,69,218,0.73
25,69,220,0.73
25,69,222,0.73
25,69,224,0.73
25,69,226,0.73
25,69,228,0.73
25,69,230,0.73
25,69,232,0.73
25,69,234,0.73
25,69,236,0.73
25,69,238,0.73
25,69,240,0.73
25,69,242,0.73
25,69,244,0.73
25,69,246,0.73
25,69,248,0.73
25,69,250,0.73
25,69,252,0.73
25,69,254,0.73
25,69,256,0.73
25,69,258,0.73
25,70,180,0.73
25,70,182,0.73
25,70,184,0.73
25,70,186,0.73
25,70,188,0.73
25,70,190,0.73
25,70,192,0.73
25,70,194,0.73
25,70,196,0.73
25,70,198,0.73
25,70,200,0.73
25,70,202,0.73
25,70,204,0.73
25,70,206,0.73
25,70,208,0.73
25,70,210,0.73
25,70,212,0.73
25,70,214,0.73
25,70,216,0.73
25,70,218,0.73
25,70,220,0.73
25,70,222,0.73
25,70,224,0.73
25,70,226,0.73
25,70,228,0.73
25,70,230,0.73
25,70,232,0.73
25,70,234,0.73
25,70,236,0.73
25,70,238,0.73
25,70,240,0.73
25,70,242,0.73
25,70,244,0.73
25,70,246,0.73
25,70,248,0.73
25,70,250,0.73
25,70,252,0.73
25,70,254,0.73
25,70,256,0.73
25,70,258,0.73
25,70,260,0.73
25,70,262,0.73
25,70,264,0.73
25,70,266,0.73
25,70,268,0.73
25,70,270,0.73
25,70,272,0.73
25,70,274,0.73
25,70,276,0.73
25,70,278,0.73
25,70,280,0.73
25,71,180,0.73
25,71,182,0.73
25,71,184,0.73
25,71,186,0.73
25,71,188,0.73
25,71,190,0.73
25,71,192,0.73
25,71,194,0.73
25,71,196,0.73
25,71,198,0.73
25,71,200,0.73
25,71,202,0.73
25,71,204,0.73
25,71,206,0.73
25,71,208,0.73
25,71,210,0.73
25,71,212,0.73
25,71,214,0.73
25,71,216,0.73
25,71,218,0.73
25,71,220,0.73
25,71,222,0.73
25,71,224,0.73
25,71,226,0.73
25,71,228,0.73
25,71,230,0.73
25,71,232,0.73
25,71,234,0.73
25,71,236,0.73
25,71,238,0.73
25,71,240,0.73
25,71,242,0.73
25,71,244,0.73
25,71,246,0.73
25,71,248,0.73
25,71,250,0.73
25,71,252,0.73
25,71,254,0.73
25,71,256,0.73
25,71,258,0.73
25,71,260,0.73
25,71,262,0.73
25,71,264,0.73
25,71,266,0.73
25,71,268,0.73
25,71,270,0.73
25,71,272,0.73
25,71,274,0.73
25,71,276,0.73
25,71,278,0.73
25,71,280,0.73
25,72,180,0.73
25,72,182,0.73
25,72,184,0.73
25,72,186,0.73
25,72,188,0.73
25,72,190,0.73
25,72,192,0.73
25,72,194,0.73
25,72,196,0.73
25,72,198,0.73
25,72,200,0.73
25,72,202,0.73
25,72,204,0.73
25,72,206,0.73
25,72,208,0.73
25,72,210,0.73
25,72,212,0.73
25,72,214,0.73
25,72,216,0.73
25,72,218,0.73
25,72,220,0.73
25,72,222,0.73
25,72,224,0.73
25,72,226,0.73
25,72,228,0.73
25,72,230,0.73
25,72,232,0.73
25,72,234,0.73
25,72,236,0.73
25,72,238,0.73
25,72,240,0.73
25,72,242,0.73
25,72,244,0.73
25,72,246,0.73
25,72,248,0.73
25,72,250,0.73
25,72,252,0.73
25,72,254,0.73
25,72,256,0.73
25,72,258,0.73
25,72,260,0.73
25,72,262,0.73
25,72,264,0.73
25,72,266,0.73
25,72,268,0.73
25,72,270,0.73
25,72,272,0.73
25,72,274,0.73
25,72,276,0.73
25,72,278,0.73
25,72,280,0.73
25,73,180,0.73
25,73,182,0.73
25,73,184,0.73
25,73,186,0.73
25,73,188,0.73
25,73,190,0.73
25,73,192,0.73
25,73,194,0.73
25,73,196,0.73
25,73,198,0.73
25,73,200,0.73
25,73,202,0.73
25,73,204,0.73
25,73,206,0.73
25,73,208,0.73
25,73,210,0.73
25,73,212,0.73
25,73,214,0.73
25,73,216,0.73
25,73,218,0.73
25,73,220,0.73
25,73,222,0.73
25,73,224,0.73
25,73,226,0.73
25,73,228,0.73
25,73,230,0.73
25,73,232,0.73
25,73,234,0.73
25,73,236,0.73
25,73,238,0.73
25,73,240,0.73
25,73,242,0.73
25,73,244,0.73
25,73,246,0.73
25,73,248,0.73
25,73,250,0.73
25,73,252,0.73
25,73,254,0.73
25,73,256,0.73
25,73,258,0.73
25,73,260,0.73
25,73,262,0.73
25,73,264,0.73
25,73,266,0.73
25,73,268,0.73
25,73,270,0.73
25,73,272,0.73
25,73,274,0.73
25,73,276,0.73
25,73,278,0.73
25,73,280,0.73
25,74,180,0.73
25,74,182,0.73
25,74,184,0.73
25,74,186,0.73
25,74,188,0.73
25,74,190,0.73
25,74,192,0.73
25,74,194,0.73
25,74,196,0.73
25,74,198,0.73
25,74,200,0.73
25,74,202,0.73
25,74,204,0.73
25,74,206,0.73
25,74,208,0.73
25,74,210,0.73
25,74,212,0.73
25,74,214,0.73
25,74,216,0.73
25,74,218,0.73
25,74,220,0.73
25,74,222,0.73
25,74,224,0.73
25,74,226,0.73
25,74,228,0.73
25,74,230,0.73
25,74,232,0.73
25,74,234,0.73
25,74,236,0.73
25,74,238,0.73
25,74,240,0.73
25,74,242,0.73
25,74,244,0.73
25,74,246,0.73
25,74,248,0.73
25,74,250,0.73
25,74,252,0.73
25,74,254,0.73
25,74,256,0.73
25,74,258,0.73
25,74,260,0.73
25,74,262,0.73
25,74,264,0.73
25,74,266,0.73
25,74,268,0.73
25,74,270,0.73
25,74,272,0.73
25,74,274,0.73
25,74,276,0.73
25,74,278,0.73
25,74,280,0.73
25,75,174,0.73
25,75,176,0.73
25,75,178,0.73
25,75,180,0.73
25,75,182,0.73
25,75,184,0.73
25,75,186,0.73
25,75,188,0.73
25,75,190,0.73
25,75,192,0.73
25,75,194,0.73
25,75,196,0.73
25,75,198,0.73
25,75,200,0.73
25,75,202,0.73
25,75,204,0.73
25,75,206,0.73
25,75,208,0.73
25,75,210,0.73
25,75,212,0.73
25,75,214,0.73
25,75,216,0.73
25,75,218,0.73
25,75,220,0.73
25,75,222,0.73
25,75,224,0.73
25,75,226,0.73
25,75,228,0.73
25,75,230,0.73
25,75,232,0.73
25,75,234,0.73
25,75,236,0.73
25,75,238,0.73
25,75,240,0.73
25,75,242,0.73
25,75,244,0.73
25,75,246,0.73
25,75,248,0.73
25,75,250,0.73
25,75,252,0.73
25,75,254,0.73
25,75,256,0.73
25,75,258,0.73
25,75,260,0.73
25,75,262,0.73
25,75,264,0.73
25,75,266,0.73
25,75,268,0.73
25,75,270,0.73
25,75,272,0.73
25,75,274,0.73
25,76,174,0.73
25,76,176,0.73
25,76,178,0.73
25,76,180,0.73
25,76,182,0.73
25,76,184,0.73
25,76,186,0.73
25,76,188,0.73
25,76,190,0.73
25,76,192,0.73
25,76,194,0.73
25,76,196,0.73
25,76,198,0.73
25,76,200,0.73
25,76,202,0.73
25,76,204,0.73
25,76,206,0.73
25,76,208,0.73
25,76,210,0.73
25,76,212,0.73
25,76,214,0.73
25,76,216,0.73
25,76,218,0.73
25,76,220,0.73
25,76,222,0.73
25,76,224,0.73
25,76,226,0.73
25,76,228,0.73
25,76,230,0.73
25,76,232,0.73
25,76,234,0.73
25,76,236,0.73
25,76,238,0.73
25,76,240,0.73
25,76,242,0.73
25,76,244,0.73
25,76,246,0.73
25,76,248,0.73
25,76,250,0.73
25,76,252,0.73
25,76,254,0.73
25,76,256,0.73
25,76,258,0.73
25,76,260,0.73
25,76,262,0.73
25,76,264,0.73
25,76,266,0.73
25,76,268,0.73
25,76,270,0.73
25,76,272,0.73
25,76,274,0.73
25,77,174,0.73
25,77,176,0.73
25,77,178,0.73
25,77,180,0.73
25,77,182,0.73
25,77,184,0.73
25,77,186,0.73
25,77,188,0.73
25,77,190,0.73
25,77,192,0.73
25,77,194,0.73
25,77,196,0.73
25,77,198,0.73
25,77,200,0.73
25,77,202,0.73
25,77,204,0.73
25,77,206,0.73
25,77,208,0.73
25,77,210,0.73
25,77,212,0.73
25,77,214,0.73
25,77,216,0.73
25,77,218,0.73
25,77,220,0.73
25,77,222,0.73
25,77,224,0.73
25,77,226,0.73
25,77,228,0.73
25,77,230,0.73
25,77,232,0.73
25,77,234,0.73
25,77,236,0.73
25,77,238,0.73
25,77,240,0.73
25,77,242,0.73
25,77,244,0.73
25,77,246,0.73
25,77,248,0.73
25,77,250,0.73
25,77,252,0.73
25,77,254,0.73
25,77,256,0.73
25,77,258,0.73
25,77,260,0.73
25,77,262,0.73
25,77,264,0.73
25,77,266,0.73
25,77,268,0.73
25,77,270,0.73
25,77,272,0.73
25,77,274,0.73
25,78,174,0.73
25,78,176,0.73
25,78,178,0.73
25,78,180,0.73
25,78,182,0.73
25,78,184,0.73
25,78,186,0.73
25,78,188,0.73
25,78,190,0.73
25,78,192,0.73
25,78,194,0.73
25,78,196,0.73
25,78,198,0.73
25,78,200,0.73
25,78,202,0.73
25,78,204,0.73
25,78,206,0.73
25,78,208,0.73
25,78,210,0.73
25,78,212,0.73
25,78,214,0.73
25,78,216,0.73
25,78,218,0.73
25,78,220,0.73
25,78,222,0.73
25,78,224,0.73
25,78,226,0.73
25,78,228,0.73
25,78,230,0.73
25,78,232,0.73
25,78,234,0.73
25,78,236,0.73
25,78,238,0.73
25,78,240,0.73
25,78,242,0.73
25,78,244,0.73
25,78,246,0.73
25,78,248,0.73
25,78,250,0.73
25,78,252,0.73
25,78,254,0.73
25,78,256,0.73
25,78,258,0.73
25,78,260,0.73
25,78,262,0.73
25,78,264,0.73
25,78,266,0.73
25,78,268,0.73
25,78,270,0.73
25,78,272,0.73
25,78,274,0.73
25,79,174,0.73
25,79,176,0.73
25,79,178,0.73
25,79,180,0.73
25,79,182,0.73
25,79,184,0.73
25,79,186,0.73
25,79,188,0.73
25,79,190,0.73
25,79,192,0.73
25,79,194,0.73
25,79,196,0.73
25,79,198,0.73
25,79,200,0.73
25,79,202,0.73
25,79,204,0.73
25,79,206,0.73
25,79,208,0.73
25,79,210,0.73
25,79,212,0.73
25,79,214,0.73
25,79,216,0.73
25,79,218,0.73
25,79,220,0.73
25,79,222,0.73
25,79,224,0.73
25,79,226,0.73
25,79,228,0.73
25,79,230,0.73
25,79,232,0.73
25,79,234,0.73
25,79,236,0.73
25,79,238,0.73
25,79,240,0.73
25,79,242,0.73
25,79,244,0.73
25,79,246,0.73
25,79,248,0.73
25,79,250,0.73
25,79,252,0.73
25,79,254,0.73
25,79,256,0.73
25,79,258,0.73
25,79,260,0.73
25,79,262,0.73
25,79,264,0.73
25,79,266,0.73
25,79,268,0.73
25,79,270,0.73
25,79,272,0.73
25,79,274,0.73
25,80,168,0.73
25,80,170,0.73
25,80,172,0.73
25,80,174,0.73
25,80,176,0.73
25,80,178,0.73
25,80,180,0.73
25,80,182,0.73
25,80,184,0.73
25,80,186,0.73
25,80,188,0.73
25,80,190,0.73
25,80,192,0.73
25,80,194,0.73
25,80,196,0.73
25,80,198,0.73
25,80,200,0.73
25,80,202,0.73
25,80,204,0.73
25,80,206,0.73
25,80,208,0.73
25,80,210,0.73
25,80,212,0.73
25,80,214,0.73
25,80,216,0.73
25,80,218,0.73
25,80,220,0.73
25,80,222,0.73
25,80,224,0.73
25,80,226,0.73
25,80,228,0.73
25,80,230,0.73
25,80,232,0.73
25,80,234,0.73
25,80,236,0.73
25,80,238,0.73
25,80,240,0.73
25,80,242,0.73
25,80,244,0.73
25,80,246,0.73
25,80,248,0.73
25,80,250,0.73
25,80,252,0.73
25,80,254,0.73
25,80,256,0.73
25,80,258,0.73
25,80,260,0.73
25,80,262,0.73
25,80,264,0.73
25,80,266,0.73
25,80,268,0.73
25,81,168,0.73
25,81,170,0.73
25,81,172,0.73
25,81,174,0.73
25,81,176,0.73
25,81,178,0.73
25,81,180,0.73
25,81,182,0.73
25,81,184,0.73
25,81,186,0.73
25,81,188,0.73
25,81,190,0.73
25,81,192,0.73
25,81,194,0.73
25,81,196,0.73
25,81,198,0.73
25,81,200,0.73
25,81,202,0.73
25,81,204,0.73
25,81,206,0.73
25,81,208,0.73
25,81,210,0.73
25,81,212,0.73
25,81,214,0.73
25,81,216,0.73
25,81,218,0.73
25,81,220,0.73
25,81,222,0.73
25,81,224,0.73
25,81,226,0.73
25,81,228,0.73
25,81,230,0.73
25,81,232,0.73
25,81,234,0.73
25,81,236,0.73
25,81,238,0.73
25,81,240,0.73
25,81,242,0.73
25,81,244,0.73
25,81,246,0.73
25,81,248,0.73
25,81,250,0.73
25,81,252,0.73
25,81,254,0.73
25,81,256,0.73
25,81,258,0.73
25,81,260,0.73
25,81,262,0.73
25,81,264,0.73
25,81,266,0.73
25,81,268,0.73
25,82,168,0.73
25,82,170,0.73
25,82,172,0.73
25,82,174,0.73
25,82,176,0.73
25,82,178,0.73
25,82,180,0.73
25,82,182,0.73
25,82,184,0.73
25,82,186,0.73
25,82,188,0.73
25,82,190,0.73
25,82,192,0.73
25,82,194,0.73
25,82,196,0.73
25,82,198,0.73
25,82,200,0.73
25,82,202,0.73
25,82,204,0.73
25,82,206,0.73
25,82,208,0.73
25,82,210,0.73
25,82,212,0.73
25,82,214,0.73
25,82,216,0.73
25,82,218,0.73
25,82,220,0.73
25,82,222,0.73
25,82,224,0.73
25,82,226,0.73
25,82,228,0.73
25,82,230,0.73
25,82,232,0.73
25,82,234,0.73
25,82,236,0.73
25,82,238,0.73
25,82,240,0.73
25,82,242,0.73
25,82,244,0.73
25,82,246,0.73
25,82,248,0.73
25,82,250,0.73
25,82,252,0.73
25,82,254,0.73
25,82,256,0.73
25,82,258,0.73
25,82,260,0.73
25,82,262,0.73
25,82,264,0.73
25,82,266,0.73
25,82,268,0.73
25,83,168,0.73
25,83,170,0.73
25,83,172,0.73
25,83,174,0.73
25,83,176,0.73
25,83,178,0.73
25,83,180,0.73
25,83,182,0.73
25,83,184,0.73
25,83,186,0.73
25,83,188,0.73
25,83,190,0.73
25,83,192,0.73
25,83,194,0.73
25,83,196,0.73
25,83,198,0.73
25,83,200,0.73
25,83,202,0.73
25,83,204,0.73
25,83,206,0.73
25,83,208,0.73
25,83,210,0.73
25,83,212,0.73
25,83,214,0.73
25,83,216,0.73
25,83,218,0.73
25,83,220,0.73
25,83,222,0.73
25,83,224,0.73
25,83,226,0.73
25,83,228,0.73
25,83,230,0.73
25,83,232,0.73
25,83,234,0.73
25,83,236,0.73
25,83,238,0.73
25,83,240,0.73
25,83,242,0.73
25,83,244,0.73
25,83,246,0.73
25,83,248,0.73
25,83,250,0.73
25,83,252,0.73
25,83,254,0.73
25,83,256,0.73
25,83,258,0.73
25,83,260,0.73
25,83,262,0.73
25,83,264,0.73
25,83,266,0.73
25,83,268,0.73
25,84,168,0.73
25,84,170,0.73
25,84,172,0.73
25,84,174,0.73
25,84,176,0.73
25,84,178,0.73
25,84,180,0.73
25,84,182,0.73
25,84,184,0.73
25,84,186,0.73
25,84,188,0.73
25,84,190,0.73
25,84,192,0.73
25,84,194,0.73
25,84,196,0.73
25,84,198,0.73
25,84,200,0.73
25,84,202,0.73
25,84,204,0.73
25,84,206,0.73
25,84,208,0.73
25,84,210,0.73
25,84,212,0.73
25,84,214,0.73
25,84,216,0.73
25,84,218,0.73
25,84,220,0.73
25,84,222,0.73
25,84,224,0.73
25,84,226,0.73
25,84,228,0.73
25,84,230,0.73
25,84,232,0.73
25,84,234,0.73
25,84,236,0.73
25,84,238,0.73
25,84,240,0.73
25,84,242,0.73
25,84,244,0.73
25,84,246,0.73
25,84,248,0.73
25,84,250,0.73
25,84,252,0.73
25,84,254,0.73
25,84,256,0.73
25,84,258,0.73
25,84,260,0.73
25,84,262,0.73
25,84,264,0.73
25,84,266,0.73
25,84,268,0.73
25,85,202,0.73
25,85,204,0.73
25,85,206,0.73
25,85,208,0.73
25,85,210,0.73
25,85,212,0.73
25,85,214,0.73
25,85,216,0.73
25,85,218,0.73
25,85,220,0.73
25,85,222,0.73
25,85,224,0.73
25,85,226,0.73
25,85,228,0.73
25,85,230,0.73
25,85,232,0.73
25,85,234,0.73
25,85,236,0.73
25,85,238,0.73
25,85,240,0.73
25,85,242,0.73
25,85,244,0.73
25,85,246,0.73
25,85,248,0.73
25,85,250,0.73
25,85,252,0.73
25,85,254,0.73
25,85,256,0.73
25,85,258,0.73
25,85,260,0.73
25,85,262,0.73
25,85,264,0.73
25,85,266,0.73
25,85,268,0.73
25,85,270,0.73
25,85,272,0.73
25,85,274,0.73
25,85,276,0.73
25,85,278,0.73
25,85,280,0.73
25,85,282,0.73
25,85,284,0.73
25,85,286,0.73
25,85,288,0.73
25,85,290,0.73
25,85,292,0.73
25,85,294,0.73
25,85,296,0.73
25,85,298,0.73
25,85,300,0.73
25,85,302,0.73
25,86,202,0.73
25,86,204,0.73
25,86,206,0.73
25,86,208,0.73
25,86,210,0.73
25,86,212,0.73
25,86,214,0.73
25,86,216,0.73
25,86,218,0.73
25,86,220,0.73
25,86,222,0.73
25,86,224,0.73
25,86,226,0.73
25,86,228,0.73
25,86,230,0.73
25,86,232,0.73
25,86,234,0.73
25,86,236,0.73
25,86,238,0.73
25,86,240,0.73
25,86,242,0.73
25,86,244,0.73
25,86,246,0.73
25,86,248,0.73
25,86,250,0.73
25,86,252,0.73
25,86,254,0.73
25,86,256,0.73
25,86,258,0.73
25,86,260,0.73
25,86,262,0.73
25,86,264,0.73
25,86,266,0.73
25,86,268,0.73
25,86,270,0.73
25,86,272,0.73
25,86,274,0.73
25,86,276,0.73
25,86,278,0.73
25,86,280,0.73
25,86,282,0.73
25,86,284,0.73
25,86,286,0.73
25,86,288,0.73
25,86,290,0.73
25,86,292,0.73
25,86,294,0.73
25,86,296,0.73
25,86,298,0.73
25,86,300,0.73
25,86,302,0.73
25,87,202,0.73
25,87,204,0.73
25,87,206,0.73
25,87,208,0.73
25,87,210,0.73
25,87,212,0.73
25,87,214,0.73
25,87,216,0.73
25,87,218,0.73
25,87,220,0.73
25,87,222,0.73
25,87,224,0.73
25,87,226,0.73
25,87,228,0.73
25,87,230,0.73
25,87,232,0.73
25,87,234,0.73
25,87,236,0.73
25,87,238,0.73
25,87,240,0.73
25,87,242,0.73
25,87,244,0.73
25,87,246,0.73
25,87,248,0.73
25,87,250,0.73
25,87,252,0.73
25,87,254,0.73
25,87,256,0.73
25,87,258,0.73
25,87,260,0.73
25,87,262,0.73
25,87,264,0.73
25,87,266,0.73
25,87,268,0.73
25,87,270,0.73
25,87,272,0.73
25,87,274,0.73
25,87,276,0.73
25,87,278,0.73
25,87,280,0.73
25,87,282,0.73
25,87,284,0.73
25,87,286,0.73
25,87,288,0.73
25,87,290,0.73
25,87,292,0.73
25,87,294,0.73
25,87,296,0.73
25,87,298,0.73
25,87,300,0.73
25,87,302,0.73
25,88,202,0.73
25,88,204,0.73
25,88,206,0.73
25,88,208,0.73
25,88,210,0.73
25,88,212,0.73
25,88,214,0.73
25,88,216,0.73
25,88,218,0.73
25,88,220,0.73
25,88,222,0.73
25,88,224,0.73
25,88,226,0.73
25,88,228,0.73
25,88,230,0.73
25,88,232,0.73
25,88,234,0.73
25,88,236,0.73
25,88,238,0.73
25,88,240,0.73
25,88,242,0.73
25,88,244,0.73
25,88,246,0.73
25,88,248,0.73
25,88,250,0.73
25,88,252,0.73
25,88,254,0.73
25,88,256,0.73
25,88,258,0.73
25,88,260,0.73
25,88,262,0.73
25,88,264,0.73
25,88,266,0.73
25,88,268,0.73
25,88,270,0.73
25,88,272,0.73
25,88,274,0.73
25,88,276,0.73
25,88,278,0.73
25,88,280,0.73
25,88,282,0.73
25,88,284,0.73
25,88,286,0.73
25,88,288,0.73
25,88,290,0.73
25,88,292,0.73
25,88,294,0.73
25,88,296,0.73
25,88,298,0.73
25,88,300,0.73
25,88,302,0.73
25,89,202,0.73
25,89,204,0.73
25,89,206,0.73
25,89,208,0.73
25,89,210,0.73
25,89,212,0.73
25,89,214,0.73
25,89,216,0.73
25,89,218,0.73
25,89,220,0.73
25,89,222,0.73
25,89,224,0.73
25,89,226,0.73
25,89,228,0.73
25,89,230,0.73
25,89,232,0.73
25,89,234,0.73
25,89,236,0.73
25,89,238,0.73
25,89,240,0.73
25,89,242,0.73
25,89,244,0.73
25,89,246,0.73
25,89,248,0.73
25,89,250,0.73
25,89,252,0.73
25,89,254,0.73
25,89,256,0.73
25,89,258,0.73
25,89,260,0.73
25,89,262,0.73
25,89,264,0.73
25,89,266,0.73
25,89,268,0.73
25,89,270,0.73
25,89,272,0.73
25,89,274,0.73
25,89,276,0.73
25,89,278,0.73
25,89,280,0.73
25,89,282,0.73
25,89,284,0.73
25,89,286,0.73
25,89,288,0.73
25,89,290,0.73
25,89,292,0.73
25,89,294,0.73
25,89,296,0.73
25,89,298,0.73
25,89,300,0.73
25,89,302,0.73
25,35,184,0.74
25,35,186,0.74
25,35,188,0.74
25,35,190,0.74
25,35,192,0.74
25,35,194,0.74
25,35,196,0.74
25,35,198,0.74
25,35,200,0.74
25,35,202,0.74
25,35,204,0.74
25,35,206,0.74
25,35,208,0.74
25,35,210,0.74
25,35,212,0.74
25,35,214,0.74
25,35,216,0.74
25,35,218,0.74
25,35,220,0.74
25,35,222,0.74
25,35,224,0.74
25,35,226,0.74
25,35,228,0.74
25,35,230,0.74
25,35,232,0.74
25,35,234,0.74
25,35,236,0.74
25,35,238,0.74
25,35,240,0.74
25,35,242,0.74
25,35,244,0.74
25,35,246,0.74
25,35,248,0.74
25,35,250,0.74
25,35,252,0.74
25,35,254,0.74
25,35,256,0.74
25,35,258,0.74
25,35,260,0.74
25,35,262,0.74
25,35,264,0.74
25,35,266,0.74
25,35,268,0.74
25,35,270,0.74
25,35,272,0.74
25,35,274,0.74
25,35,276,0.74
25,35,278,0.74
25,35,280,0.74
25,35,282,0.74
25,35,284,0.74
25,36,184,0.74
25,36,186,0.74
25,36,188,0.74
25,36,190,0.74
25,36,192,0.74
25,36,194,0.74
25,36,196,0.74
25,36,198,0.74
25,36,200,0.74
25,36,202,0.74
25,36,204,0.74
25,36,206,0.74
25,36,208,0.74
25,36,210,0.74
25,36,212,0.74
25,36,214,0.74
25,36,216,0.74
25,36,218,0.74
25,36,220,0.74
25,36,222,0.74
25,36,224,0.74
25,36,226,0.74
25,36,228,0.74
25,36,230,0.74
25,36,232,0.74
25,36,234,0.74
25,36,236,0.74
25,36,238,0.74
25,36,240,0.74
25,36,242,0.74
25,36,244,0.74
25,36,246,0.74
25,36,248,0.74
25,36,250,0.74
25,36,252,0.74
25,36,254,0.74
25,36,256,0.74
25,36,258,0.74
25,36,260,0.74
25,36,262,0.74
25,36,264,0.74
25,36,266,0.74
25,36,268,0.74
25,36,270,0.74
25,36,272,0.74
25,36,274,0.74
25,36,276,0.74
25,36,278,0.74
25,36,280,0.74
25,36,282,0.74
25,36,284,0.74
25,37,184,0.74
25,37,186,0.74
25,37,188,0.74
25,37,190,0.74
25,37,192,0.74
25,37,194,0.74
25,37,196,0.74
25,37,198,0.74
25,37,200,0.74
25,37,202,0.74
25,37,204,0.74
25,37,206,0.74
25,37,208,0.74
25,37,210,0.74
25,37,212,0.74
25,37,214,0.74
25,37,216,0.74
25,37,218,0.74
25,37,220,0.74
25,37,222,0.74
25,37,224,0.74
25,37,226,0.74
25,37,228,0.74
25,37,230,0.74
25,37,232,0.74
25,37,234,0.74
25,37,236,0.74
25,37,238,0.74
25,37,240,0.74
25,37,242,0.74
25,37,244,0.74
25,37,246,0.74
25,37,248,0.74
25,37,250,0.74
25,37,252,0.74
25,37,254,0.74
25,37,256,0.74
25,37,258,0.74
25,37,260,0.74
25,37,262,0.74
25,37,264,0.74
25,37,266,0.74
25,37,268,0.74
25,37,270,0.74
25,37,272,0.74
25,37,274,0.74
25,37,276,0.74
25,37,278,0.74
25,37,280,0.74
25,37,282,0.74
25,37,284,0.74
25,38,184,0.74
25,38,186,0.74
25,38,188,0.74
25,38,190,0.74
25,38,192,0.74
25,38,194,0.74
25,38,196,0.74
25,38,198,0.74
25,38,200,0.74
25,38,202,0.74
25,38,204,0.74
25,38,206,0.74
25,38,208,0.74
25,38,210,0.74
25,38,212,0.74
25,38,214,0.74
25,38,216,0.74
25,38,218,0.74
25,38,220,0.74
25,38,222,0.74
25,38,224,0.74
25,38,226,0.74
25,38,228,0.74
25,38,230,0.74
25,38,232,0.74
25,38,234,0.74
25,38,236,0.74
25,38,238,0.74
25,38,240,0.74
25,38,242,0.74
25,38,244,0.74
25,38,246,0.74
25,38,248,0.74
25,38,250,0.74
25,38,252,0.74
25,38,254,0.74
25,38,256,0.74
25,38,258,0.74
25,38,260,0.74
25,38,262,0.74
25,38,264,0.74
25,38,266,0.74
25,38,268,0.74
25,38,270,0.74
25,38,272,0.74
25,38,274,0.74
25,38,276,0.74
25,38,278,0.74
25,38,280,0.74
25,38,282,0.74
25,38,284,0.74
25,39,184,0.74
25,39,186,0.74
25,39,188,0.74
25,39,190,0.74
25,39,192,0.74
25,39,194,0.74
25,39,196,0.74
25,39,198,0.74
25,39,200,0.74
25,39,202,0.74
25,39,204,0.74
25,39,206,0.74
25,39,208,0.74
25,39,210,0.74
25,39,212,0.74
25,39,214,0.74
25,39,216,0.74
25,39,218,0.74
25,39,220,0.74
25,39,222,0.74
25,39,224,0.74
25,39,226,0.74
25,39,228,0.74
25,39,230,0.74
25,39,232,0.74
25,39,234,0.74
25,39,236,0.74
25,39,238,0.74
25,39,240,0.74
25,39,242,0.74
25,39,244,0.74
25,39,246,0.74
25,39,248,0.74
25,39,250,0.74
25,39,252,0.74
25,39,254,0.74
25,39,256,0.74
25,39,258,0.74
25,39,260,0.74
25,39,262,0.74
25,39,264,0.74
25,39,266,0.74
25,39,268,0.74
25,39,270,0.74
25,39,272,0.74
25,39,274,0.74
25,39,276,0.74
25,39,278,0.74
25,39,280,0.74
25,39,282,0.74
25,39,284,0.74
25,40,178,0.74
25,40,180,0.74
25,40,182,0.74
25,40,184,0.74
25,40,186,0.74
25,40,188,0.74
25,40,190,0.74
25,40,192,0.74
25,40,194,0.74
25,40,196,0.74
25,40,198,0.74
25,40,200,0.74
25,40,202,0.74
25,40,204,0.74
25,40,206,0.74
25,40,208,0.74
25,40,210,0.74
25,40,212,0.74
25,40,214,0.74
25,40,216,0.74
25,40,218,0.74
25,40,220,0.74
25,40,222,0.74
25,40,224,0.74
25,40,226,0.74
25,40,228,0.74
25,40,230,0.74
25,40,232,0.74
25,40,234,0.74
25,40,236,0.74
25,40,238,0.74
25,40,240,0.74
25,40,242,0.74
25,40,244,0.74
25,40,246,0.74
25,40,248,0.74
25,40,250,0.74
25,40,252,0.74
25,40,254,0.74
25,40,256,0.74
25,40,258,0.74
25,40,260,0.74
25,40,262,0.74
25,40,264,0.74
25,40,266,0.74
25,40,268,0.74
25,40,270,0.74
25,40,272,0.74
25,40,274,0.74
25,40,276,0.74
25,40,278,0.74
25,41,178,0.74
25,41,180,0.74
25,41,182,0.74
25,41,184,0.74
25,41,186,0.74
25,41,188,0.74
25,41,190,0.74
25,41,192,0.74
25,41,194,0.74
25,41,196,0.74
25,41,198,0.74
25,41,200,0.74
25,41,202,0.74
25,41,204,0.74
25,41,206,0.74
25,41,208,0.74
25,41,210,0.74
25,41,212,0.74
25,41,214,0.74
25,41,216,0.74
25,41,218,0.74
25,41,220,0.74
25,41,222,0.74
25,41,224,0.74
25,41,226,0.74
25,41,228,0.74
25,41,230,0.74
25,41,232,0.74
25,41,234,0.74
25,41,236,0.74
25,41,238,0.74
25,41,240,0.74
25,41,242,0.74
25,41,244,0.74
25,41,246,0.74
25,41,248,0.74
25,41,250,0.74
25,41,252,0.74
25,41,254,0.74
25,41,256,0.74
25,41,258,0.74
25,41,260,0.74
25,41,262,0.74
25,41,264,0.74
25,41,266,0.74
25,41,268,0.74
25,41,270,0.74
25,41,272,0.74
25,41,274,0.74
25,41,276,0.74
25,41,278,0.74
25,42,178,0.74
25,42,180,0.74
25,42,182,0.74
25,42,184,0.74
25,42,186,0.74
25,42,188,0.74
25,42,190,0.74
25,42,192,0.74
25,42,194,0.74
25,42,196,0.74
25,42,198,0.74
25,42,200,0.74
25,42,202,0.74
25,42,204,0.74
25,42,206,0.74
25,42,208,0.74
25,42,210,0.74
25,42,212,0.74
25,42,214,0.74
25,42,216,0.74
25,42,218,0.74
25,42,220,0.74
25,42,222,0.74
25,42,224,0.74
25,42,226,0.74
25,42,228,0.74
25,42,230,0.74
25,42,232,0.74
25,42,234,0.74
25,42,236,0.74
25,42,238,0.74
25,42,240,0.74
25,42,242,0.74
25,42,244,0.74
25,42,246,0.74
25,42,248,0.74
25,42,250,0.74
25,42,252,0.74
25,42,254,0.74
25,42,256,0.74
25,42,258,0.74
25,42,260,0.74
25,42,262,0.74
25,42,264,0.74
25,42,266,0.74
25,42,268,0.74
25,42,270,0.74
25,42,272,0.74
25,42,274,0.74
25,42,276,0.74
25,42,278,0.74
25,43,178,0.74
25,43,180,0.74
25,43,182,0.74
25,43,184,0.74
25,43,186,0.74
25,43,188,0.74
25,43,190,0.74
25,43,192,0.74
25,43,194,0.74
25,43,196,0.74
25,43,198,0.74
25,43,200,0.74
25,43,202,0.74
25,43,204,0.74
25,43,206,0.74
25,43,208,0.74
25,43,210,0.74
25,43,212,0.74
25,43,214,0.74
25,43,216,0.74
25,43,218,0.74
25,43,220,0.74
25,43,222,0.74
25,43,224,0.74
25,43,226,0.74
25,43,228,0.74
25,43,230,0.74
25,43,232,0.74
25,43,234,0.74
25,43,236,0.74
25,43,238,0.74
25,43,240,0.74
25,43,242,0.74
25,43,244,0.74
25,43,246,0.74
25,43,248,0.74
25,43,250,0.74
25,43,252,0.74
25,43,254,0.74
25,43,256,0.74
25,43,258,0.74
25,43,260,0.74
25,43,262,0.74
25,43,264,0.74
25,43,266,0.74
25,43,268,0.74
25,43,270,0.74
25,43,272,0.74
25,43,274,0.74
25,43,276,0.74
25,43,278,0.74
25,44,178,0.74
25,44,180,0.74
25,44,182,0.74
25,44,184,0.74
25,44,186,0.74
25,44,188,0.74
25,44,190,0.74
25,44,192,0.74
25,44,194,0.74
25,44,196,0.74
25,44,198,0.74
25,44,200,0.74
25,44,202,0.74
25,44,204,0.74
25,44,206,0.74
25,44,208,0.74
25,44,210,0.74
25,44,212,0.74
25,44,214,0.74
25,44,216,0.74
25,44,218,0.74
25,44,220,0.74
25,44,222,0.74
25,44,224,0.74
25,44,226,0.74
25,44,228,0.74
25,44,230,0.74
25,44,232,0.74
25,44,234,0.74
25,44,236,0.74
25,44,238,0.74
25,44,240,0.74
25,44,242,0.74
25,44,244,0.74
25,44,246,0.74
25,44,248,0.74
25,44,250,0.74
25,44,252,0.74
25,44,254,0.74
25,44,256,0.74
25,44,258,0.74
25,44,260,0.74
25,44,262,0.74
25,44,264,0.74
25,44,266,0.74
25,44,268,0.74
25,44,270,0.74
25,44,272,0.74
25,44,274,0.74
25,44,276,0.74
25,44,278,0.74
25,45,200,0.74
25,45,202,0.74
25,45,204,0.74
25,45,206,0.74
25,45,208,0.74
25,45,210,0.74
25,45,212,0.74
25,45,214,0.74
25,45,216,0.74
25,45,218,0.74
25,45,220,0.74
25,45,222,0.74
25,45,224,0.74
25,45,226,0.74
25,45,228,0.74
25,45,230,0.74
25,45,232,0.74
25,45,234,0.74
25,45,236,0.74
25,45,238,0.74
25,45,240,0.74
25,45,242,0.74
25,45,244,0.74
25,45,246,0.74
25,45,248,0.74
25,45,250,0.74
25,45,252,0.74
25,45,254,0.74
25,45,256,0.74
25,45,258,0.74
25,45,260,0.74
25,45,262,0.74
25,45,264,0.74
25,45,266,0.74
25,45,268,0.74
25,45,270,0.74
25,45,272,0.74
25,45,274,0.74
25,45,276,0.74
25,45,278,0.74
25,45,280,0.74
25,45,282,0.74
25,45,284,0.74
25,45,286,0.74
25,45,288,0.74
25,45,290,0.74
25,45,292,0.74
25,45,294,0.74
25,45,296,0.74
25,45,298,0.74
25,45,300,0.74
25,46,200,0.74
25,46,202,0.74
25,46,204,0.74
25,46,206,0.74
25,46,208,0.74
25,46,210,0.74
25,46,212,0.74
25,46,214,0.74
25,46,216,0.74
25,46,218,0.74
25,46,220,0.74
25,46,222,0.74
25,46,224,0.74
25,46,226,0.74
25,46,228,0.74
25,46,230,0.74
25,46,232,0.74
25,46,234,0.74
25,46,236,0.74
25,46,238,0.74
25,46,240,0.74
25,46,242,0.74
25,46,244,0.74
25,46,246,0.74
25,46,248,0.74
25,46,250,0.74
25,46,252,0.74
25,46,254,0.74
25,46,256,0.74
25,46,258,0.74
25,46,260,0.74
25,46,262,0.74
25,46,264,0.74
25,46,266,0.74
25,46,268,0.74
25,46,270,0.74
25,46,272,0.74
25,46,274,0.74
25,46,276,0.74
25,46,278,0.74
25,46,280,0.74
25,46,282,0.74
25,46,284,0.74
25,46,286,0.74
25,46,288,0.74
25,46,290,0.74
25,46,292,0.74
25,46,294,0.74
25,46,296,0.74
25,46,298,0.74
25,46,300,0.74
25,47,200,0.74
25,47,202,0.74
25,47,204,0.74
25,47,206,0.74
25,47,208,0.74
25,47,210,0.74
25,47,212,0.74
25,47,214,0.74
25,47,216,0.74
25,47,218,0.74
25,47,220,0.74
25,47,222,0.74
25,47,224,0.74
25,47,226,0.74
25,47,228,0.74
25,47,230,0.74
25,47,232,0.74
25,47,234,0.74
25,47,236,0.74
25,47,238,0.74
25,47,240,0.74
25,47,242,0.74
25,47,244,0.74
25,47,246,0.74
25,47,248,0.74
25,47,250,0.74
25,47,252,0.74
25,47,254,0.74
25,47,256,0.74
25,47,258,0.74
25,47,260,0.74
25,47,262,0.74
25,47,264,0.74
25,47,266,0.74
25,47,268,0.74
25,47,270,0.74
25,47,272,0.74
25,47,274,0.74
25,47,276,0.74
25,47,278,0.74
25,47,280,0.74
25,47,282,0.74
25,47,284,0.74
25,47,286,0.74
25,47,288,0.74
25,47,290,0.74
25,47,292,0.74
25,47,294,0.74
25,47,296,0.74
25,47,298,0.74
25,47,300,0.74
25,48,200,0.74
25,48,202,0.74
25,48,204,0.74
25,48,206,0.74
25,48,208,0.74
25,48,210,0.74
25,48,212,0.74
25,48,214,0.74
25,48,216,0.74
25,48,218,0.74
25,48,220,0.74
25,48,222,0.74
25,48,224,0.74
25,48,226,0.74
25,48,228,0.74
25,48,230,0.74
25,48,232,0.74
25,48,234,0.74
25,48,236,0.74
25,48,238,0.74
25,48,240,0.74
25,48,242,0.74
25,48,244,0.74
25,48,246,0.74
25,48,248,0.74
25,48,250,0.74
25,48,252,0.74
25,48,254,0.74
25,48,256,0.74
25,48,258,0.74
25,48,260,0.74
25,48,262,0.74
25,48,264,0.74
25,48,266,0.74
25,48,268,0.74
25,48,270,0.74
25,48,272,0.74
25,48,274,0.74
25,48,276,0.74
25,48,278,0.74
25,48,280,0.74
25,48,282,0.74
25,48,284,0.74
25,48,286,0.74
25,48,288,0.74
25,48,290,0.74
25,48,292,0.74
25,48,294,0.74
25,48,296,0.74
25,48,298,0.74
25,48,300,0.74
25,49,200,0.74
25,49,202,0.74
25,49,204,0.74
25,49,206,0.74
25,49,208,0.74
25,49,210,0.74
25,49,212,0.74
25,49,214,0.74
25,49,216,0.74
25,49,218,0.74
25,49,220,0.74
25,49,222,0.74
25,49,224,0.74
25,49,226,0.74
25,49,228,0.74
25,49,230,0.74
25,49,232,0.74
25,49,234,0.74
25,49,236,0.74
25,49,238,0.74
25,49,240,0.74
25,49,242,0.74
25,49,244,0.74
25,49,246,0.74
25,49,248,0.74
25,49,250,0.74
25,49,252,0.74
25,49,254,0.74
25,49,256,0.74
25,49,258,0.74
25,49,260,0.74
25,49,262,0.74
25,49,264,0.74
25,49,266,0.74
25,49,268,0.74
25,49,270,0.74
25,49,272,0.74
25,49,274,0.74
25,49,276,0.74
25,49,278,0.74
25,49,280,0.74
25,49,282,0.74
25,49,284,0.74
25,49,286,0.74
25,49,288,0.74
25,49,290,0.74
25,49,292,0.74
25,49,294,0.74
25,49,296,0.74
25,49,298,0.74
25,49,300,0.74
25,50,210,0.74
25,50,212,0.74
25,50,214,0.74
25,50,216,0.74
25,50,218,0.74
25,50,220,0.74
25,50,222,0.74
25,50,224,0.74
25,50,226,0.74
25,50,228,0.74
25,50,230,0.74
25,50,232,0.74
25,50,234,0.74
25,50,236,0.74
25,50,238,0.74
25,50,240,0.74
25,50,242,0.74
25,50,244,0.74
25,50,246,0.74
25,50,248,0.74
25,50,250,0.74
25,50,252,0.74
25,50,254,0.74
25,50,256,0.74
25,50,258,0.74
25,50,260,0.74
25,50,262,0.74
25,50,264,0.74
25,50,266,0.74
25,50,268,0.74
25,50,270,0.74
25,50,272,0.74
25,50,274,0.74
25,50,276,0.74
25,50,278,0.74
25,50,280,0.74
25,50,282,0.74
25,50,284,0.74
25,50,286,0.74
25,50,288,0.74
25,50,290,0.74
25,50,292,0.74
25,50,294,0.74
25,50,296,0.74
25,50,298,0.74
25,50,300,0.74
25,50,302,0.74
25,50,304,0.74
25,50,306,0.74
25,50,308,0.74
25,50,310,0.74
25,51,210,0.74
25,51,212,0.74
25,51,214,0.74
25,51,216,0.74
25,51,218,0.74
25,51,220,0.74
25,51,222,0.74
25,51,224,0.74
25,51,226,0.74
25,51,228,0.74
25,51,230,0.74
25,51,232,0.74
25,51,234,0.74
25,51,236,0.74
25,51,238,0.74
25,51,240,0.74
25,51,242,0.74
25,51,244,0.74
25,51,246,0.74
25,51,248,0.74
25,51,250,0.74
25,51,252,0.74
25,51,254,0.74
25,51,256,0.74
25,51,258,0.74
25,51,260,0.74
25,51,262,0.74
25,51,264,0.74
25,51,266,0.74
25,51,268,0.74
25,51,270,0.74
25,51,272,0.74
25,51,274,0.74
25,51,276,0.74
25,51,278,0.74
25,51,280,0.74
25,51,282,0.74
25,51,284,0.74
25,51,286,0.74
25,51,288,0.74
25,51,290,0.74
25,51,292,0.74
25,51,294,0.74
25,51,296,0.74
25,51,298,0.74
25,51,300,0.74
25,51,302,0.74
25,51,304,0.74
25,51,306,0.74
25,51,308,0.74
25,51,310,0.74
25,52,210,0.74
25,52,212,0.74
25,52,214,0.74
25,52,216,0.74
25,52,218,0.74
25,52,220,0.74
25,52,222,0.74
25,52,224,0.74
25,52,226,0.74
25,52,228,0.74
25,52,230,0.74
25,52,232,0.74
25,52,234,0.74
25,52,236,0.74
25,52,238,0.74
25,52,240,0.74
25,52,242,0.74
25,52,244,0.74
25,52,246,0.74
25,52,248,0.74
25,52,250,0.74
25,52,252,0.74
25,52,254,0.74
25,52,256,0.74
25,52,258,0.74
25,52,260,0.74
25,52,262,0.74
25,52,264,0.74
25,52,266,0.74
25,52,268,0.74
25,52,270,0.74
25,52,272,0.74
25,52,274,0.74
25,52,276,0.74
25,52,278,0.74
25,52,280,0.74
25,52,282,0.74
25,52,284,0.74
25,52,286,0.74
25,52,288,0.74
25,52,290,0.74
25,52,292,0.74
25,52,294,0.74
25,52,296,0.74
25,52,298,0.74
25,52,300,0.74
25,52,302,0.74
25,52,304,0.74
25,52,306,0.74
25,52,308,0.74
25,52,310,0.74
25,53,210,0.74
25,53,212,0.74
25,53,214,0.74
25,53,216,0.74
25,53,218,0.74
25,53,220,0.74
25,53,222,0.74
25,53,224,0.74
25,53,226,0.74
25,53,228,0.74
25,53,230,0.74
25,53,232,0.74
25,53,234,0.74
25,53,236,0.74
25,53,238,0.74
25,53,240,0.74
25,53,242,0.74
25,53,244,0.74
25,53,246,0.74
25,53,248,0.74
25,53,250,0.74
25,53,252,0.74
25,53,254,0.74
25,53,256,0.74
25,53,258,0.74
25,53,260,0.74
25,53,262,0.74
25,53,264,0.74
25,53,266,0.74
25,53,268,0.74
25,53,270,0.74
25,53,272,0.74
25,53,274,0.74
25,53,276,0.74
25,53,278,0.74
25,53,280,0.74
25,53,282,0.74
25,53,284,0.74
25,53,286,0.74
25,53,288,0.74
25,53,290,0.74
25,53,292,0.74
25,53,294,0.74
25,53,296,0.74
25,53,298,0.74
25,53,300,0.74
25,53,302,0.74
25,53,304,0.74
25,53,306,0.74
25,53,308,0.74
25,53,310,0.74
25,54,210,0.74
25,54,212,0.74
25,54,214,0.74
25,54,216,0.74
25,54,218,0.74
25,54,220,0.74
25,54,222,0.74
25,54,224,0.74
25,54,226,0.74
25,54,228,0.74
25,54,230,0.74
25,54,232,0.74
25,54,234,0.74
25,54,236,0.74
25,54,238,0.74
25,54,240,0.74
25,54,242,0.74
25,54,244,0.74
25,54,246,0.74
25,54,248,0.74
25,54,250,0.74
25,54,252,0.74
25,54,254,0.74
25,54,256,0.74
25,54,258,0.74
25,54,260,0.74
25,54,262,0.74
25,54,264,0.74
25,54,266,0.74
25,54,268,0.74
25,54,270,0.74
25,54,272,0.74
25,54,274,0.74
25,54,276,0.74
25,54,278,0.74
25,54,280,0.74
25,54,282,0.74
25,54,284,0.74
25,54,286,0.74
25,54,288,0.74
25,54,290,0.74
25,54,292,0.74
25,54,294,0.74
25,54,296,0.74
25,54,298,0.74
25,54,300,0.74
25,54,302,0.74
25,54,304,0.74
25,54,306,0.74
25,54,308,0.74
25,54,310,0.74
25,55,192,0.74
25,55,194,0.74
25,55,196,0.74
25,55,198,0.74
25,55,200,0.74
25,55,202,0.74
25,55,204,0.74
25,55,206,0.74
25,55,208,0.74
25,55,210,0.74
25,55,212,0.74
25,55,214,0.74
25,55,216,0.74
25,55,218,0.74
25,55,220,0.74
25,55,222,0.74
25,55,224,0.74
25,55,226,0.74
25,55,228,0.74
25,55,230,0.74
25,55,232,0.74
25,55,234,0.74
25,55,236,0.74
25,55,238,0.74
25,55,240,0.74
25,55,242,0.74
25,55,244,0.74
25,55,246,0.74
25,55,248,0.74
25,55,250,0.74
25,55,252,0.74
25,55,254,0.74
25,55,256,0.74
25,55,258,0.74
25,55,260,0.74
25,55,262,0.74
25,55,264,0.74
25,55,266,0.74
25,55,268,0.74
25,55,270,0.74
25,55,272,0.74
25,55,274,0.74
25,55,276,0.74
25,55,278,0.74
25,55,280,0.74
25,55,282,0.74
25,55,284,0.74
25,55,286,0.74
25,55,288,0.74
25,55,290,0.74
25,55,292,0.74
25,56,192,0.74
25,56,194,0.74
25,56,196,0.74
25,56,198,0.74
25,56,200,0.74
25,56,202,0.74
25,56,204,0.74
25,56,206,0.74
25,56,208,0.74
25,56,210,0.74
25,56,212,0.74
25,56,214,0.74
25,56,216,0.74
25,56,218,0.74
25,56,220,0.74
25,56,222,0.74
25,56,224,0.74
25,56,226,0.74
25,56,228,0.74
25,56,230,0.74
25,56,232,0.74
25,56,234,0.74
25,56,236,0.74
25,56,238,0.74
25,56,240,0.74
25,56,242,0.74
25,56,244,0.74
25,56,246,0.74
25,56,248,0.74
25,56,250,0.74
25,56,252,0.74
25,56,254,0.74
25,56,256,0.74
25,56,258,0.74
25,56,260,0.74
25,56,262,0.74
25,56,264,0.74
25,56,266,0.74
25,56,268,0.74
25,56,270,0.74
25,56,272,0.74
25,56,274,0.74
25,56,276,0.74
25,56,278,0.74
25,56,280,0.74
25,56,282,0.74
25,56,284,0.74
25,56,286,0.74
25,56,288,0.74
25,56,290,0.74
25,56,292,0.74
25,57,192,0.74
25,57,194,0.74
25,57,196,0.74
25,57,198,0.74
25,57,200,0.74
25,57,202,0.74
25,57,204,0.74
25,57,206,0.74
25,57,208,0.74
25,57,210,0.74
25,57,212,0.74
25,57,214,0.74
25,57,216,0.74
25,57,218,0.74
25,57,220,0.74
25,57,222,0.74
25,57,224,0.74
25,57,226,0.74
25,57,228,0.74
25,57,230,0.74
25,57,232,0.74
25,57,234,0.74
25,57,236,0.74
25,57,238,0.74
25,57,240,0.74
25,57,242,0.74
25,57,244,0.74
25,57,246,0.74
25,57,248,0.74
25,57,250,0.74
25,57,252,0.74
25,57,254,0.74
25,57,256,0.74
25,57,258,0.74
25,57,260,0.74
25,57,262,0.74
25,57,264,0.74
25,57,266,0.74
25,57,268,0.74
25,57,270,0.74
25,57,272,0.74
25,57,274,0.74
25,57,276,0.74
25,57,278,0.74
25,57,280,0.74
25,57,282,0.74
25,57,284,0.74
25,57,286,0.74
25,57,288,0.74
25,57,290,0.74
25,57,292,0.74
25,58,192,0.74
25,58,194,0.74
25,58,196,0.74
25,58,198,0.74
25,58,200,0.74
25,58,202,0.74
25,58,204,0.74
25,58,206,0.74
25,58,208,0.74
25,58,210,0.74
25,58,212,0.74
25,58,214,0.74
25,58,216,0.74
25,58,218,0.74
25,58,220,0.74
25,58,222,0.74
25,58,224,0.74
25,58,226,0.74
25,58,228,0.74
25,58,230,0.74
25,58,232,0.74
25,58,234,0.74
25,58,236,0.74
25,58,238,0.74
25,58,240,0.74
25,58,242,0.74
25,58,244,0.74
25,58,246,0.74
25,58,248,0.74
25,58,250,0.74
25,58,252,0.74
25,58,254,0.74
25,58,256,0.74
25,58,258,0.74
25,58,260,0.74
25,58,262,0.74
25,58,264,0.74
25,58,266,0.74
25,58,268,0.74
25,58,270,0.74
25,58,272,0.74
25,58,274,0.74
25,58,276,0.74
25,58,278,0.74
25,58,280,0.74
25,58,282,0.74
25,58,284,0.74
25,58,286,0.74
25,58,288,0.74
25,58,290,0.74
25,58,292,0.74
25,59,192,0.74
25,59,194,0.74
25,59,196,0.74
25,59,198,0.74
25,59,200,0.74
25,59,202,0.74
25,59,204,0.74
25,59,206,0.74
25,59,208,0.74
25,59,210,0.74
25,59,212,0.74
25,59,214,0.74
25,59,216,0.74
25,59,218,0.74
25,59,220,0.74
25,59,222,0.74
25,59,224,0.74
25,59,226,0.74
25,59,228,0.74
25,59,230,0.74
25,59,232,0.74
25,59,234,0.74
25,59,236,0.74
25,59,238,0.74
25,59,240,0.74
25,59,242,0.74
25,59,244,0.74
25,59,246,0.74
25,59,248,0.74
25,59,250,0.74
25,59,252,0.74
25,59,254,0.74
25,59,256,0.74
25,59,258,0.74
25,59,260,0.74
25,59,262,0.74
25,59,264,0.74
25,59,266,0.74
25,59,268,0.74
25,59,270,0.74
25,59,272,0.74
25,59,274,0.74
25,59,276,0.74
25,59,278,0.74
25,59,280,0.74
25,59,282,0.74
25,59,284,0.74
25,59,286,0.74
25,59,288,0.74
25,59,290,0.74
25,59,292,0.74
25,60,180,0.74
25,60,182,0.74
25,60,184,0.74
25,60,186,0.74
25,60,188,0.74
25,60,190,0.74
25,60,192,0.74
25,60,194,0.74
25,60,196,0.74
25,60,198,0.74
25,60,200,0.74
25,60,202,0.74
25,60,204,0.74
25,60,206,0.74
25,60,208,0.74
25,60,210,0.74
25,60,212,0.74
25,60,214,0.74
25,60,216,0.74
25,60,218,0.74
25,60,220,0.74
25,60,222,0.74
25,60,224,0.74
25,60,226,0.74
25,60,228,0.74
25,60,230,0.74
25,60,232,0.74
25,60,234,0.74
25,60,236,0.74
25,60,238,0.74
25,60,240,0.74
25,60,242,0.74
25,60,244,0.74
25,60,246,0.74
25,60,248,0.74
25,60,250,0.74
25,60,252,0.74
25,60,254,0.74
25,60,256,0.74
25,60,258,0.74
25,60,260,0.74
25,60,262,0.74
25,60,264,0.74
25,60,266,0.74
25,60,268,0.74
25,60,270,0.74
25,60,272,0.74
25,60,274,0.74
25,60,276,0.74
25,60,278,0.74
25,60,280,0.74
25,61,180,0.74
25,61,182,0.74
25,61,184,0.74
25,61,186,0.74
25,61,188,0.74
25,61,190,0.74
25,61,192,0.74
25,61,194,0.74
25,61,196,0.74
25,61,198,0.74
25,61,200,0.74
25,61,202,0.74
25,61,204,0.74
25,61,206,0.74
25,61,208,0.74
25,61,210,0.74
25,61,212,0.74
25,61,214,0.74
25,61,216,0.74
25,61,218,0.74
25,61,220,0.74
25,61,222,0.74
25,61,224,0.74
25,61,226,0.74
25,61,228,0.74
25,61,230,0.74
25,61,232,0.74
25,61,234,0.74
25,61,236,0.74
25,61,238,0.74
25,61,240,0.74
25,61,242,0.74
25,61,244,0.74
25,61,246,0.74
25,61,248,0.74
25,61,250,0.74
25,61,252,0.74
25,61,254,0.74
25,61,256,0.74
25,61,258,0.74
25,61,260,0.74
25,61,262,0.74
25,61,264,0.74
25,61,266,0.74
25,61,268,0.74
25,61,270,0.74
25,61,272,0.74
25,61,274,0.74
25,61,276,0.74
25,61,278,0.74
25,61,280,0.74
25,62,180,0.74
25,62,182,0.74
25,62,184,0.74
25,62,186,0.74
25,62,188,0.74
25,62,190,0.74
25,62,192,0.74
25,62,194,0.74
25,62,196,0.74
25,62,198,0.74
25,62,200,0.74
25,62,202,0.74
25,62,204,0.74
25,62,206,0.74
25,62,208,0.74
25,62,210,0.74
25,62,212,0.74
25,62,214,0.74
25,62,216,0.74
25,62,218,0.74
25,62,220,0.74
25,62,222,0.74
25,62,224,0.74
25,62,226,0.74
25,62,228,0.74
25,62,230,0.74
25,62,232,0.74
25,62,234,0.74
25,62,236,0.74
25,62,238,0.74
25,62,240,0.74
25,62,242,0.74
25,62,244,0.74
25,62,246,0.74
25,62,248,0.74
25,62,250,0.74
25,62,252,0.74
25,62,254,0.74
25,62,256,0.74
25,62,258,0.74
25,62,260,0.74
25,62,262,0.74
25,62,264,0.74
25,62,266,0.74
25,62,268,0.74
25,62,270,0.74
25,62,272,0.74
25,62,274,0.74
25,62,276,0.74
25,62,278,0.74
25,62,280,0.74
25,63,180,0.74
25,63,182,0.74
25,63,184,0.74
25,63,186,0.74
25,63,188,0.74
25,63,190,0.74
25,63,192,0.74
25,63,194,0.74
25,63,196,0.74
25,63,198,0.74
25,63,200,0.74
25,63,202,0.74
25,63,204,0.74
25,63,206,0.74
25,63,208,0.74
25,63,210,0.74
25,63,212,0.74
25,63,214,0.74
25,63,216,0.74
25,63,218,0.74
25,63,220,0.74
25,63,222,0.74
25,63,224,0.74
25,63,226,0.74
25,63,228,0.74
25,63,230,0.74
25,63,232,0.74
25,63,234,0.74
25,63,236,0.74
25,63,238,0.74
25,63,240,0.74
25,63,242,0.74
25,63,244,0.74
25,63,246,0.74
25,63,248,0.74
25,63,250,0.74
25,63,252,0.74
25,63,254,0.74
25,63,256,0.74
25,63,258,0.74
25,63,260,0.74
25,63,262,0.74
25,63,264,0.74
25,63,266,0.74
25,63,268,0.74
25,63,270,0.74
25,63,272,0.74
25,63,274,0.74
25,63,276,0.74
25,63,278,0.74
25,63,280,0.74
25,64,180,0.74
25,64,182,0.74
25,64,184,0.74
25,64,186,0.74
25,64,188,0.74
25,64,190,0.74
25,64,192,0.74
25,64,194,0.74
25,64,196,0.74
25,64,198,0.74
25,64,200,0.74
25,64,202,0.74
25,64,204,0.74
25,64,206,0.74
25,64,208,0.74
25,64,210,0.74
25,64,212,0.74
25,64,214,0.74
25,64,216,0.74
25,64,218,0.74
25,64,220,0.74
25,64,222,0.74
25,64,224,0.74
25,64,226,0.74
25,64,228,0.74
25,64,230,0.74
25,64,232,0.74
25,64,234,0.74
25,64,236,0.74
25,64,238,0.74
25,64,240,0.74
25,64,242,0.74
25,64,244,0.74
25,64,246,0.74
25,64,248,0.74
25,64,250,0.74
25,64,252,0.74
25,64,254,0.74
25,64,256,0.74
25,64,258,0.74
25,64,260,0.74
25,64,262,0.74
25,64,264,0.74
25,64,266,0.74
25,64,268,0.74
25,64,270,0.74
25,64,272,0.74
25,64,274,0.74
25,64,276,0.74
25,64,278,0.74
25,64,280,0.74
25,65,180,0.74
25,65,182,0.74
25,65,184,0.74
25,65,186,0.74
25,65,188,0.74
25,65,190,0.74
25,65,192,0.74
25,65,194,0.74
25,65,196,0.74
25,65,198,0.74
25,65,200,0.74
25,65,202,0.74
25,65,204,0.74
25,65,206,0.74
25,65,208,0.74
25,65,210,0.74
25,65,212,0.74
25,65,214,0.74
25,65,216,0.74
25,65,218,0.74
25,65,220,0.74
25,65,222,0.74
25,65,224,0.74
25,65,226,0.74
25,65,228,0.74
25,65,230,0.74
25,65,232,0.74
25,65,234,0.74
25,65,236,0.74
25,65,238,0.74
25,65,240,0.74
25,65,242,0.74
25,65,244,0.74
25,65,246,0.74
25,65,248,0.74
25,65,250,0.74
25,65,252,0.74
25,65,254,0.74
25,65,256,0.74
25,65,258,0.74
25,65,260,0.74
25,65,262,0.74
25,65,264,0.74
25,65,266,0.74
25,65,268,0.74
25,65,270,0.74
25,65,272,0.74
25,65,274,0.74
25,65,276,0.74
25,65,278,0.74
25,65,280,0.74
25,66,180,0.74
25,66,182,0.74
25,66,184,0.74
25,66,186,0.74
25,66,188,0.74
25,66,190,0.74
25,66,192,0.74
25,66,194,0.74
25,66,196,0.74
25,66,198,0.74
25,66,200,0.74
25,66,202,0.74
25,66,204,0.74
25,66,206,0.74
25,66,208,0.74
25,66,210,0.74
25,66,212,0.74
25,66,214,0.74
25,66,216,0.74
25,66,218,0.74
25,66,220,0.74
25,66,222,0.74
25,66,224,0.74
25,66,226,0.74
25,66,228,0.74
25,66,230,0.74
25,66,232,0.74
25,66,234,0.74
25,66,236,0.74
25,66,238,0.74
25,66,240,0.74
25,66,242,0.74
25,66,244,0.74
25,66,246,0.74
25,66,248,0.74
25,66,250,0.74
25,66,252,0.74
25,66,254,0.74
25,66,256,0.74
25,66,258,0.74
25,66,260,0.74
25,66,262,0.74
25,66,264,0.74
25,66,266,0.74
25,66,268,0.74
25,66,270,0.74
25,66,272,0.74
25,66,274,0.74
25,66,276,0.74
25,66,278,0.74
25,66,280,0.74
25,67,180,0.74
25,67,182,0.74
25,67,184,0.74
25,67,186,0.74
25,67,188,0.74
25,67,190,0.74
25,67,192,0.74
25,67,194,0.74
25,67,196,0.74
25,67,198,0.74
25,67,200,0.74
25,67,202,0.74
25,67,204,0.74
25,67,206,0.74
25,67,208,0.74
25,67,210,0.74
25,67,212,0.74
25,67,214,0.74
25,67,216,0.74
25,67,218,0.74
25,67,220,0.74
25,67,222,0.74
25,67,224,0.74
25,67,226,0.74
25,67,228,0.74
25,67,230,0.74
25,67,232,0.74
25,67,234,0.74
25,67,236,0.74
25,67,238,0.74
25,67,240,0.74
25,67,242,0.74
25,67,244,0.74
25,67,246,0.74
25,67,248,0.74
25,67,250,0.74
25,67,252,0.74
25,67,254,0.74
25,67,256,0.74
25,67,258,0.74
25,67,260,0.74
25,67,262,0.74
25,67,264,0.74
25,67,266,0.74
25,67,268,0.74
25,67,270,0.74
25,67,272,0.74
25,67,274,0.74
25,67,276,0.74
25,67,278,0.74
25,67,280,0.74
25,68,180,0.74
25,68,182,0.74
25,68,184,0.74
25,68,186,0.74
25,68,188,0.74
25,68,190,0.74
25,68,192,0.74
25,68,194,0.74
25,68,196,0.74
25,68,198,0.74
25,68,200,0.74
25,68,202,0.74
25,68,204,0.74
25,68,206,0.74
25,68,208,0.74
25,68,210,0.74
25,68,212,0.74
25,68,214,0.74
25,68,216,0.74
25,68,218,0.74
25,68,220,0.74
25,68,222,0.74
25,68,224,0.74
25,68,226,0.74
25,68,228,0.74
25,68,230,0.74
25,68,232,0.74
25,68,234,0.74
25,68,236,0.74
25,68,238,0.74
25,68,240,0.74
25,68,242,0.74
25,68,244,0.74
25,68,246,0.74
25,68,248,0.74
25,68,250,0.74
25,68,252,0.74
25,68,254,0.74
25,68,256,0.74
25,68,258,0.74
25,68,260,0.74
25,68,262,0.74
25,68,264,0.74
25,68,266,0.74
25,68,268,0.74
25,68,270,0.74
25,68,272,0.74
25,68,274,0.74
25,68,276,0.74
25,68,278,0.74
25,68,280,0.74
25,69,180,0.74
25,69,182,0.74
25,69,184,0.74
25,69,186,0.74
25,69,188,0.74
25,69,190,0.74
25,69,192,0.74
25,69,194,0.74
25,69,196,0.74
25,69,198,0.74
25,69,200,0.74
25,69,202,0.74
25,69,204,0.74
25,69,206,0.74
25,69,208,0.74
25,69,210,0.74
25,69,212,0.74
25,69,214,0.74
25,69,216,0.74
25,69,218,0.74
25,69,220,0.74
25,69,222,0.74
25,69,224,0.74
25,69,226,0.74
25,69,228,0.74
25,69,230,0.74
25,69,232,0.74
25,69,234,0.74
25,69,236,0.74
25,69,238,0.74
25,69,240,0.74
25,69,242,0.74
25,69,244,0.74
25,69,246,0.74
25,69,248,0.74
25,69,250,0.74
25,69,252,0.74
25,69,254,0.74
25,69,256,0.74
25,69,258,0.74
25,69,260,0.74
25,69,262,0.74
25,69,264,0.74
25,69,266,0.74
25,69,268,0.74
25,69,270,0.74
25,69,272,0.74
25,69,274,0.74
25,69,276,0.74
25,69,278,0.74
25,69,280,0.74
25,70,176,0.74
25,70,178,0.74
25,70,180,0.74
25,70,182,0.74
25,70,184,0.74
25,70,186,0.74
25,70,188,0.74
25,70,190,0.74
25,70,192,0.74
25,70,194,0.74
25,70,196,0.74
25,70,198,0.74
25,70,200,0.74
25,70,202,0.74
25,70,204,0.74
25,70,206,0.74
25,70,208,0.74
25,70,210,0.74
25,70,212,0.74
25,70,214,0.74
25,70,216,0.74
25,70,218,0.74
25,70,220,0.74
25,70,222,0.74
25,70,224,0.74
25,70,226,0.74
25,70,228,0.74
25,70,230,0.74
25,70,232,0.74
25,70,234,0.74
25,70,236,0.74
25,70,238,0.74
25,70,240,0.74
25,70,242,0.74
25,70,244,0.74
25,70,246,0.74
25,70,248,0.74
25,70,250,0.74
25,70,252,0.74
25,70,254,0.74
25,70,256,0.74
25,70,258,0.74
25,70,260,0.74
25,70,262,0.74
25,70,264,0.74
25,70,266,0.74
25,70,268,0.74
25,70,270,0.74
25,70,272,0.74
25,70,274,0.74
25,70,276,0.74
25,71,176,0.74
25,71,178,0.74
25,71,180,0.74
25,71,182,0.74
25,71,184,0.74
25,71,186,0.74
25,71,188,0.74
25,71,190,0.74
25,71,192,0.74
25,71,194,0.74
25,71,196,0.74
25,71,198,0.74
25,71,200,0.74
25,71,202,0.74
25,71,204,0.74
25,71,206,0.74
25,71,208,0.74
25,71,210,0.74
25,71,212,0.74
25,71,214,0.74
25,71,216,0.74
25,71,218,0.74
25,71,220,0.74
25,71,222,0.74
25,71,224,0.74
25,71,226,0.74
25,71,228,0.74
25,71,230,0.74
25,71,232,0.74
25,71,234,0.74
25,71,236,0.74
25,71,238,0.74
25,71,240,0.74
25,71,242,0.74
25,71,244,0.74
25,71,246,0.74
25,71,248,0.74
25,71,250,0.74
25,71,252,0.74
25,71,254,0.74
25,71,256,0.74
25,71,258,0.74
25,71,260,0.74
25,71,262,0.74
25,71,264,0.74
25,71,266,0.74
25,71,268,0.74
25,71,270,0.74
25,71,272,0.74
25,71,274,0.74
25,71,276,0.74
25,72,176,0.74
25,72,178,0.74
25,72,180,0.74
25,72,182,0.74
25,72,184,0.74
25,72,186,0.74
25,72,188,0.74
25,72,190,0.74
25,72,192,0.74
25,72,194,0.74
25,72,196,0.74
25,72,198,0.74
25,72,200,0.74
25,72,202,0.74
25,72,204,0.74
25,72,206,0.74
25,72,208,0.74
25,72,210,0.74
25,72,212,0.74
25,72,214,0.74
25,72,216,0.74
25,72,218,0.74
25,72,220,0.74
25,72,222,0.74
25,72,224,0.74
25,72,226,0.74
25,72,228,0.74
25,72,230,0.74
25,72,232,0.74
25,72,234,0.74
25,72,236,0.74
25,72,238,0.74
25,72,240,0.74
25,72,242,0.74
25,72,244,0.74
25,72,246,0.74
25,72,248,0.74
25,72,250,0.74
25,72,252,0.74
25,72,254,0.74
25,72,256,0.74
25,72,258,0.74
25,72,260,0.74
25,72,262,0.74
25,72,264,0.74
25,72,266,0.74
25,72,268,0.74
25,72,270,0.74
25,72,272,0.74
25,72,274,0.74
25,72,276,0.74
25,73,176,0.74
25,73,178,0.74
25,73,180,0.74
25,73,182,0.74
25,73,184,0.74
25,73,186,0.74
25,73,188,0.74
25,73,190,0.74
25,73,192,0.74
25,73,194,0.74
25,73,196,0.74
25,73,198,0.74
25,73,200,0.74
25,73,202,0.74
25,73,204,0.74
25,73,206,0.74
25,73,208,0.74
25,73,210,0.74
25,73,212,0.74
25,73,214,0.74
25,73,216,0.74
25,73,218,0.74
25,73,220,0.74
25,73,222,0.74
25,73,224,0.74
25,73,226,0.74
25,73,228,0.74
25,73,230,0.74
25,73,232,0.74
25,73,234,0.74
25,73,236,0.74
25,73,238,0.74
25,73,240,0.74
25,73,242,0.74
25,73,244,0.74
25,73,246,0.74
25,73,248,0.74
25,73,250,0.74
25,73,252,0.74
25,73,254,0.74
25,73,256,0.74
25,73,258,0.74
25,73,260,0.74
25,73,262,0.74
25,73,264,0.74
25,73,266,0.74
25,73,268,0.74
25,73,270,0.74
25,73,272,0.74
25,73,274,0.74
25,73,276,0.74
25,74,176,0.74
25,74,178,0.74
25,74,180,0.74
25,74,182,0.74
25,74,184,0.74
25,74,186,0.74
25,74,188,0.74
25,74,190,0.74
25,74,192,0.74
25,74,194,0.74
25,74,196,0.74
25,74,198,0.74
25,74,200,0.74
25,74,202,0.74
25,74,204,0.74
25,74,206,0.74
25,74,208,0.74
25,74,210,0.74
25,74,212,0.74
25,74,214,0.74
25,74,216,0.74
25,74,218,0.74
25,74,220,0.74
25,74,222,0.74
25,74,224,0.74
25,74,226,0.74
25,74,228,0.74
25,74,230,0.74
25,74,232,0.74
25,74,234,0.74
25,74,236,0.74
25,74,238,0.74
25,74,240,0.74
25,74,242,0.74
25,74,244,0.74
25,74,246,0.74
25,74,248,0.74
25,74,250,0.74
25,74,252,0.74
25,74,254,0.74
25,74,256,0.74
25,74,258,0.74
25,74,260,0.74
25,74,262,0.74
25,74,264,0.74
25,74,266,0.74
25,74,268,0.74
25,74,270,0.74
25,74,272,0.74
25,74,274,0.74
25,74,276,0.74
25,75,156,0.74
25,75,158,0.74
25,75,160,0.74
25,75,162,0.74
25,75,164,0.74
25,75,166,0.74
25,75,168,0.74
25,75,170,0.74
25,75,172,0.74
25,75,174,0.74
25,75,176,0.74
25,75,178,0.74
25,75,180,0.74
25,75,182,0.74
25,75,184,0.74
25,75,186,0.74
25,75,188,0.74
25,75,190,0.74
25,75,192,0.74
25,75,194,0.74
25,75,196,0.74
25,75,198,0.74
25,75,200,0.74
25,75,202,0.74
25,75,204,0.74
25,75,206,0.74
25,75,208,0.74
25,75,210,0.74
25,75,212,0.74
25,75,214,0.74
25,75,216,0.74
25,75,218,0.74
25,75,220,0.74
25,75,222,0.74
25,75,224,0.74
25,75,226,0.74
25,75,228,0.74
25,75,230,0.74
25,75,232,0.74
25,75,234,0.74
25,75,236,0.74
25,75,238,0.74
25,75,240,0.74
25,75,242,0.74
25,75,244,0.74
25,75,246,0.74
25,75,248,0.74
25,75,250,0.74
25,75,252,0.74
25,75,254,0.74
25,75,256,0.74
25,76,156,0.74
25,76,158,0.74
25,76,160,0.74
25,76,162,0.74
25,76,164,0.74
25,76,166,0.74
25,76,168,0.74
25,76,170,0.74
25,76,172,0.74
25,76,174,0.74
25,76,176,0.74
25,76,178,0.74
25,76,180,0.74
25,76,182,0.74
25,76,184,0.74
25,76,186,0.74
25,76,188,0.74
25,76,190,0.74
25,76,192,0.74
25,76,194,0.74
25,76,196,0.74
25,76,198,0.74
25,76,200,0.74
25,76,202,0.74
25,76,204,0.74
25,76,206,0.74
25,76,208,0.74
25,76,210,0.74
25,76,212,0.74
25,76,214,0.74
25,76,216,0.74
25,76,218,0.74
25,76,220,0.74
25,76,222,0.74
25,76,224,0.74
25,76,226,0.74
25,76,228,0.74
25,76,230,0.74
25,76,232,0.74
25,76,234,0.74
25,76,236,0.74
25,76,238,0.74
25,76,240,0.74
25,76,242,0.74
25,76,244,0.74
25,76,246,0.74
25,76,248,0.74
25,76,250,0.74
25,76,252,0.74
25,76,254,0.74
25,76,256,0.74
25,77,156,0.74
25,77,158,0.74
25,77,160,0.74
25,77,162,0.74
25,77,164,0.74
25,77,166,0.74
25,77,168,0.74
25,77,170,0.74
25,77,172,0.74
25,77,174,0.74
25,77,176,0.74
25,77,178,0.74
25,77,180,0.74
25,77,182,0.74
25,77,184,0.74
25,77,186,0.74
25,77,188,0.74
25,77,190,0.74
25,77,192,0.74
25,77,194,0.74
25,77,196,0.74
25,77,198,0.74
25,77,200,0.74
25,77,202,0.74
25,77,204,0.74
25,77,206,0.74
25,77,208,0.74
25,77,210,0.74
25,77,212,0.74
25,77,214,0.74
25,77,216,0.74
25,77,218,0.74
25,77,220,0.74
25,77,222,0.74
25,77,224,0.74
25,77,226,0.74
25,77,228,0.74
25,77,230,0.74
25,77,232,0.74
25,77,234,0.74
25,77,236,0.74
25,77,238,0.74
25,77,240,0.74
25,77,242,0.74
25,77,244,0.74
25,77,246,0.74
25,77,248,0.74
25,77,250,0.74
25,77,252,0.74
25,77,254,0.74
25,77,256,0.74
25,78,156,0.74
25,78,158,0.74
25,78,160,0.74
25,78,162,0.74
25,78,164,0.74
25,78,166,0.74
25,78,168,0.74
25,78,170,0.74
25,78,172,0.74
25,78,174,0.74
25,78,176,0.74
25,78,178,0.74
25,78,180,0.74
25,78,182,0.74
25,78,184,0.74
25,78,186,0.74
25,78,188,0.74
25,78,190,0.74
25,78,192,0.74
25,78,194,0.74
25,78,196,0.74
25,78,198,0.74
25,78,200,0.74
25,78,202,0.74
25,78,204,0.74
25,78,206,0.74
25,78,208,0.74
25,78,210,0.74
25,78,212,0.74
25,78,214,0.74
25,78,216,0.74
25,78,218,0.74
25,78,220,0.74
25,78,222,0.74
25,78,224,0.74
25,78,226,0.74
25,78,228,0.74
25,78,230,0.74
25,78,232,0.74
25,78,234,0.74
25,78,236,0.74
25,78,238,0.74
25,78,240,0.74
25,78,242,0.74
25,78,244,0.74
25,78,246,0.74
25,78,248,0.74
25,78,250,0.74
25,78,252,0.74
25,78,254,0.74
25,78,256,0.74
25,79,156,0.74
25,79,158,0.74
25,79,160,0.74
25,79,162,0.74
25,79,164,0.74
25,79,166,0.74
25,79,168,0.74
25,79,170,0.74
25,79,172,0.74
25,79,174,0.74
25,79,176,0.74
25,79,178,0.74
25,79,180,0.74
25,79,182,0.74
25,79,184,0.74
25,79,186,0.74
25,79,188,0.74
25,79,190,0.74
25,79,192,0.74
25,79,194,0.74
25,79,196,0.74
25,79,198,0.74
25,79,200,0.74
25,79,202,0.74
25,79,204,0.74
25,79,206,0.74
25,79,208,0.74
25,79,210,0.74
25,79,212,0.74
25,79,214,0.74
25,79,216,0.74
25,79,218,0.74
25,79,220,0.74
25,79,222,0.74
25,79,224,0.74
25,79,226,0.74
25,79,228,0.74
25,79,230,0.74
25,79,232,0.74
25,79,234,0.74
25,79,236,0.74
25,79,238,0.74
25,79,240,0.74
25,79,242,0.74
25,79,244,0.74
25,79,246,0.74
25,79,248,0.74
25,79,250,0.74
25,79,252,0.74
25,79,254,0.74
25,79,256,0.74
25,80,180,0.74
25,80,182,0.74
25,80,184,0.74
25,80,186,0.74
25,80,188,0.74
25,80,190,0.74
25,80,192,0.74
25,80,194,0.74
25,80,196,0.74
25,80,198,0.74
25,80,200,0.74
25,80,202,0.74
25,80,204,0.74
25,80,206,0.74
25,80,208,0.74
25,80,210,0.74
25,80,212,0.74
25,80,214,0.74
25,80,216,0.74
25,80,218,0.74
25,80,220,0.74
25,80,222,0.74
25,80,224,0.74
25,80,226,0.74
25,80,228,0.74
25,80,230,0.74
25,80,232,0.74
25,80,234,0.74
25,80,236,0.74
25,80,238,0.74
25,80,240,0.74
25,80,242,0.74
25,80,244,0.74
25,80,246,0.74
25,80,248,0.74
25,80,250,0.74
25,80,252,0.74
25,80,254,0.74
25,80,256,0.74
25,80,258,0.74
25,80,260,0.74
25,80,262,0.74
25,80,264,0.74
25,80,266,0.74
25,80,268,0.74
25,80,270,0.74
25,80,272,0.74
25,80,274,0.74
25,80,276,0.74
25,80,278,0.74
25,80,280,0.74
25,81,180,0.74
25,81,182,0.74
25,81,184,0.74
25,81,186,0.74
25,81,188,0.74
25,81,190,0.74
25,81,192,0.74
25,81,194,0.74
25,81,196,0.74
25,81,198,0.74
25,81,200,0.74
25,81,202,0.74
25,81,204,0.74
25,81,206,0.74
25,81,208,0.74
25,81,210,0.74
25,81,212,0.74
25,81,214,0.74
25,81,216,0.74
25,81,218,0.74
25,81,220,0.74
25,81,222,0.74
25,81,224,0.74
25,81,226,0.74
25,81,228,0.74
25,81,230,0.74
25,81,232,0.74
25,81,234,0.74
25,81,236,0.74
25,81,238,0.74
25,81,240,0.74
25,81,242,0.74
25,81,244,0.74
25,81,246,0.74
25,81,248,0.74
25,81,250,0.74
25,81,252,0.74
25,81,254,0.74
25,81,256,0.74
25,81,258,0.74
25,81,260,0.74
25,81,262,0.74
25,81,264,0.74
25,81,266,0.74
25,81,268,0.74
25,81,270,0.74
25,81,272,0.74
25,81,274,0.74
25,81,276,0.74
25,81,278,0.74
25,81,280,0.74
25,82,180,0.74
25,82,182,0.74
25,82,184,0.74
25,82,186,0.74
25,82,188,0.74
25,82,190,0.74
25,82,192,0.74
25,82,194,0.74
25,82,196,0.74
25,82,198,0.74
25,82,200,0.74
25,82,202,0.74
25,82,204,0.74
25,82,206,0.74
25,82,208,0.74
25,82,210,0.74
25,82,212,0.74
25,82,214,0.74
25,82,216,0.74
25,82,218,0.74
25,82,220,0.74
25,82,222,0.74
25,82,224,0.74
25,82,226,0.74
25,82,228,0.74
25,82,230,0.74
25,82,232,0.74
25,82,234,0.74
25,82,236,0.74
25,82,238,0.74
25,82,240,0.74
25,82,242,0.74
25,82,244,0.74
25,82,246,0.74
25,82,248,0.74
25,82,250,0.74
25,82,252,0.74
25,82,254,0.74
25,82,256,0.74
25,82,258,0.74
25,82,260,0.74
25,82,262,0.74
25,82,264,0.74
25,82,266,0.74
25,82,268,0.74
25,82,270,0.74
25,82,272,0.74
25,82,274,0.74
25,82,276,0.74
25,82,278,0.74
25,82,280,0.74
25,83,180,0.74
25,83,182,0.74
25,83,184,0.74
25,83,186,0.74
25,83,188,0.74
25,83,190,0.74
25,83,192,0.74
25,83,194,0.74
25,83,196,0.74
25,83,198,0.74
25,83,200,0.74
25,83,202,0.74
25,83,204,0.74
25,83,206,0.74
25,83,208,0.74
25,83,210,0.74
25,83,212,0.74
25,83,214,0.74
25,83,216,0.74
25,83,218,0.74
25,83,220,0.74
25,83,222,0.74
25,83,224,0.74
25,83,226,0.74
25,83,228,0.74
25,83,230,0.74
25,83,232,0.74
25,83,234,0.74
25,83,236,0.74
25,83,238,0.74
25,83,240,0.74
25,83,242,0.74
25,83,244,0.74
25,83,246,0.74
25,83,248,0.74
25,83,250,0.74
25,83,252,0.74
25,83,254,0.74
25,83,256,0.74
25,83,258,0.74
25,83,260,0.74
25,83,262,0.74
25,83,264,0.74
25,83,266,0.74
25,83,268,0.74
25,83,270,0.74
25,83,272,0.74
25,83,274,0.74
25,83,276,0.74
25,83,278,0.74
25,83,280,0.74
25,84,180,0.74
25,84,182,0.74
25,84,184,0.74
25,84,186,0.74
25,84,188,0.74
25,84,190,0.74
25,84,192,0.74
25,84,194,0.74
25,84,196,0.74
25,84,198,0.74
25,84,200,0.74
25,84,202,0.74
25,84,204,0.74
25,84,206,0.74
25,84,208,0.74
25,84,210,0.74
25,84,212,0.74
25,84,214,0.74
25,84,216,0.74
25,84,218,0.74
25,84,220,0.74
25,84,222,0.74
25,84,224,0.74
25,84,226,0.74
25,84,228,0.74
25,84,230,0.74
25,84,232,0.74
25,84,234,0.74
25,84,236,0.74
25,84,238,0.74
25,84,240,0.74
25,84,242,0.74
25,84,244,0.74
25,84,246,0.74
25,84,248,0.74
25,84,250,0.74
25,84,252,0.74
25,84,254,0.74
25,84,256,0.74
25,84,258,0.74
25,84,260,0.74
25,84,262,0.74
25,84,264,0.74
25,84,266,0.74
25,84,268,0.74
25,84,270,0.74
25,84,272,0.74
25,84,274,0.74
25,84,276,0.74
25,84,278,0.74
25,84,280,0.74
25,85,180,0.74
25,85,182,0.74
25,85,184,0.74
25,85,186,0.74
25,85,188,0.74
25,85,190,0.74
25,85,192,0.74
25,85,194,0.74
25,85,196,0.74
25,85,198,0.74
25,85,200,0.74
25,85,202,0.74
25,85,204,0.74
25,85,206,0.74
25,85,208,0.74
25,85,210,0.74
25,85,212,0.74
25,85,214,0.74
25,85,216,0.74
25,85,218,0.74
25,85,220,0.74
25,85,222,0.74
25,85,224,0.74
25,85,226,0.74
25,85,228,0.74
25,85,230,0.74
25,85,232,0.74
25,85,234,0.74
25,85,236,0.74
25,85,238,0.74
25,85,240,0.74
25,85,242,0.74
25,85,244,0.74
25,85,246,0.74
25,85,248,0.74
25,85,250,0.74
25,85,252,0.74
25,85,254,0.74
25,85,256,0.74
25,85,258,0.74
25,85,260,0.74
25,85,262,0.74
25,85,264,0.74
25,85,266,0.74
25,85,268,0.74
25,85,270,0.74
25,85,272,0.74
25,85,274,0.74
25,85,276,0.74
25,85,278,0.74
25,85,280,0.74
25,86,180,0.74
25,86,182,0.74
25,86,184,0.74
25,86,186,0.74
25,86,188,0.74
25,86,190,0.74
25,86,192,0.74
25,86,194,0.74
25,86,196,0.74
25,86,198,0.74
25,86,200,0.74
25,86,202,0.74
25,86,204,0.74
25,86,206,0.74
25,86,208,0.74
25,86,210,0.74
25,86,212,0.74
25,86,214,0.74
25,86,216,0.74
25,86,218,0.74
25,86,220,0.74
25,86,222,0.74
25,86,224,0.74
25,86,226,0.74
25,86,228,0.74
25,86,230,0.74
25,86,232,0.74
25,86,234,0.74
25,86,236,0.74
25,86,238,0.74
25,86,240,0.74
25,86,242,0.74
25,86,244,0.74
25,86,246,0.74
25,86,248,0.74
25,86,250,0.74
25,86,252,0.74
25,86,254,0.74
25,86,256,0.74
25,86,258,0.74
25,86,260,0.74
25,86,262,0.74
25,86,264,0.74
25,86,266,0.74
25,86,268,0.74
25,86,270,0.74
25,86,272,0.74
25,86,274,0.74
25,86,276,0.74
25,86,278,0.74
25,86,280,0.74
25,87,180,0.74
25,87,182,0.74
25,87,184,0.74
25,87,186,0.74
25,87,188,0.74
25,87,190,0.74
25,87,192,0.74
25,87,194,0.74
25,87,196,0.74
25,87,198,0.74
25,87,200,0.74
25,87,202,0.74
25,87,204,0.74
25,87,206,0.74
25,87,208,0.74
25,87,210,0.74
25,87,212,0.74
25,87,214,0.74
25,87,216,0.74
25,87,218,0.74
25,87,220,0.74
25,87,222,0.74
25,87,224,0.74
25,87,226,0.74
25,87,228,0.74
25,87,230,0.74
25,87,232,0.74
25,87,234,0.74
25,87,236,0.74
25,87,238,0.74
25,87,240,0.74
25,87,242,0.74
25,87,244,0.74
25,87,246,0.74
25,87,248,0.74
25,87,250,0.74
25,87,252,0.74
25,87,254,0.74
25,87,256,0.74
25,87,258,0.74
25,87,260,0.74
25,87,262,0.74
25,87,264,0.74
25,87,266,0.74
25,87,268,0.74
25,87,270,0.74
25,87,272,0.74
25,87,274,0.74
25,87,276,0.74
25,87,278,0.74
25,87,280,0.74
25,88,180,0.74
25,88,182,0.74
25,88,184,0.74
25,88,186,0.74
25,88,188,0.74
25,88,190,0.74
25,88,192,0.74
25,88,194,0.74
25,88,196,0.74
25,88,198,0.74
25,88,200,0.74
25,88,202,0.74
25,88,204,0.74
25,88,206,0.74
25,88,208,0.74
25,88,210,0.74
25,88,212,0.74
25,88,214,0.74
25,88,216,0.74
25,88,218,0.74
25,88,220,0.74
25,88,222,0.74
25,88,224,0.74
25,88,226,0.74
25,88,228,0.74
25,88,230,0.74
25,88,232,0.74
25,88,234,0.74
25,88,236,0.74
25,88,238,0.74
25,88,240,0.74
25,88,242,0.74
25,88,244,0.74
25,88,246,0.74
25,88,248,0.74
25,88,250,0.74
25,88,252,0.74
25,88,254,0.74
25,88,256,0.74
25,88,258,0.74
25,88,260,0.74
25,88,262,0.74
25,88,264,0.74
25,88,266,0.74
25,88,268,0.74
25,88,270,0.74
25,88,272,0.74
25,88,274,0.74
25,88,276,0.74
25,88,278,0.74
25,88,280,0.74
25,89,180,0.74
25,89,182,0.74
25,89,184,0.74
25,89,186,0.74
25,89,188,0.74
25,89,190,0.74
25,89,192,0.74
25,89,194,0.74
25,89,196,0.74
25,89,198,0.74
25,89,200,0.74
25,89,202,0.74
25,89,204,0.74
25,89,206,0.74
25,89,208,0.74
25,89,210,0.74
25,89,212,0.74
25,89,214,0.74
25,89,216,0.74
25,89,218,0.74
25,89,220,0.74
25,89,222,0.74
25,89,224,0.74
25,89,226,0.74
25,89,228,0.74
25,89,230,0.74
25,89,232,0.74
25,89,234,0.74
25,89,236,0.74
25,89,238,0.74
25,89,240,0.74
25,89,242,0.74
25,89,244,0.74
25,89,246,0.74
25,89,248,0.74
25,89,250,0.74
25,89,252,0.74
25,89,254,0.74
25,89,256,0.74
25,89,258,0.74
25,89,260,0.74
25,89,262,0.74
25,89,264,0.74
25,89,266,0.74
25,89,268,0.74
25,89,270,0.74
25,89,272,0.74
25,89,274,0.74
25,89,276,0.74
25,89,278,0.74
25,89,280,0.74
25,35,168,0.75
25,35,170,0.75
25,35,172,0.75
25,35,174,0.75
25,35,176,0.75
25,35,178,0.75
25,35,180,0.75
25,35,182,0.75
25,35,184,0.75
25,35,186,0.75
25,35,188,0.75
25,35,190,0.75
25,35,192,0.75
25,35,194,0.75
25,35,196,0.75
25,35,198,0.75
25,35,200,0.75
25,35,202,0.75
25,35,204,0.75
25,35,206,0.75
25,35,208,0.75
25,35,210,0.75
25,35,212,0.75
25,35,214,0.75
25,35,216,0.75
25,35,218,0.75
25,35,220,0.75
25,35,222,0.75
25,35,224,0.75
25,35,226,0.75
25,35,228,0.75
25,35,230,0.75
25,35,232,0.75
25,35,234,0.75
25,35,236,0.75
25,35,238,0.75
25,35,240,0.75
25,35,242,0.75
25,35,244,0.75
25,35,246,0.75
25,35,248,0.75
25,35,250,0.75
25,35,252,0.75
25,35,254,0.75
25,35,256,0.75
25,35,258,0.75
25,35,260,0.75
25,35,262,0.75
25,35,264,0.75
25,35,266,0.75
25,35,268,0.75
25,36,168,0.75
25,36,170,0.75
25,36,172,0.75
25,36,174,0.75
25,36,176,0.75
25,36,178,0.75
25,36,180,0.75
25,36,182,0.75
25,36,184,0.75
25,36,186,0.75
25,36,188,0.75
25,36,190,0.75
25,36,192,0.75
25,36,194,0.75
25,36,196,0.75
25,36,198,0.75
25,36,200,0.75
25,36,202,0.75
25,36,204,0.75
25,36,206,0.75
25,36,208,0.75
25,36,210,0.75
25,36,212,0.75
25,36,214,0.75
25,36,216,0.75
25,36,218,0.75
25,36,220,0.75
25,36,222,0.75
25,36,224,0.75
25,36,226,0.75
25,36,228,0.75
25,36,230,0.75
25,36,232,0.75
25,36,234,0.75
25,36,236,0.75
25,36,238,0.75
25,36,240,0.75
25,36,242,0.75
25,36,244,0.75
25,36,246,0.75
25,36,248,0.75
25,36,250,0.75
25,36,252,0.75
25,36,254,0.75
25,36,256,0.75
25,36,258,0.75
25,36,260,0.75
25,36,262,0.75
25,36,264,0.75
25,36,266,0.75
25,36,268,0.75
25,37,168,0.75
25,37,170,0.75
25,37,172,0.75
25,37,174,0.75
25,37,176,0.75
25,37,178,0.75
25,37,180,0.75
25,37,182,0.75
25,37,184,0.75
25,37,186,0.75
25,37,188,0.75
25,37,190,0.75
25,37,192,0.75
25,37,194,0.75
25,37,196,0.75
25,37,198,0.75
25,37,200,0.75
25,37,202,0.75
25,37,204,0.75
25,37,206,0.75
25,37,208,0.75
25,37,210,0.75
25,37,212,0.75
25,37,214,0.75
25,37,216,0.75
25,37,218,0.75
25,37,220,0.75
25,37,222,0.75
25,37,224,0.75
25,37,226,0.75
25,37,228,0.75
25,37,230,0.75
25,37,232,0.75
25,37,234,0.75
25,37,236,0.75
25,37,238,0.75
25,37,240,0.75
25,37,242,0.75
25,37,244,0.75
25,37,246,0.75
25,37,248,0.75
25,37,250,0.75
25,37,252,0.75
25,37,254,0.75
25,37,256,0.75
25,37,258,0.75
25,37,260,0.75
25,37,262,0.75
25,37,264,0.75
25,37,266,0.75
25,37,268,0.75
25,38,168,0.75
25,38,170,0.75
25,38,172,0.75
25,38,174,0.75
25,38,176,0.75
25,38,178,0.75
25,38,180,0.75
25,38,182,0.75
25,38,184,0.75
25,38,186,0.75
25,38,188,0.75
25,38,190,0.75
25,38,192,0.75
25,38,194,0.75
25,38,196,0.75
25,38,198,0.75
25,38,200,0.75
25,38,202,0.75
25,38,204,0.75
25,38,206,0.75
25,38,208,0.75
25,38,210,0.75
25,38,212,0.75
25,38,214,0.75
25,38,216,0.75
25,38,218,0.75
25,38,220,0.75
25,38,222,0.75
25,38,224,0.75
25,38,226,0.75
25,38,228,0.75
25,38,230,0.75
25,38,232,0.75
25,38,234,0.75
25,38,236,0.75
25,38,238,0.75
25,38,240,0.75
25,38,242,0.75
25,38,244,0.75
25,38,246,0.75
25,38,248,0.75
25,38,250,0.75
25,38,252,0.75
25,38,254,0.75
25,38,256,0.75
25,38,258,0.75
25,38,260,0.75
25,38,262,0.75
25,38,264,0.75
25,38,266,0.75
25,38,268,0.75
25,39,168,0.75
25,39,170,0.75
25,39,172,0.75
25,39,174,0.75
25,39,176,0.75
25,39,178,0.75
25,39,180,0.75
25,39,182,0.75
25,39,184,0.75
25,39,186,0.75
25,39,188,0.75
25,39,190,0.75
25,39,192,0.75
25,39,194,0.75
25,39,196,0.75
25,39,198,0.75
25,39,200,0.75
25,39,202,0.75
25,39,204,0.75
25,39,206,0.75
25,39,208,0.75
25,39,210,0.75
25,39,212,0.75
25,39,214,0.75
25,39,216,0.75
25,39,218,0.75
25,39,220,0.75
25,39,222,0.75
25,39,224,0.75
25,39,226,0.75
25,39,228,0.75
25,39,230,0.75
25,39,232,0.75
25,39,234,0.75
25,39,236,0.75
25,39,238,0.75
25,39,240,0.75
25,39,242,0.75
25,39,244,0.75
25,39,246,0.75
25,39,248,0.75
25,39,250,0.75
25,39,252,0.75
25,39,254,0.75
25,39,256,0.75
25,39,258,0.75
25,39,260,0.75
25,39,262,0.75
25,39,264,0.75
25,39,266,0.75
25,39,268,0.75
25,40,192,0.75
25,40,194,0.75
25,40,196,0.75
25,40,198,0.75
25,40,200,0.75
25,40,202,0.75
25,40,204,0.75
25,40,206,0.75
25,40,208,0.75
25,40,210,0.75
25,40,212,0.75
25,40,214,0.75
25,40,216,0.75
25,40,218,0.75
25,40,220,0.75
25,40,222,0.75
25,40,224,0.75
25,40,226,0.75
25,40,228,0.75
25,40,230,0.75
25,40,232,0.75
25,40,234,0.75
25,40,236,0.75
25,40,238,0.75
25,40,240,0.75
25,40,242,0.75
25,40,244,0.75
25,40,246,0.75
25,40,248,0.75
25,40,250,0.75
25,40,252,0.75
25,40,254,0.75
25,40,256,0.75
25,40,258,0.75
25,40,260,0.75
25,40,262,0.75
25,40,264,0.75
25,40,266,0.75
25,40,268,0.75
25,40,270,0.75
25,40,272,0.75
25,40,274,0.75
25,40,276,0.75
25,40,278,0.75
25,40,280,0.75
25,40,282,0.75
25,40,284,0.75
25,40,286,0.75
25,40,288,0.75
25,40,290,0.75
25,40,292,0.75
25,41,192,0.75
25,41,194,0.75
25,41,196,0.75
25,41,198,0.75
25,41,200,0.75
25,41,202,0.75
25,41,204,0.75
25,41,206,0.75
25,41,208,0.75
25,41,210,0.75
25,41,212,0.75
25,41,214,0.75
25,41,216,0.75
25,41,218,0.75
25,41,220,0.75
25,41,222,0.75
25,41,224,0.75
25,41,226,0.75
25,41,228,0.75
25,41,230,0.75
25,41,232,0.75
25,41,234,0.75
25,41,236,0.75
25,41,238,0.75
25,41,240,0.75
25,41,242,0.75
25,41,244,0.75
25,41,246,0.75
25,41,248,0.75
25,41,250,0.75
25,41,252,0.75
25,41,254,0.75
25,41,256,0.75
25,41,258,0.75
25,41,260,0.75
25,41,262,0.75
25,41,264,0.75
25,41,266,0.75
25,41,268,0.75
25,41,270,0.75
25,41,272,0.75
25,41,274,0.75
25,41,276,0.75
25,41,278,0.75
25,41,280,0.75
25,41,282,0.75
25,41,284,0.75
25,41,286,0.75
25,41,288,0.75
25,41,290,0.75
25,41,292,0.75
25,42,192,0.75
25,42,194,0.75
25,42,196,0.75
25,42,198,0.75
25,42,200,0.75
25,42,202,0.75
25,42,204,0.75
25,42,206,0.75
25,42,208,0.75
25,42,210,0.75
25,42,212,0.75
25,42,214,0.75
25,42,216,0.75
25,42,218,0.75
25,42,220,0.75
25,42,222,0.75
25,42,224,0.75
25,42,226,0.75
25,42,228,0.75
25,42,230,0.75
25,42,232,0.75
25,42,234,0.75
25,42,236,0.75
25,42,238,0.75
25,42,240,0.75
25,42,242,0.75
25,42,244,0.75
25,42,246,0.75
25,42,248,0.75
25,42,250,0.75
25,42,252,0.75
25,42,254,0.75
25,42,256,0.75
25,42,258,0.75
25,42,260,0.75
25,42,262,0.75
25,42,264,0.75
25,42,266,0.75
25,42,268,0.75
25,42,270,0.75
25,42,272,0.75
25,42,274,0.75
25,42,276,0.75
25,42,278,0.75
25,42,280,0.75
25,42,282,0.75
25,42,284,0.75
25,42,286,0.75
25,42,288,0.75
25,42,290,0.75
25,42,292,0.75
25,43,192,0.75
25,43,194,0.75
25,43,196,0.75
25,43,198,0.75
25,43,200,0.75
25,43,202,0.75
25,43,204,0.75
25,43,206,0.75
25,43,208,0.75
25,43,210,0.75
25,43,212,0.75
25,43,214,0.75
25,43,216,0.75
25,43,218,0.75
25,43,220,0.75
25,43,222,0.75
25,43,224,0.75
25,43,226,0.75
25,43,228,0.75
25,43,230,0.75
25,43,232,0.75
25,43,234,0.75
25,43,236,0.75
25,43,238,0.75
25,43,240,0.75
25,43,242,0.75
25,43,244,0.75
25,43,246,0.75
25,43,248,0.75
25,43,250,0.75
25,43,252,0.75
25,43,254,0.75
25,43,256,0.75
25,43,258,0.75
25,43,260,0.75
25,43,262,0.75
25,43,264,0.75
25,43,266,0.75
25,43,268,0.75
25,43,270,0.75
25,43,272,0.75
25,43,274,0.75
25,43,276,0.75
25,43,278,0.75
25,43,280,0.75
25,43,282,0.75
25,43,284,0.75
25,43,286,0.75
25,43,288,0.75
25,43,290,0.75
25,43,292,0.75
25,44,192,0.75
25,44,194,0.75
25,44,196,0.75
25,44,198,0.75
25,44,200,0.75
25,44,202,0.75
25,44,204,0.75
25,44,206,0.75
25,44,208,0.75
25,44,210,0.75
25,44,212,0.75
25,44,214,0.75
25,44,216,0.75
25,44,218,0.75
25,44,220,0.75
25,44,222,0.75
25,44,224,0.75
25,44,226,0.75
25,44,228,0.75
25,44,230,0.75
25,44,232,0.75
25,44,234,0.75
25,44,236,0.75
25,44,238,0.75
25,44,240,0.75
25,44,242,0.75
25,44,244,0.75
25,44,246,0.75
25,44,248,0.75
25,44,250,0.75
25,44,252,0.75
25,44,254,0.75
25,44,256,0.75
25,44,258,0.75
25,44,260,0.75
25,44,262,0.75
25,44,264,0.75
25,44,266,0.75
25,44,268,0.75
25,44,270,0.75
25,44,272,0.75
25,44,274,0.75
25,44,276,0.75
25,44,278,0.75
25,44,280,0.75
25,44,282,0.75
25,44,284,0.75
25,44,286,0.75
25,44,288,0.75
25,44,290,0.75
25,44,292,0.75
25,45,196,0.75
25,45,198,0.75
25,45,200,0.75
25,45,202,0.75
25,45,204,0.75
25,45,206,0.75
25,45,208,0.75
25,45,210,0.75
25,45,212,0.75
25,45,214,0.75
25,45,216,0.75
25,45,218,0.75
25,45,220,0.75
25,45,222,0.75
25,45,224,0.75
25,45,226,0.75
25,45,228,0.75
25,45,230,0.75
25,45,232,0.75
25,45,234,0.75
25,45,236,0.75
25,45,238,0.75
25,45,240,0.75
25,45,242,0.75
25,45,244,0.75
25,45,246,0.75
25,45,248,0.75
25,45,250,0.75
25,45,252,0.75
25,45,254,0.75
25,45,256,0.75
25,45,258,0.75
25,45,260,0.75
25,45,262,0.75
25,45,264,0.75
25,45,266,0.75
25,45,268,0.75
25,45,270,0.75
25,45,272,0.75
25,45,274,0.75
25,45,276,0.75
25,45,278,0.75
25,45,280,0.75
25,45,282,0.75
25,45,284,0.75
25,45,286,0.75
25,45,288,0.75
25,45,290,0.75
25,45,292,0.75
25,45,294,0.75
25,45,296,0.75
25,46,196,0.75
25,46,198,0.75
25,46,200,0.75
25,46,202,0.75
25,46,204,0.75
25,46,206,0.75
25,46,208,0.75
25,46,210,0.75
25,46,212,0.75
25,46,214,0.75
25,46,216,0.75
25,46,218,0.75
25,46,220,0.75
25,46,222,0.75
25,46,224,0.75
25,46,226,0.75
25,46,228,0.75
25,46,230,0.75
25,46,232,0.75
25,46,234,0.75
25,46,236,0.75
25,46,238,0.75
25,46,240,0.75
25,46,242,0.75
25,46,244,0.75
25,46,246,0.75
25,46,248,0.75
25,46,250,0.75
25,46,252,0.75
25,46,254,0.75
25,46,256,0.75
25,46,258,0.75
25,46,260,0.75
25,46,262,0.75
25,46,264,0.75
25,46,266,0.75
25,46,268,0.75
25,46,270,0.75
25,46,272,0.75
25,46,274,0.75
25,46,276,0.75
25,46,278,0.75
25,46,280,0.75
25,46,282,0.75
25,46,284,0.75
25,46,286,0.75
25,46,288,0.75
25,46,290,0.75
25,46,292,0.75
25,46,294,0.75
25,46,296,0.75
25,47,196,0.75
25,47,198,0.75
25,47,200,0.75
25,47,202,0.75
25,47,204,0.75
25,47,206,0.75
25,47,208,0.75
25,47,210,0.75
25,47,212,0.75
25,47,214,0.75
25,47,216,0.75
25,47,218,0.75
25,47,220,0.75
25,47,222,0.75
25,47,224,0.75
25,47,226,0.75
25,47,228,0.75
25,47,230,0.75
25,47,232,0.75
25,47,234,0.75
25,47,236,0.75
25,47,238,0.75
25,47,240,0.75
25,47,242,0.75
25,47,244,0.75
25,47,246,0.75
25,47,248,0.75
25,47,250,0.75
25,47,252,0.75
25,47,254,0.75
25,47,256,0.75
25,47,258,0.75
25,47,260,0.75
25,47,262,0.75
25,47,264,0.75
25,47,266,0.75
25,47,268,0.75
25,47,270,0.75
25,47,272,0.75
25,47,274,0.75
25,47,276,0.75
25,47,278,0.75
25,47,280,0.75
25,47,282,0.75
25,47,284,0.75
25,47,286,0.75
25,47,288,0.75
25,47,290,0.75
25,47,292,0.75
25,47,294,0.75
25,47,296,0.75
25,48,196,0.75
25,48,198,0.75
25,48,200,0.75
25,48,202,0.75
25,48,204,0.75
25,48,206,0.75
25,48,208,0.75
25,48,210,0.75
25,48,212,0.75
25,48,214,0.75
25,48,216,0.75
25,48,218,0.75
25,48,220,0.75
25,48,222,0.75
25,48,224,0.75
25,48,226,0.75
25,48,228,0.75
25,48,230,0.75
25,48,232,0.75
25,48,234,0.75
25,48,236,0.75
25,48,238,0.75
25,48,240,0.75
25,48,242,0.75
25,48,244,0.75
25,48,246,0.75
25,48,248,0.75
25,48,250,0.75
25,48,252,0.75
25,48,254,0.75
25,48,256,0.75
25,48,258,0.75
25,48,260,0.75
25,48,262,0.75
25,48,264,0.75
25,48,266,0.75
25,48,268,0.75
25,48,270,0.75
25,48,272,0.75
25,48,274,0.75
25,48,276,0.75
25,48,278,0.75
25,48,280,0.75
25,48,282,0.75
25,48,284,0.75
25,48,286,0.75
25,48,288,0.75
25,48,290,0.75
25,48,292,0.75
25,48,294,0.75
25,48,296,0.75
25,49,196,0.75
25,49,198,0.75
25,49,200,0.75
25,49,202,0.75
25,49,204,0.75
25,49,206,0.75
25,49,208,0.75
25,49,210,0.75
25,49,212,0.75
25,49,214,0.75
25,49,216,0.75
25,49,218,0.75
25,49,220,0.75
25,49,222,0.75
25,49,224,0.75
25,49,226,0.75
25,49,228,0.75
25,49,230,0.75
25,49,232,0.75
25,49,234,0.75
25,49,236,0.75
25,49,238,0.75
25,49,240,0.75
25,49,242,0.75
25,49,244,0.75
25,49,246,0.75
25,49,248,0.75
25,49,250,0.75
25,49,252,0.75
25,49,254,0.75
25,49,256,0.75
25,49,258,0.75
25,49,260,0.75
25,49,262,0.75
25,49,264,0.75
25,49,266,0.75
25,49,268,0.75
25,49,270,0.75
25,49,272,0.75
25,49,274,0.75
25,49,276,0.75
25,49,278,0.75
25,49,280,0.75
25,49,282,0.75
25,49,284,0.75
25,49,286,0.75
25,49,288,0.75
25,49,290,0.75
25,49,292,0.75
25,49,294,0.75
25,49,296,0.75
25,50,186,0.75
25,50,188,0.75
25,50,190,0.75
25,50,192,0.75
25,50,194,0.75
25,50,196,0.75
25,50,198,0.75
25,50,200,0.75
25,50,202,0.75
25,50,204,0.75
25,50,206,0.75
25,50,208,0.75
25,50,210,0.75
25,50,212,0.75
25,50,214,0.75
