25,57,268,0.77
25,57,270,0.77
25,57,272,0.77
25,58,172,0.77
25,58,174,0.77
25,58,176,0.77
25,58,178,0.77
25,58,180,0.77
25,58,182,0.77
25,58,184,0.77
25,58,186,0.77
25,58,188,0.77
25,58,190,0.77
25,58,192,0.77
25,58,194,0.77
25,58,196,0.77
25,58,198,0.77
25,58,200,0.77
25,58,202,0.77
25,58,204,0.77
25,58,206,0.77
25,58,208,0.77
25,58,210,0.77
25,58,212,0.77
25,58,214,0.77
25,58,216,0.77
25,58,218,0.77
25,58,220,0.77
25,58,222,0.77
25,58,224,0.77
25,58,226,0.77
25,58,228,0.77
25,58,230,0.77
25,58,232,0.77
25,58,234,0.77
25,58,236,0.77
25,58,238,0.77
25,58,240,0.77
25,58,242,0.77
25,58,244,0.77
25,58,246,0.77
25,58,248,0.77
25,58,250,0.77
25,58,252,0.77
25,58,254,0.77
25,58,256,0.77
25,58,258,0.77
25,58,260,0.77
25,58,262,0.77
25,58,264,0.77
25,58,266,0.77
25,58,268,0.77
25,58,270,0.77
25,58,272,0.77
25,59,172,0.77
25,59,174,0.77
25,59,176,0.77
25,59,178,0.77
25,59,180,0.77
25,59,182,0.77
25,59,184,0.77
25,59,186,0.77
25,59,188,0.77
25,59,190,0.77
25,59,192,0.77
25,59,194,0.77
25,59,196,0.77
25,59,198,0.77
25,59,200,0.77
25,59,202,0.77
25,59,204,0.77
25,59,206,0.77
25,59,208,0.77
25,59,210,0.77
25,59,212,0.77
25,59,214,0.77
25,59,216,0.77
25,59,218,0.77
25,59,220,0.77
25,59,222,0.77
25,59,224,0.77
25,59,226,0.77
25,59,228,0.77
25,59,230,0.77
25,59,232,0.77
25,59,234,0.77
25,59,236,0.77
25,59,238,0.77
25,59,240,0.77
25,59,242,0.77
25,59,244,0.77
25,59,246,0.77
25,59,248,0.77
25,59,250,0.77
25,59,252,0.77
25,59,254,0.77
25,59,256,0.77
25,59,258,0.77
25,59,260,0.77
25,59,262,0.77
25,59,264,0.77
25,59,266,0.77
25,59,268,0.77
25,59,270,0.77
25,59,272,0.77
25,60,178,0.77
25,60,180,0.77
25,60,182,0.77
25,60,184,0.77
25,60,186,0.77
25,60,188,0.77
25,60,190,0.77
25,60,192,0.77
25,60,194,0.77
25,60,196,0.77
25,60,198,0.77
25,60,200,0.77
25,60,202,0.77
25,60,204,0.77
25,60,206,0.77
25,60,208,0.77
25,60,210,0.77
25,60,212,0.77
25,60,214,0.77
25,60,216,0.77
25,60,218,0.77
25,60,220,0.77
25,60,222,0.77
25,60,224,0.77
25,60,226,0.77
25,60,228,0.77
25,60,230,0.77
25,60,232,0.77
25,60,234,0.77
25,60,236,0.77
25,60,238,0.77
25,60,240,0.77
25,60,242,0.77
25,60,244,0.77
25,60,246,0.77
25,60,248,0.77
25,60,250,0.77
25,60,252,0.77
25,60,254,0.77
25,60,256,0.77
25,60,258,0.77
25,60,260,0.77
25,60,262,0.77
25,60,264,0.77
25,60,266,0.77
25,60,268,0.77
25,60,270,0.77
25,60,272,0.77
25,60,274,0.77
25,60,276,0.77
25,60,278,0.77
25,61,178,0.77
25,61,180,0.77
25,61,182,0.77
25,61,184,0.77
25,61,186,0.77
25,61,188,0.77
25,61,190,0.77
25,61,192,0.77
25,61,194,0.77
25,61,196,0.77
25,61,198,0.77
25,61,200,0.77
25,61,202,0.77
25,61,204,0.77
25,61,206,0.77
25,61,208,0.77
25,61,210,0.77
25,61,212,0.77
25,61,214,0.77
25,61,216,0.77
25,61,218,0.77
25,61,220,0.77
25,61,222,0.77
25,61,224,0.77
25,61,226,0.77
25,61,228,0.77
25,61,230,0.77
25,61,232,0.77
25,61,234,0.77
25,61,236,0.77
25,61,238,0.77
25,61,240,0.77
25,61,242,0.77
25,61,244,0.77
25,61,246,0.77
25,61,248,0.77
25,61,250,0.77
25,61,252,0.77
25,61,254,0.77
25,61,256,0.77
25,61,258,0.77
25,61,260,0.77
25,61,262,0.77
25,61,264,0.77
25,61,266,0.77
25,61,268,0.77
25,61,270,0.77
25,61,272,0.77
25,61,274,0.77
25,61,276,0.77
25,61,278,0.77
25,62,178,0.77
25,62,180,0.77
25,62,182,0.77
25,62,184,0.77
25,62,186,0.77
25,62,188,0.77
25,62,190,0.77
25,62,192,0.77
25,62,194,0.77
25,62,196,0.77
25,62,198,0.77
25,62,200,0.77
25,62,202,0.77
25,62,204,0.77
25,62,206,0.77
25,62,208,0.77
25,62,210,0.77
25,62,212,0.77
25,62,214,0.77
25,62,216,0.77
25,62,218,0.77
25,62,220,0.77
25,62,222,0.77
25,62,224,0.77
25,62,226,0.77
25,62,228,0.77
25,62,230,0.77
25,62,232,0.77
25,62,234,0.77
25,62,236,0.77
25,62,238,0.77
25,62,240,0.77
25,62,242,0.77
25,62,244,0.77
25,62,246,0.77
25,62,248,0.77
25,62,250,0.77
25,62,252,0.77
25,62,254,0.77
25,62,256,0.77
25,62,258,0.77
25,62,260,0.77
25,62,262,0.77
25,62,264,0.77
25,62,266,0.77
25,62,268,0.77
25,62,270,0.77
25,62,272,0.77
25,62,274,0.77
25,62,276,0.77
25,62,278,0.77
25,63,178,0.77
25,63,180,0.77
25,63,182,0.77
25,63,184,0.77
25,63,186,0.77
25,63,188,0.77
25,63,190,0.77
25,63,192,0.77
25,63,194,0.77
25,63,196,0.77
25,63,198,0.77
25,63,200,0.77
25,63,202,0.77
25,63,204,0.77
25,63,206,0.77
25,63,208,0.77
25,63,210,0.77
25,63,212,0.77
25,63,214,0.77
25,63,216,0.77
25,63,218,0.77
25,63,220,0.77
25,63,222,0.77
25,63,224,0.77
25,63,226,0.77
25,63,228,0.77
25,63,230,0.77
25,63,232,0.77
25,63,234,0.77
25,63,236,0.77
25,63,238,0.77
25,63,240,0.77
25,63,242,0.77
25,63,244,0.77
25,63,246,0.77
25,63,248,0.77
25,63,250,0.77
25,63,252,0.77
25,63,254,0.77
25,63,256,0.77
25,63,258,0.77
25,63,260,0.77
25,63,262,0.77
25,63,264,0.77
25,63,266,0.77
25,63,268,0.77
25,63,270,0.77
25,63,272,0.77
25,63,274,0.77
25,63,276,0.77
25,63,278,0.77
25,64,178,0.77
25,64,180,0.77
25,64,182,0.77
25,64,184,0.77
25,64,186,0.77
25,64,188,0.77
25,64,190,0.77
25,64,192,0.77
25,64,194,0.77
25,64,196,0.77
25,64,198,0.77
25,64,200,0.77
25,64,202,0.77
25,64,204,0.77
25,64,206,0.77
25,64,208,0.77
25,64,210,0.77
25,64,212,0.77
25,64,214,0.77
25,64,216,0.77
25,64,218,0.77
25,64,220,0.77
25,64,222,0.77
25,64,224,0.77
25,64,226,0.77
25,64,228,0.77
25,64,230,0.77
25,64,232,0.77
25,64,234,0.77
25,64,236,0.77
25,64,238,0.77
25,64,240,0.77
25,64,242,0.77
25,64,244,0.77
25,64,246,0.77
25,64,248,0.77
25,64,250,0.77
25,64,252,0.77
25,64,254,0.77
25,64,256,0.77
25,64,258,0.77
25,64,260,0.77
25,64,262,0.77
25,64,264,0.77
25,64,266,0.77
25,64,268,0.77
25,64,270,0.77
25,64,272,0.77
25,64,274,0.77
25,64,276,0.77
25,64,278,0.77
25,65,168,0.77
25,65,170,0.77
25,65,172,0.77
25,65,174,0.77
25,65,176,0.77
25,65,178,0.77
25,65,180,0.77
25,65,182,0.77
25,65,184,0.77
25,65,186,0.77
25,65,188,0.77
25,65,190,0.77
25,65,192,0.77
25,65,194,0.77
25,65,196,0.77
25,65,198,0.77
25,65,200,0.77
25,65,202,0.77
25,65,204,0.77
25,65,206,0.77
25,65,208,0.77
25,65,210,0.77
25,65,212,0.77
25,65,214,0.77
25,65,216,0.77
25,65,218,0.77
25,65,220,0.77
25,65,222,0.77
25,65,224,0.77
25,65,226,0.77
25,65,228,0.77
25,65,230,0.77
25,65,232,0.77
25,65,234,0.77
25,65,236,0.77
25,65,238,0.77
25,65,240,0.77
25,65,242,0.77
25,65,244,0.77
25,65,246,0.77
25,65,248,0.77
25,65,250,0.77
25,65,252,0.77
25,65,254,0.77
25,65,256,0.77
25,65,258,0.77
25,65,260,0.77
25,65,262,0.77
25,65,264,0.77
25,65,266,0.77
25,65,268,0.77
25,66,168,0.77
25,66,170,0.77
25,66,172,0.77
25,66,174,0.77
25,66,176,0.77
25,66,178,0.77
25,66,180,0.77
25,66,182,0.77
25,66,184,0.77
25,66,186,0.77
25,66,188,0.77
25,66,190,0.77
25,66,192,0.77
25,66,194,0.77
25,66,196,0.77
25,66,198,0.77
25,66,200,0.77
25,66,202,0.77
25,66,204,0.77
25,66,206,0.77
25,66,208,0.77
25,66,210,0.77
25,66,212,0.77
25,66,214,0.77
25,66,216,0.77
25,66,218,0.77
25,66,220,0.77
25,66,222,0.77
25,66,224,0.77
25,66,226,0.77
25,66,228,0.77
25,66,230,0.77
25,66,232,0.77
25,66,234,0.77
25,66,236,0.77
25,66,238,0.77
25,66,240,0.77
25,66,242,0.77
25,66,244,0.77
25,66,246,0.77
25,66,248,0.77
25,66,250,0.77
25,66,252,0.77
25,66,254,0.77
25,66,256,0.77
25,66,258,0.77
25,66,260,0.77
25,66,262,0.77
25,66,264,0.77
25,66,266,0.77
25,66,268,0.77
25,67,168,0.77
25,67,170,0.77
25,67,172,0.77
25,67,174,0.77
25,67,176,0.77
25,67,178,0.77
25,67,180,0.77
25,67,182,0.77
25,67,184,0.77
25,67,186,0.77
25,67,188,0.77
25,67,190,0.77
25,67,192,0.77
25,67,194,0.77
25,67,196,0.77
25,67,198,0.77
25,67,200,0.77
25,67,202,0.77
25,67,204,0.77
25,67,206,0.77
25,67,208,0.77
25,67,210,0.77
25,67,212,0.77
25,67,214,0.77
25,67,216,0.77
25,67,218,0.77
25,67,220,0.77
25,67,222,0.77
25,67,224,0.77
25,67,226,0.77
25,67,228,0.77
25,67,230,0.77
25,67,232,0.77
25,67,234,0.77
25,67,236,0.77
25,67,238,0.77
25,67,240,0.77
25,67,242,0.77
25,67,244,0.77
25,67,246,0.77
25,67,248,0.77
25,67,250,0.77
25,67,252,0.77
25,67,254,0.77
25,67,256,0.77
25,67,258,0.77
25,67,260,0.77
25,67,262,0.77
25,67,264,0.77
25,67,266,0.77
25,67,268,0.77
25,68,168,0.77
25,68,170,0.77
25,68,172,0.77
25,68,174,0.77
25,68,176,0.77
25,68,178,0.77
25,68,180,0.77
25,68,182,0.77
25,68,184,0.77
25,68,186,0.77
25,68,188,0.77
25,68,190,0.77
25,68,192,0.77
25,68,194,0.77
25,68,196,0.77
25,68,198,0.77
25,68,200,0.77
25,68,202,0.77
25,68,204,0.77
25,68,206,0.77
25,68,208,0.77
25,68,210,0.77
25,68,212,0.77
25,68,214,0.77
25,68,216,0.77
25,68,218,0.77
25,68,220,0.77
25,68,222,0.77
25,68,224,0.77
25,68,226,0.77
25,68,228,0.77
25,68,230,0.77
25,68,232,0.77
25,68,234,0.77
25,68,236,0.77
25,68,238,0.77
25,68,240,0.77
25,68,242,0.77
25,68,244,0.77
25,68,246,0.77
25,68,248,0.77
25,68,250,0.77
25,68,252,0.77
25,68,254,0.77
25,68,256,0.77
25,68,258,0.77
25,68,260,0.77
25,68,262,0.77
25,68,264,0.77
25,68,266,0.77
25,68,268,0.77
25,69,168,0.77
25,69,170,0.77
25,69,172,0.77
25,69,174,0.77
25,69,176,0.77
25,69,178,0.77
25,69,180,0.77
25,69,182,0.77
25,69,184,0.77
25,69,186,0.77
25,69,188,0.77
25,69,190,0.77
25,69,192,0.77
25,69,194,0.77
25,69,196,0.77
25,69,198,0.77
25,69,200,0.77
25,69,202,0.77
25,69,204,0.77
25,69,206,0.77
25,69,208,0.77
25,69,210,0.77
25,69,212,0.77
25,69,214,0.77
25,69,216,0.77
25,69,218,0.77
25,69,220,0.77
25,69,222,0.77
25,69,224,0.77
25,69,226,0.77
25,69,228,0.77
25,69,230,0.77
25,69,232,0.77
25,69,234,0.77
25,69,236,0.77
25,69,238,0.77
25,69,240,0.77
25,69,242,0.77
25,69,244,0.77
25,69,246,0.77
25,69,248,0.77
25,69,250,0.77
25,69,252,0.77
25,69,254,0.77
25,69,256,0.77
25,69,258,0.77
25,69,260,0.77
25,69,262,0.77
25,69,264,0.77
25,69,266,0.77
25,69,268,0.77
25,70,168,0.77
25,70,170,0.77
25,70,172,0.77
25,70,174,0.77
25,70,176,0.77
25,70,178,0.77
25,70,180,0.77
25,70,182,0.77
25,70,184,0.77
25,70,186,0.77
25,70,188,0.77
25,70,190,0.77
25,70,192,0.77
25,70,194,0.77
25,70,196,0.77
25,70,198,0.77
25,70,200,0.77
25,70,202,0.77
25,70,204,0.77
25,70,206,0.77
25,70,208,0.77
25,70,210,0.77
25,70,212,0.77
25,70,214,0.77
25,70,216,0.77
25,70,218,0.77
25,70,220,0.77
25,70,222,0.77
25,70,224,0.77
25,70,226,0.77
25,70,228,0.77
25,70,230,0.77
25,70,232,0.77
25,70,234,0.77
25,70,236,0.77
25,70,238,0.77
25,70,240,0.77
25,70,242,0.77
25,70,244,0.77
25,70,246,0.77
25,70,248,0.77
25,70,250,0.77
25,70,252,0.77
25,70,254,0.77
25,70,256,0.77
25,70,258,0.77
25,70,260,0.77
25,70,262,0.77
25,70,264,0.77
25,70,266,0.77
25,70,268,0.77
25,71,168,0.77
25,71,170,0.77
25,71,172,0.77
25,71,174,0.77
25,71,176,0.77
25,71,178,0.77
25,71,180,0.77
25,71,182,0.77
25,71,184,0.77
25,71,186,0.77
25,71,188,0.77
25,71,190,0.77
25,71,192,0.77
25,71,194,0.77
25,71,196,0.77
25,71,198,0.77
25,71,200,0.77
25,71,202,0.77
25,71,204,0.77
25,71,206,0.77
25,71,208,0.77
25,71,210,0.77
25,71,212,0.77
25,71,214,0.77
25,71,216,0.77
25,71,218,0.77
25,71,220,0.77
25,71,222,0.77
25,71,224,0.77
25,71,226,0.77
25,71,228,0.77
25,71,230,0.77
25,71,232,0.77
25,71,234,0.77
25,71,236,0.77
25,71,238,0.77
25,71,240,0.77
25,71,242,0.77
25,71,244,0.77
25,71,246,0.77
25,71,248,0.77
25,71,250,0.77
25,71,252,0.77
25,71,254,0.77
25,71,256,0.77
25,71,258,0.77
25,71,260,0.77
25,71,262,0.77
25,71,264,0.77
25,71,266,0.77
25,71,268,0.77
25,72,168,0.77
25,72,170,0.77
25,72,172,0.77
25,72,174,0.77
25,72,176,0.77
25,72,178,0.77
25,72,180,0.77
25,72,182,0.77
25,72,184,0.77
25,72,186,0.77
25,72,188,0.77
25,72,190,0.77
25,72,192,0.77
25,72,194,0.77
25,72,196,0.77
25,72,198,0.77
25,72,200,0.77
25,72,202,0.77
25,72,204,0.77
25,72,206,0.77
25,72,208,0.77
25,72,210,0.77
25,72,212,0.77
25,72,214,0.77
25,72,216,0.77
25,72,218,0.77
25,72,220,0.77
25,72,222,0.77
25,72,224,0.77
25,72,226,0.77
25,72,228,0.77
25,72,230,0.77
25,72,232,0.77
25,72,234,0.77
25,72,236,0.77
25,72,238,0.77
25,72,240,0.77
25,72,242,0.77
25,72,244,0.77
25,72,246,0.77
25,72,248,0.77
25,72,250,0.77
25,72,252,0.77
25,72,254,0.77
25,72,256,0.77
25,72,258,0.77
25,72,260,0.77
25,72,262,0.77
25,72,264,0.77
25,72,266,0.77
25,72,268,0.77
25,73,168,0.77
25,73,170,0.77
25,73,172,0.77
25,73,174,0.77
25,73,176,0.77
25,73,178,0.77
25,73,180,0.77
25,73,182,0.77
25,73,184,0.77
25,73,186,0.77
25,73,188,0.77
25,73,190,0.77
25,73,192,0.77
25,73,194,0.77
25,73,196,0.77
25,73,198,0.77
25,73,200,0.77
25,73,202,0.77
25,73,204,0.77
25,73,206,0.77
25,73,208,0.77
25,73,210,0.77
25,73,212,0.77
25,73,214,0.77
25,73,216,0.77
25,73,218,0.77
25,73,220,0.77
25,73,222,0.77
25,73,224,0.77
25,73,226,0.77
25,73,228,0.77
25,73,230,0.77
25,73,232,0.77
25,73,234,0.77
25,73,236,0.77
25,73,238,0.77
25,73,240,0.77
25,73,242,0.77
25,73,244,0.77
25,73,246,0.77
25,73,248,0.77
25,73,250,0.77
25,73,252,0.77
25,73,254,0.77
25,73,256,0.77
25,73,258,0.77
25,73,260,0.77
25,73,262,0.77
25,73,264,0.77
25,73,266,0.77
25,73,268,0.77
25,74,168,0.77
25,74,170,0.77
25,74,172,0.77
25,74,174,0.77
25,74,176,0.77
25,74,178,0.77
25,74,180,0.77
25,74,182,0.77
25,74,184,0.77
25,74,186,0.77
25,74,188,0.77
25,74,190,0.77
25,74,192,0.77
25,74,194,0.77
25,74,196,0.77
25,74,198,0.77
25,74,200,0.77
25,74,202,0.77
25,74,204,0.77
25,74,206,0.77
25,74,208,0.77
25,74,210,0.77
25,74,212,0.77
25,74,214,0.77
25,74,216,0.77
25,74,218,0.77
25,74,220,0.77
25,74,222,0.77
25,74,224,0.77
25,74,226,0.77
25,74,228,0.77
25,74,230,0.77
25,74,232,0.77
25,74,234,0.77
25,74,236,0.77
25,74,238,0.77
25,74,240,0.77
25,74,242,0.77
25,74,244,0.77
25,74,246,0.77
25,74,248,0.77
25,74,250,0.77
25,74,252,0.77
25,74,254,0.77
25,74,256,0.77
25,74,258,0.77
25,74,260,0.77
25,74,262,0.77
25,74,264,0.77
25,74,266,0.77
25,74,268,0.77
25,75,162,0.77
25,75,164,0.77
25,75,166,0.77
25,75,168,0.77
25,75,170,0.77
25,75,172,0.77
25,75,174,0.77
25,75,176,0.77
25,75,178,0.77
25,75,180,0.77
25,75,182,0.77
25,75,184,0.77
25,75,186,0.77
25,75,188,0.77
25,75,190,0.77
25,75,192,0.77
25,75,194,0.77
25,75,196,0.77
25,75,198,0.77
25,75,200,0.77
25,75,202,0.77
25,75,204,0.77
25,75,206,0.77
25,75,208,0.77
25,75,210,0.77
25,75,212,0.77
25,75,214,0.77
25,75,216,0.77
25,75,218,0.77
25,75,220,0.77
25,75,222,0.77
25,75,224,0.77
25,75,226,0.77
25,75,228,0.77
25,75,230,0.77
25,75,232,0.77
25,75,234,0.77
25,75,236,0.77
25,75,238,0.77
25,75,240,0.77
25,75,242,0.77
25,75,244,0.77
25,75,246,0.77
25,75,248,0.77
25,75,250,0.77
25,75,252,0.77
25,75,254,0.77
25,75,256,0.77
25,75,258,0.77
25,75,260,0.77
25,75,262,0.77
25,76,162,0.77
25,76,164,0.77
25,76,166,0.77
25,76,168,0.77
25,76,170,0.77
25,76,172,0.77
25,76,174,0.77
25,76,176,0.77
25,76,178,0.77
25,76,180,0.77
25,76,182,0.77
25,76,184,0.77
25,76,186,0.77
25,76,188,0.77
25,76,190,0.77
25,76,192,0.77
25,76,194,0.77
25,76,196,0.77
25,76,198,0.77
25,76,200,0.77
25,76,202,0.77
25,76,204,0.77
25,76,206,0.77
25,76,208,0.77
25,76,210,0.77
25,76,212,0.77
25,76,214,0.77
25,76,216,0.77
25,76,218,0.77
25,76,220,0.77
25,76,222,0.77
25,76,224,0.77
25,76,226,0.77
25,76,228,0.77
25,76,230,0.77
25,76,232,0.77
25,76,234,0.77
25,76,236,0.77
25,76,238,0.77
25,76,240,0.77
25,76,242,0.77
25,76,244,0.77
25,76,246,0.77
25,76,248,0.77
25,76,250,0.77
25,76,252,0.77
25,76,254,0.77
25,76,256,0.77
25,76,258,0.77
25,76,260,0.77
25,76,262,0.77
25,77,162,0.77
25,77,164,0.77
25,77,166,0.77
25,77,168,0.77
25,77,170,0.77
25,77,172,0.77
25,77,174,0.77
25,77,176,0.77
25,77,178,0.77
25,77,180,0.77
25,77,182,0.77
25,77,184,0.77
25,77,186,0.77
25,77,188,0.77
25,77,190,0.77
25,77,192,0.77
25,77,194,0.77
25,77,196,0.77
25,77,198,0.77
25,77,200,0.77
25,77,202,0.77
25,77,204,0.77
25,77,206,0.77
25,77,208,0.77
25,77,210,0.77
25,77,212,0.77
25,77,214,0.77
25,77,216,0.77
25,77,218,0.77
25,77,220,0.77
25,77,222,0.77
25,77,224,0.77
25,77,226,0.77
25,77,228,0.77
25,77,230,0.77
25,77,232,0.77
25,77,234,0.77
25,77,236,0.77
25,77,238,0.77
25,77,240,0.77
25,77,242,0.77
25,77,244,0.77
25,77,246,0.77
25,77,248,0.77
25,77,250,0.77
25,77,252,0.77
25,77,254,0.77
25,77,256,0.77
25,77,258,0.77
25,77,260,0.77
25,77,262,0.77
25,78,162,0.77
25,78,164,0.77
25,78,166,0.77
25,78,168,0.77
25,78,170,0.77
25,78,172,0.77
25,78,174,0.77
25,78,176,0.77
25,78,178,0.77
25,78,180,0.77
25,78,182,0.77
25,78,184,0.77
25,78,186,0.77
25,78,188,0.77
25,78,190,0.77
25,78,192,0.77
25,78,194,0.77
25,78,196,0.77
25,78,198,0.77
25,78,200,0.77
25,78,202,0.77
25,78,204,0.77
25,78,206,0.77
25,78,208,0.77
25,78,210,0.77
25,78,212,0.77
25,78,214,0.77
25,78,216,0.77
25,78,218,0.77
25,78,220,0.77
25,78,222,0.77
25,78,224,0.77
25,78,226,0.77
25,78,228,0.77
25,78,230,0.77
25,78,232,0.77
25,78,234,0.77
25,78,236,0.77
25,78,238,0.77
25,78,240,0.77
25,78,242,0.77
25,78,244,0.77
25,78,246,0.77
25,78,248,0.77
25,78,250,0.77
25,78,252,0.77
25,78,254,0.77
25,78,256,0.77
25,78,258,0.77
25,78,260,0.77
25,78,262,0.77
25,79,162,0.77
25,79,164,0.77
25,79,166,0.77
25,79,168,0.77
25,79,170,0.77
25,79,172,0.77
25,79,174,0.77
25,79,176,0.77
25,79,178,0.77
25,79,180,0.77
25,79,182,0.77
25,79,184,0.77
25,79,186,0.77
25,79,188,0.77
25,79,190,0.77
25,79,192,0.77
25,79,194,0.77
25,79,196,0.77
25,79,198,0.77
25,79,200,0.77
25,79,202,0.77
25,79,204,0.77
25,79,206,0.77
25,79,208,0.77
25,79,210,0.77
25,79,212,0.77
25,79,214,0.77
25,79,216,0.77
25,79,218,0.77
25,79,220,0.77
25,79,222,0.77
25,79,224,0.77
25,79,226,0.77
25,79,228,0.77
25,79,230,0.77
25,79,232,0.77
25,79,234,0.77
25,79,236,0.77
25,79,238,0.77
25,79,240,0.77
25,79,242,0.77
25,79,244,0.77
25,79,246,0.77
25,79,248,0.77
25,79,250,0.77
25,79,252,0.77
25,79,254,0.77
25,79,256,0.77
25,79,258,0.77
25,79,260,0.77
25,79,262,0.77
25,80,186,0.77
25,80,188,0.77
25,80,190,0.77
25,80,192,0.77
25,80,194,0.77
25,80,196,0.77
25,80,198,0.77
25,80,200,0.77
25,80,202,0.77
25,80,204,0.77
25,80,206,0.77
25,80,208,0.77
25,80,210,0.77
25,80,212,0.77
25,80,214,0.77
25,80,216,0.77
25,80,218,0.77
25,80,220,0.77
25,80,222,0.77
25,80,224,0.77
25,80,226,0.77
25,80,228,0.77
25,80,230,0.77
25,80,232,0.77
25,80,234,0.77
25,80,236,0.77
25,80,238,0.77
25,80,240,0.77
25,80,242,0.77
25,80,244,0.77
25,80,246,0.77
25,80,248,0.77
25,80,250,0.77
25,80,252,0.77
25,80,254,0.77
25,80,256,0.77
25,80,258,0.77
25,80,260,0.77
25,80,262,0.77
25,80,264,0.77
25,80,266,0.77
25,80,268,0.77
25,80,270,0.77
25,80,272,0.77
25,80,274,0.77
25,80,276,0.77
25,80,278,0.77
25,80,280,0.77
25,80,282,0.77
25,80,284,0.77
25,80,286,0.77
25,81,186,0.77
25,81,188,0.77
25,81,190,0.77
25,81,192,0.77
25,81,194,0.77
25,81,196,0.77
25,81,198,0.77
25,81,200,0.77
25,81,202,0.77
25,81,204,0.77
25,81,206,0.77
25,81,208,0.77
25,81,210,0.77
25,81,212,0.77
25,81,214,0.77
25,81,216,0.77
25,81,218,0.77
25,81,220,0.77
25,81,222,0.77
25,81,224,0.77
25,81,226,0.77
25,81,228,0.77
25,81,230,0.77
25,81,232,0.77
25,81,234,0.77
25,81,236,0.77
25,81,238,0.77
25,81,240,0.77
25,81,242,0.77
25,81,244,0.77
25,81,246,0.77
25,81,248,0.77
25,81,250,0.77
25,81,252,0.77
25,81,254,0.77
25,81,256,0.77
25,81,258,0.77
25,81,260,0.77
25,81,262,0.77
25,81,264,0.77
25,81,266,0.77
25,81,268,0.77
25,81,270,0.77
25,81,272,0.77
25,81,274,0.77
25,81,276,0.77
25,81,278,0.77
25,81,280,0.77
25,81,282,0.77
25,81,284,0.77
25,81,286,0.77
25,82,186,0.77
25,82,188,0.77
25,82,190,0.77
25,82,192,0.77
25,82,194,0.77
25,82,196,0.77
25,82,198,0.77
25,82,200,0.77
25,82,202,0.77
25,82,204,0.77
25,82,206,0.77
25,82,208,0.77
25,82,210,0.77
25,82,212,0.77
25,82,214,0.77
25,82,216,0.77
25,82,218,0.77
25,82,220,0.77
25,82,222,0.77
25,82,224,0.77
25,82,226,0.77
25,82,228,0.77
25,82,230,0.77
25,82,232,0.77
25,82,234,0.77
25,82,236,0.77
25,82,238,0.77
25,82,240,0.77
25,82,242,0.77
25,82,244,0.77
25,82,246,0.77
25,82,248,0.77
25,82,250,0.77
25,82,252,0.77
25,82,254,0.77
25,82,256,0.77
25,82,258,0.77
25,82,260,0.77
25,82,262,0.77
25,82,264,0.77
25,82,266,0.77
25,82,268,0.77
25,82,270,0.77
25,82,272,0.77
25,82,274,0.77
25,82,276,0.77
25,82,278,0.77
25,82,280,0.77
25,82,282,0.77
25,82,284,0.77
25,82,286,0.77
25,83,186,0.77
25,83,188,0.77
25,83,190,0.77
25,83,192,0.77
25,83,194,0.77
25,83,196,0.77
25,83,198,0.77
25,83,200,0.77
25,83,202,0.77
25,83,204,0.77
25,83,206,0.77
25,83,208,0.77
25,83,210,0.77
25,83,212,0.77
25,83,214,0.77
25,83,216,0.77
25,83,218,0.77
25,83,220,0.77
25,83,222,0.77
25,83,224,0.77
25,83,226,0.77
25,83,228,0.77
25,83,230,0.77
25,83,232,0.77
25,83,234,0.77
25,83,236,0.77
25,83,238,0.77
25,83,240,0.77
25,83,242,0.77
25,83,244,0.77
25,83,246,0.77
25,83,248,0.77
25,83,250,0.77
25,83,252,0.77
25,83,254,0.77
25,83,256,0.77
25,83,258,0.77
25,83,260,0.77
25,83,262,0.77
25,83,264,0.77
25,83,266,0.77
25,83,268,0.77
25,83,270,0.77
25,83,272,0.77
25,83,274,0.77
25,83,276,0.77
25,83,278,0.77
25,83,280,0.77
25,83,282,0.77
25,83,284,0.77
25,83,286,0.77
25,84,186,0.77
25,84,188,0.77
25,84,190,0.77
25,84,192,0.77
25,84,194,0.77
25,84,196,0.77
25,84,198,0.77
25,84,200,0.77
25,84,202,0.77
25,84,204,0.77
25,84,206,0.77
25,84,208,0.77
25,84,210,0.77
25,84,212,0.77
25,84,214,0.77
25,84,216,0.77
25,84,218,0.77
25,84,220,0.77
25,84,222,0.77
25,84,224,0.77
25,84,226,0.77
25,84,228,0.77
25,84,230,0.77
25,84,232,0.77
25,84,234,0.77
25,84,236,0.77
25,84,238,0.77
25,84,240,0.77
25,84,242,0.77
25,84,244,0.77
25,84,246,0.77
25,84,248,0.77
25,84,250,0.77
25,84,252,0.77
25,84,254,0.77
25,84,256,0.77
25,84,258,0.77
25,84,260,0.77
25,84,262,0.77
25,84,264,0.77
25,84,266,0.77
25,84,268,0.77
25,84,270,0.77
25,84,272,0.77
25,84,274,0.77
25,84,276,0.77
25,84,278,0.77
25,84,280,0.77
25,84,282,0.77
25,84,284,0.77
25,84,286,0.77
25,85,184,0.77
25,85,186,0.77
25,85,188,0.77
25,85,190,0.77
25,85,192,0.77
25,85,194,0.77
25,85,196,0.77
25,85,198,0.77
25,85,200,0.77
25,85,202,0.77
25,85,204,0.77
25,85,206,0.77
25,85,208,0.77
25,85,210,0.77
25,85,212,0.77
25,85,214,0.77
25,85,216,0.77
25,85,218,0.77
25,85,220,0.77
25,85,222,0.77
25,85,224,0.77
25,85,226,0.77
25,85,228,0.77
25,85,230,0.77
25,85,232,0.77
25,85,234,0.77
25,85,236,0.77
25,85,238,0.77
25,85,240,0.77
25,85,242,0.77
25,85,244,0.77
25,85,246,0.77
25,85,248,0.77
25,85,250,0.77
25,85,252,0.77
25,85,254,0.77
25,85,256,0.77
25,85,258,0.77
25,85,260,0.77
25,85,262,0.77
25,85,264,0.77
25,85,266,0.77
25,85,268,0.77
25,85,270,0.77
25,85,272,0.77
25,85,274,0.77
25,85,276,0.77
25,85,278,0.77
25,85,280,0.77
25,85,282,0.77
25,85,284,0.77
25,86,184,0.77
25,86,186,0.77
25,86,188,0.77
25,86,190,0.77
25,86,192,0.77
25,86,194,0.77
25,86,196,0.77
25,86,198,0.77
25,86,200,0.77
25,86,202,0.77
25,86,204,0.77
25,86,206,0.77
25,86,208,0.77
25,86,210,0.77
25,86,212,0.77
25,86,214,0.77
25,86,216,0.77
25,86,218,0.77
25,86,220,0.77
25,86,222,0.77
25,86,224,0.77
25,86,226,0.77
25,86,228,0.77
25,86,230,0.77
25,86,232,0.77
25,86,234,0.77
25,86,236,0.77
25,86,238,0.77
25,86,240,0.77
25,86,242,0.77
25,86,244,0.77
25,86,246,0.77
25,86,248,0.77
25,86,250,0.77
25,86,252,0.77
25,86,254,0.77
25,86,256,0.77
25,86,258,0.77
25,86,260,0.77
25,86,262,0.77
25,86,264,0.77
25,86,266,0.77
25,86,268,0.77
25,86,270,0.77
25,86,272,0.77
25,86,274,0.77
25,86,276,0.77
25,86,278,0.77
25,86,280,0.77
25,86,282,0.77
25,86,284,0.77
25,87,184,0.77
25,87,186,0.77
25,87,188,0.77
25,87,190,0.77
25,87,192,0.77
25,87,194,0.77
25,87,196,0.77
25,87,198,0.77
25,87,200,0.77
25,87,202,0.77
25,87,204,0.77
25,87,206,0.77
25,87,208,0.77
25,87,210,0.77
25,87,212,0.77
25,87,214,0.77
25,87,216,0.77
25,87,218,0.77
25,87,220,0.77
25,87,222,0.77
25,87,224,0.77
25,87,226,0.77
25,87,228,0.77
25,87,230,0.77
25,87,232,0.77
25,87,234,0.77
25,87,236,0.77
25,87,238,0.77
25,87,240,0.77
25,87,242,0.77
25,87,244,0.77
25,87,246,0.77
25,87,248,0.77
25,87,250,0.77
25,87,252,0.77
25,87,254,0.77
25,87,256,0.77
25,87,258,0.77
25,87,260,0.77
25,87,262,0.77
25,87,264,0.77
25,87,266,0.77
25,87,268,0.77
25,87,270,0.77
25,87,272,0.77
25,87,274,0.77
25,87,276,0.77
25,87,278,0.77
25,87,280,0.77
25,87,282,0.77
25,87,284,0.77
25,88,184,0.77
25,88,186,0.77
25,88,188,0.77
25,88,190,0.77
25,88,192,0.77
25,88,194,0.77
25,88,196,0.77
25,88,198,0.77
25,88,200,0.77
25,88,202,0.77
25,88,204,0.77
25,88,206,0.77
25,88,208,0.77
25,88,210,0.77
25,88,212,0.77
25,88,214,0.77
25,88,216,0.77
25,88,218,0.77
25,88,220,0.77
25,88,222,0.77
25,88,224,0.77
25,88,226,0.77
25,88,228,0.77
25,88,230,0.77
25,88,232,0.77
25,88,234,0.77
25,88,236,0.77
25,88,238,0.77
25,88,240,0.77
25,88,242,0.77
25,88,244,0.77
25,88,246,0.77
25,88,248,0.77
25,88,250,0.77
25,88,252,0.77
25,88,254,0.77
25,88,256,0.77
25,88,258,0.77
25,88,260,0.77
25,88,262,0.77
25,88,264,0.77
25,88,266,0.77
25,88,268,0.77
25,88,270,0.77
25,88,272,0.77
25,88,274,0.77
25,88,276,0.77
25,88,278,0.77
25,88,280,0.77
25,88,282,0.77
25,88,284,0.77
25,89,184,0.77
25,89,186,0.77
25,89,188,0.77
25,89,190,0.77
25,89,192,0.77
25,89,194,0.77
25,89,196,0.77
25,89,198,0.77
25,89,200,0.77
25,89,202,0.77
25,89,204,0.77
25,89,206,0.77
25,89,208,0.77
25,89,210,0.77
25,89,212,0.77
25,89,214,0.77
25,89,216,0.77
25,89,218,0.77
25,89,220,0.77
25,89,222,0.77
25,89,224,0.77
25,89,226,0.77
25,89,228,0.77
25,89,230,0.77
25,89,232,0.77
25,89,234,0.77
25,89,236,0.77
25,89,238,0.77
25,89,240,0.77
25,89,242,0.77
25,89,244,0.77
25,89,246,0.77
25,89,248,0.77
25,89,250,0.77
25,89,252,0.77
25,89,254,0.77
25,89,256,0.77
25,89,258,0.77
25,89,260,0.77
25,89,262,0.77
25,89,264,0.77
25,89,266,0.77
25,89,268,0.77
25,89,270,0.77
25,89,272,0.77
25,89,274,0.77
25,89,276,0.77
25,89,278,0.77
25,89,280,0.77
25,89,282,0.77
25,89,284,0.77
26,35,232,0.71
26,35,234,0.71
26,35,236,0.71
26,35,238,0.71
26,35,240,0.71
26,35,242,0.71
26,35,244,0.71
26,35,246,0.71
26,35,248,0.71
26,35,250,0.71
26,35,252,0.71
26,35,254,0.71
26,35,256,0.71
26,35,258,0.71
26,35,260,0.71
26,35,262,0.71
26,35,264,0.71
26,35,266,0.71
26,35,268,0.71
26,35,270,0.71
26,35,272,0.71
26,35,274,0.71
26,35,276,0.71
26,35,278,0.71
26,35,280,0.71
26,35,282,0.71
26,35,284,0.71
26,35,286,0.71
26,35,288,0.71
26,35,290,0.71
26,35,292,0.71
26,35,294,0.71
26,35,296,0.71
26,35,298,0.71
26,35,300,0.71
26,35,302,0.71
26,35,304,0.71
26,35,306,0.71
26,35,308,0.71
26,35,310,0.71
26,35,312,0.71
26,35,314,0.71
26,35,316,0.71
26,35,318,0.71
26,35,320,0.71
26,35,322,0.71
26,35,324,0.71
26,35,326,0.71
26,35,328,0.71
26,35,330,0.71
26,35,332,0.71
26,36,232,0.71
26,36,234,0.71
26,36,236,0.71
26,36,238,0.71
26,36,240,0.71
26,36,242,0.71
26,36,244,0.71
26,36,246,0.71
26,36,248,0.71
26,36,250,0.71
26,36,252,0.71
26,36,254,0.71
26,36,256,0.71
26,36,258,0.71
26,36,260,0.71
26,36,262,0.71
26,36,264,0.71
26,36,266,0.71
26,36,268,0.71
26,36,270,0.71
26,36,272,0.71
26,36,274,0.71
26,36,276,0.71
26,36,278,0.71
26,36,280,0.71
26,36,282,0.71
26,36,284,0.71
26,36,286,0.71
26,36,288,0.71
26,36,290,0.71
26,36,292,0.71
26,36,294,0.71
26,36,296,0.71
26,36,298,0.71
26,36,300,0.71
26,36,302,0.71
26,36,304,0.71
26,36,306,0.71
26,36,308,0.71
26,36,310,0.71
26,36,312,0.71
26,36,314,0.71
26,36,316,0.71
26,36,318,0.71
26,36,320,0.71
26,36,322,0.71
26,36,324,0.71
26,36,326,0.71
26,36,328,0.71
26,36,330,0.71
26,36,332,0.71
26,37,232,0.71
26,37,234,0.71
26,37,236,0.71
26,37,238,0.71
26,37,240,0.71
26,37,242,0.71
26,37,244,0.71
26,37,246,0.71
26,37,248,0.71
26,37,250,0.71
26,37,252,0.71
26,37,254,0.71
26,37,256,0.71
26,37,258,0.71
26,37,260,0.71
26,37,262,0.71
26,37,264,0.71
26,37,266,0.71
26,37,268,0.71
26,37,270,0.71
26,37,272,0.71
26,37,274,0.71
26,37,276,0.71
26,37,278,0.71
26,37,280,0.71
26,37,282,0.71
26,37,284,0.71
26,37,286,0.71
26,37,288,0.71
26,37,290,0.71
26,37,292,0.71
26,37,294,0.71
26,37,296,0.71
26,37,298,0.71
26,37,300,0.71
26,37,302,0.71
26,37,304,0.71
26,37,306,0.71
26,37,308,0.71
26,37,310,0.71
26,37,312,0.71
26,37,314,0.71
26,37,316,0.71
26,37,318,0.71
26,37,320,0.71
26,37,322,0.71
26,37,324,0.71
26,37,326,0.71
26,37,328,0.71
26,37,330,0.71
26,37,332,0.71
26,38,232,0.71
26,38,234,0.71
26,38,236,0.71
26,38,238,0.71
26,38,240,0.71
26,38,242,0.71
26,38,244,0.71
26,38,246,0.71
26,38,248,0.71
26,38,250,0.71
26,38,252,0.71
26,38,254,0.71
26,38,256,0.71
26,38,258,0.71
26,38,260,0.71
26,38,262,0.71
26,38,264,0.71
26,38,266,0.71
26,38,268,0.71
26,38,270,0.71
26,38,272,0.71
26,38,274,0.71
26,38,276,0.71
26,38,278,0.71
26,38,280,0.71
26,38,282,0.71
26,38,284,0.71
26,38,286,0.71
26,38,288,0.71
26,38,290,0.71
26,38,292,0.71
26,38,294,0.71
26,38,296,0.71
26,38,298,0.71
26,38,300,0.71
26,38,302,0.71
26,38,304,0.71
26,38,306,0.71
26,38,308,0.71
26,38,310,0.71
26,38,312,0.71
26,38,314,0.71
26,38,316,0.71
26,38,318,0.71
26,38,320,0.71
26,38,322,0.71
26,38,324,0.71
26,38,326,0.71
26,38,328,0.71
26,38,330,0.71
26,38,332,0.71
26,39,232,0.71
26,39,234,0.71
26,39,236,0.71
26,39,238,0.71
26,39,240,0.71
26,39,242,0.71
26,39,244,0.71
26,39,246,0.71
26,39,248,0.71
26,39,250,0.71
26,39,252,0.71
26,39,254,0.71
26,39,256,0.71
26,39,258,0.71
26,39,260,0.71
26,39,262,0.71
26,39,264,0.71
26,39,266,0.71
26,39,268,0.71
26,39,270,0.71
26,39,272,0.71
26,39,274,0.71
26,39,276,0.71
26,39,278,0.71
26,39,280,0.71
26,39,282,0.71
26,39,284,0.71
26,39,286,0.71
26,39,288,0.71
26,39,290,0.71
26,39,292,0.71
26,39,294,0.71
26,39,296,0.71
26,39,298,0.71
26,39,300,0.71
26,39,302,0.71
26,39,304,0.71
26,39,306,0.71
26,39,308,0.71
26,39,310,0.71
26,39,312,0.71
26,39,314,0.71
26,39,316,0.71
26,39,318,0.71
26,39,320,0.71
26,39,322,0.71
26,39,324,0.71
26,39,326,0.71
26,39,328,0.71
26,39,330,0.71
26,39,332,0.71
26,40,250,0.71
26,40,252,0.71
26,40,254,0.71
26,40,256,0.71
26,40,258,0.71
26,40,260,0.71
26,40,262,0.71
26,40,264,0.71
26,40,266,0.71
26,40,268,0.71
26,40,270,0.71
26,40,272,0.71
26,40,274,0.71
26,40,276,0.71
26,40,278,0.71
26,40,280,0.71
26,40,282,0.71
26,40,284,0.71
26,40,286,0.71
26,40,288,0.71
26,40,290,0.71
26,40,292,0.71
26,40,294,0.71
26,40,296,0.71
26,40,298,0.71
26,40,300,0.71
26,40,302,0.71
26,40,304,0.71
26,40,306,0.71
26,40,308,0.71
26,40,310,0.71
26,40,312,0.71
26,40,314,0.71
26,40,316,0.71
26,40,318,0.71
26,40,320,0.71
26,40,322,0.71
26,40,324,0.71
26,40,326,0.71
26,40,328,0.71
26,40,330,0.71
26,40,332,0.71
26,40,334,0.71
26,40,336,0.71
26,40,338,0.71
26,40,340,0.71
26,40,342,0.71
26,40,344,0.71
26,40,346,0.71
26,40,348,0.71
26,40,350,0.71
26,41,250,0.71
26,41,252,0.71
26,41,254,0.71
26,41,256,0.71
26,41,258,0.71
26,41,260,0.71
26,41,262,0.71
26,41,264,0.71
26,41,266,0.71
26,41,268,0.71
26,41,270,0.71
26,41,272,0.71
26,41,274,0.71
26,41,276,0.71
26,41,278,0.71
26,41,280,0.71
26,41,282,0.71
26,41,284,0.71
26,41,286,0.71
26,41,288,0.71
26,41,290,0.71
26,41,292,0.71
26,41,294,0.71
26,41,296,0.71
26,41,298,0.71
26,41,300,0.71
26,41,302,0.71
26,41,304,0.71
26,41,306,0.71
26,41,308,0.71
26,41,310,0.71
26,41,312,0.71
26,41,314,0.71
26,41,316,0.71
26,41,318,0.71
26,41,320,0.71
26,41,322,0.71
26,41,324,0.71
26,41,326,0.71
26,41,328,0.71
26,41,330,0.71
26,41,332,0.71
26,41,334,0.71
26,41,336,0.71
26,41,338,0.71
26,41,340,0.71
26,41,342,0.71
26,41,344,0.71
26,41,346,0.71
26,41,348,0.71
26,41,350,0.71
26,42,250,0.71
26,42,252,0.71
26,42,254,0.71
26,42,256,0.71
26,42,258,0.71
26,42,260,0.71
26,42,262,0.71
26,42,264,0.71
26,42,266,0.71
26,42,268,0.71
26,42,270,0.71
26,42,272,0.71
26,42,274,0.71
26,42,276,0.71
26,42,278,0.71
26,42,280,0.71
26,42,282,0.71
26,42,284,0.71
26,42,286,0.71
26,42,288,0.71
26,42,290,0.71
26,42,292,0.71
26,42,294,0.71
26,42,296,0.71
26,42,298,0.71
26,42,300,0.71
26,42,302,0.71
26,42,304,0.71
26,42,306,0.71
26,42,308,0.71
26,42,310,0.71
26,42,312,0.71
26,42,314,0.71
26,42,316,0.71
26,42,318,0.71
26,42,320,0.71
26,42,322,0.71
26,42,324,0.71
26,42,326,0.71
26,42,328,0.71
26,42,330,0.71
26,42,332,0.71
26,42,334,0.71
26,42,336,0.71
26,42,338,0.71
26,42,340,0.71
26,42,342,0.71
26,42,344,0.71
26,42,346,0.71
26,42,348,0.71
26,42,350,0.71
26,43,250,0.71
26,43,252,0.71
26,43,254,0.71
26,43,256,0.71
26,43,258,0.71
26,43,260,0.71
26,43,262,0.71
26,43,264,0.71
26,43,266,0.71
26,43,268,0.71
26,43,270,0.71
26,43,272,0.71
26,43,274,0.71
26,43,276,0.71
26,43,278,0.71
26,43,280,0.71
26,43,282,0.71
26,43,284,0.71
26,43,286,0.71
26,43,288,0.71
26,43,290,0.71
26,43,292,0.71
26,43,294,0.71
26,43,296,0.71
26,43,298,0.71
26,43,300,0.71
26,43,302,0.71
26,43,304,0.71
26,43,306,0.71
26,43,308,0.71
26,43,310,0.71
26,43,312,0.71
26,43,314,0.71
26,43,316,0.71
26,43,318,0.71
26,43,320,0.71
26,43,322,0.71
26,43,324,0.71
26,43,326,0.71
26,43,328,0.71
26,43,330,0.71
26,43,332,0.71
26,43,334,0.71
26,43,336,0.71
26,43,338,0.71
26,43,340,0.71
26,43,342,0.71
26,43,344,0.71
26,43,346,0.71
26,43,348,0.71
26,43,350,0.71
26,44,250,0.71
26,44,252,0.71
26,44,254,0.71
26,44,256,0.71
26,44,258,0.71
26,44,260,0.71
26,44,262,0.71
26,44,264,0.71
26,44,266,0.71
26,44,268,0.71
26,44,270,0.71
26,44,272,0.71
26,44,274,0.71
26,44,276,0.71
26,44,278,0.71
26,44,280,0.71
26,44,282,0.71
26,44,284,0.71
26,44,286,0.71
26,44,288,0.71
26,44,290,0.71
26,44,292,0.71
26,44,294,0.71
26,44,296,0.71
26,44,298,0.71
26,44,300,0.71
26,44,302,0.71
26,44,304,0.71
26,44,306,0.71
26,44,308,0.71
26,44,310,0.71
26,44,312,0.71
26,44,314,0.71
26,44,316,0.71
26,44,318,0.71
26,44,320,0.71
26,44,322,0.71
26,44,324,0.71
26,44,326,0.71
26,44,328,0.71
26,44,330,0.71
26,44,332,0.71
26,44,334,0.71
26,44,336,0.71
26,44,338,0.71
26,44,340,0.71
26,44,342,0.71
26,44,344,0.71
26,44,346,0.71
26,44,348,0.71
26,44,350,0.71
26,45,244,0.71
26,45,246,0.71
26,45,248,0.71
26,45,250,0.71
26,45,252,0.71
26,45,254,0.71
26,45,256,0.71
26,45,258,0.71
26,45,260,0.71
26,45,262,0.71
26,45,264,0.71
26,45,266,0.71
26,45,268,0.71
26,45,270,0.71
26,45,272,0.71
26,45,274,0.71
26,45,276,0.71
26,45,278,0.71
26,45,280,0.71
26,45,282,0.71
26,45,284,0.71
26,45,286,0.71
26,45,288,0.71
26,45,290,0.71
26,45,292,0.71
26,45,294,0.71
26,45,296,0.71
26,45,298,0.71
26,45,300,0.71
26,45,302,0.71
26,45,304,0.71
26,45,306,0.71
26,45,308,0.71
26,45,310,0.71
26,45,312,0.71
26,45,314,0.71
26,45,316,0.71
26,45,318,0.71
26,45,320,0.71
26,45,322,0.71
26,45,324,0.71
26,45,326,0.71
26,45,328,0.71
26,45,330,0.71
26,45,332,0.71
26,45,334,0.71
26,45,336,0.71
26,45,338,0.71
26,45,340,0.71
26,45,342,0.71
26,45,344,0.71
26,46,244,0.71
26,46,246,0.71
26,46,248,0.71
26,46,250,0.71
26,46,252,0.71
26,46,254,0.71
26,46,256,0.71
26,46,258,0.71
26,46,260,0.71
26,46,262,0.71
26,46,264,0.71
26,46,266,0.71
26,46,268,0.71
26,46,270,0.71
26,46,272,0.71
26,46,274,0.71
26,46,276,0.71
26,46,278,0.71
26,46,280,0.71
26,46,282,0.71
26,46,284,0.71
26,46,286,0.71
26,46,288,0.71
26,46,290,0.71
26,46,292,0.71
26,46,294,0.71
26,46,296,0.71
26,46,298,0.71
26,46,300,0.71
26,46,302,0.71
26,46,304,0.71
26,46,306,0.71
26,46,308,0.71
26,46,310,0.71
26,46,312,0.71
26,46,314,0.71
26,46,316,0.71
26,46,318,0.71
26,46,320,0.71
26,46,322,0.71
26,46,324,0.71
26,46,326,0.71
26,46,328,0.71
26,46,330,0.71
26,46,332,0.71
26,46,334,0.71
26,46,336,0.71
26,46,338,0.71
26,46,340,0.71
26,46,342,0.71
26,46,344,0.71
26,47,244,0.71
26,47,246,0.71
26,47,248,0.71
26,47,250,0.71
26,47,252,0.71
26,47,254,0.71
26,47,256,0.71
26,47,258,0.71
26,47,260,0.71
26,47,262,0.71
26,47,264,0.71
26,47,266,0.71
26,47,268,0.71
26,47,270,0.71
26,47,272,0.71
26,47,274,0.71
26,47,276,0.71
26,47,278,0.71
26,47,280,0.71
26,47,282,0.71
26,47,284,0.71
26,47,286,0.71
26,47,288,0.71
26,47,290,0.71
26,47,292,0.71
26,47,294,0.71
26,47,296,0.71
26,47,298,0.71
26,47,300,0.71
26,47,302,0.71
26,47,304,0.71
26,47,306,0.71
26,47,308,0.71
26,47,310,0.71
26,47,312,0.71
26,47,314,0.71
26,47,316,0.71
26,47,318,0.71
26,47,320,0.71
26,47,322,0.71
26,47,324,0.71
26,47,326,0.71
26,47,328,0.71
26,47,330,0.71
26,47,332,0.71
26,47,334,0.71
26,47,336,0.71
26,47,338,0.71
26,47,340,0.71
26,47,342,0.71
26,47,344,0.71
26,48,244,0.71
26,48,246,0.71
26,48,248,0.71
26,48,250,0.71
26,48,252,0.71
26,48,254,0.71
26,48,256,0.71
26,48,258,0.71
26,48,260,0.71
26,48,262,0.71
26,48,264,0.71
26,48,266,0.71
26,48,268,0.71
26,48,270,0.71
26,48,272,0.71
26,48,274,0.71
26,48,276,0.71
26,48,278,0.71
26,48,280,0.71
26,48,282,0.71
26,48,284,0.71
26,48,286,0.71
26,48,288,0.71
26,48,290,0.71
26,48,292,0.71
26,48,294,0.71
26,48,296,0.71
26,48,298,0.71
26,48,300,0.71
26,48,302,0.71
26,48,304,0.71
26,48,306,0.71
26,48,308,0.71
26,48,310,0.71
26,48,312,0.71
26,48,314,0.71
26,48,316,0.71
26,48,318,0.71
26,48,320,0.71
26,48,322,0.71
26,48,324,0.71
26,48,326,0.71
26,48,328,0.71
26,48,330,0.71
26,48,332,0.71
26,48,334,0.71
26,48,336,0.71
26,48,338,0.71
26,48,340,0.71
26,48,342,0.71
26,48,344,0.71
26,49,244,0.71
26,49,246,0.71
26,49,248,0.71
26,49,250,0.71
26,49,252,0.71
26,49,254,0.71
26,49,256,0.71
26,49,258,0.71
26,49,260,0.71
26,49,262,0.71
26,49,264,0.71
26,49,266,0.71
26,49,268,0.71
26,49,270,0.71
26,49,272,0.71
26,49,274,0.71
26,49,276,0.71
26,49,278,0.71
26,49,280,0.71
26,49,282,0.71
26,49,284,0.71
26,49,286,0.71
26,49,288,0.71
26,49,290,0.71
26,49,292,0.71
26,49,294,0.71
26,49,296,0.71
26,49,298,0.71
26,49,300,0.71
26,49,302,0.71
26,49,304,0.71
26,49,306,0.71
26,49,308,0.71
26,49,310,0.71
26,49,312,0.71
26,49,314,0.71
26,49,316,0.71
26,49,318,0.71
26,49,320,0.71
26,49,322,0.71
26,49,324,0.71
26,49,326,0.71
26,49,328,0.71
26,49,330,0.71
26,49,332,0.71
26,49,334,0.71
26,49,336,0.71
26,49,338,0.71
26,49,340,0.71
26,49,342,0.71
26,49,344,0.71
26,50,250,0.71
26,50,252,0.71
26,50,254,0.71
26,50,256,0.71
26,50,258,0.71
26,50,260,0.71
26,50,262,0.71
26,50,264,0.71
26,50,266,0.71
26,50,268,0.71
26,50,270,0.71
26,50,272,0.71
26,50,274,0.71
26,50,276,0.71
26,50,278,0.71
26,50,280,0.71
26,50,282,0.71
26,50,284,0.71
26,50,286,0.71
26,50,288,0.71
26,50,290,0.71
26,50,292,0.71
26,50,294,0.71
26,50,296,0.71
26,50,298,0.71
26,50,300,0.71
26,50,302,0.71
26,50,304,0.71
26,50,306,0.71
26,50,308,0.71
26,50,310,0.71
26,50,312,0.71
26,50,314,0.71
26,50,316,0.71
26,50,318,0.71
26,50,320,0.71
26,50,322,0.71
26,50,324,0.71
26,50,326,0.71
26,50,328,0.71
26,50,330,0.71
26,50,332,0.71
26,50,334,0.71
26,50,336,0.71
26,50,338,0.71
26,50,340,0.71
26,50,342,0.71
26,50,344,0.71
26,50,346,0.71
26,50,348,0.71
26,50,350,0.71
26,51,250,0.71
26,51,252,0.71
26,51,254,0.71
26,51,256,0.71
26,51,258,0.71
26,51,260,0.71
26,51,262,0.71
26,51,264,0.71
26,51,266,0.71
26,51,268,0.71
26,51,270,0.71
26,51,272,0.71
26,51,274,0.71
26,51,276,0.71
26,51,278,0.71
26,51,280,0.71
26,51,282,0.71
26,51,284,0.71
26,51,286,0.71
26,51,288,0.71
26,51,290,0.71
26,51,292,0.71
26,51,294,0.71
26,51,296,0.71
26,51,298,0.71
26,51,300,0.71
26,51,302,0.71
26,51,304,0.71
26,51,306,0.71
26,51,308,0.71
26,51,310,0.71
26,51,312,0.71
26,51,314,0.71
26,51,316,0.71
26,51,318,0.71
26,51,320,0.71
26,51,322,0.71
26,51,324,0.71
26,51,326,0.71
26,51,328,0.71
26,51,330,0.71
26,51,332,0.71
26,51,334,0.71
26,51,336,0.71
26,51,338,0.71
26,51,340,0.71
26,51,342,0.71
26,51,344,0.71
26,51,346,0.71
26,51,348,0.71
26,51,350,0.71
26,52,250,0.71
26,52,252,0.71
26,52,254,0.71
26,52,256,0.71
26,52,258,0.71
26,52,260,0.71
26,52,262,0.71
26,52,264,0.71
26,52,266,0.71
26,52,268,0.71
26,52,270,0.71
26,52,272,0.71
26,52,274,0.71
26,52,276,0.71
26,52,278,0.71
26,52,280,0.71
26,52,282,0.71
26,52,284,0.71
26,52,286,0.71
26,52,288,0.71
26,52,290,0.71
26,52,292,0.71
26,52,294,0.71
26,52,296,0.71
26,52,298,0.71
26,52,300,0.71
26,52,302,0.71
26,52,304,0.71
26,52,306,0.71
26,52,308,0.71
26,52,310,0.71
26,52,312,0.71
26,52,314,0.71
26,52,316,0.71
26,52,318,0.71
26,52,320,0.71
26,52,322,0.71
26,52,324,0.71
26,52,326,0.71
26,52,328,0.71
26,52,330,0.71
26,52,332,0.71
26,52,334,0.71
26,52,336,0.71
26,52,338,0.71
26,52,340,0.71
26,52,342,0.71
26,52,344,0.71
26,52,346,0.71
26,52,348,0.71
26,52,350,0.71
26,53,250,0.71
26,53,252,0.71
26,53,254,0.71
26,53,256,0.71
26,53,258,0.71
26,53,260,0.71
26,53,262,0.71
26,53,264,0.71
26,53,266,0.71
26,53,268,0.71
26,53,270,0.71
26,53,272,0.71
26,53,274,0.71
26,53,276,0.71
26,53,278,0.71
26,53,280,0.71
26,53,282,0.71
26,53,284,0.71
26,53,286,0.71
26,53,288,0.71
26,53,290,0.71
26,53,292,0.71
26,53,294,0.71
26,53,296,0.71
26,53,298,0.71
26,53,300,0.71
26,53,302,0.71
26,53,304,0.71
26,53,306,0.71
26,53,308,0.71
26,53,310,0.71
26,53,312,0.71
26,53,314,0.71
26,53,316,0.71
26,53,318,0.71
26,53,320,0.71
26,53,322,0.71
26,53,324,0.71
26,53,326,0.71
26,53,328,0.71
26,53,330,0.71
26,53,332,0.71
26,53,334,0.71
26,53,336,0.71
26,53,338,0.71
26,53,340,0.71
26,53,342,0.71
26,53,344,0.71
26,53,346,0.71
26,53,348,0.71
26,53,350,0.71
26,54,250,0.71
26,54,252,0.71
26,54,254,0.71
26,54,256,0.71
26,54,258,0.71
26,54,260,0.71
26,54,262,0.71
26,54,264,0.71
26,54,266,0.71
26,54,268,0.71
26,54,270,0.71
26,54,272,0.71
26,54,274,0.71
26,54,276,0.71
26,54,278,0.71
26,54,280,0.71
26,54,282,0.71
26,54,284,0.71
26,54,286,0.71
26,54,288,0.71
26,54,290,0.71
26,54,292,0.71
26,54,294,0.71
26,54,296,0.71
26,54,298,0.71
26,54,300,0.71
26,54,302,0.71
26,54,304,0.71
26,54,306,0.71
26,54,308,0.71
26,54,310,0.71
26,54,312,0.71
26,54,314,0.71
26,54,316,0.71
26,54,318,0.71
26,54,320,0.71
26,54,322,0.71
26,54,324,0.71
26,54,326,0.71
26,54,328,0.71
26,54,330,0.71
26,54,332,0.71
26,54,334,0.71
26,54,336,0.71
26,54,338,0.71
26,54,340,0.71
26,54,342,0.71
26,54,344,0.71
26,54,346,0.71
26,54,348,0.71
26,54,350,0.71
26,55,268,0.71
26,55,270,0.71
26,55,272,0.71
26,55,274,0.71
26,55,276,0.71
26,55,278,0.71
26,55,280,0.71
26,55,282,0.71
26,55,284,0.71
26,55,286,0.71
26,55,288,0.71
26,55,290,0.71
26,55,292,0.71
26,55,294,0.71
26,55,296,0.71
26,55,298,0.71
26,55,300,0.71
26,55,302,0.71
26,55,304,0.71
26,55,306,0.71
26,55,308,0.71
26,55,310,0.71
26,55,312,0.71
26,55,314,0.71
26,55,316,0.71
26,55,318,0.71
26,55,320,0.71
26,55,322,0.71
26,55,324,0.71
26,55,326,0.71
26,55,328,0.71
26,55,330,0.71
26,55,332,0.71
26,55,334,0.71
26,55,336,0.71
26,55,338,0.71
26,55,340,0.71
26,55,342,0.71
26,55,344,0.71
26,55,346,0.71
26,55,348,0.71
26,55,350,0.71
26,55,352,0.71
26,55,354,0.71
26,55,356,0.71
26,55,358,0.71
26,55,360,0.71
26,55,362,0.71
26,55,364,0.71
26,55,366,0.71
26,55,368,0.71
26,56,268,0.71
26,56,270,0.71
26,56,272,0.71
26,56,274,0.71
26,56,276,0.71
26,56,278,0.71
26,56,280,0.71
26,56,282,0.71
26,56,284,0.71
26,56,286,0.71
26,56,288,0.71
26,56,290,0.71
26,56,292,0.71
26,56,294,0.71
26,56,296,0.71
26,56,298,0.71
26,56,300,0.71
26,56,302,0.71
26,56,304,0.71
26,56,306,0.71
26,56,308,0.71
26,56,310,0.71
26,56,312,0.71
26,56,314,0.71
26,56,316,0.71
26,56,318,0.71
26,56,320,0.71
26,56,322,0.71
26,56,324,0.71
26,56,326,0.71
26,56,328,0.71
26,56,330,0.71
26,56,332,0.71
26,56,334,0.71
26,56,336,0.71
26,56,338,0.71
26,56,340,0.71
26,56,342,0.71
26,56,344,0.71
26,56,346,0.71
26,56,348,0.71
26,56,350,0.71
26,56,352,0.71
26,56,354,0.71
26,56,356,0.71
26,56,358,0.71
26,56,360,0.71
26,56,362,0.71
26,56,364,0.71
26,56,366,0.71
26,56,368,0.71
26,57,268,0.71
26,57,270,0.71
26,57,272,0.71
26,57,274,0.71
26,57,276,0.71
26,57,278,0.71
26,57,280,0.71
26,57,282,0.71
26,57,284,0.71
26,57,286,0.71
26,57,288,0.71
26,57,290,0.71
26,57,292,0.71
26,57,294,0.71
26,57,296,0.71
26,57,298,0.71
26,57,300,0.71
26,57,302,0.71
26,57,304,0.71
26,57,306,0.71
26,57,308,0.71
26,57,310,0.71
26,57,312,0.71
26,57,314,0.71
26,57,316,0.71
26,57,318,0.71
26,57,320,0.71
26,57,322,0.71
26,57,324,0.71
26,57,326,0.71
26,57,328,0.71
26,57,330,0.71
26,57,332,0.71
26,57,334,0.71
26,57,336,0.71
26,57,338,0.71
26,57,340,0.71
26,57,342,0.71
26,57,344,0.71
26,57,346,0.71
26,57,348,0.71
26,57,350,0.71
26,57,352,0.71
26,57,354,0.71
26,57,356,0.71
26,57,358,0.71
26,57,360,0.71
26,57,362,0.71
26,57,364,0.71
26,57,366,0.71
26,57,368,0.71
26,58,268,0.71
26,58,270,0.71
26,58,272,0.71
26,58,274,0.71
26,58,276,0.71
26,58,278,0.71
26,58,280,0.71
26,58,282,0.71
26,58,284,0.71
26,58,286,0.71
26,58,288,0.71
26,58,290,0.71
26,58,292,0.71
26,58,294,0.71
26,58,296,0.71
26,58,298,0.71
26,58,300,0.71
26,58,302,0.71
26,58,304,0.71
26,58,306,0.71
26,58,308,0.71
26,58,310,0.71
26,58,312,0.71
26,58,314,0.71
26,58,316,0.71
26,58,318,0.71
26,58,320,0.71
26,58,322,0.71
26,58,324,0.71
26,58,326,0.71
26,58,328,0.71
26,58,330,0.71
26,58,332,0.71
26,58,334,0.71
26,58,336,0.71
26,58,338,0.71
26,58,340,0.71
26,58,342,0.71
26,58,344,0.71
26,58,346,0.71
26,58,348,0.71
26,58,350,0.71
26,58,352,0.71
26,58,354,0.71
26,58,356,0.71
26,58,358,0.71
26,58,360,0.71
26,58,362,0.71
26,58,364,0.71
26,58,366,0.71
26,58,368,0.71
26,59,268,0.71
26,59,270,0.71
26,59,272,0.71
26,59,274,0.71
26,59,276,0.71
26,59,278,0.71
26,59,280,0.71
26,59,282,0.71
26,59,284,0.71
26,59,286,0.71
26,59,288,0.71
26,59,290,0.71
26,59,292,0.71
26,59,294,0.71
26,59,296,0.71
26,59,298,0.71
26,59,300,0.71
26,59,302,0.71
26,59,304,0.71
26,59,306,0.71
26,59,308,0.71
26,59,310,0.71
26,59,312,0.71
26,59,314,0.71
26,59,316,0.71
26,59,318,0.71
26,59,320,0.71
26,59,322,0.71
26,59,324,0.71
26,59,326,0.71
26,59,328,0.71
26,59,330,0.71
26,59,332,0.71
26,59,334,0.71
26,59,336,0.71
26,59,338,0.71
26,59,340,0.71
26,59,342,0.71
26,59,344,0.71
26,59,346,0.71
26,59,348,0.71
26,59,350,0.71
26,59,352,0.71
26,59,354,0.71
26,59,356,0.71
26,59,358,0.71
26,59,360,0.71
26,59,362,0.71
26,59,364,0.71
26,59,366,0.71
26,59,368,0.71
26,60,224,0.71
26,60,226,0.71
26,60,228,0.71
26,60,230,0.71
26,60,232,0.71
26,60,234,0.71
26,60,236,0.71
26,60,238,0.71
26,60,240,0.71
26,60,242,0.71
26,60,244,0.71
26,60,246,0.71
26,60,248,0.71
26,60,250,0.71
26,60,252,0.71
26,60,254,0.71
26,60,256,0.71
26,60,258,0.71
26,60,260,0.71
26,60,262,0.71
26,60,264,0.71
26,60,266,0.71
26,60,268,0.71
26,60,270,0.71
26,60,272,0.71
26,60,274,0.71
26,60,276,0.71
26,60,278,0.71
26,60,280,0.71
26,60,282,0.71
26,60,284,0.71
26,60,286,0.71
26,60,288,0.71
26,60,290,0.71
26,60,292,0.71
26,60,294,0.71
26,60,296,0.71
26,60,298,0.71
26,60,300,0.71
26,60,302,0.71
26,60,304,0.71
26,60,306,0.71
26,60,308,0.71
26,60,310,0.71
26,60,312,0.71
26,60,314,0.71
26,60,316,0.71
26,60,318,0.71
26,60,320,0.71
26,60,322,0.71
26,60,324,0.71
26,61,224,0.71
26,61,226,0.71
26,61,228,0.71
26,61,230,0.71
26,61,232,0.71
26,61,234,0.71
26,61,236,0.71
26,61,238,0.71
26,61,240,0.71
26,61,242,0.71
26,61,244,0.71
26,61,246,0.71
26,61,248,0.71
26,61,250,0.71
26,61,252,0.71
26,61,254,0.71
26,61,256,0.71
26,61,258,0.71
26,61,260,0.71
26,61,262,0.71
26,61,264,0.71
26,61,266,0.71
26,61,268,0.71
26,61,270,0.71
26,61,272,0.71
26,61,274,0.71
26,61,276,0.71
26,61,278,0.71
26,61,280,0.71
26,61,282,0.71
26,61,284,0.71
26,61,286,0.71
26,61,288,0.71
26,61,290,0.71
26,61,292,0.71
26,61,294,0.71
26,61,296,0.71
26,61,298,0.71
26,61,300,0.71
26,61,302,0.71
26,61,304,0.71
26,61,306,0.71
26,61,308,0.71
26,61,310,0.71
26,61,312,0.71
26,61,314,0.71
26,61,316,0.71
26,61,318,0.71
26,61,320,0.71
26,61,322,0.71
26,61,324,0.71
26,62,224,0.71
26,62,226,0.71
26,62,228,0.71
26,62,230,0.71
26,62,232,0.71
26,62,234,0.71
26,62,236,0.71
26,62,238,0.71
26,62,240,0.71
26,62,242,0.71
26,62,244,0.71
26,62,246,0.71
26,62,248,0.71
26,62,250,0.71
26,62,252,0.71
26,62,254,0.71
26,62,256,0.71
26,62,258,0.71
26,62,260,0.71
26,62,262,0.71
26,62,264,0.71
26,62,266,0.71
26,62,268,0.71
26,62,270,0.71
26,62,272,0.71
26,62,274,0.71
26,62,276,0.71
26,62,278,0.71
26,62,280,0.71
26,62,282,0.71
26,62,284,0.71
26,62,286,0.71
26,62,288,0.71
26,62,290,0.71
26,62,292,0.71
26,62,294,0.71
26,62,296,0.71
26,62,298,0.71
26,62,300,0.71
26,62,302,0.71
26,62,304,0.71
26,62,306,0.71
26,62,308,0.71
26,62,310,0.71
26,62,312,0.71
26,62,314,0.71
26,62,316,0.71
26,62,318,0.71
26,62,320,0.71
26,62,322,0.71
26,62,324,0.71
26,63,224,0.71
26,63,226,0.71
26,63,228,0.71
26,63,230,0.71
26,63,232,0.71
26,63,234,0.71
26,63,236,0.71
26,63,238,0.71
26,63,240,0.71
26,63,242,0.71
26,63,244,0.71
26,63,246,0.71
26,63,248,0.71
26,63,250,0.71
26,63,252,0.71
26,63,254,0.71
26,63,256,0.71
26,63,258,0.71
26,63,260,0.71
26,63,262,0.71
26,63,264,0.71
26,63,266,0.71
26,63,268,0.71
26,63,270,0.71
26,63,272,0.71
26,63,274,0.71
26,63,276,0.71
26,63,278,0.71
26,63,280,0.71
26,63,282,0.71
26,63,284,0.71
26,63,286,0.71
26,63,288,0.71
26,63,290,0.71
26,63,292,0.71
26,63,294,0.71
26,63,296,0.71
26,63,298,0.71
26,63,300,0.71
26,63,302,0.71
26,63,304,0.71
26,63,306,0.71
26,63,308,0.71
26,63,310,0.71
26,63,312,0.71
26,63,314,0.71
26,63,316,0.71
26,63,318,0.71
26,63,320,0.71
26,63,322,0.71
26,63,324,0.71
26,64,224,0.71
26,64,226,0.71
26,64,228,0.71
26,64,230,0.71
26,64,232,0.71
26,64,234,0.71
26,64,236,0.71
26,64,238,0.71
26,64,240,0.71
26,64,242,0.71
26,64,244,0.71
26,64,246,0.71
26,64,248,0.71
26,64,250,0.71
26,64,252,0.71
26,64,254,0.71
26,64,256,0.71
26,64,258,0.71
26,64,260,0.71
26,64,262,0.71
26,64,264,0.71
26,64,266,0.71
26,64,268,0.71
26,64,270,0.71
26,64,272,0.71
26,64,274,0.71
26,64,276,0.71
26,64,278,0.71
26,64,280,0.71
26,64,282,0.71
26,64,284,0.71
26,64,286,0.71
26,64,288,0.71
26,64,290,0.71
26,64,292,0.71
26,64,294,0.71
26,64,296,0.71
26,64,298,0.71
26,64,300,0.71
26,64,302,0.71
26,64,304,0.71
26,64,306,0.71
26,64,308,0.71
26,64,310,0.71
26,64,312,0.71
26,64,314,0.71
26,64,316,0.71
26,64,318,0.71
26,64,320,0.71
26,64,322,0.71
26,64,324,0.71
26,65,212,0.71
26,65,214,0.71
26,65,216,0.71
26,65,218,0.71
26,65,220,0.71
26,65,222,0.71
26,65,224,0.71
26,65,226,0.71
26,65,228,0.71
26,65,230,0.71
26,65,232,0.71
26,65,234,0.71
26,65,236,0.71
26,65,238,0.71
26,65,240,0.71
26,65,242,0.71
26,65,244,0.71
26,65,246,0.71
26,65,248,0.71
26,65,250,0.71
26,65,252,0.71
26,65,254,0.71
26,65,256,0.71
26,65,258,0.71
26,65,260,0.71
26,65,262,0.71
26,65,264,0.71
26,65,266,0.71
26,65,268,0.71
26,65,270,0.71
26,65,272,0.71
26,65,274,0.71
26,65,276,0.71
26,65,278,0.71
26,65,280,0.71
26,65,282,0.71
26,65,284,0.71
26,65,286,0.71
26,65,288,0.71
26,65,290,0.71
26,65,292,0.71
26,65,294,0.71
26,65,296,0.71
26,65,298,0.71
26,65,300,0.71
26,65,302,0.71
26,65,304,0.71
26,65,306,0.71
26,65,308,0.71
26,65,310,0.71
26,65,312,0.71
26,66,212,0.71
26,66,214,0.71
26,66,216,0.71
26,66,218,0.71
26,66,220,0.71
26,66,222,0.71
26,66,224,0.71
26,66,226,0.71
26,66,228,0.71
26,66,230,0.71
26,66,232,0.71
26,66,234,0.71
26,66,236,0.71
26,66,238,0.71
26,66,240,0.71
26,66,242,0.71
26,66,244,0.71
26,66,246,0.71
26,66,248,0.71
26,66,250,0.71
26,66,252,0.71
26,66,254,0.71
26,66,256,0.71
26,66,258,0.71
26,66,260,0.71
26,66,262,0.71
26,66,264,0.71
26,66,266,0.71
26,66,268,0.71
26,66,270,0.71
26,66,272,0.71
26,66,274,0.71
26,66,276,0.71
26,66,278,0.71
26,66,280,0.71
26,66,282,0.71
26,66,284,0.71
26,66,286,0.71
26,66,288,0.71
26,66,290,0.71
26,66,292,0.71
26,66,294,0.71
26,66,296,0.71
26,66,298,0.71
26,66,300,0.71
26,66,302,0.71
26,66,304,0.71
26,66,306,0.71
26,66,308,0.71
26,66,310,0.71
26,66,312,0.71
26,67,212,0.71
26,67,214,0.71
26,67,216,0.71
26,67,218,0.71
26,67,220,0.71
26,67,222,0.71
26,67,224,0.71
26,67,226,0.71
26,67,228,0.71
26,67,230,0.71
26,67,232,0.71
26,67,234,0.71
26,67,236,0.71
26,67,238,0.71
26,67,240,0.71
26,67,242,0.71
26,67,244,0.71
26,67,246,0.71
26,67,248,0.71
26,67,250,0.71
26,67,252,0.71
26,67,254,0.71
26,67,256,0.71
26,67,258,0.71
26,67,260,0.71
26,67,262,0.71
26,67,264,0.71
26,67,266,0.71
26,67,268,0.71
26,67,270,0.71
26,67,272,0.71
26,67,274,0.71
26,67,276,0.71
26,67,278,0.71
26,67,280,0.71
26,67,282,0.71
26,67,284,0.71
26,67,286,0.71
26,67,288,0.71
26,67,290,0.71
26,67,292,0.71
26,67,294,0.71
26,67,296,0.71
26,67,298,0.71
26,67,300,0.71
26,67,302,0.71
26,67,304,0.71
26,67,306,0.71
26,67,308,0.71
26,67,310,0.71
26,67,312,0.71
26,68,212,0.71
26,68,214,0.71
26,68,216,0.71
26,68,218,0.71
26,68,220,0.71
26,68,222,0.71
26,68,224,0.71
26,68,226,0.71
26,68,228,0.71
26,68,230,0.71
26,68,232,0.71
26,68,234,0.71
26,68,236,0.71
26,68,238,0.71
26,68,240,0.71
26,68,242,0.71
26,68,244,0.71
26,68,246,0.71
26,68,248,0.71
26,68,250,0.71
26,68,252,0.71
26,68,254,0.71
26,68,256,0.71
26,68,258,0.71
26,68,260,0.71
26,68,262,0.71
26,68,264,0.71
26,68,266,0.71
26,68,268,0.71
26,68,270,0.71
26,68,272,0.71
26,68,274,0.71
26,68,276,0.71
26,68,278,0.71
26,68,280,0.71
26,68,282,0.71
26,68,284,0.71
26,68,286,0.71
26,68,288,0.71
26,68,290,0.71
26,68,292,0.71
26,68,294,0.71
26,68,296,0.71
26,68,298,0.71
26,68,300,0.71
26,68,302,0.71
26,68,304,0.71
26,68,306,0.71
26,68,308,0.71
26,68,310,0.71
26,68,312,0.71
26,69,212,0.71
26,69,214,0.71
26,69,216,0.71
26,69,218,0.71
26,69,220,0.71
26,69,222,0.71
26,69,224,0.71
26,69,226,0.71
26,69,228,0.71
26,69,230,0.71
26,69,232,0.71
26,69,234,0.71
26,69,236,0.71
26,69,238,0.71
26,69,240,0.71
26,69,242,0.71
26,69,244,0.71
26,69,246,0.71
26,69,248,0.71
26,69,250,0.71
26,69,252,0.71
26,69,254,0.71
26,69,256,0.71
26,69,258,0.71
26,69,260,0.71
26,69,262,0.71
26,69,264,0.71
26,69,266,0.71
26,69,268,0.71
26,69,270,0.71
26,69,272,0.71
26,69,274,0.71
26,69,276,0.71
26,69,278,0.71
26,69,280,0.71
26,69,282,0.71
26,69,284,0.71
26,69,286,0.71
26,69,288,0.71
26,69,290,0.71
26,69,292,0.71
26,69,294,0.71
26,69,296,0.71
26,69,298,0.71
26,69,300,0.71
26,69,302,0.71
26,69,304,0.71
26,69,306,0.71
26,69,308,0.71
26,69,310,0.71
26,69,312,0.71
26,70,216,0.71
26,70,218,0.71
26,70,220,0.71
26,70,222,0.71
26,70,224,0.71
26,70,226,0.71
26,70,228,0.71
26,70,230,0.71
26,70,232,0.71
26,70,234,0.71
26,70,236,0.71
26,70,238,0.71
26,70,240,0.71
26,70,242,0.71
26,70,244,0.71
26,70,246,0.71
26,70,248,0.71
26,70,250,0.71
26,70,252,0.71
26,70,254,0.71
26,70,256,0.71
26,70,258,0.71
26,70,260,0.71
26,70,262,0.71
26,70,264,0.71
26,70,266,0.71
26,70,268,0.71
26,70,270,0.71
26,70,272,0.71
26,70,274,0.71
26,70,276,0.71
26,70,278,0.71
26,70,280,0.71
26,70,282,0.71
26,70,284,0.71
26,70,286,0.71
26,70,288,0.71
26,70,290,0.71
26,70,292,0.71
26,70,294,0.71
26,70,296,0.71
26,70,298,0.71
26,70,300,0.71
26,70,302,0.71
26,70,304,0.71
26,70,306,0.71
26,70,308,0.71
26,70,310,0.71
26,70,312,0.71
26,70,314,0.71
26,70,316,0.71
26,71,216,0.71
26,71,218,0.71
26,71,220,0.71
26,71,222,0.71
26,71,224,0.71
26,71,226,0.71
26,71,228,0.71
26,71,230,0.71
26,71,232,0.71
26,71,234,0.71
26,71,236,0.71
26,71,238,0.71
26,71,240,0.71
26,71,242,0.71
26,71,244,0.71
26,71,246,0.71
26,71,248,0.71
26,71,250,0.71
26,71,252,0.71
26,71,254,0.71
26,71,256,0.71
26,71,258,0.71
26,71,260,0.71
26,71,262,0.71
26,71,264,0.71
26,71,266,0.71
26,71,268,0.71
26,71,270,0.71
26,71,272,0.71
26,71,274,0.71
26,71,276,0.71
26,71,278,0.71
26,71,280,0.71
26,71,282,0.71
26,71,284,0.71
26,71,286,0.71
26,71,288,0.71
26,71,290,0.71
26,71,292,0.71
26,71,294,0.71
26,71,296,0.71
26,71,298,0.71
26,71,300,0.71
26,71,302,0.71
26,71,304,0.71
26,71,306,0.71
26,71,308,0.71
26,71,310,0.71
26,71,312,0.71
26,71,314,0.71
26,71,316,0.71
26,72,216,0.71
26,72,218,0.71
26,72,220,0.71
26,72,222,0.71
26,72,224,0.71
26,72,226,0.71
26,72,228,0.71
26,72,230,0.71
26,72,232,0.71
26,72,234,0.71
26,72,236,0.71
26,72,238,0.71
26,72,240,0.71
26,72,242,0.71
26,72,244,0.71
26,72,246,0.71
26,72,248,0.71
26,72,250,0.71
26,72,252,0.71
26,72,254,0.71
26,72,256,0.71
26,72,258,0.71
26,72,260,0.71
26,72,262,0.71
26,72,264,0.71
26,72,266,0.71
26,72,268,0.71
26,72,270,0.71
26,72,272,0.71
26,72,274,0.71
26,72,276,0.71
26,72,278,0.71
26,72,280,0.71
26,72,282,0.71
26,72,284,0.71
26,72,286,0.71
26,72,288,0.71
26,72,290,0.71
26,72,292,0.71
26,72,294,0.71
26,72,296,0.71
26,72,298,0.71
26,72,300,0.71
26,72,302,0.71
26,72,304,0.71
26,72,306,0.71
26,72,308,0.71
26,72,310,0.71
26,72,312,0.71
26,72,314,0.71
26,72,316,0.71
26,73,216,0.71
26,73,218,0.71
26,73,220,0.71
26,73,222,0.71
26,73,224,0.71
26,73,226,0.71
26,73,228,0.71
26,73,230,0.71
26,73,232,0.71
26,73,234,0.71
26,73,236,0.71
26,73,238,0.71
26,73,240,0.71
26,73,242,0.71
26,73,244,0.71
26,73,246,0.71
26,73,248,0.71
26,73,250,0.71
26,73,252,0.71
26,73,254,0.71
26,73,256,0.71
26,73,258,0.71
26,73,260,0.71
26,73,262,0.71
26,73,264,0.71
26,73,266,0.71
26,73,268,0.71
26,73,270,0.71
26,73,272,0.71
26,73,274,0.71
26,73,276,0.71
26,73,278,0.71
26,73,280,0.71
26,73,282,0.71
26,73,284,0.71
26,73,286,0.71
26,73,288,0.71
26,73,290,0.71
26,73,292,0.71
26,73,294,0.71
26,73,296,0.71
26,73,298,0.71
26,73,300,0.71
26,73,302,0.71
26,73,304,0.71
26,73,306,0.71
26,73,308,0.71
26,73,310,0.71
26,73,312,0.71
26,73,314,0.71
26,73,316,0.71
26,74,216,0.71
26,74,218,0.71
26,74,220,0.71
26,74,222,0.71
26,74,224,0.71
26,74,226,0.71
26,74,228,0.71
26,74,230,0.71
26,74,232,0.71
26,74,234,0.71
26,74,236,0.71
26,74,238,0.71
26,74,240,0.71
26,74,242,0.71
26,74,244,0.71
26,74,246,0.71
26,74,248,0.71
26,74,250,0.71
26,74,252,0.71
26,74,254,0.71
26,74,256,0.71
26,74,258,0.71
26,74,260,0.71
26,74,262,0.71
26,74,264,0.71
26,74,266,0.71
26,74,268,0.71
26,74,270,0.71
26,74,272,0.71
26,74,274,0.71
26,74,276,0.71
26,74,278,0.71
26,74,280,0.71
26,74,282,0.71
26,74,284,0.71
26,74,286,0.71
26,74,288,0.71
26,74,290,0.71
26,74,292,0.71
26,74,294,0.71
26,74,296,0.71
26,74,298,0.71
26,74,300,0.71
26,74,302,0.71
26,74,304,0.71
26,74,306,0.71
26,74,308,0.71
26,74,310,0.71
26,74,312,0.71
26,74,314,0.71
26,74,316,0.71
26,75,166,0.71
26,75,168,0.71
26,75,170,0.71
26,75,172,0.71
26,75,174,0.71
26,75,176,0.71
26,75,178,0.71
26,75,180,0.71
26,75,182,0.71
26,75,184,0.71
26,75,186,0.71
26,75,188,0.71
26,75,190,0.71
26,75,192,0.71
26,75,194,0.71
26,75,196,0.71
26,75,198,0.71
26,75,200,0.71
26,75,202,0.71
26,75,204,0.71
26,75,206,0.71
26,75,208,0.71
26,75,210,0.71
26,75,212,0.71
26,75,214,0.71
26,75,216,0.71
26,75,218,0.71
26,75,220,0.71
26,75,222,0.71
26,75,224,0.71
26,75,226,0.71
26,75,228,0.71
26,75,230,0.71
26,75,232,0.71
26,75,234,0.71
26,75,236,0.71
26,75,238,0.71
26,75,240,0.71
26,75,242,0.71
26,75,244,0.71
26,75,246,0.71
26,75,248,0.71
26,75,250,0.71
26,75,252,0.71
26,75,254,0.71
26,75,256,0.71
26,75,258,0.71
26,75,260,0.71
26,75,262,0.71
26,75,264,0.71
26,75,266,0.71
26,76,166,0.71
26,76,168,0.71
26,76,170,0.71
26,76,172,0.71
26,76,174,0.71
26,76,176,0.71
26,76,178,0.71
26,76,180,0.71
26,76,182,0.71
26,76,184,0.71
26,76,186,0.71
26,76,188,0.71
26,76,190,0.71
26,76,192,0.71
26,76,194,0.71
26,76,196,0.71
26,76,198,0.71
26,76,200,0.71
26,76,202,0.71
26,76,204,0.71
26,76,206,0.71
26,76,208,0.71
26,76,210,0.71
26,76,212,0.71
26,76,214,0.71
26,76,216,0.71
26,76,218,0.71
26,76,220,0.71
26,76,222,0.71
26,76,224,0.71
26,76,226,0.71
26,76,228,0.71
26,76,230,0.71
26,76,232,0.71
26,76,234,0.71
26,76,236,0.71
26,76,238,0.71
26,76,240,0.71
26,76,242,0.71
26,76,244,0.71
26,76,246,0.71
26,76,248,0.71
26,76,250,0.71
26,76,252,0.71
26,76,254,0.71
26,76,256,0.71
26,76,258,0.71
26,76,260,0.71
26,76,262,0.71
26,76,264,0.71
26,76,266,0.71
26,77,166,0.71
26,77,168,0.71
26,77,170,0.71
26,77,172,0.71
26,77,174,0.71
26,77,176,0.71
26,77,178,0.71
26,77,180,0.71
26,77,182,0.71
26,77,184,0.71
26,77,186,0.71
26,77,188,0.71
26,77,190,0.71
26,77,192,0.71
26,77,194,0.71
26,77,196,0.71
26,77,198,0.71
26,77,200,0.71
26,77,202,0.71
26,77,204,0.71
26,77,206,0.71
26,77,208,0.71
26,77,210,0.71
26,77,212,0.71
26,77,214,0.71
26,77,216,0.71
26,77,218,0.71
26,77,220,0.71
26,77,222,0.71
26,77,224,0.71
26,77,226,0.71
26,77,228,0.71
26,77,230,0.71
26,77,232,0.71
26,77,234,0.71
26,77,236,0.71
26,77,238,0.71
26,77,240,0.71
26,77,242,0.71
26,77,244,0.71
26,77,246,0.71
26,77,248,0.71
26,77,250,0.71
26,77,252,0.71
26,77,254,0.71
26,77,256,0.71
26,77,258,0.71
26,77,260,0.71
26,77,262,0.71
26,77,264,0.71
26,77,266,0.71
26,78,166,0.71
26,78,168,0.71
26,78,170,0.71
26,78,172,0.71
26,78,174,0.71
26,78,176,0.71
26,78,178,0.71
26,78,180,0.71
26,78,182,0.71
26,78,184,0.71
26,78,186,0.71
26,78,188,0.71
26,78,190,0.71
26,78,192,0.71
26,78,194,0.71
26,78,196,0.71
26,78,198,0.71
26,78,200,0.71
26,78,202,0.71
26,78,204,0.71
26,78,206,0.71
26,78,208,0.71
26,78,210,0.71
26,78,212,0.71
26,78,214,0.71
26,78,216,0.71
26,78,218,0.71
26,78,220,0.71
26,78,222,0.71
26,78,224,0.71
26,78,226,0.71
26,78,228,0.71
26,78,230,0.71
26,78,232,0.71
26,78,234,0.71
26,78,236,0.71
26,78,238,0.71
26,78,240,0.71
26,78,242,0.71
26,78,244,0.71
26,78,246,0.71
26,78,248,0.71
26,78,250,0.71
26,78,252,0.71
26,78,254,0.71
26,78,256,0.71
26,78,258,0.71
26,78,260,0.71
26,78,262,0.71
26,78,264,0.71
26,78,266,0.71
26,79,166,0.71
26,79,168,0.71
26,79,170,0.71
26,79,172,0.71
26,79,174,0.71
26,79,176,0.71
26,79,178,0.71
26,79,180,0.71
26,79,182,0.71
26,79,184,0.71
26,79,186,0.71
26,79,188,0.71
26,79,190,0.71
26,79,192,0.71
26,79,194,0.71
26,79,196,0.71
26,79,198,0.71
26,79,200,0.71
26,79,202,0.71
26,79,204,0.71
26,79,206,0.71
26,79,208,0.71
26,79,210,0.71
26,79,212,0.71
26,79,214,0.71
26,79,216,0.71
26,79,218,0.71
26,79,220,0.71
26,79,222,0.71
26,79,224,0.71
26,79,226,0.71
26,79,228,0.71
26,79,230,0.71
26,79,232,0.71
26,79,234,0.71
26,79,236,0.71
26,79,238,0.71
26,79,240,0.71
26,79,242,0.71
26,79,244,0.71
26,79,246,0.71
26,79,248,0.71
26,79,250,0.71
26,79,252,0.71
26,79,254,0.71
26,79,256,0.71
26,79,258,0.71
26,79,260,0.71
26,79,262,0.71
26,79,264,0.71
26,79,266,0.71
26,80,198,0.71
26,80,200,0.71
26,80,202,0.71
26,80,204,0.71
26,80,206,0.71
26,80,208,0.71
26,80,210,0.71
26,80,212,0.71
26,80,214,0.71
26,80,216,0.71
26,80,218,0.71
26,80,220,0.71
26,80,222,0.71
26,80,224,0.71
26,80,226,0.71
26,80,228,0.71
26,80,230,0.71
26,80,232,0.71
26,80,234,0.71
26,80,236,0.71
26,80,238,0.71
26,80,240,0.71
26,80,242,0.71
26,80,244,0.71
26,80,246,0.71
26,80,248,0.71
26,80,250,0.71
26,80,252,0.71
26,80,254,0.71
26,80,256,0.71
26,80,258,0.71
26,80,260,0.71
26,80,262,0.71
26,80,264,0.71
26,80,266,0.71
26,80,268,0.71
26,80,270,0.71
26,80,272,0.71
26,80,274,0.71
26,80,276,0.71
26,80,278,0.71
26,80,280,0.71
26,80,282,0.71
26,80,284,0.71
26,80,286,0.71
26,80,288,0.71
26,80,290,0.71
26,80,292,0.71
26,80,294,0.71
26,80,296,0.71
26,80,298,0.71
26,81,198,0.71
26,81,200,0.71
26,81,202,0.71
26,81,204,0.71
26,81,206,0.71
26,81,208,0.71
26,81,210,0.71
26,81,212,0.71
26,81,214,0.71
26,81,216,0.71
26,81,218,0.71
26,81,220,0.71
26,81,222,0.71
26,81,224,0.71
26,81,226,0.71
26,81,228,0.71
26,81,230,0.71
26,81,232,0.71
26,81,234,0.71
26,81,236,0.71
26,81,238,0.71
26,81,240,0.71
26,81,242,0.71
26,81,244,0.71
26,81,246,0.71
26,81,248,0.71
26,81,250,0.71
26,81,252,0.71
26,81,254,0.71
26,81,256,0.71
26,81,258,0.71
26,81,260,0.71
26,81,262,0.71
26,81,264,0.71
26,81,266,0.71
26,81,268,0.71
26,81,270,0.71
26,81,272,0.71
26,81,274,0.71
26,81,276,0.71
26,81,278,0.71
26,81,280,0.71
26,81,282,0.71
26,81,284,0.71
26,81,286,0.71
26,81,288,0.71
26,81,290,0.71
26,81,292,0.71
26,81,294,0.71
26,81,296,0.71
26,81,298,0.71
26,82,198,0.71
26,82,200,0.71
26,82,202,0.71
26,82,204,0.71
26,82,206,0.71
26,82,208,0.71
26,82,210,0.71
26,82,212,0.71
26,82,214,0.71
26,82,216,0.71
26,82,218,0.71
26,82,220,0.71
26,82,222,0.71
26,82,224,0.71
26,82,226,0.71
26,82,228,0.71
26,82,230,0.71
26,82,232,0.71
26,82,234,0.71
26,82,236,0.71
26,82,238,0.71
26,82,240,0.71
26,82,242,0.71
26,82,244,0.71
26,82,246,0.71
26,82,248,0.71
26,82,250,0.71
26,82,252,0.71
26,82,254,0.71
26,82,256,0.71
26,82,258,0.71
26,82,260,0.71
26,82,262,0.71
26,82,264,0.71
26,82,266,0.71
26,82,268,0.71
26,82,270,0.71
26,82,272,0.71
26,82,274,0.71
26,82,276,0.71
26,82,278,0.71
26,82,280,0.71
26,82,282,0.71
26,82,284,0.71
26,82,286,0.71
26,82,288,0.71
26,82,290,0.71
26,82,292,0.71
26,82,294,0.71
26,82,296,0.71
26,82,298,0.71
26,83,198,0.71
26,83,200,0.71
26,83,202,0.71
26,83,204,0.71
26,83,206,0.71
26,83,208,0.71
26,83,210,0.71
26,83,212,0.71
26,83,214,0.71
26,83,216,0.71
26,83,218,0.71
26,83,220,0.71
26,83,222,0.71
26,83,224,0.71
26,83,226,0.71
26,83,228,0.71
26,83,230,0.71
26,83,232,0.71
26,83,234,0.71
26,83,236,0.71
26,83,238,0.71
26,83,240,0.71
26,83,242,0.71
26,83,244,0.71
26,83,246,0.71
26,83,248,0.71
26,83,250,0.71
26,83,252,0.71
26,83,254,0.71
26,83,256,0.71
26,83,258,0.71
26,83,260,0.71
26,83,262,0.71
26,83,264,0.71
26,83,266,0.71
26,83,268,0.71
26,83,270,0.71
26,83,272,0.71
26,83,274,0.71
26,83,276,0.71
26,83,278,0.71
26,83,280,0.71
26,83,282,0.71
26,83,284,0.71
26,83,286,0.71
26,83,288,0.71
26,83,290,0.71
26,83,292,0.71
26,83,294,0.71
26,83,296,0.71
26,83,298,0.71
26,84,198,0.71
26,84,200,0.71
26,84,202,0.71
26,84,204,0.71
26,84,206,0.71
26,84,208,0.71
26,84,210,0.71
26,84,212,0.71
26,84,214,0.71
26,84,216,0.71
26,84,218,0.71
26,84,220,0.71
26,84,222,0.71
26,84,224,0.71
26,84,226,0.71
26,84,228,0.71
26,84,230,0.71
26,84,232,0.71
26,84,234,0.71
26,84,236,0.71
26,84,238,0.71
26,84,240,0.71
26,84,242,0.71
26,84,244,0.71
26,84,246,0.71
26,84,248,0.71
26,84,250,0.71
26,84,252,0.71
26,84,254,0.71
26,84,256,0.71
26,84,258,0.71
26,84,260,0.71
26,84,262,0.71
26,84,264,0.71
26,84,266,0.71
26,84,268,0.71
26,84,270,0.71
26,84,272,0.71
26,84,274,0.71
26,84,276,0.71
26,84,278,0.71
26,84,280,0.71
26,84,282,0.71
26,84,284,0.71
26,84,286,0.71
26,84,288,0.71
26,84,290,0.71
26,84,292,0.71
26,84,294,0.71
26,84,296,0.71
26,84,298,0.71
26,85,216,0.71
26,85,218,0.71
26,85,220,0.71
26,85,222,0.71
26,85,224,0.71
26,85,226,0.71
26,85,228,0.71
26,85,230,0.71
26,85,232,0.71
26,85,234,0.71
26,85,236,0.71
26,85,238,0.71
26,85,240,0.71
26,85,242,0.71
26,85,244,0.71
26,85,246,0.71
26,85,248,0.71
26,85,250,0.71
26,85,252,0.71
26,85,254,0.71
26,85,256,0.71
26,85,258,0.71
26,85,260,0.71
26,85,262,0.71
26,85,264,0.71
26,85,266,0.71
26,85,268,0.71
26,85,270,0.71
26,85,272,0.71
26,85,274,0.71
26,85,276,0.71
26,85,278,0.71
26,85,280,0.71
26,85,282,0.71
26,85,284,0.71
26,85,286,0.71
26,85,288,0.71
26,85,290,0.71
26,85,292,0.71
26,85,294,0.71
26,85,296,0.71
26,85,298,0.71
26,85,300,0.71
26,85,302,0.71
26,85,304,0.71
26,85,306,0.71
26,85,308,0.71
26,85,310,0.71
26,85,312,0.71
26,85,314,0.71
26,85,316,0.71
26,86,216,0.71
26,86,218,0.71
26,86,220,0.71
26,86,222,0.71
26,86,224,0.71
26,86,226,0.71
26,86,228,0.71
26,86,230,0.71
26,86,232,0.71
26,86,234,0.71
26,86,236,0.71
26,86,238,0.71
26,86,240,0.71
26,86,242,0.71
26,86,244,0.71
26,86,246,0.71
26,86,248,0.71
26,86,250,0.71
26,86,252,0.71
26,86,254,0.71
26,86,256,0.71
26,86,258,0.71
26,86,260,0.71
26,86,262,0.71
26,86,264,0.71
26,86,266,0.71
26,86,268,0.71
26,86,270,0.71
26,86,272,0.71
26,86,274,0.71
26,86,276,0.71
26,86,278,0.71
26,86,280,0.71
26,86,282,0.71
26,86,284,0.71
26,86,286,0.71
26,86,288,0.71
26,86,290,0.71
26,86,292,0.71
26,86,294,0.71
26,86,296,0.71
26,86,298,0.71
26,86,300,0.71
26,86,302,0.71
26,86,304,0.71
26,86,306,0.71
26,86,308,0.71
26,86,310,0.71
26,86,312,0.71
26,86,314,0.71
26,86,316,0.71
26,87,216,0.71
26,87,218,0.71
26,87,220,0.71
26,87,222,0.71
26,87,224,0.71
26,87,226,0.71
26,87,228,0.71
26,87,230,0.71
26,87,232,0.71
26,87,234,0.71
26,87,236,0.71
26,87,238,0.71
26,87,240,0.71
26,87,242,0.71
26,87,244,0.71
26,87,246,0.71
26,87,248,0.71
26,87,250,0.71
26,87,252,0.71
26,87,254,0.71
26,87,256,0.71
26,87,258,0.71
26,87,260,0.71
26,87,262,0.71
26,87,264,0.71
26,87,266,0.71
26,87,268,0.71
26,87,270,0.71
26,87,272,0.71
26,87,274,0.71
26,87,276,0.71
26,87,278,0.71
26,87,280,0.71
26,87,282,0.71
26,87,284,0.71
26,87,286,0.71
26,87,288,0.71
26,87,290,0.71
26,87,292,0.71
26,87,294,0.71
26,87,296,0.71
26,87,298,0.71
26,87,300,0.71
26,87,302,0.71
26,87,304,0.71
26,87,306,0.71
26,87,308,0.71
26,87,310,0.71
26,87,312,0.71
26,87,314,0.71
26,87,316,0.71
26,88,216,0.71
26,88,218,0.71
26,88,220,0.71
26,88,222,0.71
26,88,224,0.71
26,88,226,0.71
26,88,228,0.71
26,88,230,0.71
26,88,232,0.71
26,88,234,0.71
26,88,236,0.71
26,88,238,0.71
26,88,240,0.71
26,88,242,0.71
26,88,244,0.71
26,88,246,0.71
26,88,248,0.71
26,88,250,0.71
26,88,252,0.71
26,88,254,0.71
26,88,256,0.71
26,88,258,0.71
26,88,260,0.71
26,88,262,0.71
26,88,264,0.71
26,88,266,0.71
26,88,268,0.71
26,88,270,0.71
26,88,272,0.71
26,88,274,0.71
26,88,276,0.71
26,88,278,0.71
26,88,280,0.71
26,88,282,0.71
26,88,284,0.71
26,88,286,0.71
26,88,288,0.71
26,88,290,0.71
26,88,292,0.71
26,88,294,0.71
26,88,296,0.71
26,88,298,0.71
26,88,300,0.71
26,88,302,0.71
26,88,304,0.71
26,88,306,0.71
26,88,308,0.71
26,88,310,0.71
26,88,312,0.71
26,88,314,0.71
26,88,316,0.71
26,89,216,0.71
26,89,218,0.71
26,89,220,0.71
26,89,222,0.71
26,89,224,0.71
26,89,226,0.71
26,89,228,0.71
26,89,230,0.71
26,89,232,0.71
26,89,234,0.71
26,89,236,0.71
26,89,238,0.71
26,89,240,0.71
26,89,242,0.71
26,89,244,0.71
26,89,246,0.71
26,89,248,0.71
26,89,250,0.71
26,89,252,0.71
26,89,254,0.71
26,89,256,0.71
26,89,258,0.71
26,89,260,0.71
26,89,262,0.71
26,89,264,0.71
26,89,266,0.71
26,89,268,0.71
26,89,270,0.71
26,89,272,0.71
26,89,274,0.71
26,89,276,0.71
26,89,278,0.71
26,89,280,0.71
26,89,282,0.71
26,89,284,0.71
26,89,286,0.71
26,89,288,0.71
26,89,290,0.71
26,89,292,0.71
26,89,294,0.71
26,89,296,0.71
26,89,298,0.71
26,89,300,0.71
26,89,302,0.71
26,89,304,0.71
26,89,306,0.71
26,89,308,0.71
26,89,310,0.71
26,89,312,0.71
26,89,314,0.71
26,89,316,0.71
26,35,216,0.72
26,35,218,0.72
26,35,220,0.72
26,35,222,0.72
26,35,224,0.72
26,35,226,0.72
26,35,228,0.72
26,35,230,0.72
26,35,232,0.72
26,35,234,0.72
26,35,236,0.72
26,35,238,0.72
26,35,240,0.72
26,35,242,0.72
26,35,244,0.72
26,35,246,0.72
26,35,248,0.72
26,35,250,0.72
26,35,252,0.72
26,35,254,0.72
26,35,256,0.72
26,35,258,0.72
26,35,260,0.72
26,35,262,0.72
26,35,264,0.72
26,35,266,0.72
26,35,268,0.72
26,35,270,0.72
26,35,272,0.72
26,35,274,0.72
26,35,276,0.72
26,35,278,0.72
26,35,280,0.72
26,35,282,0.72
26,35,284,0.72
26,35,286,0.72
26,35,288,0.72
26,35,290,0.72
26,35,292,0.72
26,35,294,0.72
26,35,296,0.72
26,35,298,0.72
26,35,300,0.72
26,35,302,0.72
26,35,304,0.72
26,35,306,0.72
26,35,308,0.72
26,35,310,0.72
26,35,312,0.72
26,35,314,0.72
26,35,316,0.72
26,36,216,0.72
26,36,218,0.72
26,36,220,0.72
26,36,222,0.72
26,36,224,0.72
26,36,226,0.72
26,36,228,0.72
26,36,230,0.72
26,36,232,0.72
26,36,234,0.72
26,36,236,0.72
26,36,238,0.72
26,36,240,0.72
26,36,242,0.72
26,36,244,0.72
26,36,246,0.72
26,36,248,0.72
26,36,250,0.72
26,36,252,0.72
26,36,254,0.72
26,36,256,0.72
26,36,258,0.72
26,36,260,0.72
26,36,262,0.72
26,36,264,0.72
26,36,266,0.72
26,36,268,0.72
26,36,270,0.72
26,36,272,0.72
26,36,274,0.72
26,36,276,0.72
26,36,278,0.72
26,36,280,0.72
26,36,282,0.72
26,36,284,0.72
26,36,286,0.72
26,36,288,0.72
26,36,290,0.72
26,36,292,0.72
26,36,294,0.72
26,36,296,0.72
26,36,298,0.72
26,36,300,0.72
26,36,302,0.72
26,36,304,0.72
26,36,306,0.72
26,36,308,0.72
26,36,310,0.72
26,36,312,0.72
26,36,314,0.72
26,36,316,0.72
26,37,216,0.72
26,37,218,0.72
26,37,220,0.72
26,37,222,0.72
26,37,224,0.72
26,37,226,0.72
26,37,228,0.72
26,37,230,0.72
26,37,232,0.72
26,37,234,0.72
26,37,236,0.72
26,37,238,0.72
26,37,240,0.72
26,37,242,0.72
26,37,244,0.72
26,37,246,0.72
26,37,248,0.72
26,37,250,0.72
26,37,252,0.72
26,37,254,0.72
26,37,256,0.72
26,37,258,0.72
26,37,260,0.72
26,37,262,0.72
26,37,264,0.72
26,37,266,0.72
26,37,268,0.72
26,37,270,0.72
26,37,272,0.72
26,37,274,0.72
26,37,276,0.72
26,37,278,0.72
26,37,280,0.72
26,37,282,0.72
26,37,284,0.72
26,37,286,0.72
26,37,288,0.72
26,37,290,0.72
26,37,292,0.72
26,37,294,0.72
26,37,296,0.72
26,37,298,0.72
26,37,300,0.72
26,37,302,0.72
26,37,304,0.72
26,37,306,0.72
26,37,308,0.72
26,37,310,0.72
26,37,312,0.72
26,37,314,0.72
26,37,316,0.72
26,38,216,0.72
26,38,218,0.72
26,38,220,0.72
26,38,222,0.72
26,38,224,0.72
26,38,226,0.72
26,38,228,0.72
26,38,230,0.72
26,38,232,0.72
26,38,234,0.72
26,38,236,0.72
26,38,238,0.72
26,38,240,0.72
26,38,242,0.72
26,38,244,0.72
26,38,246,0.72
26,38,248,0.72
26,38,250,0.72
26,38,252,0.72
26,38,254,0.72
26,38,256,0.72
26,38,258,0.72
26,38,260,0.72
26,38,262,0.72
26,38,264,0.72
26,38,266,0.72
26,38,268,0.72
26,38,270,0.72
26,38,272,0.72
26,38,274,0.72
26,38,276,0.72
26,38,278,0.72
26,38,280,0.72
26,38,282,0.72
26,38,284,0.72
26,38,286,0.72
26,38,288,0.72
26,38,290,0.72
26,38,292,0.72
26,38,294,0.72
26,38,296,0.72
26,38,298,0.72
26,38,300,0.72
26,38,302,0.72
26,38,304,0.72
26,38,306,0.72
26,38,308,0.72
26,38,310,0.72
26,38,312,0.72
26,38,314,0.72
26,38,316,0.72
26,39,216,0.72
26,39,218,0.72
26,39,220,0.72
26,39,222,0.72
26,39,224,0.72
26,39,226,0.72
26,39,228,0.72
26,39,230,0.72
26,39,232,0.72
26,39,234,0.72
26,39,236,0.72
26,39,238,0.72
26,39,240,0.72
26,39,242,0.72
26,39,244,0.72
26,39,246,0.72
26,39,248,0.72
26,39,250,0.72
26,39,252,0.72
26,39,254,0.72
26,39,256,0.72
26,39,258,0.72
26,39,260,0.72
26,39,262,0.72
26,39,264,0.72
26,39,266,0.72
26,39,268,0.72
26,39,270,0.72
26,39,272,0.72
26,39,274,0.72
26,39,276,0.72
26,39,278,0.72
26,39,280,0.72
26,39,282,0.72
26,39,284,0.72
26,39,286,0.72
26,39,288,0.72
26,39,290,0.72
26,39,292,0.72
26,39,294,0.72
26,39,296,0.72
26,39,298,0.72
26,39,300,0.72
26,39,302,0.72
26,39,304,0.72
26,39,306,0.72
26,39,308,0.72
26,39,310,0.72
26,39,312,0.72
26,39,314,0.72
26,39,316,0.72
26,40,246,0.72
26,40,248,0.72
26,40,250,0.72
26,40,252,0.72
26,40,254,0.72
26,40,256,0.72
26,40,258,0.72
26,40,260,0.72
26,40,262,0.72
26,40,264,0.72
26,40,266,0.72
26,40,268,0.72
26,40,270,0.72
26,40,272,0.72
26,40,274,0.72
26,40,276,0.72
26,40,278,0.72
26,40,280,0.72
26,40,282,0.72
26,40,284,0.72
26,40,286,0.72
26,40,288,0.72
26,40,290,0.72
26,40,292,0.72
26,40,294,0.72
26,40,296,0.72
26,40,298,0.72
26,40,300,0.72
26,40,302,0.72
26,40,304,0.72
26,40,306,0.72
26,40,308,0.72
26,40,310,0.72
26,40,312,0.72
26,40,314,0.72
26,40,316,0.72
26,40,318,0.72
26,40,320,0.72
26,40,322,0.72
26,40,324,0.72
26,40,326,0.72
26,40,328,0.72
26,40,330,0.72
26,40,332,0.72
26,40,334,0.72
26,40,336,0.72
26,40,338,0.72
26,40,340,0.72
26,40,342,0.72
26,40,344,0.72
26,40,346,0.72
26,41,246,0.72
26,41,248,0.72
26,41,250,0.72
26,41,252,0.72
26,41,254,0.72
26,41,256,0.72
26,41,258,0.72
26,41,260,0.72
26,41,262,0.72
26,41,264,0.72
26,41,266,0.72
26,41,268,0.72
26,41,270,0.72
26,41,272,0.72
26,41,274,0.72
26,41,276,0.72
26,41,278,0.72
26,41,280,0.72
26,41,282,0.72
26,41,284,0.72
26,41,286,0.72
26,41,288,0.72
26,41,290,0.72
26,41,292,0.72
26,41,294,0.72
26,41,296,0.72
26,41,298,0.72
26,41,300,0.72
26,41,302,0.72
26,41,304,0.72
26,41,306,0.72
26,41,308,0.72
26,41,310,0.72
26,41,312,0.72
26,41,314,0.72
26,41,316,0.72
26,41,318,0.72
26,41,320,0.72
26,41,322,0.72
26,41,324,0.72
26,41,326,0.72
26,41,328,0.72
26,41,330,0.72
26,41,332,0.72
26,41,334,0.72
26,41,336,0.72
26,41,338,0.72
26,41,340,0.72
26,41,342,0.72
26,41,344,0.72
26,41,346,0.72
26,42,246,0.72
26,42,248,0.72
26,42,250,0.72
26,42,252,0.72
26,42,254,0.72
26,42,256,0.72
26,42,258,0.72
26,42,260,0.72
26,42,262,0.72
26,42,264,0.72
26,42,266,0.72
26,42,268,0.72
26,42,270,0.72
26,42,272,0.72
26,42,274,0.72
26,42,276,0.72
26,42,278,0.72
26,42,280,0.72
26,42,282,0.72
26,42,284,0.72
26,42,286,0.72
26,42,288,0.72
26,42,290,0.72
26,42,292,0.72
26,42,294,0.72
26,42,296,0.72
26,42,298,0.72
26,42,300,0.72
26,42,302,0.72
26,42,304,0.72
26,42,306,0.72
26,42,308,0.72
26,42,310,0.72
26,42,312,0.72
26,42,314,0.72
26,42,316,0.72
26,42,318,0.72
26,42,320,0.72
26,42,322,0.72
26,42,324,0.72
26,42,326,0.72
26,42,328,0.72
26,42,330,0.72
26,42,332,0.72
26,42,334,0.72
26,42,336,0.72
26,42,338,0.72
26,42,340,0.72
26,42,342,0.72
26,42,344,0.72
26,42,346,0.72
26,43,246,0.72
26,43,248,0.72
26,43,250,0.72
26,43,252,0.72
26,43,254,0.72
26,43,256,0.72
26,43,258,0.72
26,43,260,0.72
26,43,262,0.72
26,43,264,0.72
26,43,266,0.72
26,43,268,0.72
26,43,270,0.72
26,43,272,0.72
26,43,274,0.72
26,43,276,0.72
26,43,278,0.72
26,43,280,0.72
26,43,282,0.72
26,43,284,0.72
26,43,286,0.72
26,43,288,0.72
26,43,290,0.72
26,43,292,0.72
26,43,294,0.72
26,43,296,0.72
26,43,298,0.72
26,43,300,0.72
26,43,302,0.72
26,43,304,0.72
26,43,306,0.72
26,43,308,0.72
26,43,310,0.72
26,43,312,0.72
26,43,314,0.72
26,43,316,0.72
26,43,318,0.72
26,43,320,0.72
26,43,322,0.72
26,43,324,0.72
26,43,326,0.72
26,43,328,0.72
26,43,330,0.72
26,43,332,0.72
26,43,334,0.72
26,43,336,0.72
26,43,338,0.72
26,43,340,0.72
26,43,342,0.72
26,43,344,0.72
26,43,346,0.72
26,44,246,0.72
26,44,248,0.72
26,44,250,0.72
26,44,252,0.72
26,44,254,0.72
26,44,256,0.72
26,44,258,0.72
26,44,260,0.72
26,44,262,0.72
26,44,264,0.72
26,44,266,0.72
26,44,268,0.72
26,44,270,0.72
26,44,272,0.72
26,44,274,0.72
26,44,276,0.72
26,44,278,0.72
26,44,280,0.72
26,44,282,0.72
26,44,284,0.72
26,44,286,0.72
26,44,288,0.72
26,44,290,0.72
26,44,292,0.72
26,44,294,0.72
26,44,296,0.72
26,44,298,0.72
26,44,300,0.72
26,44,302,0.72
26,44,304,0.72
26,44,306,0.72
26,44,308,0.72
26,44,310,0.72
26,44,312,0.72
26,44,314,0.72
26,44,316,0.72
26,44,318,0.72
26,44,320,0.72
26,44,322,0.72
26,44,324,0.72
26,44,326,0.72
26,44,328,0.72
26,44,330,0.72
26,44,332,0.72
26,44,334,0.72
26,44,336,0.72
26,44,338,0.72
26,44,340,0.72
26,44,342,0.72
26,44,344,0.72
26,44,346,0.72
26,45,238,0.72
26,45,240,0.72
26,45,242,0.72
26,45,244,0.72
26,45,246,0.72
26,45,248,0.72
26,45,250,0.72
26,45,252,0.72
26,45,254,0.72
26,45,256,0.72
26,45,258,0.72
26,45,260,0.72
26,45,262,0.72
26,45,264,0.72
26,45,266,0.72
26,45,268,0.72
26,45,270,0.72
26,45,272,0.72
26,45,274,0.72
26,45,276,0.72
26,45,278,0.72
26,45,280,0.72
26,45,282,0.72
26,45,284,0.72
26,45,286,0.72
26,45,288,0.72
26,45,290,0.72
26,45,292,0.72
26,45,294,0.72
26,45,296,0.72
26,45,298,0.72
26,45,300,0.72
26,45,302,0.72
26,45,304,0.72
26,45,306,0.72
26,45,308,0.72
26,45,310,0.72
26,45,312,0.72
26,45,314,0.72
26,45,316,0.72
26,45,318,0.72
26,45,320,0.72
26,45,322,0.72
26,45,324,0.72
26,45,326,0.72
26,45,328,0.72
26,45,330,0.72
26,45,332,0.72
26,45,334,0.72
26,45,336,0.72
26,45,338,0.72
26,46,238,0.72
26,46,240,0.72
26,46,242,0.72
26,46,244,0.72
26,46,246,0.72
26,46,248,0.72
26,46,250,0.72
26,46,252,0.72
26,46,254,0.72
26,46,256,0.72
26,46,258,0.72
26,46,260,0.72
26,46,262,0.72
26,46,264,0.72
26,46,266,0.72
26,46,268,0.72
26,46,270,0.72
26,46,272,0.72
26,46,274,0.72
26,46,276,0.72
26,46,278,0.72
26,46,280,0.72
26,46,282,0.72
26,46,284,0.72
26,46,286,0.72
26,46,288,0.72
26,46,290,0.72
26,46,292,0.72
26,46,294,0.72
26,46,296,0.72
26,46,298,0.72
26,46,300,0.72
26,46,302,0.72
26,46,304,0.72
26,46,306,0.72
26,46,308,0.72
26,46,310,0.72
26,46,312,0.72
26,46,314,0.72
26,46,316,0.72
26,46,318,0.72
26,46,320,0.72
26,46,322,0.72
26,46,324,0.72
26,46,326,0.72
26,46,328,0.72
26,46,330,0.72
26,46,332,0.72
26,46,334,0.72
26,46,336,0.72
26,46,338,0.72
26,47,238,0.72
26,47,240,0.72
26,47,242,0.72
26,47,244,0.72
26,47,246,0.72
26,47,248,0.72
26,47,250,0.72
26,47,252,0.72
26,47,254,0.72
26,47,256,0.72
26,47,258,0.72
26,47,260,0.72
26,47,262,0.72
26,47,264,0.72
26,47,266,0.72
26,47,268,0.72
26,47,270,0.72
26,47,272,0.72
26,47,274,0.72
26,47,276,0.72
26,47,278,0.72
26,47,280,0.72
26,47,282,0.72
26,47,284,0.72
26,47,286,0.72
26,47,288,0.72
26,47,290,0.72
26,47,292,0.72
26,47,294,0.72
26,47,296,0.72
26,47,298,0.72
26,47,300,0.72
26,47,302,0.72
26,47,304,0.72
26,47,306,0.72
26,47,308,0.72
26,47,310,0.72
26,47,312,0.72
26,47,314,0.72
26,47,316,0.72
26,47,318,0.72
26,47,320,0.72
26,47,322,0.72
26,47,324,0.72
26,47,326,0.72
26,47,328,0.72
26,47,330,0.72
26,47,332,0.72
26,47,334,0.72
26,47,336,0.72
26,47,338,0.72
26,48,238,0.72
26,48,240,0.72
26,48,242,0.72
26,48,244,0.72
26,48,246,0.72
26,48,248,0.72
26,48,250,0.72
26,48,252,0.72
26,48,254,0.72
26,48,256,0.72
26,48,258,0.72
26,48,260,0.72
26,48,262,0.72
26,48,264,0.72
26,48,266,0.72
26,48,268,0.72
26,48,270,0.72
26,48,272,0.72
26,48,274,0.72
26,48,276,0.72
26,48,278,0.72
26,48,280,0.72
26,48,282,0.72
26,48,284,0.72
26,48,286,0.72
26,48,288,0.72
26,48,290,0.72
26,48,292,0.72
26,48,294,0.72
26,48,296,0.72
26,48,298,0.72
26,48,300,0.72
26,48,302,0.72
26,48,304,0.72
26,48,306,0.72
26,48,308,0.72
26,48,310,0.72
26,48,312,0.72
26,48,314,0.72
26,48,316,0.72
26,48,318,0.72
26,48,320,0.72
26,48,322,0.72
26,48,324,0.72
26,48,326,0.72
26,48,328,0.72
26,48,330,0.72
26,48,332,0.72
26,48,334,0.72
26,48,336,0.72
26,48,338,0.72
26,49,238,0.72
26,49,240,0.72
26,49,242,0.72
26,49,244,0.72
26,49,246,0.72
26,49,248,0.72
26,49,250,0.72
26,49,252,0.72
26,49,254,0.72
26,49,256,0.72
26,49,258,0.72
26,49,260,0.72
26,49,262,0.72
26,49,264,0.72
26,49,266,0.72
26,49,268,0.72
26,49,270,0.72
26,49,272,0.72
26,49,274,0.72
26,49,276,0.72
26,49,278,0.72
26,49,280,0.72
26,49,282,0.72
26,49,284,0.72
26,49,286,0.72
26,49,288,0.72
26,49,290,0.72
26,49,292,0.72
26,49,294,0.72
26,49,296,0.72
26,49,298,0.72
26,49,300,0.72
26,49,302,0.72
26,49,304,0.72
26,49,306,0.72
26,49,308,0.72
26,49,310,0.72
26,49,312,0.72
26,49,314,0.72
26,49,316,0.72
26,49,318,0.72
26,49,320,0.72
26,49,322,0.72
26,49,324,0.72
26,49,326,0.72
26,49,328,0.72
26,49,330,0.72
26,49,332,0.72
26,49,334,0.72
26,49,336,0.72
26,49,338,0.72
26,50,246,0.72
26,50,248,0.72
26,50,250,0.72
26,50,252,0.72
26,50,254,0.72
26,50,256,0.72
26,50,258,0.72
26,50,260,0.72
26,50,262,0.72
26,50,264,0.72
26,50,266,0.72
26,50,268,0.72
26,50,270,0.72
26,50,272,0.72
26,50,274,0.72
26,50,276,0.72
26,50,278,0.72
26,50,280,0.72
26,50,282,0.72
26,50,284,0.72
26,50,286,0.72
26,50,288,0.72
26,50,290,0.72
26,50,292,0.72
26,50,294,0.72
26,50,296,0.72
26,50,298,0.72
26,50,300,0.72
26,50,302,0.72
26,50,304,0.72
26,50,306,0.72
26,50,308,0.72
26,50,310,0.72
26,50,312,0.72
26,50,314,0.72
26,50,316,0.72
26,50,318,0.72
26,50,320,0.72
26,50,322,0.72
26,50,324,0.72
26,50,326,0.72
26,50,328,0.72
26,50,330,0.72
26,50,332,0.72
26,50,334,0.72
26,50,336,0.72
26,50,338,0.72
26,50,340,0.72
26,50,342,0.72
26,50,344,0.72
26,50,346,0.72
26,51,246,0.72
26,51,248,0.72
26,51,250,0.72
26,51,252,0.72
26,51,254,0.72
26,51,256,0.72
26,51,258,0.72
26,51,260,0.72
26,51,262,0.72
26,51,264,0.72
26,51,266,0.72
26,51,268,0.72
26,51,270,0.72
26,51,272,0.72
26,51,274,0.72
26,51,276,0.72
26,51,278,0.72
26,51,280,0.72
26,51,282,0.72
26,51,284,0.72
26,51,286,0.72
26,51,288,0.72
26,51,290,0.72
26,51,292,0.72
26,51,294,0.72
26,51,296,0.72
26,51,298,0.72
26,51,300,0.72
26,51,302,0.72
26,51,304,0.72
26,51,306,0.72
26,51,308,0.72
26,51,310,0.72
26,51,312,0.72
26,51,314,0.72
26,51,316,0.72
26,51,318,0.72
26,51,320,0.72
26,51,322,0.72
26,51,324,0.72
26,51,326,0.72
26,51,328,0.72
26,51,330,0.72
26,51,332,0.72
26,51,334,0.72
26,51,336,0.72
26,51,338,0.72
26,51,340,0.72
26,51,342,0.72
26,51,344,0.72
26,51,346,0.72
26,52,246,0.72
26,52,248,0.72
26,52,250,0.72
26,52,252,0.72
26,52,254,0.72
26,52,256,0.72
26,52,258,0.72
26,52,260,0.72
26,52,262,0.72
26,52,264,0.72
26,52,266,0.72
26,52,268,0.72
26,52,270,0.72
26,52,272,0.72
26,52,274,0.72
26,52,276,0.72
26,52,278,0.72
26,52,280,0.72
26,52,282,0.72
26,52,284,0.72
26,52,286,0.72
26,52,288,0.72
26,52,290,0.72
26,52,292,0.72
26,52,294,0.72
26,52,296,0.72
26,52,298,0.72
26,52,300,0.72
26,52,302,0.72
26,52,304,0.72
26,52,306,0.72
26,52,308,0.72
26,52,310,0.72
26,52,312,0.72
26,52,314,0.72
26,52,316,0.72
26,52,318,0.72
26,52,320,0.72
26,52,322,0.72
26,52,324,0.72
26,52,326,0.72
26,52,328,0.72
26,52,330,0.72
26,52,332,0.72
26,52,334,0.72
26,52,336,0.72
26,52,338,0.72
26,52,340,0.72
26,52,342,0.72
26,52,344,0.72
26,52,346,0.72
26,53,246,0.72
26,53,248,0.72
26,53,250,0.72
26,53,252,0.72
26,53,254,0.72
26,53,256,0.72
26,53,258,0.72
26,53,260,0.72
26,53,262,0.72
26,53,264,0.72
26,53,266,0.72
26,53,268,0.72
26,53,270,0.72
26,53,272,0.72
26,53,274,0.72
26,53,276,0.72
26,53,278,0.72
26,53,280,0.72
26,53,282,0.72
26,53,284,0.72
26,53,286,0.72
26,53,288,0.72
26,53,290,0.72
26,53,292,0.72
26,53,294,0.72
26,53,296,0.72
26,53,298,0.72
26,53,300,0.72
26,53,302,0.72
26,53,304,0.72
26,53,306,0.72
26,53,308,0.72
26,53,310,0.72
26,53,312,0.72
26,53,314,0.72
26,53,316,0.72
26,53,318,0.72
26,53,320,0.72
26,53,322,0.72
26,53,324,0.72
26,53,326,0.72
26,53,328,0.72
26,53,330,0.72
26,53,332,0.72
26,53,334,0.72
26,53,336,0.72
26,53,338,0.72
26,53,340,0.72
26,53,342,0.72
26,53,344,0.72
26,53,346,0.72
26,54,246,0.72
26,54,248,0.72
26,54,250,0.72
26,54,252,0.72
26,54,254,0.72
26,54,256,0.72
26,54,258,0.72
26,54,260,0.72
26,54,262,0.72
26,54,264,0.72
26,54,266,0.72
26,54,268,0.72
26,54,270,0.72
26,54,272,0.72
26,54,274,0.72
26,54,276,0.72
26,54,278,0.72
26,54,280,0.72
26,54,282,0.72
26,54,284,0.72
26,54,286,0.72
26,54,288,0.72
26,54,290,0.72
26,54,292,0.72
26,54,294,0.72
26,54,296,0.72
26,54,298,0.72
26,54,300,0.72
26,54,302,0.72
26,54,304,0.72
26,54,306,0.72
26,54,308,0.72
26,54,310,0.72
26,54,312,0.72
26,54,314,0.72
26,54,316,0.72
26,54,318,0.72
26,54,320,0.72
26,54,322,0.72
26,54,324,0.72
26,54,326,0.72
26,54,328,0.72
26,54,330,0.72
26,54,332,0.72
26,54,334,0.72
26,54,336,0.72
26,54,338,0.72
26,54,340,0.72
26,54,342,0.72
26,54,344,0.72
26,54,346,0.72
26,55,244,0.72
26,55,246,0.72
26,55,248,0.72
26,55,250,0.72
26,55,252,0.72
26,55,254,0.72
26,55,256,0.72
26,55,258,0.72
26,55,260,0.72
26,55,262,0.72
26,55,264,0.72
26,55,266,0.72
26,55,268,0.72
26,55,270,0.72
26,55,272,0.72
26,55,274,0.72
26,55,276,0.72
26,55,278,0.72
26,55,280,0.72
26,55,282,0.72
26,55,284,0.72
26,55,286,0.72
26,55,288,0.72
26,55,290,0.72
26,55,292,0.72
26,55,294,0.72
26,55,296,0.72
26,55,298,0.72
26,55,300,0.72
26,55,302,0.72
26,55,304,0.72
26,55,306,0.72
26,55,308,0.72
26,55,310,0.72
26,55,312,0.72
26,55,314,0.72
26,55,316,0.72
26,55,318,0.72
26,55,320,0.72
26,55,322,0.72
26,55,324,0.72
26,55,326,0.72
26,55,328,0.72
26,55,330,0.72
26,55,332,0.72
26,55,334,0.72
26,55,336,0.72
26,55,338,0.72
26,55,340,0.72
26,55,342,0.72
26,55,344,0.72
26,56,244,0.72
26,56,246,0.72
26,56,248,0.72
26,56,250,0.72
26,56,252,0.72
26,56,254,0.72
26,56,256,0.72
26,56,258,0.72
26,56,260,0.72
26,56,262,0.72
26,56,264,0.72
26,56,266,0.72
26,56,268,0.72
26,56,270,0.72
26,56,272,0.72
26,56,274,0.72
26,56,276,0.72
26,56,278,0.72
26,56,280,0.72
26,56,282,0.72
26,56,284,0.72
26,56,286,0.72
26,56,288,0.72
26,56,290,0.72
26,56,292,0.72
26,56,294,0.72
26,56,296,0.72
26,56,298,0.72
26,56,300,0.72
26,56,302,0.72
26,56,304,0.72
26,56,306,0.72
26,56,308,0.72
26,56,310,0.72
26,56,312,0.72
26,56,314,0.72
26,56,316,0.72
26,56,318,0.72
26,56,320,0.72
26,56,322,0.72
26,56,324,0.72
26,56,326,0.72
26,56,328,0.72
26,56,330,0.72
26,56,332,0.72
26,56,334,0.72
26,56,336,0.72
26,56,338,0.72
26,56,340,0.72
26,56,342,0.72
26,56,344,0.72
26,57,244,0.72
26,57,246,0.72
26,57,248,0.72
26,57,250,0.72
26,57,252,0.72
26,57,254,0.72
26,57,256,0.72
26,57,258,0.72
26,57,260,0.72
26,57,262,0.72
26,57,264,0.72
26,57,266,0.72
26,57,268,0.72
26,57,270,0.72
26,57,272,0.72
26,57,274,0.72
26,57,276,0.72
26,57,278,0.72
26,57,280,0.72
26,57,282,0.72
26,57,284,0.72
26,57,286,0.72
26,57,288,0.72
26,57,290,0.72
26,57,292,0.72
26,57,294,0.72
26,57,296,0.72
26,57,298,0.72
26,57,300,0.72
26,57,302,0.72
26,57,304,0.72
26,57,306,0.72
26,57,308,0.72
26,57,310,0.72
26,57,312,0.72
26,57,314,0.72
26,57,316,0.72
26,57,318,0.72
26,57,320,0.72
26,57,322,0.72
26,57,324,0.72
26,57,326,0.72
26,57,328,0.72
26,57,330,0.72
26,57,332,0.72
26,57,334,0.72
26,57,336,0.72
26,57,338,0.72
26,57,340,0.72
26,57,342,0.72
26,57,344,0.72
26,58,244,0.72
26,58,246,0.72
26,58,248,0.72
26,58,250,0.72
26,58,252,0.72
26,58,254,0.72
26,58,256,0.72
26,58,258,0.72
26,58,260,0.72
26,58,262,0.72
26,58,264,0.72
26,58,266,0.72
26,58,268,0.72
26,58,270,0.72
26,58,272,0.72
26,58,274,0.72
26,58,276,0.72
26,58,278,0.72
26,58,280,0.72
26,58,282,0.72
26,58,284,0.72
26,58,286,0.72
26,58,288,0.72
26,58,290,0.72
26,58,292,0.72
26,58,294,0.72
26,58,296,0.72
26,58,298,0.72
26,58,300,0.72
26,58,302,0.72
26,58,304,0.72
26,58,306,0.72
26,58,308,0.72
26,58,310,0.72
26,58,312,0.72
26,58,314,0.72
26,58,316,0.72
26,58,318,0.72
26,58,320,0.72
26,58,322,0.72
26,58,324,0.72
26,58,326,0.72
26,58,328,0.72
26,58,330,0.72
26,58,332,0.72
26,58,334,0.72
26,58,336,0.72
26,58,338,0.72
26,58,340,0.72
26,58,342,0.72
26,58,344,0.72
26,59,244,0.72
26,59,246,0.72
26,59,248,0.72
26,59,250,0.72
26,59,252,0.72
26,59,254,0.72
26,59,256,0.72
26,59,258,0.72
26,59,260,0.72
26,59,262,0.72
26,59,264,0.72
26,59,266,0.72
26,59,268,0.72
26,59,270,0.72
26,59,272,0.72
26,59,274,0.72
26,59,276,0.72
26,59,278,0.72
26,59,280,0.72
26,59,282,0.72
26,59,284,0.72
26,59,286,0.72
26,59,288,0.72
26,59,290,0.72
26,59,292,0.72
26,59,294,0.72
26,59,296,0.72
26,59,298,0.72
26,59,300,0.72
26,59,302,0.72
26,59,304,0.72
26,59,306,0.72
26,59,308,0.72
26,59,310,0.72
26,59,312,0.72
26,59,314,0.72
26,59,316,0.72
26,59,318,0.72
26,59,320,0.72
26,59,322,0.72
26,59,324,0.72
26,59,326,0.72
26,59,328,0.72
26,59,330,0.72
26,59,332,0.72
26,59,334,0.72
26,59,336,0.72
26,59,338,0.72
26,59,340,0.72
26,59,342,0.72
26,59,344,0.72
26,60,222,0.72
26,60,224,0.72
26,60,226,0.72
26,60,228,0.72
26,60,230,0.72
26,60,232,0.72
26,60,234,0.72
26,60,236,0.72
26,60,238,0.72
26,60,240,0.72
26,60,242,0.72
26,60,244,0.72
26,60,246,0.72
26,60,248,0.72
26,60,250,0.72
26,60,252,0.72
26,60,254,0.72
26,60,256,0.72
26,60,258,0.72
26,60,260,0.72
26,60,262,0.72
26,60,264,0.72
26,60,266,0.72
26,60,268,0.72
26,60,270,0.72
26,60,272,0.72
26,60,274,0.72
26,60,276,0.72
26,60,278,0.72
26,60,280,0.72
26,60,282,0.72
26,60,284,0.72
26,60,286,0.72
26,60,288,0.72
26,60,290,0.72
26,60,292,0.72
26,60,294,0.72
26,60,296,0.72
26,60,298,0.72
26,60,300,0.72
26,60,302,0.72
26,60,304,0.72
26,60,306,0.72
26,60,308,0.72
26,60,310,0.72
26,60,312,0.72
26,60,314,0.72
26,60,316,0.72
26,60,318,0.72
26,60,320,0.72
26,60,322,0.72
26,61,222,0.72
26,61,224,0.72
26,61,226,0.72
26,61,228,0.72
26,61,230,0.72
26,61,232,0.72
26,61,234,0.72
26,61,236,0.72
26,61,238,0.72
26,61,240,0.72
26,61,242,0.72
26,61,244,0.72
26,61,246,0.72
26,61,248,0.72
26,61,250,0.72
26,61,252,0.72
26,61,254,0.72
26,61,256,0.72
26,61,258,0.72
26,61,260,0.72
26,61,262,0.72
26,61,264,0.72
26,61,266,0.72
26,61,268,0.72
26,61,270,0.72
26,61,272,0.72
26,61,274,0.72
26,61,276,0.72
26,61,278,0.72
26,61,280,0.72
26,61,282,0.72
26,61,284,0.72
26,61,286,0.72
26,61,288,0.72
26,61,290,0.72
26,61,292,0.72
26,61,294,0.72
26,61,296,0.72
26,61,298,0.72
26,61,300,0.72
26,61,302,0.72
26,61,304,0.72
26,61,306,0.72
26,61,308,0.72
26,61,310,0.72
26,61,312,0.72
26,61,314,0.72
26,61,316,0.72
26,61,318,0.72
26,61,320,0.72
26,61,322,0.72
26,62,222,0.72
26,62,224,0.72
26,62,226,0.72
26,62,228,0.72
26,62,230,0.72
26,62,232,0.72
26,62,234,0.72
26,62,236,0.72
26,62,238,0.72
26,62,240,0.72
26,62,242,0.72
26,62,244,0.72
26,62,246,0.72
26,62,248,0.72
26,62,250,0.72
26,62,252,0.72
26,62,254,0.72
26,62,256,0.72
26,62,258,0.72
26,62,260,0.72
26,62,262,0.72
26,62,264,0.72
26,62,266,0.72
26,62,268,0.72
26,62,270,0.72
26,62,272,0.72
26,62,274,0.72
26,62,276,0.72
26,62,278,0.72
26,62,280,0.72
26,62,282,0.72
26,62,284,0.72
26,62,286,0.72
26,62,288,0.72
26,62,290,0.72
26,62,292,0.72
26,62,294,0.72
26,62,296,0.72
26,62,298,0.72
26,62,300,0.72
26,62,302,0.72
26,62,304,0.72
26,62,306,0.72
26,62,308,0.72
26,62,310,0.72
26,62,312,0.72
26,62,314,0.72
26,62,316,0.72
26,62,318,0.72
26,62,320,0.72
26,62,322,0.72
26,63,222,0.72
26,63,224,0.72
26,63,226,0.72
26,63,228,0.72
26,63,230,0.72
26,63,232,0.72
26,63,234,0.72
26,63,236,0.72
26,63,238,0.72
26,63,240,0.72
26,63,242,0.72
26,63,244,0.72
26,63,246,0.72
26,63,248,0.72
26,63,250,0.72
26,63,252,0.72
26,63,254,0.72
26,63,256,0.72
26,63,258,0.72
26,63,260,0.72
26,63,262,0.72
26,63,264,0.72
26,63,266,0.72
26,63,268,0.72
26,63,270,0.72
26,63,272,0.72
26,63,274,0.72
26,63,276,0.72
26,63,278,0.72
26,63,280,0.72
26,63,282,0.72
26,63,284,0.72
26,63,286,0.72
26,63,288,0.72
26,63,290,0.72
26,63,292,0.72
26,63,294,0.72
26,63,296,0.72
26,63,298,0.72
26,63,300,0.72
26,63,302,0.72
26,63,304,0.72
26,63,306,0.72
26,63,308,0.72
26,63,310,0.72
26,63,312,0.72
26,63,314,0.72
26,63,316,0.72
26,63,318,0.72
26,63,320,0.72
26,63,322,0.72
26,64,222,0.72
26,64,224,0.72
26,64,226,0.72
26,64,228,0.72
26,64,230,0.72
26,64,232,0.72
26,64,234,0.72
26,64,236,0.72
26,64,238,0.72
26,64,240,0.72
26,64,242,0.72
26,64,244,0.72
26,64,246,0.72
26,64,248,0.72
26,64,250,0.72
26,64,252,0.72
26,64,254,0.72
26,64,256,0.72
26,64,258,0.72
26,64,260,0.72
26,64,262,0.72
26,64,264,0.72
26,64,266,0.72
26,64,268,0.72
26,64,270,0.72
26,64,272,0.72
26,64,274,0.72
26,64,276,0.72
26,64,278,0.72
26,64,280,0.72
26,64,282,0.72
26,64,284,0.72
26,64,286,0.72
26,64,288,0.72
26,64,290,0.72
26,64,292,0.72
26,64,294,0.72
26,64,296,0.72
26,64,298,0.72
26,64,300,0.72
26,64,302,0.72
26,64,304,0.72
26,64,306,0.72
26,64,308,0.72
26,64,310,0.72
26,64,312,0.72
26,64,314,0.72
26,64,316,0.72
26,64,318,0.72
26,64,320,0.72
26,64,322,0.72
26,65,204,0.72
26,65,206,0.72
26,65,208,0.72
26,65,210,0.72
26,65,212,0.72
26,65,214,0.72
26,65,216,0.72
26,65,218,0.72
26,65,220,0.72
26,65,222,0.72
26,65,224,0.72
26,65,226,0.72
26,65,228,0.72
26,65,230,0.72
26,65,232,0.72
26,65,234,0.72
26,65,236,0.72
26,65,238,0.72
26,65,240,0.72
26,65,242,0.72
26,65,244,0.72
26,65,246,0.72
26,65,248,0.72
26,65,250,0.72
26,65,252,0.72
26,65,254,0.72
26,65,256,0.72
26,65,258,0.72
26,65,260,0.72
26,65,262,0.72
