20,5,5,20,10,1
20,5,6,20,10,1
20,5,7,20,10,1
20,5,8,20,10,1
20,5,9,20,10,1
20,5,10,20,10,1
20,5,11,20,10,1
20,5,12,20,10,1
20,5,13,20,10,1
20,5,14,20,10,1
20,5,15,20,10,1
20,5,16,20,10,1
20,5,17,20,10,1
20,5,18,20,10,1
20,5,19,20,10,1
20,5,20,20,10,1
20,5,21,20,10,1
20,5,22,20,10,1
20,5,23,20,10,1
20,5,24,20,10,1
20,5,25,20,10,1
20,5,26,20,10,1
20,5,27,20,10,1
20,5,28,20,10,1
20,5,29,20,10,1
20,5,30,20,10,1
20,5,31,20,10,1
20,5,32,20,10,1
20,5,33,20,10,1
20,5,34,20,10,1
20,5,35,20,10,1
20,5,36,20,10,1
20,5,37,20,10,1
20,5,38,20,10,1
20,5,39,20,10,1
20,5,40,20,10,1
20,5,41,20,10,1
20,5,42,20,10,1
20,5,43,20,10,1
20,5,44,20,10,1
20,5,45,20,10,1
20,5,46,20,10,1
20,5,47,20,10,1
20,5,48,20,10,1
20,5,49,20,10,1
20,5,50,20,10,1
20,6,5,20,10,1
20,6,6,20,10,1
20,6,7,20,10,1
20,6,8,20,10,1
20,6,9,20,10,1
20,6,10,20,10,1
20,6,11,20,10,1
20,6,12,20,10,1
20,6,13,20,10,1
20,6,14,20,10,1
20,6,15,20,10,1
20,6,16,20,10,1
20,6,17,20,10,1
20,6,18,20,10,1
20,6,19,20,10,1
20,6,20,20,10,1
20,6,21,20,10,1
20,6,22,20,10,1
20,6,23,20,10,1
20,6,24,20,10,1
20,6,25,20,10,1
20,6,26,20,10,1
20,6,27,20,10,1
20,6,28,20,10,1
20,6,29,20,10,1
20,6,30,20,10,1
20,6,31,20,10,1
20,6,32,20,10,1
20,6,33,20,10,1
20,6,34,20,10,1
20,6,35,20,10,1
20,6,36,20,10,1
20,6,37,20,10,1
20,6,38,20,10,1
20,6,39,20,10,1
20,6,40,20,10,1
20,6,41,20,10,1
20,6,42,20,10,1
20,6,43,20,10,1
20,6,44,20,10,1
20,6,45,20,10,1
20,6,46,20,10,1
20,6,47,20,10,1
20,6,48,20,10,1
20,6,49,20,10,1
20,6,50,20,10,1
20,7,5,20,10,1
20,7,6,20,10,1
20,7,7,20,10,1
20,7,8,20,10,1
20,7,9,20,10,1
20,7,10,20,10,1
20,7,11,20,10,1
20,7,12,20,10,1
20,7,13,20,10,1
20,7,14,20,10,1
20,7,15,20,10,1
20,7,16,20,10,1
20,7,17,20,10,1
20,7,18,20,10,1
20,7,19,20,10,1
20,7,20,20,10,1
20,7,21,20,10,1
20,7,22,20,10,1
20,7,23,20,10,1
20,7,24,20,10,1
20,7,25,20,10,1
20,7,26,20,10,1
20,7,27,20,10,1
20,7,28,20,10,1
20,7,29,20,10,1
20,7,30,20,10,1
20,7,31,20,10,1
20,7,32,20,10,1
20,7,33,20,10,1
20,7,34,20,10,1
20,7,35,20,10,1
20,7,36,20,10,1
20,7,37,20,10,1
20,7,38,20,10,1
20,7,39,20,10,1
20,7,40,20,10,1
20,7,41,20,10,1
20,7,42,20,10,1
20,7,43,20,10,1
20,7,44,20,10,1
20,7,45,20,10,1
20,7,46,20,10,1
20,7,47,20,10,1
20,7,48,20,10,1
20,7,49,20,10,1
20,7,50,20,10,1
20,8,5,20,10,1
20,8,6,20,10,1
20,8,7,20,10,1
20,8,8,20,10,1
20,8,9,20,10,1
20,8,10,20,10,1
20,8,11,20,10,1
20,8,12,20,10,1
20,8,13,20,10,1
20,8,14,20,10,1
20,8,15,20,10,1
20,8,16,20,10,1
20,8,17,20,10,1
20,8,18,20,10,1
20,8,19,20,10,1
20,8,20,20,10,1
20,8,21,20,10,1
20,8,22,20,10,1
20,8,23,20,10,1
20,8,24,20,10,1
20,8,25,20,10,1
20,8,26,20,10,1
20,8,27,20,10,1
20,8,28,20,10,1
20,8,29,20,10,1
20,8,30,20,10,1
20,8,31,20,10,1
20,8,32,20,10,1
20,8,33,20,10,1
20,8,34,20,10,1
20,8,35,20,10,1
20,8,36,20,10,1
20,8,37,20,10,1
20,8,38,20,10,1
20,8,39,20,10,1
20,8,40,20,10,1
20,8,41,20,10,1
20,8,42,20,10,1
20,8,43,20,10,1
20,8,44,20,10,1
20,8,45,20,10,1
20,8,46,20,10,1
20,8,47,20,10,1
20,8,48,20,10,1
20,8,49,20,10,1
20,8,50,20,10,1
20,9,5,20,10,1
20,9,6,20,10,1
20,9,7,20,10,1
20,9,8,20,10,1
20,9,9,20,10,1
20,9,10,20,10,1
20,9,11,20,10,1
20,9,12,20,10,1
20,9,13,20,10,1
20,9,14,20,10,1
20,9,15,20,10,1
20,9,16,20,10,1
20,9,17,20,10,1
20,9,18,20,10,1
20,9,19,20,10,1
20,9,20,20,10,1
20,9,21,20,10,1
20,9,22,20,10,1
20,9,23,20,10,1
20,9,24,20,10,1
20,9,25,20,10,1
20,9,26,20,10,1
20,9,27,20,10,1
20,9,28,20,10,1
20,9,29,20,10,1
20,9,30,20,10,1
20,9,31,20,10,1
20,9,32,20,10,1
20,9,33,20,10,1
20,9,34,20,10,1
20,9,35,20,10,1
20,9,36,20,10,1
20,9,37,20,10,1
20,9,38,20,10,1
20,9,39,20,10,1
20,9,40,20,10,1
20,9,41,20,10,1
20,9,42,20,10,1
20,9,43,20,10,1
20,9,44,20,10,1
20,9,45,20,10,1
20,9,46,20,10,1
20,9,47,20,10,1
20,9,48,20,10,1
20,9,49,20,10,1
20,9,50,20,10,1
20,10,5,20,10,1
20,10,6,20,10,1
20,10,7,20,10,1
20,10,8,20,10,1
20,10,9,20,10,1
20,10,10,20,10,1
20,10,11,20,10,1
20,10,12,20,10,1
20,10,13,20,10,1
20,10,14,20,10,1
20,10,15,20,10,1
20,10,16,20,10,1
20,10,17,20,10,1
20,10,18,20,10,1
20,10,19,20,10,1
20,10,20,20,10,1
20,10,21,20,10,1
20,10,22,20,10,1
20,10,23,20,10,1
20,10,24,20,10,1
20,10,25,20,10,1
20,10,26,20,10,1
20,10,27,20,10,1
20,10,28,20,10,1
20,10,29,20,10,1
20,10,30,20,10,1
20,10,31,20,10,1
20,10,32,20,10,1
20,10,33,20,10,1
20,10,34,20,10,1
20,10,35,20,10,1
20,10,36,20,10,1
20,10,37,20,10,1
20,10,38,20,10,1
20,10,39,20,10,1
20,10,40,20,10,1
20,10,41,20,10,1
20,10,42,20,10,1
20,10,43,20,10,1
20,10,44,20,10,1
20,10,45,20,10,1
20,10,46,20,10,1
20,10,47,20,10,1
20,10,48,20,10,1
20,10,49,20,10,1
20,10,50,20,10,1
20,11,5,20,10,1
20,11,6,20,10,1
20,11,7,20,10,1
20,11,8,20,10,1
20,11,9,20,10,1
20,11,10,20,10,1
20,11,11,20,10,1
20,11,12,20,10,1
20,11,13,20,10,1
20,11,14,20,10,1
20,11,15,20,10,1
20,11,16,20,10,1
20,11,17,20,10,1
20,11,18,20,10,1
20,11,19,20,10,1
20,11,20,20,10,1
20,11,21,20,10,1
20,11,22,20,10,1
20,11,23,20,10,1
20,11,24,20,10,1
20,11,25,20,10,1
20,11,26,20,10,1
20,11,27,20,10,1
20,11,28,20,10,1
20,11,29,20,10,1
20,11,30,20,10,1
20,11,31,20,10,1
20,11,32,20,10,1
20,11,33,20,10,1
20,11,34,20,10,1
20,11,35,20,10,1
20,11,36,20,10,1
20,11,37,20,10,1
20,11,38,20,10,1
20,11,39,20,10,1
20,11,40,20,10,1
20,11,41,20,10,1
20,11,42,20,10,1
20,11,43,20,10,1
20,11,44,20,10,1
20,11,45,20,10,1
20,11,46,20,10,1
20,11,47,20,10,1
20,11,48,20,10,1
20,11,49,20,10,1
20,11,50,20,10,1
20,12,5,20,10,1
20,12,6,20,10,1
20,12,7,20,10,1
20,12,8,20,10,1
20,12,9,20,10,1
20,12,10,20,10,1
20,12,11,20,10,1
20,12,12,20,10,1
20,12,13,20,10,1
20,12,14,20,10,1
20,12,15,20,10,1
20,12,16,20,10,1
20,12,17,20,10,1
20,12,18,20,10,1
20,12,19,20,10,1
20,12,20,20,10,1
20,12,21,20,10,1
20,12,22,20,10,1
20,12,23,20,10,1
20,12,24,20,10,1
20,12,25,20,10,1
20,12,26,20,10,1
20,12,27,20,10,1
20,12,28,20,10,1
20,12,29,20,10,1
20,12,30,20,10,1
20,12,31,20,10,1
20,12,32,20,10,1
20,12,33,20,10,1
20,12,34,20,10,1
20,12,35,20,10,1
20,12,36,20,10,1
20,12,37,20,10,1
20,12,38,20,10,1
20,12,39,20,10,1
20,12,40,20,10,1
20,12,41,20,10,1
20,12,42,20,10,1
20,12,43,20,10,1
20,12,44,20,10,1
20,12,45,20,10,1
20,12,46,20,10,1
20,12,47,20,10,1
20,12,48,20,10,1
20,12,49,20,10,1
20,12,50,20,10,1
20,13,5,20,10,1
20,13,6,20,10,1
20,13,7,20,10,1
20,13,8,20,10,1
20,13,9,20,10,1
20,13,10,20,10,1
20,13,11,20,10,1
20,13,12,20,10,1
20,13,13,20,10,1
20,13,14,20,10,1
20,13,15,20,10,1
20,13,16,20,10,1
20,13,17,20,10,1
20,13,18,20,10,1
20,13,19,20,10,1
20,13,20,20,10,1
20,13,21,20,10,1
20,13,22,20,10,1
20,13,23,20,10,1
20,13,24,20,10,1
20,13,25,20,10,1
20,13,26,20,10,1
20,13,27,20,10,1
20,13,28,20,10,1
20,13,29,20,10,1
20,13,30,20,10,1
20,13,31,20,10,1
20,13,32,20,10,1
20,13,33,20,10,1
20,13,34,20,10,1
20,13,35,20,10,1
20,13,36,20,10,1
20,13,37,20,10,1
20,13,38,20,10,1
20,13,39,20,10,1
20,13,40,20,10,1
20,13,41,20,10,1
20,13,42,20,10,1
20,13,43,20,10,1
20,13,44,20,10,1
20,13,45,20,10,1
20,13,46,20,10,1
20,13,47,20,10,1
20,13,48,20,10,1
20,13,49,20,10,1
20,13,50,20,10,1
20,14,5,20,10,1
20,14,6,20,10,1
20,14,7,20,10,1
20,14,8,20,10,1
20,14,9,20,10,1
20,14,10,20,10,1
20,14,11,20,10,1
20,14,12,20,10,1
20,14,13,20,10,1
20,14,14,20,10,1
20,14,15,20,10,1
20,14,16,20,10,1
20,14,17,20,10,1
20,14,18,20,10,1
20,14,19,20,10,1
20,14,20,20,10,1
20,14,21,20,10,1
20,14,22,20,10,1
20,14,23,20,10,1
20,14,24,20,10,1
20,14,25,20,10,1
20,14,26,20,10,1
20,14,27,20,10,1
20,14,28,20,10,1
20,14,29,20,10,1
20,14,30,20,10,1
20,14,31,20,10,1
20,14,32,20,10,1
20,14,33,20,10,1
20,14,34,20,10,1
20,14,35,20,10,1
20,14,36,20,10,1
20,14,37,20,10,1
20,14,38,20,10,1
20,14,39,20,10,1
20,14,40,20,10,1
20,14,41,20,10,1
20,14,42,20,10,1
20,14,43,20,10,1
20,14,44,20,10,1
20,14,45,20,10,1
20,14,46,20,10,1
20,14,47,20,10,1
20,14,48,20,10,1
20,14,49,20,10,1
20,14,50,20,10,1
20,15,5,20,10,1
20,15,6,20,10,1
20,15,7,20,10,1
20,15,8,20,10,1
20,15,9,20,10,1
20,15,10,20,10,1
20,15,11,20,10,1
20,15,12,20,10,1
20,15,13,20,10,1
20,15,14,20,10,1
20,15,15,20,10,1
20,15,16,20,10,1
20,15,17,20,10,1
20,15,18,20,10,1
20,15,19,20,10,1
20,15,20,20,10,1
20,15,21,20,10,1
20,15,22,20,10,1
20,15,23,20,10,1
20,15,24,20,10,1
20,15,25,20,10,1
20,15,26,20,10,1
20,15,27,20,10,1
20,15,28,20,10,1
20,15,29,20,10,1
20,15,30,20,10,1
20,15,31,20,10,1
20,15,32,20,10,1
20,15,33,20,10,1
20,15,34,20,10,1
20,15,35,20,10,1
20,15,36,20,10,1
20,15,37,20,10,1
20,15,38,20,10,1
20,15,39,20,10,1
20,15,40,20,10,1
20,15,41,20,10,1
20,15,42,20,10,1
20,15,43,20,10,1
20,15,44,20,10,1
20,15,45,20,10,1
20,15,46,20,10,1
20,15,47,20,10,1
20,15,48,20,10,1
20,15,49,20,10,1
20,15,50,20,10,1
20,16,5,20,10,1
20,16,6,20,10,1
20,16,7,20,10,1
20,16,8,20,10,1
20,16,9,20,10,1
20,16,10,20,10,1
20,16,11,20,10,1
20,16,12,20,10,1
20,16,13,20,10,1
20,16,14,20,10,1
20,16,15,20,10,1
20,16,16,20,10,1
20,16,17,20,10,1
20,16,18,20,10,1
20,16,19,20,10,1
20,16,20,20,10,1
20,16,21,20,10,1
20,16,22,20,10,1
20,16,23,20,10,1
20,16,24,20,10,1
20,16,25,20,10,1
20,16,26,20,10,1
20,16,27,20,10,1
20,16,28,20,10,1
20,16,29,20,10,1
20,16,30,20,10,1
20,16,31,20,10,1
20,16,32,20,10,1
20,16,33,20,10,1
20,16,34,20,10,1
20,16,35,20,10,1
20,16,36,20,10,1
20,16,37,20,10,1
20,16,38,20,10,1
20,16,39,20,10,1
20,16,40,20,10,1
20,16,41,20,10,1
20,16,42,20,10,1
20,16,43,20,10,1
20,16,44,20,10,1
20,16,45,20,10,1
20,16,46,20,10,1
20,16,47,20,10,1
20,16,48,20,10,1
20,16,49,20,10,1
20,16,50,20,10,1
20,17,5,20,10,1
20,17,6,20,10,1
20,17,7,20,10,1
20,17,8,20,10,1
20,17,9,20,10,1
20,17,10,20,10,1
20,17,11,20,10,1
20,17,12,20,10,1
20,17,13,20,10,1
20,17,14,20,10,1
20,17,15,20,10,1
20,17,16,20,10,1
20,17,17,20,10,1
20,17,18,20,10,1
20,17,19,20,10,1
20,17,20,20,10,1
20,17,21,20,10,1
20,17,22,20,10,1
20,17,23,20,10,1
20,17,24,20,10,1
20,17,25,20,10,1
20,17,26,20,10,1
20,17,27,20,10,1
20,17,28,20,10,1
20,17,29,20,10,1
20,17,30,20,10,1
20,17,31,20,10,1
20,17,32,20,10,1
20,17,33,20,10,1
20,17,34,20,10,1
20,17,35,20,10,1
20,17,36,20,10,1
20,17,37,20,10,1
20,17,38,20,10,1
20,17,39,20,10,1
20,17,40,20,10,1
20,17,41,20,10,1
20,17,42,20,10,1
20,17,43,20,10,1
20,17,44,20,10,1
20,17,45,20,10,1
20,17,46,20,10,1
20,17,47,20,10,1
20,17,48,20,10,1
20,17,49,20,10,1
20,17,50,20,10,1
20,18,5,20,10,1
20,18,6,20,10,1
20,18,7,20,10,1
20,18,8,20,10,1
20,18,9,20,10,1
20,18,10,20,10,1
20,18,11,20,10,1
20,18,12,20,10,1
20,18,13,20,10,1
20,18,14,20,10,1
20,18,15,20,10,1
20,18,16,20,10,1
20,18,17,20,10,1
20,18,18,20,10,1
20,18,19,20,10,1
20,18,20,20,10,1
20,18,21,20,10,1
20,18,22,20,10,1
20,18,23,20,10,1
20,18,24,20,10,1
20,18,25,20,10,1
20,18,26,20,10,1
20,18,27,20,10,1
20,18,28,20,10,1
20,18,29,20,10,1
20,18,30,20,10,1
20,18,31,20,10,1
20,18,32,20,10,1
20,18,33,20,10,1
20,18,34,20,10,1
20,18,35,20,10,1
20,18,36,20,10,1
20,18,37,20,10,1
20,18,38,20,10,1
20,18,39,20,10,1
20,18,40,20,10,1
20,18,41,20,10,1
20,18,42,20,10,1
20,18,43,20,10,1
20,18,44,20,10,1
20,18,45,20,10,1
20,18,46,20,10,1
20,18,47,20,10,1
20,18,48,20,10,1
20,18,49,20,10,1
20,18,50,20,10,1
20,19,5,20,10,1
20,19,6,20,10,1
20,19,7,20,10,1
20,19,8,20,10,1
20,19,9,20,10,1
20,19,10,20,10,1
20,19,11,20,10,1
20,19,12,20,10,1
20,19,13,20,10,1
20,19,14,20,10,1
20,19,15,20,10,1
20,19,16,20,10,1
20,19,17,20,10,1
20,19,18,20,10,1
20,19,19,20,10,1
20,19,20,20,10,1
20,19,21,20,10,1
20,19,22,20,10,1
20,19,23,20,10,1
20,19,24,20,10,1
20,19,25,20,10,1
20,19,26,20,10,1
20,19,27,20,10,1
20,19,28,20,10,1
20,19,29,20,10,1
20,19,30,20,10,1
20,19,31,20,10,1
20,19,32,20,10,1
20,19,33,20,10,1
20,19,34,20,10,1
20,19,35,20,10,1
20,19,36,20,10,1
20,19,37,20,10,1
20,19,38,20,10,1
20,19,39,20,10,1
20,19,40,20,10,1
20,19,41,20,10,1
20,19,42,20,10,1
20,19,43,20,10,1
20,19,44,20,10,1
20,19,45,20,10,1
20,19,46,20,10,1
20,19,47,20,10,1
20,19,48,20,10,1
20,19,49,20,10,1
20,19,50,20,10,1
20,20,5,20,10,1
20,20,6,20,10,1
20,20,7,20,10,1
20,20,8,20,10,1
20,20,9,20,10,1
20,20,10,20,10,1
20,20,11,20,10,1
20,20,12,20,10,1
20,20,13,20,10,1
20,20,14,20,10,1
20,20,15,20,10,1
20,20,16,20,10,1
20,20,17,20,10,1
20,20,18,20,10,1
20,20,19,20,10,1
20,20,20,20,10,1
20,20,21,20,10,1
20,20,22,20,10,1
20,20,23,20,10,1
20,20,24,20,10,1
20,20,25,20,10,1
20,20,26,20,10,1
20,20,27,20,10,1
20,20,28,20,10,1
20,20,29,20,10,1
20,20,30,20,10,1
20,20,31,20,10,1
20,20,32,20,10,1
20,20,33,20,10,1
20,20,34,20,10,1
20,20,35,20,10,1
20,20,36,20,10,1
20,20,37,20,10,1
20,20,38,20,10,1
20,20,39,20,10,1
20,20,40,20,10,1
20,20,41,20,10,1
20,20,42,20,10,1
20,20,43,20,10,1
20,20,44,20,10,1
20,20,45,20,10,1
20,20,46,20,10,1
20,20,47,20,10,1
20,20,48,20,10,1
20,20,49,20,10,1
20,20,50,20,10,1
20,21,5,20,10,1
20,21,6,20,10,1
20,21,7,20,10,1
20,21,8,20,10,1
20,21,9,20,10,1
20,21,10,20,10,1
20,21,11,20,10,1
20,21,12,20,10,1
20,21,13,20,10,1
20,21,14,20,10,1
20,21,15,20,10,1
20,21,16,20,10,1
20,21,17,20,10,1
20,21,18,20,10,1
20,21,19,20,10,1
20,21,20,20,10,1
20,21,21,20,10,1
20,21,22,20,10,1
20,21,23,20,10,1
20,21,24,20,10,1
20,21,25,20,10,1
20,21,26,20,10,1
20,21,27,20,10,1
20,21,28,20,10,1
20,21,29,20,10,1
20,21,30,20,10,1
20,21,31,20,10,1
20,21,32,20,10,1
20,21,33,20,10,1
20,21,34,20,10,1
20,21,35,20,10,1
20,21,36,20,10,1
20,21,37,20,10,1
20,21,38,20,10,1
20,21,39,20,10,1
20,21,40,20,10,1
20,21,41,20,10,1
20,21,42,20,10,1
20,21,43,20,10,1
20,21,44,20,10,1
20,21,45,20,10,1
20,21,46,20,10,1
20,21,47,20,10,1
20,21,48,20,10,1
20,21,49,20,10,1
20,21,50,20,10,1
20,22,5,20,10,1
20,22,6,20,10,1
20,22,7,20,10,1
20,22,8,20,10,1
20,22,9,20,10,1
20,22,10,20,10,1
20,22,11,20,10,1
20,22,12,20,10,1
20,22,13,20,10,1
20,22,14,20,10,1
20,22,15,20,10,1
20,22,16,20,10,1
20,22,17,20,10,1
20,22,18,20,10,1
20,22,19,20,10,1
20,22,20,20,10,1
20,22,21,20,10,1
20,22,22,20,10,1
20,22,23,20,10,1
20,22,24,20,10,1
20,22,25,20,10,1
20,22,26,20,10,1
20,22,27,20,10,1
20,22,28,20,10,1
20,22,29,20,10,1
20,22,30,20,10,1
20,22,31,20,10,1
20,22,32,20,10,1
20,22,33,20,10,1
20,22,34,20,10,1
20,22,35,20,10,1
20,22,36,20,10,1
20,22,37,20,10,1
20,22,38,20,10,1
20,22,39,20,10,1
20,22,40,20,10,1
20,22,41,20,10,1
20,22,42,20,10,1
20,22,43,20,10,1
20,22,44,20,10,1
20,22,45,20,10,1
20,22,46,20,10,1
20,22,47,20,10,1
20,22,48,20,10,1
20,22,49,20,10,1
20,22,50,20,10,1
20,23,5,20,10,1
20,23,6,20,10,1
20,23,7,20,10,1
20,23,8,20,10,1
20,23,9,20,10,1
20,23,10,20,10,1
20,23,11,20,10,1
20,23,12,20,10,1
20,23,13,20,10,1
20,23,14,20,10,1
20,23,15,20,10,1
20,23,16,20,10,1
20,23,17,20,10,1
20,23,18,20,10,1
20,23,19,20,10,1
20,23,20,20,10,1
20,23,21,20,10,1
20,23,22,20,10,1
20,23,23,20,10,1
20,23,24,20,10,1
20,23,25,20,10,1
20,23,26,20,10,1
20,23,27,20,10,1
20,23,28,20,10,1
20,23,29,20,10,1
20,23,30,20,10,1
20,23,31,20,10,1
20,23,32,20,10,1
20,23,33,20,10,1
20,23,34,20,10,1
20,23,35,20,10,1
20,23,36,20,10,1
20,23,37,20,10,1
20,23,38,20,10,1
20,23,39,20,10,1
20,23,40,20,10,1
20,23,41,20,10,1
20,23,42,20,10,1
20,23,43,20,10,1
20,23,44,20,10,1
20,23,45,20,10,1
20,23,46,20,10,1
20,23,47,20,10,1
20,23,48,20,10,1
20,23,49,20,10,1
20,23,50,20,10,1
20,24,5,20,10,1
20,24,6,20,10,1
20,24,7,20,10,1
20,24,8,20,10,1
20,24,9,20,10,1
20,24,10,20,10,1
20,24,11,20,10,1
20,24,12,20,10,1
20,24,13,20,10,1
20,24,14,20,10,1
20,24,15,20,10,1
20,24,16,20,10,1
20,24,17,20,10,1
20,24,18,20,10,1
20,24,19,20,10,1
20,24,20,20,10,1
20,24,21,20,10,1
20,24,22,20,10,1
20,24,23,20,10,1
20,24,24,20,10,1
20,24,25,20,10,1
20,24,26,20,10,1
20,24,27,20,10,1
20,24,28,20,10,1
20,24,29,20,10,1
20,24,30,20,10,1
20,24,31,20,10,1
20,24,32,20,10,1
20,24,33,20,10,1
20,24,34,20,10,1
20,24,35,20,10,1
20,24,36,20,10,1
20,24,37,20,10,1
20,24,38,20,10,1
20,24,39,20,10,1
20,24,40,20,10,1
20,24,41,20,10,1
20,24,42,20,10,1
20,24,43,20,10,1
20,24,44,20,10,1
20,24,45,20,10,1
20,24,46,20,10,1
20,24,47,20,10,1
20,24,48,20,10,1
20,24,49,20,10,1
20,24,50,20,10,1
20,25,5,20,10,1
20,25,6,20,10,1
20,25,7,20,10,1
20,25,8,20,10,1
20,25,9,20,10,1
20,25,10,20,10,1
20,25,11,20,10,1
20,25,12,20,10,1
20,25,13,20,10,1
20,25,14,20,10,1
20,25,15,20,10,1
20,25,16,20,10,1
20,25,17,20,10,1
20,25,18,20,10,1
20,25,19,20,10,1
20,25,20,20,10,1
20,25,21,20,10,1
20,25,22,20,10,1
20,25,23,20,10,1
20,25,24,20,10,1
20,25,25,20,10,1
20,25,26,20,10,1
20,25,27,20,10,1
20,25,28,20,10,1
20,25,29,20,10,1
20,25,30,20,10,1
20,25,31,20,10,1
20,25,32,20,10,1
20,25,33,20,10,1
20,25,34,20,10,1
20,25,35,20,10,1
20,25,36,20,10,1
20,25,37,20,10,1
20,25,38,20,10,1
20,25,39,20,10,1
20,25,40,20,10,1
20,25,41,20,10,1
20,25,42,20,10,1
20,25,43,20,10,1
20,25,44,20,10,1
20,25,45,20,10,1
20,25,46,20,10,1
20,25,47,20,10,1
20,25,48,20,10,1
20,25,49,20,10,1
20,25,50,20,10,1
20,26,5,20,10,1
20,26,6,20,10,1
20,26,7,20,10,1
20,26,8,20,10,1
20,26,9,20,10,1
20,26,10,20,10,1
20,26,11,20,10,1
20,26,12,20,10,1
20,26,13,20,10,1
20,26,14,20,10,1
20,26,15,20,10,1
20,26,16,20,10,1
20,26,17,20,10,1
20,26,18,20,10,1
20,26,19,20,10,1
20,26,20,20,10,1
20,26,21,20,10,1
20,26,22,20,10,1
20,26,23,20,10,1
20,26,24,20,10,1
20,26,25,20,10,1
20,26,26,20,10,1
20,26,27,20,10,1
20,26,28,20,10,1
20,26,29,20,10,1
20,26,30,20,10,1
20,26,31,20,10,1
20,26,32,20,10,1
20,26,33,20,10,1
20,26,34,20,10,1
20,26,35,20,10,1
20,26,36,20,10,1
20,26,37,20,10,1
20,26,38,20,10,1
20,26,39,20,10,1
20,26,40,20,10,1
20,26,41,20,10,1
20,26,42,20,10,1
20,26,43,20,10,1
20,26,44,20,10,1
20,26,45,20,10,1
20,26,46,20,10,1
20,26,47,20,10,1
20,26,48,20,10,1
20,26,49,20,10,1
20,26,50,20,10,1
20,27,5,20,10,1
20,27,6,20,10,1
20,27,7,20,10,1
20,27,8,20,10,1
20,27,9,20,10,1
20,27,10,20,10,1
20,27,11,20,10,1
20,27,12,20,10,1
20,27,13,20,10,1
20,27,14,20,10,1
20,27,15,20,10,1
20,27,16,20,10,1
20,27,17,20,10,1
20,27,18,20,10,1
20,27,19,20,10,1
20,27,20,20,10,1
20,27,21,20,10,1
20,27,22,20,10,1
20,27,23,20,10,1
20,27,24,20,10,1
20,27,25,20,10,1
20,27,26,20,10,1
20,27,27,20,10,1
20,27,28,20,10,1
20,27,29,20,10,1
20,27,30,20,10,1
20,27,31,20,10,1
20,27,32,20,10,1
20,27,33,20,10,1
20,27,34,20,10,1
20,27,35,20,10,1
20,27,36,20,10,1
20,27,37,20,10,1
20,27,38,20,10,1
20,27,39,20,10,1
20,27,40,20,10,1
20,27,41,20,10,1
20,27,42,20,10,1
20,27,43,20,10,1
20,27,44,20,10,1
20,27,45,20,10,1
20,27,46,20,10,1
20,27,47,20,10,1
20,27,48,20,10,1
20,27,49,20,10,1
20,27,50,20,10,1
20,28,5,20,10,1
20,28,6,20,10,1
20,28,7,20,10,1
20,28,8,20,10,1
20,28,9,20,10,1
20,28,10,20,10,1
20,28,11,20,10,1
20,28,12,20,10,1
20,28,13,20,10,1
20,28,14,20,10,1
20,28,15,20,10,1
20,28,16,20,10,1
20,28,17,20,10,1
20,28,18,20,10,1
20,28,19,20,10,1
20,28,20,20,10,1
20,28,21,20,10,1
20,28,22,20,10,1
20,28,23,20,10,1
20,28,24,20,10,1
20,28,25,20,10,1
20,28,26,20,10,1
20,28,27,20,10,1
20,28,28,20,10,1
20,28,29,20,10,1
20,28,30,20,10,1
20,28,31,20,10,1
20,28,32,20,10,1
20,28,33,20,10,1
20,28,34,20,10,1
20,28,35,20,10,1
20,28,36,20,10,1
20,28,37,20,10,1
20,28,38,20,10,1
20,28,39,20,10,1
20,28,40,20,10,1
20,28,41,20,10,1
20,28,42,20,10,1
20,28,43,20,10,1
20,28,44,20,10,1
20,28,45,20,10,1
20,28,46,20,10,1
20,28,47,20,10,1
20,28,48,20,10,1
20,28,49,20,10,1
20,28,50,20,10,1
20,29,5,20,10,1
20,29,6,20,10,1
20,29,7,20,10,1
20,29,8,20,10,1
20,29,9,20,10,1
20,29,10,20,10,1
20,29,11,20,10,1
20,29,12,20,10,1
20,29,13,20,10,1
20,29,14,20,10,1
20,29,15,20,10,1
20,29,16,20,10,1
20,29,17,20,10,1
20,29,18,20,10,1
20,29,19,20,10,1
20,29,20,20,10,1
20,29,21,20,10,1
20,29,22,20,10,1
20,29,23,20,10,1
20,29,24,20,10,1
20,29,25,20,10,1
20,29,26,20,10,1
20,29,27,20,10,1
20,29,28,20,10,1
20,29,29,20,10,1
20,29,30,20,10,1
20,29,31,20,10,1
20,29,32,20,10,1
20,29,33,20,10,1
20,29,34,20,10,1
20,29,35,20,10,1
20,29,36,20,10,1
20,29,37,20,10,1
20,29,38,20,10,1
20,29,39,20,10,1
20,29,40,20,10,1
20,29,41,20,10,1
20,29,42,20,10,1
20,29,43,20,10,1
20,29,44,20,10,1
20,29,45,20,10,1
20,29,46,20,10,1
20,29,47,20,10,1
20,29,48,20,10,1
20,29,49,20,10,1
20,29,50,20,10,1
20,30,5,20,10,1
20,30,6,20,10,1
20,30,7,20,10,1
20,30,8,20,10,1
20,30,9,20,10,1
20,30,10,20,10,1
20,30,11,20,10,1
20,30,12,20,10,1
20,30,13,20,10,1
20,30,14,20,10,1
20,30,15,20,10,1
20,30,16,20,10,1
20,30,17,20,10,1
20,30,18,20,10,1
20,30,19,20,10,1
20,30,20,20,10,1
20,30,21,20,10,1
20,30,22,20,10,1
20,30,23,20,10,1
20,30,24,20,10,1
20,30,25,20,10,1
20,30,26,20,10,1
20,30,27,20,10,1
20,30,28,20,10,1
20,30,29,20,10,1
20,30,30,20,10,1
20,30,31,20,10,1
20,30,32,20,10,1
20,30,33,20,10,1
20,30,34,20,10,1
20,30,35,20,10,1
20,30,36,20,10,1
20,30,37,20,10,1
20,30,38,20,10,1
20,30,39,20,10,1
20,30,40,20,10,1
20,30,41,20,10,1
20,30,42,20,10,1
20,30,43,20,10,1
20,30,44,20,10,1
20,30,45,20,10,1
20,30,46,20,10,1
20,30,47,20,10,1
20,30,48,20,10,1
20,30,49,20,10,1
20,30,50,20,10,1
20,31,5,20,10,1
20,31,6,20,10,1
20,31,7,20,10,1
20,31,8,20,10,1
20,31,9,20,10,1
20,31,10,20,10,1
20,31,11,20,10,1
20,31,12,20,10,1
20,31,13,20,10,1
20,31,14,20,10,1
20,31,15,20,10,1
20,31,16,20,10,1
20,31,17,20,10,1
20,31,18,20,10,1
20,31,19,20,10,1
20,31,20,20,10,1
20,31,21,20,10,1
20,31,22,20,10,1
20,31,23,20,10,1
20,31,24,20,10,1
20,31,25,20,10,1
20,31,26,20,10,1
20,31,27,20,10,1
20,31,28,20,10,1
20,31,29,20,10,1
20,31,30,20,10,1
20,31,31,20,10,1
20,31,32,20,10,1
20,31,33,20,10,1
20,31,34,20,10,1
20,31,35,20,10,1
20,31,36,20,10,1
20,31,37,20,10,1
20,31,38,20,10,1
20,31,39,20,10,1
20,31,40,20,10,1
20,31,41,20,10,1
20,31,42,20,10,1
20,31,43,20,10,1
20,31,44,20,10,1
20,31,45,20,10,1
20,31,46,20,10,1
20,31,47,20,10,1
20,31,48,20,10,1
20,31,49,20,10,1
20,31,50,20,10,1
20,32,5,20,10,1
20,32,6,20,10,1
20,32,7,20,10,1
20,32,8,20,10,1
20,32,9,20,10,1
20,32,10,20,10,1
20,32,11,20,10,1
20,32,12,20,10,1
20,32,13,20,10,1
20,32,14,20,10,1
20,32,15,20,10,1
20,32,16,20,10,1
20,32,17,20,10,1
20,32,18,20,10,1
20,32,19,20,10,1
20,32,20,20,10,1
20,32,21,20,10,1
20,32,22,20,10,1
20,32,23,20,10,1
20,32,24,20,10,1
20,32,25,20,10,1
20,32,26,20,10,1
20,32,27,20,10,1
20,32,28,20,10,1
20,32,29,20,10,1
20,32,30,20,10,1
20,32,31,20,10,1
20,32,32,20,10,1
20,32,33,20,10,1
20,32,34,20,10,1
20,32,35,20,10,1
20,32,36,20,10,1
20,32,37,20,10,1
20,32,38,20,10,1
20,32,39,20,10,1
20,32,40,20,10,1
20,32,41,20,10,1
20,32,42,20,10,1
20,32,43,20,10,1
20,32,44,20,10,1
20,32,45,20,10,1
20,32,46,20,10,1
20,32,47,20,10,1
20,32,48,20,10,1
20,32,49,20,10,1
20,32,50,20,10,1
20,33,5,20,10,1
20,33,6,20,10,1
20,33,7,20,10,1
20,33,8,20,10,1
20,33,9,20,10,1
20,33,10,20,10,1
20,33,11,20,10,1
20,33,12,20,10,1
20,33,13,20,10,1
20,33,14,20,10,1
20,33,15,20,10,1
20,33,16,20,10,1
20,33,17,20,10,1
20,33,18,20,10,1
20,33,19,20,10,1
20,33,20,20,10,1
20,33,21,20,10,1
20,33,22,20,10,1
20,33,23,20,10,1
20,33,24,20,10,1
20,33,25,20,10,1
20,33,26,20,10,1
20,33,27,20,10,1
20,33,28,20,10,1
20,33,29,20,10,1
20,33,30,20,10,1
20,33,31,20,10,1
20,33,32,20,10,1
20,33,33,20,10,1
20,33,34,20,10,1
20,33,35,20,10,1
20,33,36,20,10,1
20,33,37,20,10,1
20,33,38,20,10,1
20,33,39,20,10,1
20,33,40,20,10,1
20,33,41,20,10,1
20,33,42,20,10,1
20,33,43,20,10,1
20,33,44,20,10,1
20,33,45,20,10,1
20,33,46,20,10,1
20,33,47,20,10,1
20,33,48,20,10,1
20,33,49,20,10,1
20,33,50,20,10,1
20,34,5,20,10,1
20,34,6,20,10,1
20,34,7,20,10,1
20,34,8,20,10,1
20,34,9,20,10,1
20,34,10,20,10,1
20,34,11,20,10,1
20,34,12,20,10,1
20,34,13,20,10,1
20,34,14,20,10,1
20,34,15,20,10,1
20,34,16,20,10,1
20,34,17,20,10,1
20,34,18,20,10,1
20,34,19,20,10,1
20,34,20,20,10,1
20,34,21,20,10,1
20,34,22,20,10,1
20,34,23,20,10,1
20,34,24,20,10,1
20,34,25,20,10,1
20,34,26,20,10,1
20,34,27,20,10,1
20,34,28,20,10,1
20,34,29,20,10,1
20,34,30,20,10,1
20,34,31,20,10,1
20,34,32,20,10,1
20,34,33,20,10,1
20,34,34,20,10,1
20,34,35,20,10,1
20,34,36,20,10,1
20,34,37,20,10,1
20,34,38,20,10,1
20,34,39,20,10,1
20,34,40,20,10,1
20,34,41,20,10,1
20,34,42,20,10,1
20,34,43,20,10,1
20,34,44,20,10,1
20,34,45,20,10,1
20,34,46,20,10,1
20,34,47,20,10,1
20,34,48,20,10,1
20,34,49,20,10,1
20,34,50,20,10,1
20,35,5,20,10,1
20,35,6,20,10,1
20,35,7,20,10,1
20,35,8,20,10,1
20,35,9,20,10,1
20,35,10,20,10,1
20,35,11,20,10,1
20,35,12,20,10,1
20,35,13,20,10,1
20,35,14,20,10,1
20,35,15,20,10,1
20,35,16,20,10,1
20,35,17,20,10,1
20,35,18,20,10,1
20,35,19,20,10,1
20,35,20,20,10,1
20,35,21,20,10,1
20,35,22,20,10,1
20,35,23,20,10,1
20,35,24,20,10,1
20,35,25,20,10,1
20,35,26,20,10,1
20,35,27,20,10,1
20,35,28,20,10,1
20,35,29,20,10,1
20,35,30,20,10,1
20,35,31,20,10,1
20,35,32,20,10,1
20,35,33,20,10,1
20,35,34,20,10,1
20,35,35,20,10,1
20,35,36,20,10,1
20,35,37,20,10,1
20,35,38,20,10,1
20,35,39,20,10,1
20,35,40,20,10,1
20,35,41,20,10,1
20,35,42,20,10,1
20,35,43,20,10,1
20,35,44,20,10,1
20,35,45,20,10,1
20,35,46,20,10,1
20,35,47,20,10,1
20,35,48,20,10,1
20,35,49,20,10,1
20,35,50,20,10,1
20,36,5,20,10,1
20,36,6,20,10,1
20,36,7,20,10,1
20,36,8,20,10,1
20,36,9,20,10,1
20,36,10,20,10,1
20,36,11,20,10,1
20,36,12,20,10,1
20,36,13,20,10,1
20,36,14,20,10,1
20,36,15,20,10,1
20,36,16,20,10,1
20,36,17,20,10,1
20,36,18,20,10,1
20,36,19,20,10,1
20,36,20,20,10,1
20,36,21,20,10,1
20,36,22,20,10,1
20,36,23,20,10,1
20,36,24,20,10,1
20,36,25,20,10,1
20,36,26,20,10,1
20,36,27,20,10,1
20,36,28,20,10,1
20,36,29,20,10,1
20,36,30,20,10,1
20,36,31,20,10,1
20,36,32,20,10,1
20,36,33,20,10,1
20,36,34,20,10,1
20,36,35,20,10,1
20,36,36,20,10,1
20,36,37,20,10,1
20,36,38,20,10,1
20,36,39,20,10,1
20,36,40,20,10,1
20,36,41,20,10,1
20,36,42,20,10,1
20,36,43,20,10,1
20,36,44,20,10,1
20,36,45,20,10,1
20,36,46,20,10,1
20,36,47,20,10,1
20,36,48,20,10,1
20,36,49,20,10,1
20,36,50,20,10,1
20,37,5,20,10,1
20,37,6,20,10,1
20,37,7,20,10,1
20,37,8,20,10,1
20,37,9,20,10,1
20,37,10,20,10,1
20,37,11,20,10,1
20,37,12,20,10,1
20,37,13,20,10,1
20,37,14,20,10,1
20,37,15,20,10,1
20,37,16,20,10,1
20,37,17,20,10,1
20,37,18,20,10,1
20,37,19,20,10,1
20,37,20,20,10,1
20,37,21,20,10,1
20,37,22,20,10,1
20,37,23,20,10,1
20,37,24,20,10,1
20,37,25,20,10,1
20,37,26,20,10,1
20,37,27,20,10,1
20,37,28,20,10,1
20,37,29,20,10,1
20,37,30,20,10,1
20,37,31,20,10,1
20,37,32,20,10,1
20,37,33,20,10,1
20,37,34,20,10,1
20,37,35,20,10,1
20,37,36,20,10,1
20,37,37,20,10,1
20,37,38,20,10,1
20,37,39,20,10,1
20,37,40,20,10,1
20,37,41,20,10,1
20,37,42,20,10,1
20,37,43,20,10,1
20,37,44,20,10,1
20,37,45,20,10,1
20,37,46,20,10,1
20,37,47,20,10,1
20,37,48,20,10,1
20,37,49,20,10,1
20,37,50,20,10,1
20,38,5,20,10,1
20,38,6,20,10,1
20,38,7,20,10,1
20,38,8,20,10,1
20,38,9,20,10,1
20,38,10,20,10,1
20,38,11,20,10,1
20,38,12,20,10,1
20,38,13,20,10,1
20,38,14,20,10,1
20,38,15,20,10,1
20,38,16,20,10,1
20,38,17,20,10,1
20,38,18,20,10,1
20,38,19,20,10,1
20,38,20,20,10,1
20,38,21,20,10,1
20,38,22,20,10,1
20,38,23,20,10,1
20,38,24,20,10,1
20,38,25,20,10,1
20,38,26,20,10,1
20,38,27,20,10,1
20,38,28,20,10,1
20,38,29,20,10,1
20,38,30,20,10,1
20,38,31,20,10,1
20,38,32,20,10,1
20,38,33,20,10,1
20,38,34,20,10,1
20,38,35,20,10,1
20,38,36,20,10,1
20,38,37,20,10,1
20,38,38,20,10,1
20,38,39,20,10,1
20,38,40,20,10,1
20,38,41,20,10,1
20,38,42,20,10,1
20,38,43,20,10,1
20,38,44,20,10,1
20,38,45,20,10,1
20,38,46,20,10,1
20,38,47,20,10,1
20,38,48,20,10,1
20,38,49,20,10,1
20,38,50,20,10,1
20,39,5,20,10,1
20,39,6,20,10,1
20,39,7,20,10,1
20,39,8,20,10,1
20,39,9,20,10,1
20,39,10,20,10,1
20,39,11,20,10,1
20,39,12,20,10,1
20,39,13,20,10,1
20,39,14,20,10,1
20,39,15,20,10,1
20,39,16,20,10,1
20,39,17,20,10,1
20,39,18,20,10,1
20,39,19,20,10,1
20,39,20,20,10,1
20,39,21,20,10,1
20,39,22,20,10,1
20,39,23,20,10,1
20,39,24,20,10,1
20,39,25,20,10,1
20,39,26,20,10,1
20,39,27,20,10,1
20,39,28,20,10,1
20,39,29,20,10,1
20,39,30,20,10,1
20,39,31,20,10,1
20,39,32,20,10,1
20,39,33,20,10,1
20,39,34,20,10,1
20,39,35,20,10,1
20,39,36,20,10,1
20,39,37,20,10,1
20,39,38,20,10,1
20,39,39,20,10,1
20,39,40,20,10,1
20,39,41,20,10,1
20,39,42,20,10,1
20,39,43,20,10,1
20,39,44,20,10,1
20,39,45,20,10,1
20,39,46,20,10,1
20,39,47,20,10,1
20,39,48,20,10,1
20,39,49,20,10,1
20,39,50,20,10,1
20,40,5,20,10,1
20,40,6,20,10,1
20,40,7,20,10,1
20,40,8,20,10,1
20,40,9,20,10,1
20,40,10,20,10,1
20,40,11,20,10,1
20,40,12,20,10,1
20,40,13,20,10,1
20,40,14,20,10,1
20,40,15,20,10,1
20,40,16,20,10,1
20,40,17,20,10,1
20,40,18,20,10,1
20,40,19,20,10,1
20,40,20,20,10,1
20,40,21,20,10,1
20,40,22,20,10,1
20,40,23,20,10,1
20,40,24,20,10,1
20,40,25,20,10,1
20,40,26,20,10,1
20,40,27,20,10,1
20,40,28,20,10,1
20,40,29,20,10,1
20,40,30,20,10,1
20,40,31,20,10,1
20,40,32,20,10,1
20,40,33,20,10,1
20,40,34,20,10,1
20,40,35,20,10,1
20,40,36,20,10,1
20,40,37,20,10,1
20,40,38,20,10,1
20,40,39,20,10,1
20,40,40,20,10,1
20,40,41,20,10,1
20,40,42,20,10,1
20,40,43,20,10,1
20,40,44,20,10,1
20,40,45,20,10,1
20,40,46,20,10,1
20,40,47,20,10,1
20,40,48,20,10,1
20,40,49,20,10,1
20,40,50,20,10,1
20,41,5,20,10,1
20,41,6,20,10,1
20,41,7,20,10,1
20,41,8,20,10,1
20,41,9,20,10,1
20,41,10,20,10,1
20,41,11,20,10,1
20,41,12,20,10,1
20,41,13,20,10,1
20,41,14,20,10,1
20,41,15,20,10,1
20,41,16,20,10,1
20,41,17,20,10,1
20,41,18,20,10,1
20,41,19,20,10,1
20,41,20,20,10,1
20,41,21,20,10,1
20,41,22,20,10,1
20,41,23,20,10,1
20,41,24,20,10,1
20,41,25,20,10,1
20,41,26,20,10,1
20,41,27,20,10,1
20,41,28,20,10,1
20,41,29,20,10,1
20,41,30,20,10,1
20,41,31,20,10,1
20,41,32,20,10,1
20,41,33,20,10,1
20,41,34,20,10,1
20,41,35,20,10,1
20,41,36,20,10,1
20,41,37,20,10,1
20,41,38,20,10,1
20,41,39,20,10,1
20,41,40,20,10,1
20,41,41,20,10,1
20,41,42,20,10,1
20,41,43,20,10,1
20,41,44,20,10,1
20,41,45,20,10,1
20,41,46,20,10,1
20,41,47,20,10,1
20,41,48,20,10,1
20,41,49,20,10,1
20,41,50,20,10,1
20,42,5,20,10,1
20,42,6,20,10,1
20,42,7,20,10,1
20,42,8,20,10,1
20,42,9,20,10,1
20,42,10,20,10,1
20,42,11,20,10,1
20,42,12,20,10,1
20,42,13,20,10,1
20,42,14,20,10,1
20,42,15,20,10,1
20,42,16,20,10,1
20,42,17,20,10,1
20,42,18,20,10,1
20,42,19,20,10,1
20,42,20,20,10,1
20,42,21,20,10,1
20,42,22,20,10,1
20,42,23,20,10,1
20,42,24,20,10,1
20,42,25,20,10,1
20,42,26,20,10,1
20,42,27,20,10,1
20,42,28,20,10,1
20,42,29,20,10,1
20,42,30,20,10,1
20,42,31,20,10,1
20,42,32,20,10,1
20,42,33,20,10,1
20,42,34,20,10,1
20,42,35,20,10,1
20,42,36,20,10,1
20,42,37,20,10,1
20,42,38,20,10,1
20,42,39,20,10,1
20,42,40,20,10,1
20,42,41,20,10,1
20,42,42,20,10,1
20,42,43,20,10,1
20,42,44,20,10,1
20,42,45,20,10,1
20,42,46,20,10,1
20,42,47,20,10,1
20,42,48,20,10,1
20,42,49,20,10,1
20,42,50,20,10,1
20,43,5,20,10,1
20,43,6,20,10,1
20,43,7,20,10,1
20,43,8,20,10,1
20,43,9,20,10,1
20,43,10,20,10,1
20,43,11,20,10,1
20,43,12,20,10,1
20,43,13,20,10,1
20,43,14,20,10,1
20,43,15,20,10,1
20,43,16,20,10,1
20,43,17,20,10,1
20,43,18,20,10,1
20,43,19,20,10,1
20,43,20,20,10,1
20,43,21,20,10,1
20,43,22,20,10,1
20,43,23,20,10,1
20,43,24,20,10,1
20,43,25,20,10,1
20,43,26,20,10,1
20,43,27,20,10,1
20,43,28,20,10,1
20,43,29,20,10,1
20,43,30,20,10,1
20,43,31,20,10,1
20,43,32,20,10,1
20,43,33,20,10,1
20,43,34,20,10,1
20,43,35,20,10,1
20,43,36,20,10,1
20,43,37,20,10,1
20,43,38,20,10,1
20,43,39,20,10,1
20,43,40,20,10,1
20,43,41,20,10,1
20,43,42,20,10,1
20,43,43,20,10,1
20,43,44,20,10,1
20,43,45,20,10,1
20,43,46,20,10,1
20,43,47,20,10,1
20,43,48,20,10,1
20,43,49,20,10,1
20,43,50,20,10,1
20,44,5,20,10,1
20,44,6,20,10,1
20,44,7,20,10,1
20,44,8,20,10,1
20,44,9,20,10,1
20,44,10,20,10,1
20,44,11,20,10,1
20,44,12,20,10,1
20,44,13,20,10,1
20,44,14,20,10,1
20,44,15,20,10,1
20,44,16,20,10,1
20,44,17,20,10,1
20,44,18,20,10,1
20,44,19,20,10,1
20,44,20,20,10,1
20,44,21,20,10,1
20,44,22,20,10,1
20,44,23,20,10,1
20,44,24,20,10,1
20,44,25,20,10,1
20,44,26,20,10,1
20,44,27,20,10,1
20,44,28,20,10,1
20,44,29,20,10,1
20,44,30,20,10,1
20,44,31,20,10,1
20,44,32,20,10,1
20,44,33,20,10,1
20,44,34,20,10,1
20,44,35,20,10,1
20,44,36,20,10,1
20,44,37,20,10,1
20,44,38,20,10,1
20,44,39,20,10,1
20,44,40,20,10,1
20,44,41,20,10,1
20,44,42,20,10,1
20,44,43,20,10,1
20,44,44,20,10,1
20,44,45,20,10,1
20,44,46,20,10,1
20,44,47,20,10,1
20,44,48,20,10,1
20,44,49,20,10,1
20,44,50,20,10,1
20,45,5,20,10,1
20,45,6,20,10,1
20,45,7,20,10,1
20,45,8,20,10,1
20,45,9,20,10,1
20,45,10,20,10,1
20,45,11,20,10,1
20,45,12,20,10,1
20,45,13,20,10,1
20,45,14,20,10,1
20,45,15,20,10,1
20,45,16,20,10,1
20,45,17,20,10,1
20,45,18,20,10,1
20,45,19,20,10,1
20,45,20,20,10,1
20,45,21,20,10,1
20,45,22,20,10,1
20,45,23,20,10,1
20,45,24,20,10,1
20,45,25,20,10,1
20,45,26,20,10,1
20,45,27,20,10,1
20,45,28,20,10,1
20,45,29,20,10,1
20,45,30,20,10,1
20,45,31,20,10,1
20,45,32,20,10,1
20,45,33,20,10,1
20,45,34,20,10,1
20,45,35,20,10,1
20,45,36,20,10,1
20,45,37,20,10,1
20,45,38,20,10,1
20,45,39,20,10,1
20,45,40,20,10,1
20,45,41,20,10,1
20,45,42,20,10,1
20,45,43,20,10,1
20,45,44,20,10,1
20,45,45,20,10,1
20,45,46,20,10,1
20,45,47,20,10,1
20,45,48,20,10,1
20,45,49,20,10,1
20,45,50,20,10,1
20,46,5,20,10,1
20,46,6,20,10,1
20,46,7,20,10,1
20,46,8,20,10,1
20,46,9,20,10,1
20,46,10,20,10,1
20,46,11,20,10,1
20,46,12,20,10,1
20,46,13,20,10,1
20,46,14,20,10,1
20,46,15,20,10,1
20,46,16,20,10,1
20,46,17,20,10,1
20,46,18,20,10,1
20,46,19,20,10,1
20,46,20,20,10,1
20,46,21,20,10,1
20,46,22,20,10,1
20,46,23,20,10,1
20,46,24,20,10,1
20,46,25,20,10,1
20,46,26,20,10,1
20,46,27,20,10,1
20,46,28,20,10,1
20,46,29,20,10,1
20,46,30,20,10,1
20,46,31,20,10,1
20,46,32,20,10,1
20,46,33,20,10,1
20,46,34,20,10,1
20,46,35,20,10,1
20,46,36,20,10,1
20,46,37,20,10,1
20,46,38,20,10,1
20,46,39,20,10,1
20,46,40,20,10,1
20,46,41,20,10,1
20,46,42,20,10,1
20,46,43,20,10,1
20,46,44,20,10,1
20,46,45,20,10,1
20,46,46,20,10,1
20,46,47,20,10,1
20,46,48,20,10,1
20,46,49,20,10,1
20,46,50,20,10,1
20,47,5,20,10,1
20,47,6,20,10,1
20,47,7,20,10,1
20,47,8,20,10,1
20,47,9,20,10,1
20,47,10,20,10,1
20,47,11,20,10,1
20,47,12,20,10,1
20,47,13,20,10,1
20,47,14,20,10,1
20,47,15,20,10,1
20,47,16,20,10,1
20,47,17,20,10,1
20,47,18,20,10,1
20,47,19,20,10,1
20,47,20,20,10,1
20,47,21,20,10,1
20,47,22,20,10,1
20,47,23,20,10,1
20,47,24,20,10,1
20,47,25,20,10,1
20,47,26,20,10,1
20,47,27,20,10,1
20,47,28,20,10,1
20,47,29,20,10,1
20,47,30,20,10,1
20,47,31,20,10,1
20,47,32,20,10,1
20,47,33,20,10,1
20,47,34,20,10,1
20,47,35,20,10,1
20,47,36,20,10,1
20,47,37,20,10,1
20,47,38,20,10,1
20,47,39,20,10,1
20,47,40,20,10,1
20,47,41,20,10,1
20,47,42,20,10,1
20,47,43,20,10,1
20,47,44,20,10,1
20,47,45,20,10,1
20,47,46,20,10,1
20,47,47,20,10,1
20,47,48,20,10,1
20,47,49,20,10,1
20,47,50,20,10,1
20,48,5,20,10,1
20,48,6,20,10,1
20,48,7,20,10,1
20,48,8,20,10,1
20,48,9,20,10,1
20,48,10,20,10,1
20,48,11,20,10,1
20,48,12,20,10,1
20,48,13,20,10,1
20,48,14,20,10,1
20,48,15,20,10,1
20,48,16,20,10,1
20,48,17,20,10,1
20,48,18,20,10,1
20,48,19,20,10,1
20,48,20,20,10,1
20,48,21,20,10,1
20,48,22,20,10,1
20,48,23,20,10,1
20,48,24,20,10,1
20,48,25,20,10,1
20,48,26,20,10,1
20,48,27,20,10,1
20,48,28,20,10,1
20,48,29,20,10,1
20,48,30,20,10,1
20,48,31,20,10,1
20,48,32,20,10,1
20,48,33,20,10,1
20,48,34,20,10,1
20,48,35,20,10,1
20,48,36,20,10,1
20,48,37,20,10,1
20,48,38,20,10,1
20,48,39,20,10,1
20,48,40,20,10,1
20,48,41,20,10,1
20,48,42,20,10,1
20,48,43,20,10,1
20,48,44,20,10,1
20,48,45,20,10,1
20,48,46,20,10,1
20,48,47,20,10,1
20,48,48,20,10,1
20,48,49,20,10,1
20,48,50,20,10,1
20,49,5,20,10,1
20,49,6,20,10,1
20,49,7,20,10,1
20,49,8,20,10,1
20,49,9,20,10,1
20,49,10,20,10,1
20,49,11,20,10,1
20,49,12,20,10,1
20,49,13,20,10,1
20,49,14,20,10,1
20,49,15,20,10,1
20,49,16,20,10,1
20,49,17,20,10,1
20,49,18,20,10,1
20,49,19,20,10,1
20,49,20,20,10,1
20,49,21,20,10,1
20,49,22,20,10,1
20,49,23,20,10,1
20,49,24,20,10,1
20,49,25,20,10,1
20,49,26,20,10,1
20,49,27,20,10,1
20,49,28,20,10,1
20,49,29,20,10,1
20,49,30,20,10,1
20,49,31,20,10,1
20,49,32,20,10,1
20,49,33,20,10,1
20,49,34,20,10,1
20,49,35,20,10,1
20,49,36,20,10,1
20,49,37,20,10,1
20,49,38,20,10,1
20,49,39,20,10,1
20,49,40,20,10,1
20,49,41,20,10,1
20,49,42,20,10,1
20,49,43,20,10,1
20,49,44,20,10,1
20,49,45,20,10,1
20,49,46,20,10,1
20,49,47,20,10,1
20,49,48,20,10,1
20,49,49,20,10,1
20,49,50,20,10,1
20,50,5,20,10,1
20,50,6,20,10,1
20,50,7,20,10,1
20,50,8,20,10,1
20,50,9,20,10,1
20,50,10,20,10,1
20,50,11,20,10,1
20,50,12,20,10,1
20,50,13,20,10,1
20,50,14,20,10,1
20,50,15,20,10,1
20,50,16,20,10,1
20,50,17,20,10,1
20,50,18,20,10,1
20,50,19,20,10,1
20,50,20,20,10,1
20,50,21,20,10,1
20,50,22,20,10,1
20,50,23,20,10,1
20,50,24,20,10,1
20,50,25,20,10,1
20,50,26,20,10,1
20,50,27,20,10,1
20,50,28,20,10,1
20,50,29,20,10,1
20,50,30,20,10,1
20,50,31,20,10,1
20,50,32,20,10,1
20,50,33,20,10,1
20,50,34,20,10,1
20,50,35,20,10,1
20,50,36,20,10,1
20,50,37,20,10,1
20,50,38,20,10,1
20,50,39,20,10,1
20,50,40,20,10,1
20,50,41,20,10,1
20,50,42,20,10,1
20,50,43,20,10,1
20,50,44,20,10,1
20,50,45,20,10,1
20,50,46,20,10,1
20,50,47,20,10,1
20,50,48,20,10,1
20,50,49,20,10,1
20,50,50,20,10,1
