19.1,9.3,100,100,22,3.4,0.937,1
19.1,9.3,100,110,22,3.4,0.937,1
19.1,9.3,100,120,22,3.4,0.937,1
19.1,9.3,100,130,22,3.4,0.937,1
19.1,9.3,100,140,22,3.4,0.937,1
19.1,9.3,100,150,22,3.4,0.937,1
19.1,9.3,100,160,22,3.4,0.937,1
19.1,9.3,100,170,22,3.4,0.937,1
19.1,9.3,100,180,22,3.4,0.937,1
19.1,9.3,100,190,22,3.4,0.937,1
19.1,9.3,100,200,22,3.4,0.937,1
19.1,9.3,100,210,22,3.4,0.937,1
19.1,9.3,100,220,22,3.4,0.937,1
19.1,9.3,100,230,22,3.4,0.937,1
19.1,9.3,100,240,22,3.4,0.937,1
19.1,9.3,100,250,22,3.4,0.937,1
19.1,9.3,100,260,22,3.4,0.937,1
19.1,9.3,100,270,22,3.4,0.937,1
19.1,9.3,100,280,22,3.4,0.937,1
19.1,9.3,100,290,22,3.4,0.937,1
19.1,9.3,100,300,22,3.4,0.937,1
19.1,9.3,100,310,22,3.4,0.937,1
19.1,9.3,100,320,22,3.4,0.937,1
19.1,9.3,100,330,22,3.4,0.937,1
19.1,9.3,100,340,22,3.4,0.937,1
19.1,9.3,100,350,22,3.4,0.937,1
19.1,9.3,100,360,22,3.4,0.937,1
19.1,9.3,100,370,22,3.4,0.937,1
19.1,9.3,100,380,22,3.4,0.937,1
19.1,9.3,100,390,22,3.4,0.937,1
19.1,9.3,100,400,22,3.4,0.937,1
19.1,9.3,110,100,22,3.4,0.937,1
19.1,9.3,110,110,22,3.4,0.937,1
19.1,9.3,110,120,22,3.4,0.937,1
19.1,9.3,110,130,22,3.4,0.937,1
19.1,9.3,110,140,22,3.4,0.937,1
19.1,9.3,110,150,22,3.4,0.937,1
19.1,9.3,110,160,22,3.4,0.937,1
19.1,9.3,110,170,22,3.4,0.937,1
19.1,9.3,110,180,22,3.4,0.937,1
19.1,9.3,110,190,22,3.4,0.937,1
19.1,9.3,110,200,22,3.4,0.937,1
19.1,9.3,110,210,22,3.4,0.937,1
19.1,9.3,110,220,22,3.4,0.937,1
19.1,9.3,110,230,22,3.4,0.937,1
19.1,9.3,110,240,22,3.4,0.937,1
19.1,9.3,110,250,22,3.4,0.937,1
19.1,9.3,110,260,22,3.4,0.937,1
19.1,9.3,110,270,22,3.4,0.937,1
19.1,9.3,110,280,22,3.4,0.937,1
19.1,9.3,110,290,22,3.4,0.937,1
19.1,9.3,110,300,22,3.4,0.937,1
19.1,9.3,110,310,22,3.4,0.937,1
19.1,9.3,110,320,22,3.4,0.937,1
19.1,9.3,110,330,22,3.4,0.937,1
19.1,9.3,110,340,22,3.4,0.937,1
19.1,9.3,110,350,22,3.4,0.937,1
19.1,9.3,110,360,22,3.4,0.937,1
19.1,9.3,110,370,22,3.4,0.937,1
19.1,9.3,110,380,22,3.4,0.937,1
19.1,9.3,110,390,22,3.4,0.937,1
19.1,9.3,110,400,22,3.4,0.937,1
19.1,9.3,120,100,22,3.4,0.937,1
19.1,9.3,120,110,22,3.4,0.937,1
19.1,9.3,120,120,22,3.4,0.937,1
19.1,9.3,120,130,22,3.4,0.937,1
19.1,9.3,120,140,22,3.4,0.937,1
19.1,9.3,120,150,22,3.4,0.937,1
19.1,9.3,120,160,22,3.4,0.937,1
19.1,9.3,120,170,22,3.4,0.937,1
19.1,9.3,120,180,22,3.4,0.937,1
19.1,9.3,120,190,22,3.4,0.937,1
19.1,9.3,120,200,22,3.4,0.937,1
19.1,9.3,120,210,22,3.4,0.937,1
19.1,9.3,120,220,22,3.4,0.937,1
19.1,9.3,120,230,22,3.4,0.937,1
19.1,9.3,120,240,22,3.4,0.937,1
19.1,9.3,120,250,22,3.4,0.937,1
19.1,9.3,120,260,22,3.4,0.937,1
19.1,9.3,120,270,22,3.4,0.937,1
19.1,9.3,120,280,22,3.4,0.937,1
19.1,9.3,120,290,22,3.4,0.937,1
19.1,9.3,120,300,22,3.4,0.937,1
19.1,9.3,120,310,22,3.4,0.937,1
19.1,9.3,120,320,22,3.4,0.937,1
19.1,9.3,120,330,22,3.4,0.937,1
19.1,9.3,120,340,22,3.4,0.937,1
19.1,9.3,120,350,22,3.4,0.937,1
19.1,9.3,120,360,22,3.4,0.937,1
19.1,9.3,120,370,22,3.4,0.937,1
19.1,9.3,120,380,22,3.4,0.937,1
19.1,9.3,120,390,22,3.4,0.937,1
19.1,9.3,120,400,22,3.4,0.937,1
19.1,9.3,130,100,22,3.4,0.937,1
19.1,9.3,130,110,22,3.4,0.937,1
19.1,9.3,130,120,22,3.4,0.937,1
19.1,9.3,130,130,22,3.4,0.937,1
19.1,9.3,130,140,22,3.4,0.937,1
19.1,9.3,130,150,22,3.4,0.937,1
19.1,9.3,130,160,22,3.4,0.937,1
19.1,9.3,130,170,22,3.4,0.937,1
19.1,9.3,130,180,22,3.4,0.937,1
19.1,9.3,130,190,22,3.4,0.937,1
19.1,9.3,130,200,22,3.4,0.937,1
19.1,9.3,130,210,22,3.4,0.937,1
19.1,9.3,130,220,22,3.4,0.937,1
19.1,9.3,130,230,22,3.4,0.937,1
19.1,9.3,130,240,22,3.4,0.937,1
19.1,9.3,130,250,22,3.4,0.937,1
19.1,9.3,130,260,22,3.4,0.937,1
19.1,9.3,130,270,22,3.4,0.937,1
19.1,9.3,130,280,22,3.4,0.937,1
19.1,9.3,130,290,22,3.4,0.937,1
19.1,9.3,130,300,22,3.4,0.937,1
19.1,9.3,130,310,22,3.4,0.937,1
19.1,9.3,130,320,22,3.4,0.937,1
19.1,9.3,130,330,22,3.4,0.937,1
19.1,9.3,130,340,22,3.4,0.937,1
19.1,9.3,130,350,22,3.4,0.937,1
19.1,9.3,130,360,22,3.4,0.937,1
19.1,9.3,130,370,22,3.4,0.937,1
19.1,9.3,130,380,22,3.4,0.937,1
19.1,9.3,130,390,22,3.4,0.937,1
19.1,9.3,130,400,22,3.4,0.937,1
19.1,9.3,140,100,22,3.4,0.937,1
19.1,9.3,140,110,22,3.4,0.937,1
19.1,9.3,140,120,22,3.4,0.937,1
19.1,9.3,140,130,22,3.4,0.937,1
19.1,9.3,140,140,22,3.4,0.937,1
19.1,9.3,140,150,22,3.4,0.937,1
19.1,9.3,140,160,22,3.4,0.937,1
19.1,9.3,140,170,22,3.4,0.937,1
19.1,9.3,140,180,22,3.4,0.937,1
19.1,9.3,140,190,22,3.4,0.937,1
19.1,9.3,140,200,22,3.4,0.937,1
19.1,9.3,140,210,22,3.4,0.937,1
19.1,9.3,140,220,22,3.4,0.937,1
19.1,9.3,140,230,22,3.4,0.937,1
19.1,9.3,140,240,22,3.4,0.937,1
19.1,9.3,140,250,22,3.4,0.937,1
19.1,9.3,140,260,22,3.4,0.937,1
19.1,9.3,140,270,22,3.4,0.937,1
19.1,9.3,140,280,22,3.4,0.937,1
19.1,9.3,140,290,22,3.4,0.937,1
19.1,9.3,140,300,22,3.4,0.937,1
19.1,9.3,140,310,22,3.4,0.937,1
19.1,9.3,140,320,22,3.4,0.937,1
19.1,9.3,140,330,22,3.4,0.937,1
19.1,9.3,140,340,22,3.4,0.937,1
19.1,9.3,140,350,22,3.4,0.937,1
19.1,9.3,140,360,22,3.4,0.937,1
19.1,9.3,140,370,22,3.4,0.937,1
19.1,9.3,140,380,22,3.4,0.937,1
19.1,9.3,140,390,22,3.4,0.937,1
19.1,9.3,140,400,22,3.4,0.937,1
19.1,9.3,150,100,22,3.4,0.937,1
19.1,9.3,150,110,22,3.4,0.937,1
19.1,9.3,150,120,22,3.4,0.937,1
19.1,9.3,150,130,22,3.4,0.937,1
19.1,9.3,150,140,22,3.4,0.937,1
19.1,9.3,150,150,22,3.4,0.937,1
19.1,9.3,150,160,22,3.4,0.937,1
19.1,9.3,150,170,22,3.4,0.937,1
19.1,9.3,150,180,22,3.4,0.937,1
19.1,9.3,150,190,22,3.4,0.937,1
19.1,9.3,150,200,22,3.4,0.937,1
19.1,9.3,150,210,22,3.4,0.937,1
19.1,9.3,150,220,22,3.4,0.937,1
19.1,9.3,150,230,22,3.4,0.937,1
19.1,9.3,150,240,22,3.4,0.937,1
19.1,9.3,150,250,22,3.4,0.937,1
19.1,9.3,150,260,22,3.4,0.937,1
19.1,9.3,150,270,22,3.4,0.937,1
19.1,9.3,150,280,22,3.4,0.937,1
19.1,9.3,150,290,22,3.4,0.937,1
19.1,9.3,150,300,22,3.4,0.937,1
19.1,9.3,150,310,22,3.4,0.937,1
19.1,9.3,150,320,22,3.4,0.937,1
19.1,9.3,150,330,22,3.4,0.937,1
19.1,9.3,150,340,22,3.4,0.937,1
19.1,9.3,150,350,22,3.4,0.937,1
19.1,9.3,150,360,22,3.4,0.937,1
19.1,9.3,150,370,22,3.4,0.937,1
19.1,9.3,150,380,22,3.4,0.937,1
19.1,9.3,150,390,22,3.4,0.937,1
19.1,9.3,150,400,22,3.4,0.937,1
19.1,9.3,160,100,22,3.4,0.937,1
19.1,9.3,160,110,22,3.4,0.937,1
19.1,9.3,160,120,22,3.4,0.937,1
19.1,9.3,160,130,22,3.4,0.937,1
19.1,9.3,160,140,22,3.4,0.937,1
19.1,9.3,160,150,22,3.4,0.937,1
19.1,9.3,160,160,22,3.4,0.937,1
19.1,9.3,160,170,22,3.4,0.937,1
19.1,9.3,160,180,22,3.4,0.937,1
19.1,9.3,160,190,22,3.4,0.937,1
19.1,9.3,160,200,22,3.4,0.937,1
19.1,9.3,160,210,22,3.4,0.937,1
19.1,9.3,160,220,22,3.4,0.937,1
19.1,9.3,160,230,22,3.4,0.937,1
19.1,9.3,160,240,22,3.4,0.937,1
19.1,9.3,160,250,22,3.4,0.937,1
19.1,9.3,160,260,22,3.4,0.937,1
19.1,9.3,160,270,22,3.4,0.937,1
19.1,9.3,160,280,22,3.4,0.937,1
19.1,9.3,160,290,22,3.4,0.937,1
19.1,9.3,160,300,22,3.4,0.937,1
19.1,9.3,160,310,22,3.4,0.937,1
19.1,9.3,160,320,22,3.4,0.937,1
19.1,9.3,160,330,22,3.4,0.937,1
19.1,9.3,160,340,22,3.4,0.937,1
19.1,9.3,160,350,22,3.4,0.937,1
19.1,9.3,160,360,22,3.4,0.937,1
19.1,9.3,160,370,22,3.4,0.937,1
19.1,9.3,160,380,22,3.4,0.937,1
19.1,9.3,160,390,22,3.4,0.937,1
19.1,9.3,160,400,22,3.4,0.937,1
19.1,9.3,170,100,22,3.4,0.937,1
19.1,9.3,170,110,22,3.4,0.937,1
19.1,9.3,170,120,22,3.4,0.937,1
19.1,9.3,170,130,22,3.4,0.937,1
19.1,9.3,170,140,22,3.4,0.937,1
19.1,9.3,170,150,22,3.4,0.937,1
19.1,9.3,170,160,22,3.4,0.937,1
19.1,9.3,170,170,22,3.4,0.937,1
19.1,9.3,170,180,22,3.4,0.937,1
19.1,9.3,170,190,22,3.4,0.937,1
19.1,9.3,170,200,22,3.4,0.937,1
19.1,9.3,170,210,22,3.4,0.937,1
19.1,9.3,170,220,22,3.4,0.937,1
19.1,9.3,170,230,22,3.4,0.937,1
19.1,9.3,170,240,22,3.4,0.937,1
19.1,9.3,170,250,22,3.4,0.937,1
19.1,9.3,170,260,22,3.4,0.937,1
19.1,9.3,170,270,22,3.4,0.937,1
19.1,9.3,170,280,22,3.4,0.937,1
19.1,9.3,170,290,22,3.4,0.937,1
19.1,9.3,170,300,22,3.4,0.937,1
19.1,9.3,170,310,22,3.4,0.937,1
19.1,9.3,170,320,22,3.4,0.937,1
19.1,9.3,170,330,22,3.4,0.937,1
19.1,9.3,170,340,22,3.4,0.937,1
19.1,9.3,170,350,22,3.4,0.937,1
19.1,9.3,170,360,22,3.4,0.937,1
19.1,9.3,170,370,22,3.4,0.937,1
19.1,9.3,170,380,22,3.4,0.937,1
19.1,9.3,170,390,22,3.4,0.937,1
19.1,9.3,170,400,22,3.4,0.937,1
19.1,9.3,180,100,22,3.4,0.937,1
19.1,9.3,180,110,22,3.4,0.937,1
19.1,9.3,180,120,22,3.4,0.937,1
19.1,9.3,180,130,22,3.4,0.937,1
19.1,9.3,180,140,22,3.4,0.937,1
19.1,9.3,180,150,22,3.4,0.937,1
19.1,9.3,180,160,22,3.4,0.937,1
19.1,9.3,180,170,22,3.4,0.937,1
19.1,9.3,180,180,22,3.4,0.937,1
19.1,9.3,180,190,22,3.4,0.937,1
19.1,9.3,180,200,22,3.4,0.937,1
19.1,9.3,180,210,22,3.4,0.937,1
19.1,9.3,180,220,22,3.4,0.937,1
19.1,9.3,180,230,22,3.4,0.937,1
19.1,9.3,180,240,22,3.4,0.937,1
19.1,9.3,180,250,22,3.4,0.937,1
19.1,9.3,180,260,22,3.4,0.937,1
19.1,9.3,180,270,22,3.4,0.937,1
19.1,9.3,180,280,22,3.4,0.937,1
19.1,9.3,180,290,22,3.4,0.937,1
19.1,9.3,180,300,22,3.4,0.937,1
19.1,9.3,180,310,22,3.4,0.937,1
19.1,9.3,180,320,22,3.4,0.937,1
19.1,9.3,180,330,22,3.4,0.937,1
19.1,9.3,180,340,22,3.4,0.937,1
19.1,9.3,180,350,22,3.4,0.937,1
19.1,9.3,180,360,22,3.4,0.937,1
19.1,9.3,180,370,22,3.4,0.937,1
19.1,9.3,180,380,22,3.4,0.937,1
19.1,9.3,180,390,22,3.4,0.937,1
19.1,9.3,180,400,22,3.4,0.937,1
19.1,9.3,190,100,22,3.4,0.937,1
19.1,9.3,190,110,22,3.4,0.937,1
19.1,9.3,190,120,22,3.4,0.937,1
19.1,9.3,190,130,22,3.4,0.937,1
19.1,9.3,190,140,22,3.4,0.937,1
19.1,9.3,190,150,22,3.4,0.937,1
19.1,9.3,190,160,22,3.4,0.937,1
19.1,9.3,190,170,22,3.4,0.937,1
19.1,9.3,190,180,22,3.4,0.937,1
19.1,9.3,190,190,22,3.4,0.937,1
19.1,9.3,190,200,22,3.4,0.937,1
19.1,9.3,190,210,22,3.4,0.937,1
19.1,9.3,190,220,22,3.4,0.937,1
19.1,9.3,190,230,22,3.4,0.937,1
19.1,9.3,190,240,22,3.4,0.937,1
19.1,9.3,190,250,22,3.4,0.937,1
19.1,9.3,190,260,22,3.4,0.937,1
19.1,9.3,190,270,22,3.4,0.937,1
19.1,9.3,190,280,22,3.4,0.937,1
19.1,9.3,190,290,22,3.4,0.937,1
19.1,9.3,190,300,22,3.4,0.937,1
19.1,9.3,190,310,22,3.4,0.937,1
19.1,9.3,190,320,22,3.4,0.937,1
19.1,9.3,190,330,22,3.4,0.937,1
19.1,9.3,190,340,22,3.4,0.937,1
19.1,9.3,190,350,22,3.4,0.937,1
19.1,9.3,190,360,22,3.4,0.937,1
19.1,9.3,190,370,22,3.4,0.937,1
19.1,9.3,190,380,22,3.4,0.937,1
19.1,9.3,190,390,22,3.4,0.937,1
19.1,9.3,190,400,22,3.4,0.937,1
19.1,9.3,200,100,22,3.4,0.937,1
19.1,9.3,200,110,22,3.4,0.937,1
19.1,9.3,200,120,22,3.4,0.937,1
19.1,9.3,200,130,22,3.4,0.937,1
19.1,9.3,200,140,22,3.4,0.937,1
19.1,9.3,200,150,22,3.4,0.937,1
19.1,9.3,200,160,22,3.4,0.937,1
19.1,9.3,200,170,22,3.4,0.937,1
19.1,9.3,200,180,22,3.4,0.937,1
19.1,9.3,200,190,22,3.4,0.937,1
19.1,9.3,200,200,22,3.4,0.937,1
19.1,9.3,200,210,22,3.4,0.937,1
19.1,9.3,200,220,22,3.4,0.937,1
19.1,9.3,200,230,22,3.4,0.937,1
19.1,9.3,200,240,22,3.4,0.937,1
19.1,9.3,200,250,22,3.4,0.937,1
19.1,9.3,200,260,22,3.4,0.937,1
19.1,9.3,200,270,22,3.4,0.937,1
19.1,9.3,200,280,22,3.4,0.937,1
19.1,9.3,200,290,22,3.4,0.937,1
19.1,9.3,200,300,22,3.4,0.937,1
19.1,9.3,200,310,22,3.4,0.937,1
19.1,9.3,200,320,22,3.4,0.937,1
19.1,9.3,200,330,22,3.4,0.937,1
19.1,9.3,200,340,22,3.4,0.937,1
19.1,9.3,200,350,22,3.4,0.937,1
19.1,9.3,200,360,22,3.4,0.937,1
19.1,9.3,200,370,22,3.4,0.937,1
19.1,9.3,200,380,22,3.4,0.937,1
19.1,9.3,200,390,22,3.4,0.937,1
19.1,9.3,200,400,22,3.4,0.937,1
19.1,9.3,210,100,22,3.4,0.937,1
19.1,9.3,210,110,22,3.4,0.937,1
19.1,9.3,210,120,22,3.4,0.937,1
19.1,9.3,210,130,22,3.4,0.937,1
19.1,9.3,210,140,22,3.4,0.937,1
19.1,9.3,210,150,22,3.4,0.937,1
19.1,9.3,210,160,22,3.4,0.937,1
19.1,9.3,210,170,22,3.4,0.937,1
19.1,9.3,210,180,22,3.4,0.937,1
19.1,9.3,210,190,22,3.4,0.937,1
19.1,9.3,210,200,22,3.4,0.937,1
19.1,9.3,210,210,22,3.4,0.937,1
19.1,9.3,210,220,22,3.4,0.937,1
19.1,9.3,210,230,22,3.4,0.937,1
19.1,9.3,210,240,22,3.4,0.937,1
19.1,9.3,210,250,22,3.4,0.937,1
19.1,9.3,210,260,22,3.4,0.937,1
19.1,9.3,210,270,22,3.4,0.937,1
19.1,9.3,210,280,22,3.4,0.937,1
19.1,9.3,210,290,22,3.4,0.937,1
19.1,9.3,210,300,22,3.4,0.937,1
19.1,9.3,210,310,22,3.4,0.937,1
19.1,9.3,210,320,22,3.4,0.937,1
19.1,9.3,210,330,22,3.4,0.937,1
19.1,9.3,210,340,22,3.4,0.937,1
19.1,9.3,210,350,22,3.4,0.937,1
19.1,9.3,210,360,22,3.4,0.937,1
19.1,9.3,210,370,22,3.4,0.937,1
19.1,9.3,210,380,22,3.4,0.937,1
19.1,9.3,210,390,22,3.4,0.937,1
19.1,9.3,210,400,22,3.4,0.937,1
19.1,9.3,220,100,22,3.4,0.937,1
19.1,9.3,220,110,22,3.4,0.937,1
19.1,9.3,220,120,22,3.4,0.937,1
19.1,9.3,220,130,22,3.4,0.937,1
19.1,9.3,220,140,22,3.4,0.937,1
19.1,9.3,220,150,22,3.4,0.937,1
19.1,9.3,220,160,22,3.4,0.937,1
19.1,9.3,220,170,22,3.4,0.937,1
19.1,9.3,220,180,22,3.4,0.937,1
19.1,9.3,220,190,22,3.4,0.937,1
19.1,9.3,220,200,22,3.4,0.937,1
19.1,9.3,220,210,22,3.4,0.937,1
19.1,9.3,220,220,22,3.4,0.937,1
19.1,9.3,220,230,22,3.4,0.937,1
19.1,9.3,220,240,22,3.4,0.937,1
19.1,9.3,220,250,22,3.4,0.937,1
19.1,9.3,220,260,22,3.4,0.937,1
19.1,9.3,220,270,22,3.4,0.937,1
19.1,9.3,220,280,22,3.4,0.937,1
19.1,9.3,220,290,22,3.4,0.937,1
19.1,9.3,220,300,22,3.4,0.937,1
19.1,9.3,220,310,22,3.4,0.937,1
19.1,9.3,220,320,22,3.4,0.937,1
19.1,9.3,220,330,22,3.4,0.937,1
19.1,9.3,220,340,22,3.4,0.937,1
19.1,9.3,220,350,22,3.4,0.937,1
19.1,9.3,220,360,22,3.4,0.937,1
19.1,9.3,220,370,22,3.4,0.937,1
19.1,9.3,220,380,22,3.4,0.937,1
19.1,9.3,220,390,22,3.4,0.937,1
19.1,9.3,220,400,22,3.4,0.937,1
19.1,9.3,230,100,22,3.4,0.937,1
19.1,9.3,230,110,22,3.4,0.937,1
19.1,9.3,230,120,22,3.4,0.937,1
19.1,9.3,230,130,22,3.4,0.937,1
19.1,9.3,230,140,22,3.4,0.937,1
19.1,9.3,230,150,22,3.4,0.937,1
19.1,9.3,230,160,22,3.4,0.937,1
19.1,9.3,230,170,22,3.4,0.937,1
19.1,9.3,230,180,22,3.4,0.937,1
19.1,9.3,230,190,22,3.4,0.937,1
19.1,9.3,230,200,22,3.4,0.937,1
19.1,9.3,230,210,22,3.4,0.937,1
19.1,9.3,230,220,22,3.4,0.937,1
19.1,9.3,230,230,22,3.4,0.937,1
19.1,9.3,230,240,22,3.4,0.937,1
19.1,9.3,230,250,22,3.4,0.937,1
19.1,9.3,230,260,22,3.4,0.937,1
19.1,9.3,230,270,22,3.4,0.937,1
19.1,9.3,230,280,22,3.4,0.937,1
19.1,9.3,230,290,22,3.4,0.937,1
19.1,9.3,230,300,22,3.4,0.937,1
19.1,9.3,230,310,22,3.4,0.937,1
19.1,9.3,230,320,22,3.4,0.937,1
19.1,9.3,230,330,22,3.4,0.937,1
19.1,9.3,230,340,22,3.4,0.937,1
19.1,9.3,230,350,22,3.4,0.937,1
19.1,9.3,230,360,22,3.4,0.937,1
19.1,9.3,230,370,22,3.4,0.937,1
19.1,9.3,230,380,22,3.4,0.937,1
19.1,9.3,230,390,22,3.4,0.937,1
19.1,9.3,230,400,22,3.4,0.937,1
19.1,9.3,240,100,22,3.4,0.937,1
19.1,9.3,240,110,22,3.4,0.937,1
19.1,9.3,240,120,22,3.4,0.937,1
19.1,9.3,240,130,22,3.4,0.937,1
19.1,9.3,240,140,22,3.4,0.937,1
19.1,9.3,240,150,22,3.4,0.937,1
19.1,9.3,240,160,22,3.4,0.937,1
19.1,9.3,240,170,22,3.4,0.937,1
19.1,9.3,240,180,22,3.4,0.937,1
19.1,9.3,240,190,22,3.4,0.937,1
19.1,9.3,240,200,22,3.4,0.937,1
19.1,9.3,240,210,22,3.4,0.937,1
19.1,9.3,240,220,22,3.4,0.937,1
19.1,9.3,240,230,22,3.4,0.937,1
19.1,9.3,240,240,22,3.4,0.937,1
19.1,9.3,240,250,22,3.4,0.937,1
19.1,9.3,240,260,22,3.4,0.937,1
19.1,9.3,240,270,22,3.4,0.937,1
19.1,9.3,240,280,22,3.4,0.937,1
19.1,9.3,240,290,22,3.4,0.937,1
19.1,9.3,240,300,22,3.4,0.937,1
19.1,9.3,240,310,22,3.4,0.937,1
19.1,9.3,240,320,22,3.4,0.937,1
19.1,9.3,240,330,22,3.4,0.937,1
19.1,9.3,240,340,22,3.4,0.937,1
19.1,9.3,240,350,22,3.4,0.937,1
19.1,9.3,240,360,22,3.4,0.937,1
19.1,9.3,240,370,22,3.4,0.937,1
19.1,9.3,240,380,22,3.4,0.937,1
19.1,9.3,240,390,22,3.4,0.937,1
19.1,9.3,240,400,22,3.4,0.937,1
19.1,9.3,250,100,22,3.4,0.937,1
19.1,9.3,250,110,22,3.4,0.937,1
19.1,9.3,250,120,22,3.4,0.937,1
19.1,9.3,250,130,22,3.4,0.937,1
19.1,9.3,250,140,22,3.4,0.937,1
19.1,9.3,250,150,22,3.4,0.937,1
19.1,9.3,250,160,22,3.4,0.937,1
19.1,9.3,250,170,22,3.4,0.937,1
19.1,9.3,250,180,22,3.4,0.937,1
19.1,9.3,250,190,22,3.4,0.937,1
19.1,9.3,250,200,22,3.4,0.937,1
19.1,9.3,250,210,22,3.4,0.937,1
19.1,9.3,250,220,22,3.4,0.937,1
19.1,9.3,250,230,22,3.4,0.937,1
19.1,9.3,250,240,22,3.4,0.937,1
19.1,9.3,250,250,22,3.4,0.937,1
19.1,9.3,250,260,22,3.4,0.937,1
19.1,9.3,250,270,22,3.4,0.937,1
19.1,9.3,250,280,22,3.4,0.937,1
19.1,9.3,250,290,22,3.4,0.937,1
19.1,9.3,250,300,22,3.4,0.937,1
19.1,9.3,250,310,22,3.4,0.937,1
19.1,9.3,250,320,22,3.4,0.937,1
19.1,9.3,250,330,22,3.4,0.937,1
19.1,9.3,250,340,22,3.4,0.937,1
19.1,9.3,250,350,22,3.4,0.937,1
19.1,9.3,250,360,22,3.4,0.937,1
19.1,9.3,250,370,22,3.4,0.937,1
19.1,9.3,250,380,22,3.4,0.937,1
19.1,9.3,250,390,22,3.4,0.937,1
19.1,9.3,250,400,22,3.4,0.937,1
19.1,9.3,260,100,22,3.4,0.937,1
19.1,9.3,260,110,22,3.4,0.937,1
19.1,9.3,260,120,22,3.4,0.937,1
19.1,9.3,260,130,22,3.4,0.937,1
19.1,9.3,260,140,22,3.4,0.937,1
19.1,9.3,260,150,22,3.4,0.937,1
19.1,9.3,260,160,22,3.4,0.937,1
19.1,9.3,260,170,22,3.4,0.937,1
19.1,9.3,260,180,22,3.4,0.937,1
19.1,9.3,260,190,22,3.4,0.937,1
19.1,9.3,260,200,22,3.4,0.937,1
19.1,9.3,260,210,22,3.4,0.937,1
19.1,9.3,260,220,22,3.4,0.937,1
19.1,9.3,260,230,22,3.4,0.937,1
19.1,9.3,260,240,22,3.4,0.937,1
19.1,9.3,260,250,22,3.4,0.937,1
19.1,9.3,260,260,22,3.4,0.937,1
19.1,9.3,260,270,22,3.4,0.937,1
19.1,9.3,260,280,22,3.4,0.937,1
19.1,9.3,260,290,22,3.4,0.937,1
19.1,9.3,260,300,22,3.4,0.937,1
19.1,9.3,260,310,22,3.4,0.937,1
19.1,9.3,260,320,22,3.4,0.937,1
19.1,9.3,260,330,22,3.4,0.937,1
19.1,9.3,260,340,22,3.4,0.937,1
19.1,9.3,260,350,22,3.4,0.937,1
19.1,9.3,260,360,22,3.4,0.937,1
19.1,9.3,260,370,22,3.4,0.937,1
19.1,9.3,260,380,22,3.4,0.937,1
19.1,9.3,260,390,22,3.4,0.937,1
19.1,9.3,260,400,22,3.4,0.937,1
19.1,9.3,270,100,22,3.4,0.937,1
19.1,9.3,270,110,22,3.4,0.937,1
19.1,9.3,270,120,22,3.4,0.937,1
19.1,9.3,270,130,22,3.4,0.937,1
19.1,9.3,270,140,22,3.4,0.937,1
19.1,9.3,270,150,22,3.4,0.937,1
19.1,9.3,270,160,22,3.4,0.937,1
19.1,9.3,270,170,22,3.4,0.937,1
19.1,9.3,270,180,22,3.4,0.937,1
19.1,9.3,270,190,22,3.4,0.937,1
19.1,9.3,270,200,22,3.4,0.937,1
19.1,9.3,270,210,22,3.4,0.937,1
19.1,9.3,270,220,22,3.4,0.937,1
19.1,9.3,270,230,22,3.4,0.937,1
19.1,9.3,270,240,22,3.4,0.937,1
19.1,9.3,270,250,22,3.4,0.937,1
19.1,9.3,270,260,22,3.4,0.937,1
19.1,9.3,270,270,22,3.4,0.937,1
19.1,9.3,270,280,22,3.4,0.937,1
19.1,9.3,270,290,22,3.4,0.937,1
19.1,9.3,270,300,22,3.4,0.937,1
19.1,9.3,270,310,22,3.4,0.937,1
19.1,9.3,270,320,22,3.4,0.937,1
19.1,9.3,270,330,22,3.4,0.937,1
19.1,9.3,270,340,22,3.4,0.937,1
19.1,9.3,270,350,22,3.4,0.937,1
19.1,9.3,270,360,22,3.4,0.937,1
19.1,9.3,270,370,22,3.4,0.937,1
19.1,9.3,270,380,22,3.4,0.937,1
19.1,9.3,270,390,22,3.4,0.937,1
19.1,9.3,270,400,22,3.4,0.937,1
19.1,9.3,280,100,22,3.4,0.937,1
19.1,9.3,280,110,22,3.4,0.937,1
19.1,9.3,280,120,22,3.4,0.937,1
19.1,9.3,280,130,22,3.4,0.937,1
19.1,9.3,280,140,22,3.4,0.937,1
19.1,9.3,280,150,22,3.4,0.937,1
19.1,9.3,280,160,22,3.4,0.937,1
19.1,9.3,280,170,22,3.4,0.937,1
19.1,9.3,280,180,22,3.4,0.937,1
19.1,9.3,280,190,22,3.4,0.937,1
19.1,9.3,280,200,22,3.4,0.937,1
19.1,9.3,280,210,22,3.4,0.937,1
19.1,9.3,280,220,22,3.4,0.937,1
19.1,9.3,280,230,22,3.4,0.937,1
19.1,9.3,280,240,22,3.4,0.937,1
19.1,9.3,280,250,22,3.4,0.937,1
19.1,9.3,280,260,22,3.4,0.937,1
19.1,9.3,280,270,22,3.4,0.937,1
19.1,9.3,280,280,22,3.4,0.937,1
19.1,9.3,280,290,22,3.4,0.937,1
19.1,9.3,280,300,22,3.4,0.937,1
19.1,9.3,280,310,22,3.4,0.937,1
19.1,9.3,280,320,22,3.4,0.937,1
19.1,9.3,280,330,22,3.4,0.937,1
19.1,9.3,280,340,22,3.4,0.937,1
19.1,9.3,280,350,22,3.4,0.937,1
19.1,9.3,280,360,22,3.4,0.937,1
19.1,9.3,280,370,22,3.4,0.937,1
19.1,9.3,280,380,22,3.4,0.937,1
19.1,9.3,280,390,22,3.4,0.937,1
19.1,9.3,280,400,22,3.4,0.937,1
19.1,9.3,290,100,22,3.4,0.937,1
19.1,9.3,290,110,22,3.4,0.937,1
19.1,9.3,290,120,22,3.4,0.937,1
19.1,9.3,290,130,22,3.4,0.937,1
19.1,9.3,290,140,22,3.4,0.937,1
19.1,9.3,290,150,22,3.4,0.937,1
19.1,9.3,290,160,22,3.4,0.937,1
19.1,9.3,290,170,22,3.4,0.937,1
19.1,9.3,290,180,22,3.4,0.937,1
19.1,9.3,290,190,22,3.4,0.937,1
19.1,9.3,290,200,22,3.4,0.937,1
19.1,9.3,290,210,22,3.4,0.937,1
19.1,9.3,290,220,22,3.4,0.937,1
19.1,9.3,290,230,22,3.4,0.937,1
19.1,9.3,290,240,22,3.4,0.937,1
19.1,9.3,290,250,22,3.4,0.937,1
19.1,9.3,290,260,22,3.4,0.937,1
19.1,9.3,290,270,22,3.4,0.937,1
19.1,9.3,290,280,22,3.4,0.937,1
19.1,9.3,290,290,22,3.4,0.937,1
19.1,9.3,290,300,22,3.4,0.937,1
19.1,9.3,290,310,22,3.4,0.937,1
19.1,9.3,290,320,22,3.4,0.937,1
19.1,9.3,290,330,22,3.4,0.937,1
19.1,9.3,290,340,22,3.4,0.937,1
19.1,9.3,290,350,22,3.4,0.937,1
19.1,9.3,290,360,22,3.4,0.937,1
19.1,9.3,290,370,22,3.4,0.937,1
19.1,9.3,290,380,22,3.4,0.937,1
19.1,9.3,290,390,22,3.4,0.937,1
19.1,9.3,290,400,22,3.4,0.937,1
19.1,9.3,300,100,22,3.4,0.937,1
19.1,9.3,300,110,22,3.4,0.937,1
19.1,9.3,300,120,22,3.4,0.937,1
19.1,9.3,300,130,22,3.4,0.937,1
19.1,9.3,300,140,22,3.4,0.937,1
19.1,9.3,300,150,22,3.4,0.937,1
19.1,9.3,300,160,22,3.4,0.937,1
19.1,9.3,300,170,22,3.4,0.937,1
19.1,9.3,300,180,22,3.4,0.937,1
19.1,9.3,300,190,22,3.4,0.937,1
19.1,9.3,300,200,22,3.4,0.937,1
19.1,9.3,300,210,22,3.4,0.937,1
19.1,9.3,300,220,22,3.4,0.937,1
19.1,9.3,300,230,22,3.4,0.937,1
19.1,9.3,300,240,22,3.4,0.937,1
19.1,9.3,300,250,22,3.4,0.937,1
19.1,9.3,300,260,22,3.4,0.937,1
19.1,9.3,300,270,22,3.4,0.937,1
19.1,9.3,300,280,22,3.4,0.937,1
19.1,9.3,300,290,22,3.4,0.937,1
19.1,9.3,300,300,22,3.4,0.937,1
19.1,9.3,300,310,22,3.4,0.937,1
19.1,9.3,300,320,22,3.4,0.937,1
19.1,9.3,300,330,22,3.4,0.937,1
19.1,9.3,300,340,22,3.4,0.937,1
19.1,9.3,300,350,22,3.4,0.937,1
19.1,9.3,300,360,22,3.4,0.937,1
19.1,9.3,300,370,22,3.4,0.937,1
19.1,9.3,300,380,22,3.4,0.937,1
19.1,9.3,300,390,22,3.4,0.937,1
19.1,9.3,300,400,22,3.4,0.937,1
19.1,9.3,310,100,22,3.4,0.937,1
19.1,9.3,310,110,22,3.4,0.937,1
19.1,9.3,310,120,22,3.4,0.937,1
19.1,9.3,310,130,22,3.4,0.937,1
19.1,9.3,310,140,22,3.4,0.937,1
19.1,9.3,310,150,22,3.4,0.937,1
19.1,9.3,310,160,22,3.4,0.937,1
19.1,9.3,310,170,22,3.4,0.937,1
19.1,9.3,310,180,22,3.4,0.937,1
19.1,9.3,310,190,22,3.4,0.937,1
19.1,9.3,310,200,22,3.4,0.937,1
19.1,9.3,310,210,22,3.4,0.937,1
19.1,9.3,310,220,22,3.4,0.937,1
19.1,9.3,310,230,22,3.4,0.937,1
19.1,9.3,310,240,22,3.4,0.937,1
19.1,9.3,310,250,22,3.4,0.937,1
19.1,9.3,310,260,22,3.4,0.937,1
19.1,9.3,310,270,22,3.4,0.937,1
19.1,9.3,310,280,22,3.4,0.937,1
19.1,9.3,310,290,22,3.4,0.937,1
19.1,9.3,310,300,22,3.4,0.937,1
19.1,9.3,310,310,22,3.4,0.937,1
19.1,9.3,310,320,22,3.4,0.937,1
19.1,9.3,310,330,22,3.4,0.937,1
19.1,9.3,310,340,22,3.4,0.937,1
19.1,9.3,310,350,22,3.4,0.937,1
19.1,9.3,310,360,22,3.4,0.937,1
19.1,9.3,310,370,22,3.4,0.937,1
19.1,9.3,310,380,22,3.4,0.937,1
19.1,9.3,310,390,22,3.4,0.937,1
19.1,9.3,310,400,22,3.4,0.937,1
19.1,9.3,320,100,22,3.4,0.937,1
19.1,9.3,320,110,22,3.4,0.937,1
19.1,9.3,320,120,22,3.4,0.937,1
19.1,9.3,320,130,22,3.4,0.937,1
19.1,9.3,320,140,22,3.4,0.937,1
19.1,9.3,320,150,22,3.4,0.937,1
19.1,9.3,320,160,22,3.4,0.937,1
19.1,9.3,320,170,22,3.4,0.937,1
19.1,9.3,320,180,22,3.4,0.937,1
19.1,9.3,320,190,22,3.4,0.937,1
19.1,9.3,320,200,22,3.4,0.937,1
19.1,9.3,320,210,22,3.4,0.937,1
19.1,9.3,320,220,22,3.4,0.937,1
19.1,9.3,320,230,22,3.4,0.937,1
19.1,9.3,320,240,22,3.4,0.937,1
19.1,9.3,320,250,22,3.4,0.937,1
19.1,9.3,320,260,22,3.4,0.937,1
19.1,9.3,320,270,22,3.4,0.937,1
19.1,9.3,320,280,22,3.4,0.937,1
19.1,9.3,320,290,22,3.4,0.937,1
19.1,9.3,320,300,22,3.4,0.937,1
19.1,9.3,320,310,22,3.4,0.937,1
19.1,9.3,320,320,22,3.4,0.937,1
19.1,9.3,320,330,22,3.4,0.937,1
19.1,9.3,320,340,22,3.4,0.937,1
19.1,9.3,320,350,22,3.4,0.937,1
19.1,9.3,320,360,22,3.4,0.937,1
19.1,9.3,320,370,22,3.4,0.937,1
19.1,9.3,320,380,22,3.4,0.937,1
19.1,9.3,320,390,22,3.4,0.937,1
19.1,9.3,320,400,22,3.4,0.937,1
19.1,9.3,330,100,22,3.4,0.937,1
19.1,9.3,330,110,22,3.4,0.937,1
19.1,9.3,330,120,22,3.4,0.937,1
19.1,9.3,330,130,22,3.4,0.937,1
19.1,9.3,330,140,22,3.4,0.937,1
19.1,9.3,330,150,22,3.4,0.937,1
19.1,9.3,330,160,22,3.4,0.937,1
19.1,9.3,330,170,22,3.4,0.937,1
19.1,9.3,330,180,22,3.4,0.937,1
19.1,9.3,330,190,22,3.4,0.937,1
19.1,9.3,330,200,22,3.4,0.937,1
19.1,9.3,330,210,22,3.4,0.937,1
19.1,9.3,330,220,22,3.4,0.937,1
19.1,9.3,330,230,22,3.4,0.937,1
19.1,9.3,330,240,22,3.4,0.937,1
19.1,9.3,330,250,22,3.4,0.937,1
19.1,9.3,330,260,22,3.4,0.937,1
19.1,9.3,330,270,22,3.4,0.937,1
19.1,9.3,330,280,22,3.4,0.937,1
19.1,9.3,330,290,22,3.4,0.937,1
19.1,9.3,330,300,22,3.4,0.937,1
19.1,9.3,330,310,22,3.4,0.937,1
19.1,9.3,330,320,22,3.4,0.937,1
19.1,9.3,330,330,22,3.4,0.937,1
19.1,9.3,330,340,22,3.4,0.937,1
19.1,9.3,330,350,22,3.4,0.937,1
19.1,9.3,330,360,22,3.4,0.937,1
19.1,9.3,330,370,22,3.4,0.937,1
19.1,9.3,330,380,22,3.4,0.937,1
19.1,9.3,330,390,22,3.4,0.937,1
19.1,9.3,330,400,22,3.4,0.937,1
19.1,9.3,340,100,22,3.4,0.937,1
19.1,9.3,340,110,22,3.4,0.937,1
19.1,9.3,340,120,22,3.4,0.937,1
19.1,9.3,340,130,22,3.4,0.937,1
19.1,9.3,340,140,22,3.4,0.937,1
19.1,9.3,340,150,22,3.4,0.937,1
19.1,9.3,340,160,22,3.4,0.937,1
19.1,9.3,340,170,22,3.4,0.937,1
19.1,9.3,340,180,22,3.4,0.937,1
19.1,9.3,340,190,22,3.4,0.937,1
19.1,9.3,340,200,22,3.4,0.937,1
19.1,9.3,340,210,22,3.4,0.937,1
19.1,9.3,340,220,22,3.4,0.937,1
19.1,9.3,340,230,22,3.4,0.937,1
19.1,9.3,340,240,22,3.4,0.937,1
19.1,9.3,340,250,22,3.4,0.937,1
19.1,9.3,340,260,22,3.4,0.937,1
19.1,9.3,340,270,22,3.4,0.937,1
19.1,9.3,340,280,22,3.4,0.937,1
19.1,9.3,340,290,22,3.4,0.937,1
19.1,9.3,340,300,22,3.4,0.937,1
19.1,9.3,340,310,22,3.4,0.937,1
19.1,9.3,340,320,22,3.4,0.937,1
19.1,9.3,340,330,22,3.4,0.937,1
19.1,9.3,340,340,22,3.4,0.937,1
19.1,9.3,340,350,22,3.4,0.937,1
19.1,9.3,340,360,22,3.4,0.937,1
19.1,9.3,340,370,22,3.4,0.937,1
19.1,9.3,340,380,22,3.4,0.937,1
19.1,9.3,340,390,22,3.4,0.937,1
19.1,9.3,340,400,22,3.4,0.937,1
19.1,9.3,350,100,22,3.4,0.937,1
19.1,9.3,350,110,22,3.4,0.937,1
19.1,9.3,350,120,22,3.4,0.937,1
19.1,9.3,350,130,22,3.4,0.937,1
19.1,9.3,350,140,22,3.4,0.937,1
19.1,9.3,350,150,22,3.4,0.937,1
19.1,9.3,350,160,22,3.4,0.937,1
19.1,9.3,350,170,22,3.4,0.937,1
19.1,9.3,350,180,22,3.4,0.937,1
19.1,9.3,350,190,22,3.4,0.937,1
19.1,9.3,350,200,22,3.4,0.937,1
19.1,9.3,350,210,22,3.4,0.937,1
19.1,9.3,350,220,22,3.4,0.937,1
19.1,9.3,350,230,22,3.4,0.937,1
19.1,9.3,350,240,22,3.4,0.937,1
19.1,9.3,350,250,22,3.4,0.937,1
19.1,9.3,350,260,22,3.4,0.937,1
19.1,9.3,350,270,22,3.4,0.937,1
19.1,9.3,350,280,22,3.4,0.937,1
19.1,9.3,350,290,22,3.4,0.937,1
19.1,9.3,350,300,22,3.4,0.937,1
19.1,9.3,350,310,22,3.4,0.937,1
19.1,9.3,350,320,22,3.4,0.937,1
19.1,9.3,350,330,22,3.4,0.937,1
19.1,9.3,350,340,22,3.4,0.937,1
19.1,9.3,350,350,22,3.4,0.937,1
19.1,9.3,350,360,22,3.4,0.937,1
19.1,9.3,350,370,22,3.4,0.937,1
19.1,9.3,350,380,22,3.4,0.937,1
19.1,9.3,350,390,22,3.4,0.937,1
19.1,9.3,350,400,22,3.4,0.937,1
19.1,9.3,360,100,22,3.4,0.937,1
19.1,9.3,360,110,22,3.4,0.937,1
19.1,9.3,360,120,22,3.4,0.937,1
19.1,9.3,360,130,22,3.4,0.937,1
19.1,9.3,360,140,22,3.4,0.937,1
19.1,9.3,360,150,22,3.4,0.937,1
19.1,9.3,360,160,22,3.4,0.937,1
19.1,9.3,360,170,22,3.4,0.937,1
19.1,9.3,360,180,22,3.4,0.937,1
19.1,9.3,360,190,22,3.4,0.937,1
19.1,9.3,360,200,22,3.4,0.937,1
19.1,9.3,360,210,22,3.4,0.937,1
19.1,9.3,360,220,22,3.4,0.937,1
19.1,9.3,360,230,22,3.4,0.937,1
19.1,9.3,360,240,22,3.4,0.937,1
19.1,9.3,360,250,22,3.4,0.937,1
19.1,9.3,360,260,22,3.4,0.937,1
19.1,9.3,360,270,22,3.4,0.937,1
19.1,9.3,360,280,22,3.4,0.937,1
19.1,9.3,360,290,22,3.4,0.937,1
19.1,9.3,360,300,22,3.4,0.937,1
19.1,9.3,360,310,22,3.4,0.937,1
19.1,9.3,360,320,22,3.4,0.937,1
19.1,9.3,360,330,22,3.4,0.937,1
19.1,9.3,360,340,22,3.4,0.937,1
19.1,9.3,360,350,22,3.4,0.937,1
19.1,9.3,360,360,22,3.4,0.937,1
19.1,9.3,360,370,22,3.4,0.937,1
19.1,9.3,360,380,22,3.4,0.937,1
19.1,9.3,360,390,22,3.4,0.937,1
19.1,9.3,360,400,22,3.4,0.937,1
19.1,9.3,370,100,22,3.4,0.937,1
19.1,9.3,370,110,22,3.4,0.937,1
19.1,9.3,370,120,22,3.4,0.937,1
19.1,9.3,370,130,22,3.4,0.937,1
19.1,9.3,370,140,22,3.4,0.937,1
19.1,9.3,370,150,22,3.4,0.937,1
19.1,9.3,370,160,22,3.4,0.937,1
19.1,9.3,370,170,22,3.4,0.937,1
19.1,9.3,370,180,22,3.4,0.937,1
19.1,9.3,370,190,22,3.4,0.937,1
19.1,9.3,370,200,22,3.4,0.937,1
19.1,9.3,370,210,22,3.4,0.937,1
19.1,9.3,370,220,22,3.4,0.937,1
19.1,9.3,370,230,22,3.4,0.937,1
19.1,9.3,370,240,22,3.4,0.937,1
19.1,9.3,370,250,22,3.4,0.937,1
19.1,9.3,370,260,22,3.4,0.937,1
19.1,9.3,370,270,22,3.4,0.937,1
19.1,9.3,370,280,22,3.4,0.937,1
19.1,9.3,370,290,22,3.4,0.937,1
19.1,9.3,370,300,22,3.4,0.937,1
19.1,9.3,370,310,22,3.4,0.937,1
19.1,9.3,370,320,22,3.4,0.937,1
19.1,9.3,370,330,22,3.4,0.937,1
19.1,9.3,370,340,22,3.4,0.937,1
19.1,9.3,370,350,22,3.4,0.937,1
19.1,9.3,370,360,22,3.4,0.937,1
19.1,9.3,370,370,22,3.4,0.937,1
19.1,9.3,370,380,22,3.4,0.937,1
19.1,9.3,370,390,22,3.4,0.937,1
19.1,9.3,370,400,22,3.4,0.937,1
19.1,9.3,380,100,22,3.4,0.937,1
19.1,9.3,380,110,22,3.4,0.937,1
19.1,9.3,380,120,22,3.4,0.937,1
19.1,9.3,380,130,22,3.4,0.937,1
19.1,9.3,380,140,22,3.4,0.937,1
19.1,9.3,380,150,22,3.4,0.937,1
19.1,9.3,380,160,22,3.4,0.937,1
19.1,9.3,380,170,22,3.4,0.937,1
19.1,9.3,380,180,22,3.4,0.937,1
19.1,9.3,380,190,22,3.4,0.937,1
19.1,9.3,380,200,22,3.4,0.937,1
19.1,9.3,380,210,22,3.4,0.937,1
19.1,9.3,380,220,22,3.4,0.937,1
19.1,9.3,380,230,22,3.4,0.937,1
19.1,9.3,380,240,22,3.4,0.937,1
19.1,9.3,380,250,22,3.4,0.937,1
19.1,9.3,380,260,22,3.4,0.937,1
19.1,9.3,380,270,22,3.4,0.937,1
19.1,9.3,380,280,22,3.4,0.937,1
19.1,9.3,380,290,22,3.4,0.937,1
19.1,9.3,380,300,22,3.4,0.937,1
19.1,9.3,380,310,22,3.4,0.937,1
19.1,9.3,380,320,22,3.4,0.937,1
19.1,9.3,380,330,22,3.4,0.937,1
19.1,9.3,380,340,22,3.4,0.937,1
19.1,9.3,380,350,22,3.4,0.937,1
19.1,9.3,380,360,22,3.4,0.937,1
19.1,9.3,380,370,22,3.4,0.937,1
19.1,9.3,380,380,22,3.4,0.937,1
19.1,9.3,380,390,22,3.4,0.937,1
19.1,9.3,380,400,22,3.4,0.937,1
19.1,9.3,390,100,22,3.4,0.937,1
19.1,9.3,390,110,22,3.4,0.937,1
19.1,9.3,390,120,22,3.4,0.937,1
19.1,9.3,390,130,22,3.4,0.937,1
19.1,9.3,390,140,22,3.4,0.937,1
19.1,9.3,390,150,22,3.4,0.937,1
19.1,9.3,390,160,22,3.4,0.937,1
19.1,9.3,390,170,22,3.4,0.937,1
19.1,9.3,390,180,22,3.4,0.937,1
19.1,9.3,390,190,22,3.4,0.937,1
19.1,9.3,390,200,22,3.4,0.937,1
19.1,9.3,390,210,22,3.4,0.937,1
19.1,9.3,390,220,22,3.4,0.937,1
19.1,9.3,390,230,22,3.4,0.937,1
19.1,9.3,390,240,22,3.4,0.937,1
19.1,9.3,390,250,22,3.4,0.937,1
19.1,9.3,390,260,22,3.4,0.937,1
19.1,9.3,390,270,22,3.4,0.937,1
19.1,9.3,390,280,22,3.4,0.937,1
19.1,9.3,390,290,22,3.4,0.937,1
19.1,9.3,390,300,22,3.4,0.937,1
19.1,9.3,390,310,22,3.4,0.937,1
19.1,9.3,390,320,22,3.4,0.937,1
19.1,9.3,390,330,22,3.4,0.937,1
19.1,9.3,390,340,22,3.4,0.937,1
19.1,9.3,390,350,22,3.4,0.937,1
19.1,9.3,390,360,22,3.4,0.937,1
19.1,9.3,390,370,22,3.4,0.937,1
19.1,9.3,390,380,22,3.4,0.937,1
19.1,9.3,390,390,22,3.4,0.937,1
19.1,9.3,390,400,22,3.4,0.937,1
19.1,9.3,400,100,22,3.4,0.937,1
19.1,9.3,400,110,22,3.4,0.937,1
19.1,9.3,400,120,22,3.4,0.937,1
19.1,9.3,400,130,22,3.4,0.937,1
19.1,9.3,400,140,22,3.4,0.937,1
19.1,9.3,400,150,22,3.4,0.937,1
19.1,9.3,400,160,22,3.4,0.937,1
19.1,9.3,400,170,22,3.4,0.937,1
19.1,9.3,400,180,22,3.4,0.937,1
19.1,9.3,400,190,22,3.4,0.937,1
19.1,9.3,400,200,22,3.4,0.937,1
19.1,9.3,400,210,22,3.4,0.937,1
19.1,9.3,400,220,22,3.4,0.937,1
19.1,9.3,400,230,22,3.4,0.937,1
19.1,9.3,400,240,22,3.4,0.937,1
19.1,9.3,400,250,22,3.4,0.937,1
19.1,9.3,400,260,22,3.4,0.937,1
19.1,9.3,400,270,22,3.4,0.937,1
19.1,9.3,400,280,22,3.4,0.937,1
19.1,9.3,400,290,22,3.4,0.937,1
19.1,9.3,400,300,22,3.4,0.937,1
19.1,9.3,400,310,22,3.4,0.937,1
19.1,9.3,400,320,22,3.4,0.937,1
19.1,9.3,400,330,22,3.4,0.937,1
19.1,9.3,400,340,22,3.4,0.937,1
19.1,9.3,400,350,22,3.4,0.937,1
19.1,9.3,400,360,22,3.4,0.937,1
19.1,9.3,400,370,22,3.4,0.937,1
19.1,9.3,400,380,22,3.4,0.937,1
19.1,9.3,400,390,22,3.4,0.937,1
19.1,9.3,400,400,22,3.4,0.937,1
