5, 1.0, 1.0, 1.0, 1.0, 0.850, 1
5, 1.0, 1.0, 1.0, 1.0, 0.850, 2
5, 1.0, 1.0, 1.0, 1.0, 0.850, 3
5, 1.0, 1.0, 1.0, 1.0, 0.850, 4
5, 1.0, 1.0, 1.0, 1.0, 0.850, 5
5, 1.0, 1.0, 1.0, 1.0, 0.850, 6
5, 1.0, 1.0, 1.0, 1.0, 0.850, 7
5, 1.0, 1.0, 1.0, 1.0, 0.850, 8
5, 1.0, 1.0, 1.0, 1.0, 0.850, 9
5, 1.0, 1.0, 1.0, 1.0, 0.850, 10
5, 1.0, 1.0, 1.0, 1.0, 0.850, 11
5, 1.0, 1.0, 1.0, 1.0, 0.850, 12
5, 1.0, 1.0, 1.0, 1.0, 0.850, 13
5, 1.0, 1.0, 1.0, 1.0, 0.850, 14
5, 1.0, 1.0, 1.0, 1.0, 0.850, 15
5, 1.0, 1.0, 1.0, 1.0, 0.850, 16
5, 1.0, 1.0, 1.0, 1.0, 0.850, 17
5, 1.0, 1.0, 1.0, 1.0, 0.850, 18
5, 1.0, 1.0, 1.0, 1.0, 0.850, 19
5, 1.0, 1.0, 1.0, 1.0, 0.850, 20
5, 1.0, 1.0, 1.0, 1.0, 0.850, 21
5, 1.0, 1.0, 1.0, 1.0, 0.850, 22
5, 1.0, 1.0, 1.0, 1.0, 0.850, 23
5, 1.0, 1.0, 1.0, 1.0, 0.850, 24
5, 1.0, 1.0, 1.0, 1.0, 0.850, 25
5, 1.0, 1.0, 1.0, 1.0, 0.850, 26
5, 1.0, 1.0, 1.0, 1.0, 0.850, 27
5, 1.0, 1.0, 1.0, 1.0, 0.850, 28
5, 1.0, 1.0, 1.0, 1.0, 0.850, 29
5, 1.0, 1.0, 1.0, 1.0, 0.850, 30
5, 1.0, 1.0, 1.0, 1.0, 0.850, 31
5, 1.0, 1.0, 1.0, 1.0, 0.850, 32
5, 1.0, 1.0, 1.0, 1.0, 0.850, 33
5, 1.0, 1.0, 1.0, 1.0, 0.850, 34
5, 1.0, 1.0, 1.0, 1.0, 0.850, 35
5, 1.0, 1.0, 1.0, 1.0, 0.850, 36
5, 1.0, 1.0, 1.0, 1.0, 0.850, 37
5, 1.0, 1.0, 1.0, 1.0, 0.850, 38
5, 1.0, 1.0, 1.0, 1.0, 0.850, 39
5, 1.0, 1.0, 1.0, 1.0, 0.850, 40
5, 1.0, 1.0, 1.0, 1.0, 0.850, 41
5, 1.0, 1.0, 1.0, 1.0, 0.850, 42
5, 1.0, 1.0, 1.0, 1.0, 0.850, 43
5, 1.0, 1.0, 1.0, 1.0, 0.850, 44
5, 1.0, 1.0, 1.0, 1.0, 0.850, 45
5, 1.0, 1.0, 1.0, 1.0, 0.850, 46
5, 1.0, 1.0, 1.0, 1.0, 0.850, 47
5, 1.0, 1.0, 1.0, 1.0, 0.850, 48
5, 1.0, 1.0, 1.0, 1.0, 0.850, 49
5, 1.0, 1.0, 1.0, 1.0, 0.850, 50
6, 1.0, 1.0, 1.0, 1.0, 0.850, 1
6, 1.0, 1.0, 1.0, 1.0, 0.850, 2
6, 1.0, 1.0, 1.0, 1.0, 0.850, 3
6, 1.0, 1.0, 1.0, 1.0, 0.850, 4
6, 1.0, 1.0, 1.0, 1.0, 0.850, 5
6, 1.0, 1.0, 1.0, 1.0, 0.850, 6
6, 1.0, 1.0, 1.0, 1.0, 0.850, 7
6, 1.0, 1.0, 1.0, 1.0, 0.850, 8
6, 1.0, 1.0, 1.0, 1.0, 0.850, 9
6, 1.0, 1.0, 1.0, 1.0, 0.850, 10
6, 1.0, 1.0, 1.0, 1.0, 0.850, 11
6, 1.0, 1.0, 1.0, 1.0, 0.850, 12
6, 1.0, 1.0, 1.0, 1.0, 0.850, 13
6, 1.0, 1.0, 1.0, 1.0, 0.850, 14
6, 1.0, 1.0, 1.0, 1.0, 0.850, 15
6, 1.0, 1.0, 1.0, 1.0, 0.850, 16
6, 1.0, 1.0, 1.0, 1.0, 0.850, 17
6, 1.0, 1.0, 1.0, 1.0, 0.850, 18
6, 1.0, 1.0, 1.0, 1.0, 0.850, 19
6, 1.0, 1.0, 1.0, 1.0, 0.850, 20
6, 1.0, 1.0, 1.0, 1.0, 0.850, 21
6, 1.0, 1.0, 1.0, 1.0, 0.850, 22
6, 1.0, 1.0, 1.0, 1.0, 0.850, 23
6, 1.0, 1.0, 1.0, 1.0, 0.850, 24
6, 1.0, 1.0, 1.0, 1.0, 0.850, 25
6, 1.0, 1.0, 1.0, 1.0, 0.850, 26
6, 1.0, 1.0, 1.0, 1.0, 0.850, 27
6, 1.0, 1.0, 1.0, 1.0, 0.850, 28
6, 1.0, 1.0, 1.0, 1.0, 0.850, 29
6, 1.0, 1.0, 1.0, 1.0, 0.850, 30
6, 1.0, 1.0, 1.0, 1.0, 0.850, 31
6, 1.0, 1.0, 1.0, 1.0, 0.850, 32
6, 1.0, 1.0, 1.0, 1.0, 0.850, 33
6, 1.0, 1.0, 1.0, 1.0, 0.850, 34
6, 1.0, 1.0, 1.0, 1.0, 0.850, 35
6, 1.0, 1.0, 1.0, 1.0, 0.850, 36
6, 1.0, 1.0, 1.0, 1.0, 0.850, 37
6, 1.0, 1.0, 1.0, 1.0, 0.850, 38
6, 1.0, 1.0, 1.0, 1.0, 0.850, 39
6, 1.0, 1.0, 1.0, 1.0, 0.850, 40
6, 1.0, 1.0, 1.0, 1.0, 0.850, 41
6, 1.0, 1.0, 1.0, 1.0, 0.850, 42
6, 1.0, 1.0, 1.0, 1.0, 0.850, 43
6, 1.0, 1.0, 1.0, 1.0, 0.850, 44
6, 1.0, 1.0, 1.0, 1.0, 0.850, 45
6, 1.0, 1.0, 1.0, 1.0, 0.850, 46
6, 1.0, 1.0, 1.0, 1.0, 0.850, 47
6, 1.0, 1.0, 1.0, 1.0, 0.850, 48
6, 1.0, 1.0, 1.0, 1.0, 0.850, 49
6, 1.0, 1.0, 1.0, 1.0, 0.850, 50
7, 1.0, 1.0, 1.0, 1.0, 0.850, 1
7, 1.0, 1.0, 1.0, 1.0, 0.850, 2
7, 1.0, 1.0, 1.0, 1.0, 0.850, 3
7, 1.0, 1.0, 1.0, 1.0, 0.850, 4
7, 1.0, 1.0, 1.0, 1.0, 0.850, 5
7, 1.0, 1.0, 1.0, 1.0, 0.850, 6
7, 1.0, 1.0, 1.0, 1.0, 0.850, 7
7, 1.0, 1.0, 1.0, 1.0, 0.850, 8
7, 1.0, 1.0, 1.0, 1.0, 0.850, 9
7, 1.0, 1.0, 1.0, 1.0, 0.850, 10
7, 1.0, 1.0, 1.0, 1.0, 0.850, 11
7, 1.0, 1.0, 1.0, 1.0, 0.850, 12
7, 1.0, 1.0, 1.0, 1.0, 0.850, 13
7, 1.0, 1.0, 1.0, 1.0, 0.850, 14
7, 1.0, 1.0, 1.0, 1.0, 0.850, 15
7, 1.0, 1.0, 1.0, 1.0, 0.850, 16
7, 1.0, 1.0, 1.0, 1.0, 0.850, 17
7, 1.0, 1.0, 1.0, 1.0, 0.850, 18
7, 1.0, 1.0, 1.0, 1.0, 0.850, 19
7, 1.0, 1.0, 1.0, 1.0, 0.850, 20
7, 1.0, 1.0, 1.0, 1.0, 0.850, 21
7, 1.0, 1.0, 1.0, 1.0, 0.850, 22
7, 1.0, 1.0, 1.0, 1.0, 0.850, 23
7, 1.0, 1.0, 1.0, 1.0, 0.850, 24
7, 1.0, 1.0, 1.0, 1.0, 0.850, 25
7, 1.0, 1.0, 1.0, 1.0, 0.850, 26
7, 1.0, 1.0, 1.0, 1.0, 0.850, 27
7, 1.0, 1.0, 1.0, 1.0, 0.850, 28
7, 1.0, 1.0, 1.0, 1.0, 0.850, 29
7, 1.0, 1.0, 1.0, 1.0, 0.850, 30
7, 1.0, 1.0, 1.0, 1.0, 0.850, 31
7, 1.0, 1.0, 1.0, 1.0, 0.850, 32
7, 1.0, 1.0, 1.0, 1.0, 0.850, 33
7, 1.0, 1.0, 1.0, 1.0, 0.850, 34
7, 1.0, 1.0, 1.0, 1.0, 0.850, 35
7, 1.0, 1.0, 1.0, 1.0, 0.850, 36
7, 1.0, 1.0, 1.0, 1.0, 0.850, 37
7, 1.0, 1.0, 1.0, 1.0, 0.850, 38
7, 1.0, 1.0, 1.0, 1.0, 0.850, 39
7, 1.0, 1.0, 1.0, 1.0, 0.850, 40
7, 1.0, 1.0, 1.0, 1.0, 0.850, 41
7, 1.0, 1.0, 1.0, 1.0, 0.850, 42
7, 1.0, 1.0, 1.0, 1.0, 0.850, 43
7, 1.0, 1.0, 1.0, 1.0, 0.850, 44
7, 1.0, 1.0, 1.0, 1.0, 0.850, 45
7, 1.0, 1.0, 1.0, 1.0, 0.850, 46
7, 1.0, 1.0, 1.0, 1.0, 0.850, 47
7, 1.0, 1.0, 1.0, 1.0, 0.850, 48
7, 1.0, 1.0, 1.0, 1.0, 0.850, 49
7, 1.0, 1.0, 1.0, 1.0, 0.850, 50
8, 1.0, 1.0, 1.0, 1.0, 0.850, 1
8, 1.0, 1.0, 1.0, 1.0, 0.850, 2
8, 1.0, 1.0, 1.0, 1.0, 0.850, 3
8, 1.0, 1.0, 1.0, 1.0, 0.850, 4
8, 1.0, 1.0, 1.0, 1.0, 0.850, 5
8, 1.0, 1.0, 1.0, 1.0, 0.850, 6
8, 1.0, 1.0, 1.0, 1.0, 0.850, 7
8, 1.0, 1.0, 1.0, 1.0, 0.850, 8
8, 1.0, 1.0, 1.0, 1.0, 0.850, 9
8, 1.0, 1.0, 1.0, 1.0, 0.850, 10
8, 1.0, 1.0, 1.0, 1.0, 0.850, 11
8, 1.0, 1.0, 1.0, 1.0, 0.850, 12
8, 1.0, 1.0, 1.0, 1.0, 0.850, 13
8, 1.0, 1.0, 1.0, 1.0, 0.850, 14
8, 1.0, 1.0, 1.0, 1.0, 0.850, 15
8, 1.0, 1.0, 1.0, 1.0, 0.850, 16
8, 1.0, 1.0, 1.0, 1.0, 0.850, 17
8, 1.0, 1.0, 1.0, 1.0, 0.850, 18
8, 1.0, 1.0, 1.0, 1.0, 0.850, 19
8, 1.0, 1.0, 1.0, 1.0, 0.850, 20
8, 1.0, 1.0, 1.0, 1.0, 0.850, 21
8, 1.0, 1.0, 1.0, 1.0, 0.850, 22
8, 1.0, 1.0, 1.0, 1.0, 0.850, 23
8, 1.0, 1.0, 1.0, 1.0, 0.850, 24
8, 1.0, 1.0, 1.0, 1.0, 0.850, 25
8, 1.0, 1.0, 1.0, 1.0, 0.850, 26
8, 1.0, 1.0, 1.0, 1.0, 0.850, 27
8, 1.0, 1.0, 1.0, 1.0, 0.850, 28
8, 1.0, 1.0, 1.0, 1.0, 0.850, 29
8, 1.0, 1.0, 1.0, 1.0, 0.850, 30
8, 1.0, 1.0, 1.0, 1.0, 0.850, 31
8, 1.0, 1.0, 1.0, 1.0, 0.850, 32
8, 1.0, 1.0, 1.0, 1.0, 0.850, 33
8, 1.0, 1.0, 1.0, 1.0, 0.850, 34
8, 1.0, 1.0, 1.0, 1.0, 0.850, 35
8, 1.0, 1.0, 1.0, 1.0, 0.850, 36
8, 1.0, 1.0, 1.0, 1.0, 0.850, 37
8, 1.0, 1.0, 1.0, 1.0, 0.850, 38
8, 1.0, 1.0, 1.0, 1.0, 0.850, 39
8, 1.0, 1.0, 1.0, 1.0, 0.850, 40
8, 1.0, 1.0, 1.0, 1.0, 0.850, 41
8, 1.0, 1.0, 1.0, 1.0, 0.850, 42
8, 1.0, 1.0, 1.0, 1.0, 0.850, 43
8, 1.0, 1.0, 1.0, 1.0, 0.850, 44
8, 1.0, 1.0, 1.0, 1.0, 0.850, 45
8, 1.0, 1.0, 1.0, 1.0, 0.850, 46
8, 1.0, 1.0, 1.0, 1.0, 0.850, 47
8, 1.0, 1.0, 1.0, 1.0, 0.850, 48
8, 1.0, 1.0, 1.0, 1.0, 0.850, 49
8, 1.0, 1.0, 1.0, 1.0, 0.850, 50
9, 1.0, 1.0, 1.0, 1.0, 0.850, 1
9, 1.0, 1.0, 1.0, 1.0, 0.850, 2
9, 1.0, 1.0, 1.0, 1.0, 0.850, 3
9, 1.0, 1.0, 1.0, 1.0, 0.850, 4
9, 1.0, 1.0, 1.0, 1.0, 0.850, 5
9, 1.0, 1.0, 1.0, 1.0, 0.850, 6
9, 1.0, 1.0, 1.0, 1.0, 0.850, 7
9, 1.0, 1.0, 1.0, 1.0, 0.850, 8
9, 1.0, 1.0, 1.0, 1.0, 0.850, 9
9, 1.0, 1.0, 1.0, 1.0, 0.850, 10
9, 1.0, 1.0, 1.0, 1.0, 0.850, 11
9, 1.0, 1.0, 1.0, 1.0, 0.850, 12
9, 1.0, 1.0, 1.0, 1.0, 0.850, 13
9, 1.0, 1.0, 1.0, 1.0, 0.850, 14
9, 1.0, 1.0, 1.0, 1.0, 0.850, 15
9, 1.0, 1.0, 1.0, 1.0, 0.850, 16
9, 1.0, 1.0, 1.0, 1.0, 0.850, 17
9, 1.0, 1.0, 1.0, 1.0, 0.850, 18
9, 1.0, 1.0, 1.0, 1.0, 0.850, 19
9, 1.0, 1.0, 1.0, 1.0, 0.850, 20
9, 1.0, 1.0, 1.0, 1.0, 0.850, 21
9, 1.0, 1.0, 1.0, 1.0, 0.850, 22
9, 1.0, 1.0, 1.0, 1.0, 0.850, 23
9, 1.0, 1.0, 1.0, 1.0, 0.850, 24
9, 1.0, 1.0, 1.0, 1.0, 0.850, 25
9, 1.0, 1.0, 1.0, 1.0, 0.850, 26
9, 1.0, 1.0, 1.0, 1.0, 0.850, 27
9, 1.0, 1.0, 1.0, 1.0, 0.850, 28
9, 1.0, 1.0, 1.0, 1.0, 0.850, 29
9, 1.0, 1.0, 1.0, 1.0, 0.850, 30
9, 1.0, 1.0, 1.0, 1.0, 0.850, 31
9, 1.0, 1.0, 1.0, 1.0, 0.850, 32
9, 1.0, 1.0, 1.0, 1.0, 0.850, 33
9, 1.0, 1.0, 1.0, 1.0, 0.850, 34
9, 1.0, 1.0, 1.0, 1.0, 0.850, 35
9, 1.0, 1.0, 1.0, 1.0, 0.850, 36
9, 1.0, 1.0, 1.0, 1.0, 0.850, 37
9, 1.0, 1.0, 1.0, 1.0, 0.850, 38
9, 1.0, 1.0, 1.0, 1.0, 0.850, 39
9, 1.0, 1.0, 1.0, 1.0, 0.850, 40
9, 1.0, 1.0, 1.0, 1.0, 0.850, 41
9, 1.0, 1.0, 1.0, 1.0, 0.850, 42
9, 1.0, 1.0, 1.0, 1.0, 0.850, 43
9, 1.0, 1.0, 1.0, 1.0, 0.850, 44
9, 1.0, 1.0, 1.0, 1.0, 0.850, 45
9, 1.0, 1.0, 1.0, 1.0, 0.850, 46
9, 1.0, 1.0, 1.0, 1.0, 0.850, 47
9, 1.0, 1.0, 1.0, 1.0, 0.850, 48
9, 1.0, 1.0, 1.0, 1.0, 0.850, 49
9, 1.0, 1.0, 1.0, 1.0, 0.850, 50
10, 1.0, 1.0, 1.0, 1.0, 0.850, 1
10, 1.0, 1.0, 1.0, 1.0, 0.850, 2
10, 1.0, 1.0, 1.0, 1.0, 0.850, 3
10, 1.0, 1.0, 1.0, 1.0, 0.850, 4
10, 1.0, 1.0, 1.0, 1.0, 0.850, 5
10, 1.0, 1.0, 1.0, 1.0, 0.850, 6
10, 1.0, 1.0, 1.0, 1.0, 0.850, 7
10, 1.0, 1.0, 1.0, 1.0, 0.850, 8
10, 1.0, 1.0, 1.0, 1.0, 0.850, 9
10, 1.0, 1.0, 1.0, 1.0, 0.850, 10
10, 1.0, 1.0, 1.0, 1.0, 0.850, 11
10, 1.0, 1.0, 1.0, 1.0, 0.850, 12
10, 1.0, 1.0, 1.0, 1.0, 0.850, 13
10, 1.0, 1.0, 1.0, 1.0, 0.850, 14
10, 1.0, 1.0, 1.0, 1.0, 0.850, 15
10, 1.0, 1.0, 1.0, 1.0, 0.850, 16
10, 1.0, 1.0, 1.0, 1.0, 0.850, 17
10, 1.0, 1.0, 1.0, 1.0, 0.850, 18
10, 1.0, 1.0, 1.0, 1.0, 0.850, 19
10, 1.0, 1.0, 1.0, 1.0, 0.850, 20
10, 1.0, 1.0, 1.0, 1.0, 0.850, 21
10, 1.0, 1.0, 1.0, 1.0, 0.850, 22
10, 1.0, 1.0, 1.0, 1.0, 0.850, 23
10, 1.0, 1.0, 1.0, 1.0, 0.850, 24
10, 1.0, 1.0, 1.0, 1.0, 0.850, 25
10, 1.0, 1.0, 1.0, 1.0, 0.850, 26
10, 1.0, 1.0, 1.0, 1.0, 0.850, 27
10, 1.0, 1.0, 1.0, 1.0, 0.850, 28
10, 1.0, 1.0, 1.0, 1.0, 0.850, 29
10, 1.0, 1.0, 1.0, 1.0, 0.850, 30
10, 1.0, 1.0, 1.0, 1.0, 0.850, 31
10, 1.0, 1.0, 1.0, 1.0, 0.850, 32
10, 1.0, 1.0, 1.0, 1.0, 0.850, 33
10, 1.0, 1.0, 1.0, 1.0, 0.850, 34
10, 1.0, 1.0, 1.0, 1.0, 0.850, 35
10, 1.0, 1.0, 1.0, 1.0, 0.850, 36
10, 1.0, 1.0, 1.0, 1.0, 0.850, 37
10, 1.0, 1.0, 1.0, 1.0, 0.850, 38
10, 1.0, 1.0, 1.0, 1.0, 0.850, 39
10, 1.0, 1.0, 1.0, 1.0, 0.850, 40
10, 1.0, 1.0, 1.0, 1.0, 0.850, 41
10, 1.0, 1.0, 1.0, 1.0, 0.850, 42
10, 1.0, 1.0, 1.0, 1.0, 0.850, 43
10, 1.0, 1.0, 1.0, 1.0, 0.850, 44
10, 1.0, 1.0, 1.0, 1.0, 0.850, 45
10, 1.0, 1.0, 1.0, 1.0, 0.850, 46
10, 1.0, 1.0, 1.0, 1.0, 0.850, 47
10, 1.0, 1.0, 1.0, 1.0, 0.850, 48
10, 1.0, 1.0, 1.0, 1.0, 0.850, 49
10, 1.0, 1.0, 1.0, 1.0, 0.850, 50
11, 1.0, 1.0, 1.0, 1.0, 0.850, 1
11, 1.0, 1.0, 1.0, 1.0, 0.850, 2
11, 1.0, 1.0, 1.0, 1.0, 0.850, 3
11, 1.0, 1.0, 1.0, 1.0, 0.850, 4
11, 1.0, 1.0, 1.0, 1.0, 0.850, 5
11, 1.0, 1.0, 1.0, 1.0, 0.850, 6
11, 1.0, 1.0, 1.0, 1.0, 0.850, 7
11, 1.0, 1.0, 1.0, 1.0, 0.850, 8
11, 1.0, 1.0, 1.0, 1.0, 0.850, 9
11, 1.0, 1.0, 1.0, 1.0, 0.850, 10
11, 1.0, 1.0, 1.0, 1.0, 0.850, 11
11, 1.0, 1.0, 1.0, 1.0, 0.850, 12
11, 1.0, 1.0, 1.0, 1.0, 0.850, 13
11, 1.0, 1.0, 1.0, 1.0, 0.850, 14
11, 1.0, 1.0, 1.0, 1.0, 0.850, 15
11, 1.0, 1.0, 1.0, 1.0, 0.850, 16
11, 1.0, 1.0, 1.0, 1.0, 0.850, 17
11, 1.0, 1.0, 1.0, 1.0, 0.850, 18
11, 1.0, 1.0, 1.0, 1.0, 0.850, 19
11, 1.0, 1.0, 1.0, 1.0, 0.850, 20
11, 1.0, 1.0, 1.0, 1.0, 0.850, 21
11, 1.0, 1.0, 1.0, 1.0, 0.850, 22
11, 1.0, 1.0, 1.0, 1.0, 0.850, 23
11, 1.0, 1.0, 1.0, 1.0, 0.850, 24
11, 1.0, 1.0, 1.0, 1.0, 0.850, 25
11, 1.0, 1.0, 1.0, 1.0, 0.850, 26
11, 1.0, 1.0, 1.0, 1.0, 0.850, 27
11, 1.0, 1.0, 1.0, 1.0, 0.850, 28
11, 1.0, 1.0, 1.0, 1.0, 0.850, 29
11, 1.0, 1.0, 1.0, 1.0, 0.850, 30
11, 1.0, 1.0, 1.0, 1.0, 0.850, 31
11, 1.0, 1.0, 1.0, 1.0, 0.850, 32
11, 1.0, 1.0, 1.0, 1.0, 0.850, 33
11, 1.0, 1.0, 1.0, 1.0, 0.850, 34
11, 1.0, 1.0, 1.0, 1.0, 0.850, 35
11, 1.0, 1.0, 1.0, 1.0, 0.850, 36
11, 1.0, 1.0, 1.0, 1.0, 0.850, 37
11, 1.0, 1.0, 1.0, 1.0, 0.850, 38
11, 1.0, 1.0, 1.0, 1.0, 0.850, 39
11, 1.0, 1.0, 1.0, 1.0, 0.850, 40
11, 1.0, 1.0, 1.0, 1.0, 0.850, 41
11, 1.0, 1.0, 1.0, 1.0, 0.850, 42
11, 1.0, 1.0, 1.0, 1.0, 0.850, 43
11, 1.0, 1.0, 1.0, 1.0, 0.850, 44
11, 1.0, 1.0, 1.0, 1.0, 0.850, 45
11, 1.0, 1.0, 1.0, 1.0, 0.850, 46
11, 1.0, 1.0, 1.0, 1.0, 0.850, 47
11, 1.0, 1.0, 1.0, 1.0, 0.850, 48
11, 1.0, 1.0, 1.0, 1.0, 0.850, 49
11, 1.0, 1.0, 1.0, 1.0, 0.850, 50
12, 1.0, 1.0, 1.0, 1.0, 0.850, 1
12, 1.0, 1.0, 1.0, 1.0, 0.850, 2
12, 1.0, 1.0, 1.0, 1.0, 0.850, 3
12, 1.0, 1.0, 1.0, 1.0, 0.850, 4
12, 1.0, 1.0, 1.0, 1.0, 0.850, 5
12, 1.0, 1.0, 1.0, 1.0, 0.850, 6
12, 1.0, 1.0, 1.0, 1.0, 0.850, 7
12, 1.0, 1.0, 1.0, 1.0, 0.850, 8
12, 1.0, 1.0, 1.0, 1.0, 0.850, 9
12, 1.0, 1.0, 1.0, 1.0, 0.850, 10
12, 1.0, 1.0, 1.0, 1.0, 0.850, 11
12, 1.0, 1.0, 1.0, 1.0, 0.850, 12
12, 1.0, 1.0, 1.0, 1.0, 0.850, 13
12, 1.0, 1.0, 1.0, 1.0, 0.850, 14
12, 1.0, 1.0, 1.0, 1.0, 0.850, 15
12, 1.0, 1.0, 1.0, 1.0, 0.850, 16
12, 1.0, 1.0, 1.0, 1.0, 0.850, 17
12, 1.0, 1.0, 1.0, 1.0, 0.850, 18
12, 1.0, 1.0, 1.0, 1.0, 0.850, 19
12, 1.0, 1.0, 1.0, 1.0, 0.850, 20
12, 1.0, 1.0, 1.0, 1.0, 0.850, 21
12, 1.0, 1.0, 1.0, 1.0, 0.850, 22
12, 1.0, 1.0, 1.0, 1.0, 0.850, 23
12, 1.0, 1.0, 1.0, 1.0, 0.850, 24
12, 1.0, 1.0, 1.0, 1.0, 0.850, 25
12, 1.0, 1.0, 1.0, 1.0, 0.850, 26
12, 1.0, 1.0, 1.0, 1.0, 0.850, 27
12, 1.0, 1.0, 1.0, 1.0, 0.850, 28
12, 1.0, 1.0, 1.0, 1.0, 0.850, 29
12, 1.0, 1.0, 1.0, 1.0, 0.850, 30
12, 1.0, 1.0, 1.0, 1.0, 0.850, 31
12, 1.0, 1.0, 1.0, 1.0, 0.850, 32
12, 1.0, 1.0, 1.0, 1.0, 0.850, 33
12, 1.0, 1.0, 1.0, 1.0, 0.850, 34
12, 1.0, 1.0, 1.0, 1.0, 0.850, 35
12, 1.0, 1.0, 1.0, 1.0, 0.850, 36
12, 1.0, 1.0, 1.0, 1.0, 0.850, 37
12, 1.0, 1.0, 1.0, 1.0, 0.850, 38
12, 1.0, 1.0, 1.0, 1.0, 0.850, 39
12, 1.0, 1.0, 1.0, 1.0, 0.850, 40
12, 1.0, 1.0, 1.0, 1.0, 0.850, 41
12, 1.0, 1.0, 1.0, 1.0, 0.850, 42
12, 1.0, 1.0, 1.0, 1.0, 0.850, 43
12, 1.0, 1.0, 1.0, 1.0, 0.850, 44
12, 1.0, 1.0, 1.0, 1.0, 0.850, 45
12, 1.0, 1.0, 1.0, 1.0, 0.850, 46
12, 1.0, 1.0, 1.0, 1.0, 0.850, 47
12, 1.0, 1.0, 1.0, 1.0, 0.850, 48
12, 1.0, 1.0, 1.0, 1.0, 0.850, 49
12, 1.0, 1.0, 1.0, 1.0, 0.850, 50
8, 0.6, 1.0, 1.0, 1.0, 0.850, 1
8, 0.6, 1.0, 1.0, 1.0, 0.850, 2
8, 0.6, 1.0, 1.0, 1.0, 0.850, 3
8, 0.6, 1.0, 1.0, 1.0, 0.850, 4
8, 0.6, 1.0, 1.0, 1.0, 0.850, 5
8, 0.6, 1.0, 1.0, 1.0, 0.850, 6
8, 0.6, 1.0, 1.0, 1.0, 0.850, 7
8, 0.6, 1.0, 1.0, 1.0, 0.850, 8
8, 0.6, 1.0, 1.0, 1.0, 0.850, 9
8, 0.6, 1.0, 1.0, 1.0, 0.850, 10
8, 0.6, 1.0, 1.0, 1.0, 0.850, 11
8, 0.6, 1.0, 1.0, 1.0, 0.850, 12
8, 0.6, 1.0, 1.0, 1.0, 0.850, 13
8, 0.6, 1.0, 1.0, 1.0, 0.850, 14
8, 0.6, 1.0, 1.0, 1.0, 0.850, 15
8, 0.6, 1.0, 1.0, 1.0, 0.850, 16
8, 0.6, 1.0, 1.0, 1.0, 0.850, 17
8, 0.6, 1.0, 1.0, 1.0, 0.850, 18
8, 0.6, 1.0, 1.0, 1.0, 0.850, 19
8, 0.6, 1.0, 1.0, 1.0, 0.850, 20
8, 0.6, 1.0, 1.0, 1.0, 0.850, 21
8, 0.6, 1.0, 1.0, 1.0, 0.850, 22
8, 0.6, 1.0, 1.0, 1.0, 0.850, 23
8, 0.6, 1.0, 1.0, 1.0, 0.850, 24
8, 0.6, 1.0, 1.0, 1.0, 0.850, 25
8, 0.6, 1.0, 1.0, 1.0, 0.850, 26
8, 0.6, 1.0, 1.0, 1.0, 0.850, 27
8, 0.6, 1.0, 1.0, 1.0, 0.850, 28
8, 0.6, 1.0, 1.0, 1.0, 0.850, 29
8, 0.6, 1.0, 1.0, 1.0, 0.850, 30
8, 0.6, 1.0, 1.0, 1.0, 0.850, 31
8, 0.6, 1.0, 1.0, 1.0, 0.850, 32
8, 0.6, 1.0, 1.0, 1.0, 0.850, 33
8, 0.6, 1.0, 1.0, 1.0, 0.850, 34
8, 0.6, 1.0, 1.0, 1.0, 0.850, 35
8, 0.6, 1.0, 1.0, 1.0, 0.850, 36
8, 0.6, 1.0, 1.0, 1.0, 0.850, 37
8, 0.6, 1.0, 1.0, 1.0, 0.850, 38
8, 0.6, 1.0, 1.0, 1.0, 0.850, 39
8, 0.6, 1.0, 1.0, 1.0, 0.850, 40
8, 0.6, 1.0, 1.0, 1.0, 0.850, 41
8, 0.6, 1.0, 1.0, 1.0, 0.850, 42
8, 0.6, 1.0, 1.0, 1.0, 0.850, 43
8, 0.6, 1.0, 1.0, 1.0, 0.850, 44
8, 0.6, 1.0, 1.0, 1.0, 0.850, 45
8, 0.6, 1.0, 1.0, 1.0, 0.850, 46
8, 0.6, 1.0, 1.0, 1.0, 0.850, 47
8, 0.6, 1.0, 1.0, 1.0, 0.850, 48
8, 0.6, 1.0, 1.0, 1.0, 0.850, 49
8, 0.6, 1.0, 1.0, 1.0, 0.850, 50
8, 0.7, 1.0, 1.0, 1.0, 0.850, 1
8, 0.7, 1.0, 1.0, 1.0, 0.850, 2
8, 0.7, 1.0, 1.0, 1.0, 0.850, 3
8, 0.7, 1.0, 1.0, 1.0, 0.850, 4
8, 0.7, 1.0, 1.0, 1.0, 0.850, 5
8, 0.7, 1.0, 1.0, 1.0, 0.850, 6
8, 0.7, 1.0, 1.0, 1.0, 0.850, 7
8, 0.7, 1.0, 1.0, 1.0, 0.850, 8
8, 0.7, 1.0, 1.0, 1.0, 0.850, 9
8, 0.7, 1.0, 1.0, 1.0, 0.850, 10
8, 0.7, 1.0, 1.0, 1.0, 0.850, 11
8, 0.7, 1.0, 1.0, 1.0, 0.850, 12
8, 0.7, 1.0, 1.0, 1.0, 0.850, 13
8, 0.7, 1.0, 1.0, 1.0, 0.850, 14
8, 0.7, 1.0, 1.0, 1.0, 0.850, 15
8, 0.7, 1.0, 1.0, 1.0, 0.850, 16
8, 0.7, 1.0, 1.0, 1.0, 0.850, 17
8, 0.7, 1.0, 1.0, 1.0, 0.850, 18
8, 0.7, 1.0, 1.0, 1.0, 0.850, 19
8, 0.7, 1.0, 1.0, 1.0, 0.850, 20
8, 0.7, 1.0, 1.0, 1.0, 0.850, 21
8, 0.7, 1.0, 1.0, 1.0, 0.850, 22
8, 0.7, 1.0, 1.0, 1.0, 0.850, 23
8, 0.7, 1.0, 1.0, 1.0, 0.850, 24
8, 0.7, 1.0, 1.0, 1.0, 0.850, 25
8, 0.7, 1.0, 1.0, 1.0, 0.850, 26
8, 0.7, 1.0, 1.0, 1.0, 0.850, 27
8, 0.7, 1.0, 1.0, 1.0, 0.850, 28
8, 0.7, 1.0, 1.0, 1.0, 0.850, 29
8, 0.7, 1.0, 1.0, 1.0, 0.850, 30
8, 0.7, 1.0, 1.0, 1.0, 0.850, 31
8, 0.7, 1.0, 1.0, 1.0, 0.850, 32
8, 0.7, 1.0, 1.0, 1.0, 0.850, 33
8, 0.7, 1.0, 1.0, 1.0, 0.850, 34
8, 0.7, 1.0, 1.0, 1.0, 0.850, 35
8, 0.7, 1.0, 1.0, 1.0, 0.850, 36
8, 0.7, 1.0, 1.0, 1.0, 0.850, 37
8, 0.7, 1.0, 1.0, 1.0, 0.850, 38
8, 0.7, 1.0, 1.0, 1.0, 0.850, 39
8, 0.7, 1.0, 1.0, 1.0, 0.850, 40
8, 0.7, 1.0, 1.0, 1.0, 0.850, 41
8, 0.7, 1.0, 1.0, 1.0, 0.850, 42
8, 0.7, 1.0, 1.0, 1.0, 0.850, 43
8, 0.7, 1.0, 1.0, 1.0, 0.850, 44
8, 0.7, 1.0, 1.0, 1.0, 0.850, 45
8, 0.7, 1.0, 1.0, 1.0, 0.850, 46
8, 0.7, 1.0, 1.0, 1.0, 0.850, 47
8, 0.7, 1.0, 1.0, 1.0, 0.850, 48
8, 0.7, 1.0, 1.0, 1.0, 0.850, 49
8, 0.7, 1.0, 1.0, 1.0, 0.850, 50
8, 0.8, 1.0, 1.0, 1.0, 0.850, 1
8, 0.8, 1.0, 1.0, 1.0, 0.850, 2
8, 0.8, 1.0, 1.0, 1.0, 0.850, 3
8, 0.8, 1.0, 1.0, 1.0, 0.850, 4
8, 0.8, 1.0, 1.0, 1.0, 0.850, 5
8, 0.8, 1.0, 1.0, 1.0, 0.850, 6
8, 0.8, 1.0, 1.0, 1.0, 0.850, 7
8, 0.8, 1.0, 1.0, 1.0, 0.850, 8
8, 0.8, 1.0, 1.0, 1.0, 0.850, 9
8, 0.8, 1.0, 1.0, 1.0, 0.850, 10
8, 0.8, 1.0, 1.0, 1.0, 0.850, 11
8, 0.8, 1.0, 1.0, 1.0, 0.850, 12
8, 0.8, 1.0, 1.0, 1.0, 0.850, 13
8, 0.8, 1.0, 1.0, 1.0, 0.850, 14
8, 0.8, 1.0, 1.0, 1.0, 0.850, 15
8, 0.8, 1.0, 1.0, 1.0, 0.850, 16
8, 0.8, 1.0, 1.0, 1.0, 0.850, 17
8, 0.8, 1.0, 1.0, 1.0, 0.850, 18
8, 0.8, 1.0, 1.0, 1.0, 0.850, 19
8, 0.8, 1.0, 1.0, 1.0, 0.850, 20
8, 0.8, 1.0, 1.0, 1.0, 0.850, 21
8, 0.8, 1.0, 1.0, 1.0, 0.850, 22
8, 0.8, 1.0, 1.0, 1.0, 0.850, 23
8, 0.8, 1.0, 1.0, 1.0, 0.850, 24
8, 0.8, 1.0, 1.0, 1.0, 0.850, 25
8, 0.8, 1.0, 1.0, 1.0, 0.850, 26
8, 0.8, 1.0, 1.0, 1.0, 0.850, 27
8, 0.8, 1.0, 1.0, 1.0, 0.850, 28
8, 0.8, 1.0, 1.0, 1.0, 0.850, 29
8, 0.8, 1.0, 1.0, 1.0, 0.850, 30
8, 0.8, 1.0, 1.0, 1.0, 0.850, 31
8, 0.8, 1.0, 1.0, 1.0, 0.850, 32
8, 0.8, 1.0, 1.0, 1.0, 0.850, 33
8, 0.8, 1.0, 1.0, 1.0, 0.850, 34
8, 0.8, 1.0, 1.0, 1.0, 0.850, 35
8, 0.8, 1.0, 1.0, 1.0, 0.850, 36
8, 0.8, 1.0, 1.0, 1.0, 0.850, 37
8, 0.8, 1.0, 1.0, 1.0, 0.850, 38
8, 0.8, 1.0, 1.0, 1.0, 0.850, 39
8, 0.8, 1.0, 1.0, 1.0, 0.850, 40
8, 0.8, 1.0, 1.0, 1.0, 0.850, 41
8, 0.8, 1.0, 1.0, 1.0, 0.850, 42
8, 0.8, 1.0, 1.0, 1.0, 0.850, 43
8, 0.8, 1.0, 1.0, 1.0, 0.850, 44
8, 0.8, 1.0, 1.0, 1.0, 0.850, 45
8, 0.8, 1.0, 1.0, 1.0, 0.850, 46
8, 0.8, 1.0, 1.0, 1.0, 0.850, 47
8, 0.8, 1.0, 1.0, 1.0, 0.850, 48
8, 0.8, 1.0, 1.0, 1.0, 0.850, 49
8, 0.8, 1.0, 1.0, 1.0, 0.850, 50
8, 0.9, 1.0, 1.0, 1.0, 0.850, 1
8, 0.9, 1.0, 1.0, 1.0, 0.850, 2
8, 0.9, 1.0, 1.0, 1.0, 0.850, 3
8, 0.9, 1.0, 1.0, 1.0, 0.850, 4
8, 0.9, 1.0, 1.0, 1.0, 0.850, 5
8, 0.9, 1.0, 1.0, 1.0, 0.850, 6
8, 0.9, 1.0, 1.0, 1.0, 0.850, 7
8, 0.9, 1.0, 1.0, 1.0, 0.850, 8
8, 0.9, 1.0, 1.0, 1.0, 0.850, 9
8, 0.9, 1.0, 1.0, 1.0, 0.850, 10
8, 0.9, 1.0, 1.0, 1.0, 0.850, 11
8, 0.9, 1.0, 1.0, 1.0, 0.850, 12
8, 0.9, 1.0, 1.0, 1.0, 0.850, 13
8, 0.9, 1.0, 1.0, 1.0, 0.850, 14
8, 0.9, 1.0, 1.0, 1.0, 0.850, 15
8, 0.9, 1.0, 1.0, 1.0, 0.850, 16
8, 0.9, 1.0, 1.0, 1.0, 0.850, 17
8, 0.9, 1.0, 1.0, 1.0, 0.850, 18
8, 0.9, 1.0, 1.0, 1.0, 0.850, 19
8, 0.9, 1.0, 1.0, 1.0, 0.850, 20
8, 0.9, 1.0, 1.0, 1.0, 0.850, 21
8, 0.9, 1.0, 1.0, 1.0, 0.850, 22
8, 0.9, 1.0, 1.0, 1.0, 0.850, 23
8, 0.9, 1.0, 1.0, 1.0, 0.850, 24
8, 0.9, 1.0, 1.0, 1.0, 0.850, 25
8, 0.9, 1.0, 1.0, 1.0, 0.850, 26
8, 0.9, 1.0, 1.0, 1.0, 0.850, 27
8, 0.9, 1.0, 1.0, 1.0, 0.850, 28
8, 0.9, 1.0, 1.0, 1.0, 0.850, 29
8, 0.9, 1.0, 1.0, 1.0, 0.850, 30
8, 0.9, 1.0, 1.0, 1.0, 0.850, 31
8, 0.9, 1.0, 1.0, 1.0, 0.850, 32
8, 0.9, 1.0, 1.0, 1.0, 0.850, 33
8, 0.9, 1.0, 1.0, 1.0, 0.850, 34
8, 0.9, 1.0, 1.0, 1.0, 0.850, 35
8, 0.9, 1.0, 1.0, 1.0, 0.850, 36
8, 0.9, 1.0, 1.0, 1.0, 0.850, 37
8, 0.9, 1.0, 1.0, 1.0, 0.850, 38
8, 0.9, 1.0, 1.0, 1.0, 0.850, 39
8, 0.9, 1.0, 1.0, 1.0, 0.850, 40
8, 0.9, 1.0, 1.0, 1.0, 0.850, 41
8, 0.9, 1.0, 1.0, 1.0, 0.850, 42
8, 0.9, 1.0, 1.0, 1.0, 0.850, 43
8, 0.9, 1.0, 1.0, 1.0, 0.850, 44
8, 0.9, 1.0, 1.0, 1.0, 0.850, 45
8, 0.9, 1.0, 1.0, 1.0, 0.850, 46
8, 0.9, 1.0, 1.0, 1.0, 0.850, 47
8, 0.9, 1.0, 1.0, 1.0, 0.850, 48
8, 0.9, 1.0, 1.0, 1.0, 0.850, 49
8, 0.9, 1.0, 1.0, 1.0, 0.850, 50
8, 1.1, 1.0, 1.0, 1.0, 0.850, 1
8, 1.1, 1.0, 1.0, 1.0, 0.850, 2
8, 1.1, 1.0, 1.0, 1.0, 0.850, 3
8, 1.1, 1.0, 1.0, 1.0, 0.850, 4
8, 1.1, 1.0, 1.0, 1.0, 0.850, 5
8, 1.1, 1.0, 1.0, 1.0, 0.850, 6
8, 1.1, 1.0, 1.0, 1.0, 0.850, 7
8, 1.1, 1.0, 1.0, 1.0, 0.850, 8
8, 1.1, 1.0, 1.0, 1.0, 0.850, 9
8, 1.1, 1.0, 1.0, 1.0, 0.850, 10
8, 1.1, 1.0, 1.0, 1.0, 0.850, 11
8, 1.1, 1.0, 1.0, 1.0, 0.850, 12
8, 1.1, 1.0, 1.0, 1.0, 0.850, 13
8, 1.1, 1.0, 1.0, 1.0, 0.850, 14
8, 1.1, 1.0, 1.0, 1.0, 0.850, 15
8, 1.1, 1.0, 1.0, 1.0, 0.850, 16
8, 1.1, 1.0, 1.0, 1.0, 0.850, 17
8, 1.1, 1.0, 1.0, 1.0, 0.850, 18
8, 1.1, 1.0, 1.0, 1.0, 0.850, 19
8, 1.1, 1.0, 1.0, 1.0, 0.850, 20
8, 1.1, 1.0, 1.0, 1.0, 0.850, 21
8, 1.1, 1.0, 1.0, 1.0, 0.850, 22
8, 1.1, 1.0, 1.0, 1.0, 0.850, 23
8, 1.1, 1.0, 1.0, 1.0, 0.850, 24
8, 1.1, 1.0, 1.0, 1.0, 0.850, 25
8, 1.1, 1.0, 1.0, 1.0, 0.850, 26
8, 1.1, 1.0, 1.0, 1.0, 0.850, 27
8, 1.1, 1.0, 1.0, 1.0, 0.850, 28
8, 1.1, 1.0, 1.0, 1.0, 0.850, 29
8, 1.1, 1.0, 1.0, 1.0, 0.850, 30
8, 1.1, 1.0, 1.0, 1.0, 0.850, 31
8, 1.1, 1.0, 1.0, 1.0, 0.850, 32
8, 1.1, 1.0, 1.0, 1.0, 0.850, 33
8, 1.1, 1.0, 1.0, 1.0, 0.850, 34
8, 1.1, 1.0, 1.0, 1.0, 0.850, 35
8, 1.1, 1.0, 1.0, 1.0, 0.850, 36
8, 1.1, 1.0, 1.0, 1.0, 0.850, 37
8, 1.1, 1.0, 1.0, 1.0, 0.850, 38
8, 1.1, 1.0, 1.0, 1.0, 0.850, 39
8, 1.1, 1.0, 1.0, 1.0, 0.850, 40
8, 1.1, 1.0, 1.0, 1.0, 0.850, 41
8, 1.1, 1.0, 1.0, 1.0, 0.850, 42
8, 1.1, 1.0, 1.0, 1.0, 0.850, 43
8, 1.1, 1.0, 1.0, 1.0, 0.850, 44
8, 1.1, 1.0, 1.0, 1.0, 0.850, 45
8, 1.1, 1.0, 1.0, 1.0, 0.850, 46
8, 1.1, 1.0, 1.0, 1.0, 0.850, 47
8, 1.1, 1.0, 1.0, 1.0, 0.850, 48
8, 1.1, 1.0, 1.0, 1.0, 0.850, 49
8, 1.1, 1.0, 1.0, 1.0, 0.850, 50
8, 1.2, 1.0, 1.0, 1.0, 0.850, 1
8, 1.2, 1.0, 1.0, 1.0, 0.850, 2
8, 1.2, 1.0, 1.0, 1.0, 0.850, 3
8, 1.2, 1.0, 1.0, 1.0, 0.850, 4
8, 1.2, 1.0, 1.0, 1.0, 0.850, 5
8, 1.2, 1.0, 1.0, 1.0, 0.850, 6
8, 1.2, 1.0, 1.0, 1.0, 0.850, 7
8, 1.2, 1.0, 1.0, 1.0, 0.850, 8
8, 1.2, 1.0, 1.0, 1.0, 0.850, 9
8, 1.2, 1.0, 1.0, 1.0, 0.850, 10
8, 1.2, 1.0, 1.0, 1.0, 0.850, 11
8, 1.2, 1.0, 1.0, 1.0, 0.850, 12
8, 1.2, 1.0, 1.0, 1.0, 0.850, 13
8, 1.2, 1.0, 1.0, 1.0, 0.850, 14
8, 1.2, 1.0, 1.0, 1.0, 0.850, 15
8, 1.2, 1.0, 1.0, 1.0, 0.850, 16
8, 1.2, 1.0, 1.0, 1.0, 0.850, 17
8, 1.2, 1.0, 1.0, 1.0, 0.850, 18
8, 1.2, 1.0, 1.0, 1.0, 0.850, 19
8, 1.2, 1.0, 1.0, 1.0, 0.850, 20
8, 1.2, 1.0, 1.0, 1.0, 0.850, 21
8, 1.2, 1.0, 1.0, 1.0, 0.850, 22
8, 1.2, 1.0, 1.0, 1.0, 0.850, 23
8, 1.2, 1.0, 1.0, 1.0, 0.850, 24
8, 1.2, 1.0, 1.0, 1.0, 0.850, 25
8, 1.2, 1.0, 1.0, 1.0, 0.850, 26
8, 1.2, 1.0, 1.0, 1.0, 0.850, 27
8, 1.2, 1.0, 1.0, 1.0, 0.850, 28
8, 1.2, 1.0, 1.0, 1.0, 0.850, 29
8, 1.2, 1.0, 1.0, 1.0, 0.850, 30
8, 1.2, 1.0, 1.0, 1.0, 0.850, 31
8, 1.2, 1.0, 1.0, 1.0, 0.850, 32
8, 1.2, 1.0, 1.0, 1.0, 0.850, 33
8, 1.2, 1.0, 1.0, 1.0, 0.850, 34
8, 1.2, 1.0, 1.0, 1.0, 0.850, 35
8, 1.2, 1.0, 1.0, 1.0, 0.850, 36
8, 1.2, 1.0, 1.0, 1.0, 0.850, 37
8, 1.2, 1.0, 1.0, 1.0, 0.850, 38
8, 1.2, 1.0, 1.0, 1.0, 0.850, 39
8, 1.2, 1.0, 1.0, 1.0, 0.850, 40
8, 1.2, 1.0, 1.0, 1.0, 0.850, 41
8, 1.2, 1.0, 1.0, 1.0, 0.850, 42
8, 1.2, 1.0, 1.0, 1.0, 0.850, 43
8, 1.2, 1.0, 1.0, 1.0, 0.850, 44
8, 1.2, 1.0, 1.0, 1.0, 0.850, 45
8, 1.2, 1.0, 1.0, 1.0, 0.850, 46
8, 1.2, 1.0, 1.0, 1.0, 0.850, 47
8, 1.2, 1.0, 1.0, 1.0, 0.850, 48
8, 1.2, 1.0, 1.0, 1.0, 0.850, 49
8, 1.2, 1.0, 1.0, 1.0, 0.850, 50
8, 1.3, 1.0, 1.0, 1.0, 0.850, 1
8, 1.3, 1.0, 1.0, 1.0, 0.850, 2
8, 1.3, 1.0, 1.0, 1.0, 0.850, 3
8, 1.3, 1.0, 1.0, 1.0, 0.850, 4
8, 1.3, 1.0, 1.0, 1.0, 0.850, 5
8, 1.3, 1.0, 1.0, 1.0, 0.850, 6
8, 1.3, 1.0, 1.0, 1.0, 0.850, 7
8, 1.3, 1.0, 1.0, 1.0, 0.850, 8
8, 1.3, 1.0, 1.0, 1.0, 0.850, 9
8, 1.3, 1.0, 1.0, 1.0, 0.850, 10
8, 1.3, 1.0, 1.0, 1.0, 0.850, 11
8, 1.3, 1.0, 1.0, 1.0, 0.850, 12
8, 1.3, 1.0, 1.0, 1.0, 0.850, 13
8, 1.3, 1.0, 1.0, 1.0, 0.850, 14
8, 1.3, 1.0, 1.0, 1.0, 0.850, 15
8, 1.3, 1.0, 1.0, 1.0, 0.850, 16
8, 1.3, 1.0, 1.0, 1.0, 0.850, 17
8, 1.3, 1.0, 1.0, 1.0, 0.850, 18
8, 1.3, 1.0, 1.0, 1.0, 0.850, 19
8, 1.3, 1.0, 1.0, 1.0, 0.850, 20
8, 1.3, 1.0, 1.0, 1.0, 0.850, 21
8, 1.3, 1.0, 1.0, 1.0, 0.850, 22
8, 1.3, 1.0, 1.0, 1.0, 0.850, 23
8, 1.3, 1.0, 1.0, 1.0, 0.850, 24
8, 1.3, 1.0, 1.0, 1.0, 0.850, 25
8, 1.3, 1.0, 1.0, 1.0, 0.850, 26
8, 1.3, 1.0, 1.0, 1.0, 0.850, 27
8, 1.3, 1.0, 1.0, 1.0, 0.850, 28
8, 1.3, 1.0, 1.0, 1.0, 0.850, 29
8, 1.3, 1.0, 1.0, 1.0, 0.850, 30
8, 1.3, 1.0, 1.0, 1.0, 0.850, 31
8, 1.3, 1.0, 1.0, 1.0, 0.850, 32
8, 1.3, 1.0, 1.0, 1.0, 0.850, 33
8, 1.3, 1.0, 1.0, 1.0, 0.850, 34
8, 1.3, 1.0, 1.0, 1.0, 0.850, 35
8, 1.3, 1.0, 1.0, 1.0, 0.850, 36
8, 1.3, 1.0, 1.0, 1.0, 0.850, 37
8, 1.3, 1.0, 1.0, 1.0, 0.850, 38
8, 1.3, 1.0, 1.0, 1.0, 0.850, 39
8, 1.3, 1.0, 1.0, 1.0, 0.850, 40
8, 1.3, 1.0, 1.0, 1.0, 0.850, 41
8, 1.3, 1.0, 1.0, 1.0, 0.850, 42
8, 1.3, 1.0, 1.0, 1.0, 0.850, 43
8, 1.3, 1.0, 1.0, 1.0, 0.850, 44
8, 1.3, 1.0, 1.0, 1.0, 0.850, 45
8, 1.3, 1.0, 1.0, 1.0, 0.850, 46
8, 1.3, 1.0, 1.0, 1.0, 0.850, 47
8, 1.3, 1.0, 1.0, 1.0, 0.850, 48
8, 1.3, 1.0, 1.0, 1.0, 0.850, 49
8, 1.3, 1.0, 1.0, 1.0, 0.850, 50
8, 1.4, 1.0, 1.0, 1.0, 0.850, 1
8, 1.4, 1.0, 1.0, 1.0, 0.850, 2
8, 1.4, 1.0, 1.0, 1.0, 0.850, 3
8, 1.4, 1.0, 1.0, 1.0, 0.850, 4
8, 1.4, 1.0, 1.0, 1.0, 0.850, 5
8, 1.4, 1.0, 1.0, 1.0, 0.850, 6
8, 1.4, 1.0, 1.0, 1.0, 0.850, 7
8, 1.4, 1.0, 1.0, 1.0, 0.850, 8
8, 1.4, 1.0, 1.0, 1.0, 0.850, 9
8, 1.4, 1.0, 1.0, 1.0, 0.850, 10
8, 1.4, 1.0, 1.0, 1.0, 0.850, 11
8, 1.4, 1.0, 1.0, 1.0, 0.850, 12
8, 1.4, 1.0, 1.0, 1.0, 0.850, 13
8, 1.4, 1.0, 1.0, 1.0, 0.850, 14
8, 1.4, 1.0, 1.0, 1.0, 0.850, 15
8, 1.4, 1.0, 1.0, 1.0, 0.850, 16
8, 1.4, 1.0, 1.0, 1.0, 0.850, 17
8, 1.4, 1.0, 1.0, 1.0, 0.850, 18
8, 1.4, 1.0, 1.0, 1.0, 0.850, 19
8, 1.4, 1.0, 1.0, 1.0, 0.850, 20
8, 1.4, 1.0, 1.0, 1.0, 0.850, 21
8, 1.4, 1.0, 1.0, 1.0, 0.850, 22
8, 1.4, 1.0, 1.0, 1.0, 0.850, 23
8, 1.4, 1.0, 1.0, 1.0, 0.850, 24
8, 1.4, 1.0, 1.0, 1.0, 0.850, 25
8, 1.4, 1.0, 1.0, 1.0, 0.850, 26
8, 1.4, 1.0, 1.0, 1.0, 0.850, 27
8, 1.4, 1.0, 1.0, 1.0, 0.850, 28
8, 1.4, 1.0, 1.0, 1.0, 0.850, 29
8, 1.4, 1.0, 1.0, 1.0, 0.850, 30
8, 1.4, 1.0, 1.0, 1.0, 0.850, 31
8, 1.4, 1.0, 1.0, 1.0, 0.850, 32
8, 1.4, 1.0, 1.0, 1.0, 0.850, 33
8, 1.4, 1.0, 1.0, 1.0, 0.850, 34
8, 1.4, 1.0, 1.0, 1.0, 0.850, 35
8, 1.4, 1.0, 1.0, 1.0, 0.850, 36
8, 1.4, 1.0, 1.0, 1.0, 0.850, 37
8, 1.4, 1.0, 1.0, 1.0, 0.850, 38
8, 1.4, 1.0, 1.0, 1.0, 0.850, 39
8, 1.4, 1.0, 1.0, 1.0, 0.850, 40
8, 1.4, 1.0, 1.0, 1.0, 0.850, 41
8, 1.4, 1.0, 1.0, 1.0, 0.850, 42
8, 1.4, 1.0, 1.0, 1.0, 0.850, 43
8, 1.4, 1.0, 1.0, 1.0, 0.850, 44
8, 1.4, 1.0, 1.0, 1.0, 0.850, 45
8, 1.4, 1.0, 1.0, 1.0, 0.850, 46
8, 1.4, 1.0, 1.0, 1.0, 0.850, 47
8, 1.4, 1.0, 1.0, 1.0, 0.850, 48
8, 1.4, 1.0, 1.0, 1.0, 0.850, 49
8, 1.4, 1.0, 1.0, 1.0, 0.850, 50
8, 1.5, 1.0, 1.0, 1.0, 0.850, 1
8, 1.5, 1.0, 1.0, 1.0, 0.850, 2
8, 1.5, 1.0, 1.0, 1.0, 0.850, 3
8, 1.5, 1.0, 1.0, 1.0, 0.850, 4
8, 1.5, 1.0, 1.0, 1.0, 0.850, 5
8, 1.5, 1.0, 1.0, 1.0, 0.850, 6
8, 1.5, 1.0, 1.0, 1.0, 0.850, 7
8, 1.5, 1.0, 1.0, 1.0, 0.850, 8
8, 1.5, 1.0, 1.0, 1.0, 0.850, 9
8, 1.5, 1.0, 1.0, 1.0, 0.850, 10
8, 1.5, 1.0, 1.0, 1.0, 0.850, 11
8, 1.5, 1.0, 1.0, 1.0, 0.850, 12
8, 1.5, 1.0, 1.0, 1.0, 0.850, 13
8, 1.5, 1.0, 1.0, 1.0, 0.850, 14
8, 1.5, 1.0, 1.0, 1.0, 0.850, 15
8, 1.5, 1.0, 1.0, 1.0, 0.850, 16
8, 1.5, 1.0, 1.0, 1.0, 0.850, 17
8, 1.5, 1.0, 1.0, 1.0, 0.850, 18
8, 1.5, 1.0, 1.0, 1.0, 0.850, 19
8, 1.5, 1.0, 1.0, 1.0, 0.850, 20
8, 1.5, 1.0, 1.0, 1.0, 0.850, 21
8, 1.5, 1.0, 1.0, 1.0, 0.850, 22
8, 1.5, 1.0, 1.0, 1.0, 0.850, 23
8, 1.5, 1.0, 1.0, 1.0, 0.850, 24
8, 1.5, 1.0, 1.0, 1.0, 0.850, 25
8, 1.5, 1.0, 1.0, 1.0, 0.850, 26
8, 1.5, 1.0, 1.0, 1.0, 0.850, 27
8, 1.5, 1.0, 1.0, 1.0, 0.850, 28
8, 1.5, 1.0, 1.0, 1.0, 0.850, 29
8, 1.5, 1.0, 1.0, 1.0, 0.850, 30
8, 1.5, 1.0, 1.0, 1.0, 0.850, 31
8, 1.5, 1.0, 1.0, 1.0, 0.850, 32
8, 1.5, 1.0, 1.0, 1.0, 0.850, 33
8, 1.5, 1.0, 1.0, 1.0, 0.850, 34
8, 1.5, 1.0, 1.0, 1.0, 0.850, 35
8, 1.5, 1.0, 1.0, 1.0, 0.850, 36
8, 1.5, 1.0, 1.0, 1.0, 0.850, 37
8, 1.5, 1.0, 1.0, 1.0, 0.850, 38
8, 1.5, 1.0, 1.0, 1.0, 0.850, 39
8, 1.5, 1.0, 1.0, 1.0, 0.850, 40
8, 1.5, 1.0, 1.0, 1.0, 0.850, 41
8, 1.5, 1.0, 1.0, 1.0, 0.850, 42
8, 1.5, 1.0, 1.0, 1.0, 0.850, 43
8, 1.5, 1.0, 1.0, 1.0, 0.850, 44
8, 1.5, 1.0, 1.0, 1.0, 0.850, 45
8, 1.5, 1.0, 1.0, 1.0, 0.850, 46
8, 1.5, 1.0, 1.0, 1.0, 0.850, 47
8, 1.5, 1.0, 1.0, 1.0, 0.850, 48
8, 1.5, 1.0, 1.0, 1.0, 0.850, 49
8, 1.5, 1.0, 1.0, 1.0, 0.850, 50
8, 1.6, 1.0, 1.0, 1.0, 0.850, 1
8, 1.6, 1.0, 1.0, 1.0, 0.850, 2
8, 1.6, 1.0, 1.0, 1.0, 0.850, 3
8, 1.6, 1.0, 1.0, 1.0, 0.850, 4
8, 1.6, 1.0, 1.0, 1.0, 0.850, 5
8, 1.6, 1.0, 1.0, 1.0, 0.850, 6
8, 1.6, 1.0, 1.0, 1.0, 0.850, 7
8, 1.6, 1.0, 1.0, 1.0, 0.850, 8
8, 1.6, 1.0, 1.0, 1.0, 0.850, 9
8, 1.6, 1.0, 1.0, 1.0, 0.850, 10
8, 1.6, 1.0, 1.0, 1.0, 0.850, 11
8, 1.6, 1.0, 1.0, 1.0, 0.850, 12
8, 1.6, 1.0, 1.0, 1.0, 0.850, 13
8, 1.6, 1.0, 1.0, 1.0, 0.850, 14
8, 1.6, 1.0, 1.0, 1.0, 0.850, 15
8, 1.6, 1.0, 1.0, 1.0, 0.850, 16
8, 1.6, 1.0, 1.0, 1.0, 0.850, 17
8, 1.6, 1.0, 1.0, 1.0, 0.850, 18
8, 1.6, 1.0, 1.0, 1.0, 0.850, 19
8, 1.6, 1.0, 1.0, 1.0, 0.850, 20
8, 1.6, 1.0, 1.0, 1.0, 0.850, 21
8, 1.6, 1.0, 1.0, 1.0, 0.850, 22
8, 1.6, 1.0, 1.0, 1.0, 0.850, 23
8, 1.6, 1.0, 1.0, 1.0, 0.850, 24
8, 1.6, 1.0, 1.0, 1.0, 0.850, 25
8, 1.6, 1.0, 1.0, 1.0, 0.850, 26
8, 1.6, 1.0, 1.0, 1.0, 0.850, 27
8, 1.6, 1.0, 1.0, 1.0, 0.850, 28
8, 1.6, 1.0, 1.0, 1.0, 0.850, 29
8, 1.6, 1.0, 1.0, 1.0, 0.850, 30
8, 1.6, 1.0, 1.0, 1.0, 0.850, 31
8, 1.6, 1.0, 1.0, 1.0, 0.850, 32
8, 1.6, 1.0, 1.0, 1.0, 0.850, 33
8, 1.6, 1.0, 1.0, 1.0, 0.850, 34
8, 1.6, 1.0, 1.0, 1.0, 0.850, 35
8, 1.6, 1.0, 1.0, 1.0, 0.850, 36
8, 1.6, 1.0, 1.0, 1.0, 0.850, 37
8, 1.6, 1.0, 1.0, 1.0, 0.850, 38
8, 1.6, 1.0, 1.0, 1.0, 0.850, 39
8, 1.6, 1.0, 1.0, 1.0, 0.850, 40
8, 1.6, 1.0, 1.0, 1.0, 0.850, 41
8, 1.6, 1.0, 1.0, 1.0, 0.850, 42
8, 1.6, 1.0, 1.0, 1.0, 0.850, 43
8, 1.6, 1.0, 1.0, 1.0, 0.850, 44
8, 1.6, 1.0, 1.0, 1.0, 0.850, 45
8, 1.6, 1.0, 1.0, 1.0, 0.850, 46
8, 1.6, 1.0, 1.0, 1.0, 0.850, 47
8, 1.6, 1.0, 1.0, 1.0, 0.850, 48
8, 1.6, 1.0, 1.0, 1.0, 0.850, 49
8, 1.6, 1.0, 1.0, 1.0, 0.850, 50
8, 1.7, 1.0, 1.0, 1.0, 0.850, 1
8, 1.7, 1.0, 1.0, 1.0, 0.850, 2
8, 1.7, 1.0, 1.0, 1.0, 0.850, 3
8, 1.7, 1.0, 1.0, 1.0, 0.850, 4
8, 1.7, 1.0, 1.0, 1.0, 0.850, 5
8, 1.7, 1.0, 1.0, 1.0, 0.850, 6
8, 1.7, 1.0, 1.0, 1.0, 0.850, 7
8, 1.7, 1.0, 1.0, 1.0, 0.850, 8
8, 1.7, 1.0, 1.0, 1.0, 0.850, 9
8, 1.7, 1.0, 1.0, 1.0, 0.850, 10
8, 1.7, 1.0, 1.0, 1.0, 0.850, 11
8, 1.7, 1.0, 1.0, 1.0, 0.850, 12
8, 1.7, 1.0, 1.0, 1.0, 0.850, 13
8, 1.7, 1.0, 1.0, 1.0, 0.850, 14
8, 1.7, 1.0, 1.0, 1.0, 0.850, 15
8, 1.7, 1.0, 1.0, 1.0, 0.850, 16
8, 1.7, 1.0, 1.0, 1.0, 0.850, 17
8, 1.7, 1.0, 1.0, 1.0, 0.850, 18
8, 1.7, 1.0, 1.0, 1.0, 0.850, 19
8, 1.7, 1.0, 1.0, 1.0, 0.850, 20
8, 1.7, 1.0, 1.0, 1.0, 0.850, 21
8, 1.7, 1.0, 1.0, 1.0, 0.850, 22
8, 1.7, 1.0, 1.0, 1.0, 0.850, 23
8, 1.7, 1.0, 1.0, 1.0, 0.850, 24
8, 1.7, 1.0, 1.0, 1.0, 0.850, 25
8, 1.7, 1.0, 1.0, 1.0, 0.850, 26
8, 1.7, 1.0, 1.0, 1.0, 0.850, 27
8, 1.7, 1.0, 1.0, 1.0, 0.850, 28
8, 1.7, 1.0, 1.0, 1.0, 0.850, 29
8, 1.7, 1.0, 1.0, 1.0, 0.850, 30
8, 1.7, 1.0, 1.0, 1.0, 0.850, 31
8, 1.7, 1.0, 1.0, 1.0, 0.850, 32
8, 1.7, 1.0, 1.0, 1.0, 0.850, 33
8, 1.7, 1.0, 1.0, 1.0, 0.850, 34
8, 1.7, 1.0, 1.0, 1.0, 0.850, 35
8, 1.7, 1.0, 1.0, 1.0, 0.850, 36
8, 1.7, 1.0, 1.0, 1.0, 0.850, 37
8, 1.7, 1.0, 1.0, 1.0, 0.850, 38
8, 1.7, 1.0, 1.0, 1.0, 0.850, 39
8, 1.7, 1.0, 1.0, 1.0, 0.850, 40
8, 1.7, 1.0, 1.0, 1.0, 0.850, 41
8, 1.7, 1.0, 1.0, 1.0, 0.850, 42
8, 1.7, 1.0, 1.0, 1.0, 0.850, 43
8, 1.7, 1.0, 1.0, 1.0, 0.850, 44
8, 1.7, 1.0, 1.0, 1.0, 0.850, 45
8, 1.7, 1.0, 1.0, 1.0, 0.850, 46
8, 1.7, 1.0, 1.0, 1.0, 0.850, 47
8, 1.7, 1.0, 1.0, 1.0, 0.850, 48
8, 1.7, 1.0, 1.0, 1.0, 0.850, 49
8, 1.7, 1.0, 1.0, 1.0, 0.850, 50
8, 1.8, 1.0, 1.0, 1.0, 0.850, 1
8, 1.8, 1.0, 1.0, 1.0, 0.850, 2
8, 1.8, 1.0, 1.0, 1.0, 0.850, 3
8, 1.8, 1.0, 1.0, 1.0, 0.850, 4
8, 1.8, 1.0, 1.0, 1.0, 0.850, 5
8, 1.8, 1.0, 1.0, 1.0, 0.850, 6
8, 1.8, 1.0, 1.0, 1.0, 0.850, 7
8, 1.8, 1.0, 1.0, 1.0, 0.850, 8
8, 1.8, 1.0, 1.0, 1.0, 0.850, 9
8, 1.8, 1.0, 1.0, 1.0, 0.850, 10
8, 1.8, 1.0, 1.0, 1.0, 0.850, 11
8, 1.8, 1.0, 1.0, 1.0, 0.850, 12
8, 1.8, 1.0, 1.0, 1.0, 0.850, 13
8, 1.8, 1.0, 1.0, 1.0, 0.850, 14
8, 1.8, 1.0, 1.0, 1.0, 0.850, 15
8, 1.8, 1.0, 1.0, 1.0, 0.850, 16
8, 1.8, 1.0, 1.0, 1.0, 0.850, 17
8, 1.8, 1.0, 1.0, 1.0, 0.850, 18
8, 1.8, 1.0, 1.0, 1.0, 0.850, 19
8, 1.8, 1.0, 1.0, 1.0, 0.850, 20
8, 1.8, 1.0, 1.0, 1.0, 0.850, 21
8, 1.8, 1.0, 1.0, 1.0, 0.850, 22
8, 1.8, 1.0, 1.0, 1.0, 0.850, 23
8, 1.8, 1.0, 1.0, 1.0, 0.850, 24
8, 1.8, 1.0, 1.0, 1.0, 0.850, 25
8, 1.8, 1.0, 1.0, 1.0, 0.850, 26
8, 1.8, 1.0, 1.0, 1.0, 0.850, 27
8, 1.8, 1.0, 1.0, 1.0, 0.850, 28
8, 1.8, 1.0, 1.0, 1.0, 0.850, 29
8, 1.8, 1.0, 1.0, 1.0, 0.850, 30
8, 1.8, 1.0, 1.0, 1.0, 0.850, 31
8, 1.8, 1.0, 1.0, 1.0, 0.850, 32
8, 1.8, 1.0, 1.0, 1.0, 0.850, 33
8, 1.8, 1.0, 1.0, 1.0, 0.850, 34
8, 1.8, 1.0, 1.0, 1.0, 0.850, 35
8, 1.8, 1.0, 1.0, 1.0, 0.850, 36
8, 1.8, 1.0, 1.0, 1.0, 0.850, 37
8, 1.8, 1.0, 1.0, 1.0, 0.850, 38
8, 1.8, 1.0, 1.0, 1.0, 0.850, 39
8, 1.8, 1.0, 1.0, 1.0, 0.850, 40
8, 1.8, 1.0, 1.0, 1.0, 0.850, 41
8, 1.8, 1.0, 1.0, 1.0, 0.850, 42
8, 1.8, 1.0, 1.0, 1.0, 0.850, 43
8, 1.8, 1.0, 1.0, 1.0, 0.850, 44
8, 1.8, 1.0, 1.0, 1.0, 0.850, 45
8, 1.8, 1.0, 1.0, 1.0, 0.850, 46
8, 1.8, 1.0, 1.0, 1.0, 0.850, 47
8, 1.8, 1.0, 1.0, 1.0, 0.850, 48
8, 1.8, 1.0, 1.0, 1.0, 0.850, 49
8, 1.8, 1.0, 1.0, 1.0, 0.850, 50
8, 1.0, 0.4, 1.0, 1.0, 0.850, 1
8, 1.0, 0.4, 1.0, 1.0, 0.850, 2
8, 1.0, 0.4, 1.0, 1.0, 0.850, 3
8, 1.0, 0.4, 1.0, 1.0, 0.850, 4
8, 1.0, 0.4, 1.0, 1.0, 0.850, 5
8, 1.0, 0.4, 1.0, 1.0, 0.850, 6
8, 1.0, 0.4, 1.0, 1.0, 0.850, 7
8, 1.0, 0.4, 1.0, 1.0, 0.850, 8
8, 1.0, 0.4, 1.0, 1.0, 0.850, 9
8, 1.0, 0.4, 1.0, 1.0, 0.850, 10
8, 1.0, 0.4, 1.0, 1.0, 0.850, 11
8, 1.0, 0.4, 1.0, 1.0, 0.850, 12
8, 1.0, 0.4, 1.0, 1.0, 0.850, 13
8, 1.0, 0.4, 1.0, 1.0, 0.850, 14
8, 1.0, 0.4, 1.0, 1.0, 0.850, 15
8, 1.0, 0.4, 1.0, 1.0, 0.850, 16
8, 1.0, 0.4, 1.0, 1.0, 0.850, 17
8, 1.0, 0.4, 1.0, 1.0, 0.850, 18
8, 1.0, 0.4, 1.0, 1.0, 0.850, 19
8, 1.0, 0.4, 1.0, 1.0, 0.850, 20
8, 1.0, 0.4, 1.0, 1.0, 0.850, 21
8, 1.0, 0.4, 1.0, 1.0, 0.850, 22
8, 1.0, 0.4, 1.0, 1.0, 0.850, 23
8, 1.0, 0.4, 1.0, 1.0, 0.850, 24
8, 1.0, 0.4, 1.0, 1.0, 0.850, 25
8, 1.0, 0.4, 1.0, 1.0, 0.850, 26
8, 1.0, 0.4, 1.0, 1.0, 0.850, 27
8, 1.0, 0.4, 1.0, 1.0, 0.850, 28
8, 1.0, 0.4, 1.0, 1.0, 0.850, 29
8, 1.0, 0.4, 1.0, 1.0, 0.850, 30
8, 1.0, 0.4, 1.0, 1.0, 0.850, 31
8, 1.0, 0.4, 1.0, 1.0, 0.850, 32
8, 1.0, 0.4, 1.0, 1.0, 0.850, 33
8, 1.0, 0.4, 1.0, 1.0, 0.850, 34
8, 1.0, 0.4, 1.0, 1.0, 0.850, 35
8, 1.0, 0.4, 1.0, 1.0, 0.850, 36
8, 1.0, 0.4, 1.0, 1.0, 0.850, 37
8, 1.0, 0.4, 1.0, 1.0, 0.850, 38
8, 1.0, 0.4, 1.0, 1.0, 0.850, 39
8, 1.0, 0.4, 1.0, 1.0, 0.850, 40
8, 1.0, 0.4, 1.0, 1.0, 0.850, 41
8, 1.0, 0.4, 1.0, 1.0, 0.850, 42
8, 1.0, 0.4, 1.0, 1.0, 0.850, 43
8, 1.0, 0.4, 1.0, 1.0, 0.850, 44
8, 1.0, 0.4, 1.0, 1.0, 0.850, 45
8, 1.0, 0.4, 1.0, 1.0, 0.850, 46
8, 1.0, 0.4, 1.0, 1.0, 0.850, 47
8, 1.0, 0.4, 1.0, 1.0, 0.850, 48
8, 1.0, 0.4, 1.0, 1.0, 0.850, 49
8, 1.0, 0.4, 1.0, 1.0, 0.850, 50
8, 1.0, 0.5, 1.0, 1.0, 0.850, 1
8, 1.0, 0.5, 1.0, 1.0, 0.850, 2
8, 1.0, 0.5, 1.0, 1.0, 0.850, 3
8, 1.0, 0.5, 1.0, 1.0, 0.850, 4
8, 1.0, 0.5, 1.0, 1.0, 0.850, 5
8, 1.0, 0.5, 1.0, 1.0, 0.850, 6
8, 1.0, 0.5, 1.0, 1.0, 0.850, 7
8, 1.0, 0.5, 1.0, 1.0, 0.850, 8
8, 1.0, 0.5, 1.0, 1.0, 0.850, 9
8, 1.0, 0.5, 1.0, 1.0, 0.850, 10
8, 1.0, 0.5, 1.0, 1.0, 0.850, 11
8, 1.0, 0.5, 1.0, 1.0, 0.850, 12
8, 1.0, 0.5, 1.0, 1.0, 0.850, 13
8, 1.0, 0.5, 1.0, 1.0, 0.850, 14
8, 1.0, 0.5, 1.0, 1.0, 0.850, 15
8, 1.0, 0.5, 1.0, 1.0, 0.850, 16
8, 1.0, 0.5, 1.0, 1.0, 0.850, 17
8, 1.0, 0.5, 1.0, 1.0, 0.850, 18
8, 1.0, 0.5, 1.0, 1.0, 0.850, 19
8, 1.0, 0.5, 1.0, 1.0, 0.850, 20
8, 1.0, 0.5, 1.0, 1.0, 0.850, 21
8, 1.0, 0.5, 1.0, 1.0, 0.850, 22
8, 1.0, 0.5, 1.0, 1.0, 0.850, 23
8, 1.0, 0.5, 1.0, 1.0, 0.850, 24
8, 1.0, 0.5, 1.0, 1.0, 0.850, 25
8, 1.0, 0.5, 1.0, 1.0, 0.850, 26
8, 1.0, 0.5, 1.0, 1.0, 0.850, 27
8, 1.0, 0.5, 1.0, 1.0, 0.850, 28
8, 1.0, 0.5, 1.0, 1.0, 0.850, 29
8, 1.0, 0.5, 1.0, 1.0, 0.850, 30
8, 1.0, 0.5, 1.0, 1.0, 0.850, 31
8, 1.0, 0.5, 1.0, 1.0, 0.850, 32
8, 1.0, 0.5, 1.0, 1.0, 0.850, 33
8, 1.0, 0.5, 1.0, 1.0, 0.850, 34
8, 1.0, 0.5, 1.0, 1.0, 0.850, 35
8, 1.0, 0.5, 1.0, 1.0, 0.850, 36
8, 1.0, 0.5, 1.0, 1.0, 0.850, 37
8, 1.0, 0.5, 1.0, 1.0, 0.850, 38
8, 1.0, 0.5, 1.0, 1.0, 0.850, 39
8, 1.0, 0.5, 1.0, 1.0, 0.850, 40
8, 1.0, 0.5, 1.0, 1.0, 0.850, 41
8, 1.0, 0.5, 1.0, 1.0, 0.850, 42
8, 1.0, 0.5, 1.0, 1.0, 0.850, 43
8, 1.0, 0.5, 1.0, 1.0, 0.850, 44
8, 1.0, 0.5, 1.0, 1.0, 0.850, 45
8, 1.0, 0.5, 1.0, 1.0, 0.850, 46
8, 1.0, 0.5, 1.0, 1.0, 0.850, 47
8, 1.0, 0.5, 1.0, 1.0, 0.850, 48
8, 1.0, 0.5, 1.0, 1.0, 0.850, 49
8, 1.0, 0.5, 1.0, 1.0, 0.850, 50
8, 1.0, 0.6, 1.0, 1.0, 0.850, 1
8, 1.0, 0.6, 1.0, 1.0, 0.850, 2
8, 1.0, 0.6, 1.0, 1.0, 0.850, 3
8, 1.0, 0.6, 1.0, 1.0, 0.850, 4
8, 1.0, 0.6, 1.0, 1.0, 0.850, 5
8, 1.0, 0.6, 1.0, 1.0, 0.850, 6
8, 1.0, 0.6, 1.0, 1.0, 0.850, 7
8, 1.0, 0.6, 1.0, 1.0, 0.850, 8
8, 1.0, 0.6, 1.0, 1.0, 0.850, 9
8, 1.0, 0.6, 1.0, 1.0, 0.850, 10
8, 1.0, 0.6, 1.0, 1.0, 0.850, 11
8, 1.0, 0.6, 1.0, 1.0, 0.850, 12
8, 1.0, 0.6, 1.0, 1.0, 0.850, 13
8, 1.0, 0.6, 1.0, 1.0, 0.850, 14
8, 1.0, 0.6, 1.0, 1.0, 0.850, 15
8, 1.0, 0.6, 1.0, 1.0, 0.850, 16
8, 1.0, 0.6, 1.0, 1.0, 0.850, 17
8, 1.0, 0.6, 1.0, 1.0, 0.850, 18
8, 1.0, 0.6, 1.0, 1.0, 0.850, 19
8, 1.0, 0.6, 1.0, 1.0, 0.850, 20
8, 1.0, 0.6, 1.0, 1.0, 0.850, 21
8, 1.0, 0.6, 1.0, 1.0, 0.850, 22
8, 1.0, 0.6, 1.0, 1.0, 0.850, 23
8, 1.0, 0.6, 1.0, 1.0, 0.850, 24
8, 1.0, 0.6, 1.0, 1.0, 0.850, 25
8, 1.0, 0.6, 1.0, 1.0, 0.850, 26
8, 1.0, 0.6, 1.0, 1.0, 0.850, 27
8, 1.0, 0.6, 1.0, 1.0, 0.850, 28
8, 1.0, 0.6, 1.0, 1.0, 0.850, 29
8, 1.0, 0.6, 1.0, 1.0, 0.850, 30
8, 1.0, 0.6, 1.0, 1.0, 0.850, 31
8, 1.0, 0.6, 1.0, 1.0, 0.850, 32
8, 1.0, 0.6, 1.0, 1.0, 0.850, 33
8, 1.0, 0.6, 1.0, 1.0, 0.850, 34
8, 1.0, 0.6, 1.0, 1.0, 0.850, 35
8, 1.0, 0.6, 1.0, 1.0, 0.850, 36
8, 1.0, 0.6, 1.0, 1.0, 0.850, 37
8, 1.0, 0.6, 1.0, 1.0, 0.850, 38
8, 1.0, 0.6, 1.0, 1.0, 0.850, 39
8, 1.0, 0.6, 1.0, 1.0, 0.850, 40
8, 1.0, 0.6, 1.0, 1.0, 0.850, 41
8, 1.0, 0.6, 1.0, 1.0, 0.850, 42
8, 1.0, 0.6, 1.0, 1.0, 0.850, 43
8, 1.0, 0.6, 1.0, 1.0, 0.850, 44
8, 1.0, 0.6, 1.0, 1.0, 0.850, 45
8, 1.0, 0.6, 1.0, 1.0, 0.850, 46
8, 1.0, 0.6, 1.0, 1.0, 0.850, 47
8, 1.0, 0.6, 1.0, 1.0, 0.850, 48
8, 1.0, 0.6, 1.0, 1.0, 0.850, 49
8, 1.0, 0.6, 1.0, 1.0, 0.850, 50
8, 1.0, 0.7, 1.0, 1.0, 0.850, 1
8, 1.0, 0.7, 1.0, 1.0, 0.850, 2
8, 1.0, 0.7, 1.0, 1.0, 0.850, 3
8, 1.0, 0.7, 1.0, 1.0, 0.850, 4
8, 1.0, 0.7, 1.0, 1.0, 0.850, 5
8, 1.0, 0.7, 1.0, 1.0, 0.850, 6
8, 1.0, 0.7, 1.0, 1.0, 0.850, 7
8, 1.0, 0.7, 1.0, 1.0, 0.850, 8
8, 1.0, 0.7, 1.0, 1.0, 0.850, 9
8, 1.0, 0.7, 1.0, 1.0, 0.850, 10
8, 1.0, 0.7, 1.0, 1.0, 0.850, 11
8, 1.0, 0.7, 1.0, 1.0, 0.850, 12
8, 1.0, 0.7, 1.0, 1.0, 0.850, 13
8, 1.0, 0.7, 1.0, 1.0, 0.850, 14
8, 1.0, 0.7, 1.0, 1.0, 0.850, 15
8, 1.0, 0.7, 1.0, 1.0, 0.850, 16
8, 1.0, 0.7, 1.0, 1.0, 0.850, 17
8, 1.0, 0.7, 1.0, 1.0, 0.850, 18
8, 1.0, 0.7, 1.0, 1.0, 0.850, 19
8, 1.0, 0.7, 1.0, 1.0, 0.850, 20
8, 1.0, 0.7, 1.0, 1.0, 0.850, 21
8, 1.0, 0.7, 1.0, 1.0, 0.850, 22
8, 1.0, 0.7, 1.0, 1.0, 0.850, 23
8, 1.0, 0.7, 1.0, 1.0, 0.850, 24
8, 1.0, 0.7, 1.0, 1.0, 0.850, 25
8, 1.0, 0.7, 1.0, 1.0, 0.850, 26
8, 1.0, 0.7, 1.0, 1.0, 0.850, 27
8, 1.0, 0.7, 1.0, 1.0, 0.850, 28
8, 1.0, 0.7, 1.0, 1.0, 0.850, 29
8, 1.0, 0.7, 1.0, 1.0, 0.850, 30
8, 1.0, 0.7, 1.0, 1.0, 0.850, 31
8, 1.0, 0.7, 1.0, 1.0, 0.850, 32
8, 1.0, 0.7, 1.0, 1.0, 0.850, 33
8, 1.0, 0.7, 1.0, 1.0, 0.850, 34
8, 1.0, 0.7, 1.0, 1.0, 0.850, 35
8, 1.0, 0.7, 1.0, 1.0, 0.850, 36
8, 1.0, 0.7, 1.0, 1.0, 0.850, 37
8, 1.0, 0.7, 1.0, 1.0, 0.850, 38
8, 1.0, 0.7, 1.0, 1.0, 0.850, 39
8, 1.0, 0.7, 1.0, 1.0, 0.850, 40
8, 1.0, 0.7, 1.0, 1.0, 0.850, 41
8, 1.0, 0.7, 1.0, 1.0, 0.850, 42
8, 1.0, 0.7, 1.0, 1.0, 0.850, 43
8, 1.0, 0.7, 1.0, 1.0, 0.850, 44
8, 1.0, 0.7, 1.0, 1.0, 0.850, 45
8, 1.0, 0.7, 1.0, 1.0, 0.850, 46
8, 1.0, 0.7, 1.0, 1.0, 0.850, 47
8, 1.0, 0.7, 1.0, 1.0, 0.850, 48
8, 1.0, 0.7, 1.0, 1.0, 0.850, 49
8, 1.0, 0.7, 1.0, 1.0, 0.850, 50
8, 1.0, 0.8, 1.0, 1.0, 0.850, 1
8, 1.0, 0.8, 1.0, 1.0, 0.850, 2
8, 1.0, 0.8, 1.0, 1.0, 0.850, 3
8, 1.0, 0.8, 1.0, 1.0, 0.850, 4
8, 1.0, 0.8, 1.0, 1.0, 0.850, 5
8, 1.0, 0.8, 1.0, 1.0, 0.850, 6
8, 1.0, 0.8, 1.0, 1.0, 0.850, 7
8, 1.0, 0.8, 1.0, 1.0, 0.850, 8
8, 1.0, 0.8, 1.0, 1.0, 0.850, 9
8, 1.0, 0.8, 1.0, 1.0, 0.850, 10
8, 1.0, 0.8, 1.0, 1.0, 0.850, 11
8, 1.0, 0.8, 1.0, 1.0, 0.850, 12
8, 1.0, 0.8, 1.0, 1.0, 0.850, 13
8, 1.0, 0.8, 1.0, 1.0, 0.850, 14
8, 1.0, 0.8, 1.0, 1.0, 0.850, 15
8, 1.0, 0.8, 1.0, 1.0, 0.850, 16
8, 1.0, 0.8, 1.0, 1.0, 0.850, 17
8, 1.0, 0.8, 1.0, 1.0, 0.850, 18
8, 1.0, 0.8, 1.0, 1.0, 0.850, 19
8, 1.0, 0.8, 1.0, 1.0, 0.850, 20
8, 1.0, 0.8, 1.0, 1.0, 0.850, 21
8, 1.0, 0.8, 1.0, 1.0, 0.850, 22
8, 1.0, 0.8, 1.0, 1.0, 0.850, 23
8, 1.0, 0.8, 1.0, 1.0, 0.850, 24
8, 1.0, 0.8, 1.0, 1.0, 0.850, 25
8, 1.0, 0.8, 1.0, 1.0, 0.850, 26
8, 1.0, 0.8, 1.0, 1.0, 0.850, 27
8, 1.0, 0.8, 1.0, 1.0, 0.850, 28
8, 1.0, 0.8, 1.0, 1.0, 0.850, 29
8, 1.0, 0.8, 1.0, 1.0, 0.850, 30
8, 1.0, 0.8, 1.0, 1.0, 0.850, 31
8, 1.0, 0.8, 1.0, 1.0, 0.850, 32
8, 1.0, 0.8, 1.0, 1.0, 0.850, 33
8, 1.0, 0.8, 1.0, 1.0, 0.850, 34
8, 1.0, 0.8, 1.0, 1.0, 0.850, 35
8, 1.0, 0.8, 1.0, 1.0, 0.850, 36
8, 1.0, 0.8, 1.0, 1.0, 0.850, 37
8, 1.0, 0.8, 1.0, 1.0, 0.850, 38
8, 1.0, 0.8, 1.0, 1.0, 0.850, 39
8, 1.0, 0.8, 1.0, 1.0, 0.850, 40
8, 1.0, 0.8, 1.0, 1.0, 0.850, 41
8, 1.0, 0.8, 1.0, 1.0, 0.850, 42
8, 1.0, 0.8, 1.0, 1.0, 0.850, 43
8, 1.0, 0.8, 1.0, 1.0, 0.850, 44
8, 1.0, 0.8, 1.0, 1.0, 0.850, 45
8, 1.0, 0.8, 1.0, 1.0, 0.850, 46
8, 1.0, 0.8, 1.0, 1.0, 0.850, 47
8, 1.0, 0.8, 1.0, 1.0, 0.850, 48
8, 1.0, 0.8, 1.0, 1.0, 0.850, 49
8, 1.0, 0.8, 1.0, 1.0, 0.850, 50
8, 1.0, 0.9, 1.0, 1.0, 0.850, 1
8, 1.0, 0.9, 1.0, 1.0, 0.850, 2
8, 1.0, 0.9, 1.0, 1.0, 0.850, 3
8, 1.0, 0.9, 1.0, 1.0, 0.850, 4
8, 1.0, 0.9, 1.0, 1.0, 0.850, 5
8, 1.0, 0.9, 1.0, 1.0, 0.850, 6
8, 1.0, 0.9, 1.0, 1.0, 0.850, 7
8, 1.0, 0.9, 1.0, 1.0, 0.850, 8
8, 1.0, 0.9, 1.0, 1.0, 0.850, 9
8, 1.0, 0.9, 1.0, 1.0, 0.850, 10
8, 1.0, 0.9, 1.0, 1.0, 0.850, 11
8, 1.0, 0.9, 1.0, 1.0, 0.850, 12
8, 1.0, 0.9, 1.0, 1.0, 0.850, 13
8, 1.0, 0.9, 1.0, 1.0, 0.850, 14
8, 1.0, 0.9, 1.0, 1.0, 0.850, 15
8, 1.0, 0.9, 1.0, 1.0, 0.850, 16
8, 1.0, 0.9, 1.0, 1.0, 0.850, 17
8, 1.0, 0.9, 1.0, 1.0, 0.850, 18
8, 1.0, 0.9, 1.0, 1.0, 0.850, 19
8, 1.0, 0.9, 1.0, 1.0, 0.850, 20
8, 1.0, 0.9, 1.0, 1.0, 0.850, 21
8, 1.0, 0.9, 1.0, 1.0, 0.850, 22
8, 1.0, 0.9, 1.0, 1.0, 0.850, 23
8, 1.0, 0.9, 1.0, 1.0, 0.850, 24
8, 1.0, 0.9, 1.0, 1.0, 0.850, 25
8, 1.0, 0.9, 1.0, 1.0, 0.850, 26
8, 1.0, 0.9, 1.0, 1.0, 0.850, 27
8, 1.0, 0.9, 1.0, 1.0, 0.850, 28
8, 1.0, 0.9, 1.0, 1.0, 0.850, 29
8, 1.0, 0.9, 1.0, 1.0, 0.850, 30
8, 1.0, 0.9, 1.0, 1.0, 0.850, 31
8, 1.0, 0.9, 1.0, 1.0, 0.850, 32
8, 1.0, 0.9, 1.0, 1.0, 0.850, 33
8, 1.0, 0.9, 1.0, 1.0, 0.850, 34
8, 1.0, 0.9, 1.0, 1.0, 0.850, 35
8, 1.0, 0.9, 1.0, 1.0, 0.850, 36
8, 1.0, 0.9, 1.0, 1.0, 0.850, 37
8, 1.0, 0.9, 1.0, 1.0, 0.850, 38
8, 1.0, 0.9, 1.0, 1.0, 0.850, 39
8, 1.0, 0.9, 1.0, 1.0, 0.850, 40
8, 1.0, 0.9, 1.0, 1.0, 0.850, 41
8, 1.0, 0.9, 1.0, 1.0, 0.850, 42
8, 1.0, 0.9, 1.0, 1.0, 0.850, 43
8, 1.0, 0.9, 1.0, 1.0, 0.850, 44
8, 1.0, 0.9, 1.0, 1.0, 0.850, 45
8, 1.0, 0.9, 1.0, 1.0, 0.850, 46
8, 1.0, 0.9, 1.0, 1.0, 0.850, 47
8, 1.0, 0.9, 1.0, 1.0, 0.850, 48
8, 1.0, 0.9, 1.0, 1.0, 0.850, 49
8, 1.0, 0.9, 1.0, 1.0, 0.850, 50
8, 1.0, 1.1, 1.0, 1.0, 0.850, 1
8, 1.0, 1.1, 1.0, 1.0, 0.850, 2
8, 1.0, 1.1, 1.0, 1.0, 0.850, 3
8, 1.0, 1.1, 1.0, 1.0, 0.850, 4
8, 1.0, 1.1, 1.0, 1.0, 0.850, 5
8, 1.0, 1.1, 1.0, 1.0, 0.850, 6
8, 1.0, 1.1, 1.0, 1.0, 0.850, 7
8, 1.0, 1.1, 1.0, 1.0, 0.850, 8
8, 1.0, 1.1, 1.0, 1.0, 0.850, 9
8, 1.0, 1.1, 1.0, 1.0, 0.850, 10
8, 1.0, 1.1, 1.0, 1.0, 0.850, 11
8, 1.0, 1.1, 1.0, 1.0, 0.850, 12
8, 1.0, 1.1, 1.0, 1.0, 0.850, 13
8, 1.0, 1.1, 1.0, 1.0, 0.850, 14
8, 1.0, 1.1, 1.0, 1.0, 0.850, 15
8, 1.0, 1.1, 1.0, 1.0, 0.850, 16
8, 1.0, 1.1, 1.0, 1.0, 0.850, 17
8, 1.0, 1.1, 1.0, 1.0, 0.850, 18
8, 1.0, 1.1, 1.0, 1.0, 0.850, 19
8, 1.0, 1.1, 1.0, 1.0, 0.850, 20
8, 1.0, 1.1, 1.0, 1.0, 0.850, 21
8, 1.0, 1.1, 1.0, 1.0, 0.850, 22
8, 1.0, 1.1, 1.0, 1.0, 0.850, 23
8, 1.0, 1.1, 1.0, 1.0, 0.850, 24
8, 1.0, 1.1, 1.0, 1.0, 0.850, 25
8, 1.0, 1.1, 1.0, 1.0, 0.850, 26
8, 1.0, 1.1, 1.0, 1.0, 0.850, 27
8, 1.0, 1.1, 1.0, 1.0, 0.850, 28
8, 1.0, 1.1, 1.0, 1.0, 0.850, 29
8, 1.0, 1.1, 1.0, 1.0, 0.850, 30
8, 1.0, 1.1, 1.0, 1.0, 0.850, 31
8, 1.0, 1.1, 1.0, 1.0, 0.850, 32
8, 1.0, 1.1, 1.0, 1.0, 0.850, 33
8, 1.0, 1.1, 1.0, 1.0, 0.850, 34
8, 1.0, 1.1, 1.0, 1.0, 0.850, 35
8, 1.0, 1.1, 1.0, 1.0, 0.850, 36
8, 1.0, 1.1, 1.0, 1.0, 0.850, 37
8, 1.0, 1.1, 1.0, 1.0, 0.850, 38
8, 1.0, 1.1, 1.0, 1.0, 0.850, 39
8, 1.0, 1.1, 1.0, 1.0, 0.850, 40
8, 1.0, 1.1, 1.0, 1.0, 0.850, 41
8, 1.0, 1.1, 1.0, 1.0, 0.850, 42
8, 1.0, 1.1, 1.0, 1.0, 0.850, 43
8, 1.0, 1.1, 1.0, 1.0, 0.850, 44
8, 1.0, 1.1, 1.0, 1.0, 0.850, 45
8, 1.0, 1.1, 1.0, 1.0, 0.850, 46
8, 1.0, 1.1, 1.0, 1.0, 0.850, 47
8, 1.0, 1.1, 1.0, 1.0, 0.850, 48
8, 1.0, 1.1, 1.0, 1.0, 0.850, 49
8, 1.0, 1.1, 1.0, 1.0, 0.850, 50
8, 1.0, 1.2, 1.0, 1.0, 0.850, 1
8, 1.0, 1.2, 1.0, 1.0, 0.850, 2
8, 1.0, 1.2, 1.0, 1.0, 0.850, 3
8, 1.0, 1.2, 1.0, 1.0, 0.850, 4
8, 1.0, 1.2, 1.0, 1.0, 0.850, 5
8, 1.0, 1.2, 1.0, 1.0, 0.850, 6
8, 1.0, 1.2, 1.0, 1.0, 0.850, 7
8, 1.0, 1.2, 1.0, 1.0, 0.850, 8
8, 1.0, 1.2, 1.0, 1.0, 0.850, 9
8, 1.0, 1.2, 1.0, 1.0, 0.850, 10
8, 1.0, 1.2, 1.0, 1.0, 0.850, 11
8, 1.0, 1.2, 1.0, 1.0, 0.850, 12
8, 1.0, 1.2, 1.0, 1.0, 0.850, 13
8, 1.0, 1.2, 1.0, 1.0, 0.850, 14
8, 1.0, 1.2, 1.0, 1.0, 0.850, 15
8, 1.0, 1.2, 1.0, 1.0, 0.850, 16
8, 1.0, 1.2, 1.0, 1.0, 0.850, 17
8, 1.0, 1.2, 1.0, 1.0, 0.850, 18
8, 1.0, 1.2, 1.0, 1.0, 0.850, 19
8, 1.0, 1.2, 1.0, 1.0, 0.850, 20
8, 1.0, 1.2, 1.0, 1.0, 0.850, 21
8, 1.0, 1.2, 1.0, 1.0, 0.850, 22
8, 1.0, 1.2, 1.0, 1.0, 0.850, 23
8, 1.0, 1.2, 1.0, 1.0, 0.850, 24
8, 1.0, 1.2, 1.0, 1.0, 0.850, 25
8, 1.0, 1.2, 1.0, 1.0, 0.850, 26
8, 1.0, 1.2, 1.0, 1.0, 0.850, 27
8, 1.0, 1.2, 1.0, 1.0, 0.850, 28
8, 1.0, 1.2, 1.0, 1.0, 0.850, 29
8, 1.0, 1.2, 1.0, 1.0, 0.850, 30
8, 1.0, 1.2, 1.0, 1.0, 0.850, 31
8, 1.0, 1.2, 1.0, 1.0, 0.850, 32
8, 1.0, 1.2, 1.0, 1.0, 0.850, 33
8, 1.0, 1.2, 1.0, 1.0, 0.850, 34
8, 1.0, 1.2, 1.0, 1.0, 0.850, 35
8, 1.0, 1.2, 1.0, 1.0, 0.850, 36
8, 1.0, 1.2, 1.0, 1.0, 0.850, 37
8, 1.0, 1.2, 1.0, 1.0, 0.850, 38
8, 1.0, 1.2, 1.0, 1.0, 0.850, 39
8, 1.0, 1.2, 1.0, 1.0, 0.850, 40
8, 1.0, 1.2, 1.0, 1.0, 0.850, 41
8, 1.0, 1.2, 1.0, 1.0, 0.850, 42
8, 1.0, 1.2, 1.0, 1.0, 0.850, 43
8, 1.0, 1.2, 1.0, 1.0, 0.850, 44
8, 1.0, 1.2, 1.0, 1.0, 0.850, 45
8, 1.0, 1.2, 1.0, 1.0, 0.850, 46
8, 1.0, 1.2, 1.0, 1.0, 0.850, 47
8, 1.0, 1.2, 1.0, 1.0, 0.850, 48
8, 1.0, 1.2, 1.0, 1.0, 0.850, 49
8, 1.0, 1.2, 1.0, 1.0, 0.850, 50
8, 1.0, 1.3, 1.0, 1.0, 0.850, 1
8, 1.0, 1.3, 1.0, 1.0, 0.850, 2
8, 1.0, 1.3, 1.0, 1.0, 0.850, 3
8, 1.0, 1.3, 1.0, 1.0, 0.850, 4
8, 1.0, 1.3, 1.0, 1.0, 0.850, 5
8, 1.0, 1.3, 1.0, 1.0, 0.850, 6
8, 1.0, 1.3, 1.0, 1.0, 0.850, 7
8, 1.0, 1.3, 1.0, 1.0, 0.850, 8
8, 1.0, 1.3, 1.0, 1.0, 0.850, 9
8, 1.0, 1.3, 1.0, 1.0, 0.850, 10
8, 1.0, 1.3, 1.0, 1.0, 0.850, 11
8, 1.0, 1.3, 1.0, 1.0, 0.850, 12
8, 1.0, 1.3, 1.0, 1.0, 0.850, 13
8, 1.0, 1.3, 1.0, 1.0, 0.850, 14
8, 1.0, 1.3, 1.0, 1.0, 0.850, 15
8, 1.0, 1.3, 1.0, 1.0, 0.850, 16
8, 1.0, 1.3, 1.0, 1.0, 0.850, 17
8, 1.0, 1.3, 1.0, 1.0, 0.850, 18
8, 1.0, 1.3, 1.0, 1.0, 0.850, 19
8, 1.0, 1.3, 1.0, 1.0, 0.850, 20
8, 1.0, 1.3, 1.0, 1.0, 0.850, 21
8, 1.0, 1.3, 1.0, 1.0, 0.850, 22
8, 1.0, 1.3, 1.0, 1.0, 0.850, 23
8, 1.0, 1.3, 1.0, 1.0, 0.850, 24
8, 1.0, 1.3, 1.0, 1.0, 0.850, 25
8, 1.0, 1.3, 1.0, 1.0, 0.850, 26
8, 1.0, 1.3, 1.0, 1.0, 0.850, 27
8, 1.0, 1.3, 1.0, 1.0, 0.850, 28
8, 1.0, 1.3, 1.0, 1.0, 0.850, 29
8, 1.0, 1.3, 1.0, 1.0, 0.850, 30
8, 1.0, 1.3, 1.0, 1.0, 0.850, 31
8, 1.0, 1.3, 1.0, 1.0, 0.850, 32
8, 1.0, 1.3, 1.0, 1.0, 0.850, 33
8, 1.0, 1.3, 1.0, 1.0, 0.850, 34
8, 1.0, 1.3, 1.0, 1.0, 0.850, 35
8, 1.0, 1.3, 1.0, 1.0, 0.850, 36
8, 1.0, 1.3, 1.0, 1.0, 0.850, 37
8, 1.0, 1.3, 1.0, 1.0, 0.850, 38
8, 1.0, 1.3, 1.0, 1.0, 0.850, 39
8, 1.0, 1.3, 1.0, 1.0, 0.850, 40
8, 1.0, 1.3, 1.0, 1.0, 0.850, 41
8, 1.0, 1.3, 1.0, 1.0, 0.850, 42
8, 1.0, 1.3, 1.0, 1.0, 0.850, 43
8, 1.0, 1.3, 1.0, 1.0, 0.850, 44
8, 1.0, 1.3, 1.0, 1.0, 0.850, 45
8, 1.0, 1.3, 1.0, 1.0, 0.850, 46
8, 1.0, 1.3, 1.0, 1.0, 0.850, 47
8, 1.0, 1.3, 1.0, 1.0, 0.850, 48
8, 1.0, 1.3, 1.0, 1.0, 0.850, 49
8, 1.0, 1.3, 1.0, 1.0, 0.850, 50
8, 1.0, 1.0, 0.5, 1.0, 0.850, 1
8, 1.0, 1.0, 0.5, 1.0, 0.850, 2
8, 1.0, 1.0, 0.5, 1.0, 0.850, 3
8, 1.0, 1.0, 0.5, 1.0, 0.850, 4
8, 1.0, 1.0, 0.5, 1.0, 0.850, 5
8, 1.0, 1.0, 0.5, 1.0, 0.850, 6
8, 1.0, 1.0, 0.5, 1.0, 0.850, 7
8, 1.0, 1.0, 0.5, 1.0, 0.850, 8
8, 1.0, 1.0, 0.5, 1.0, 0.850, 9
8, 1.0, 1.0, 0.5, 1.0, 0.850, 10
8, 1.0, 1.0, 0.5, 1.0, 0.850, 11
8, 1.0, 1.0, 0.5, 1.0, 0.850, 12
8, 1.0, 1.0, 0.5, 1.0, 0.850, 13
8, 1.0, 1.0, 0.5, 1.0, 0.850, 14
8, 1.0, 1.0, 0.5, 1.0, 0.850, 15
8, 1.0, 1.0, 0.5, 1.0, 0.850, 16
8, 1.0, 1.0, 0.5, 1.0, 0.850, 17
8, 1.0, 1.0, 0.5, 1.0, 0.850, 18
8, 1.0, 1.0, 0.5, 1.0, 0.850, 19
8, 1.0, 1.0, 0.5, 1.0, 0.850, 20
8, 1.0, 1.0, 0.5, 1.0, 0.850, 21
8, 1.0, 1.0, 0.5, 1.0, 0.850, 22
8, 1.0, 1.0, 0.5, 1.0, 0.850, 23
8, 1.0, 1.0, 0.5, 1.0, 0.850, 24
8, 1.0, 1.0, 0.5, 1.0, 0.850, 25
8, 1.0, 1.0, 0.5, 1.0, 0.850, 26
8, 1.0, 1.0, 0.5, 1.0, 0.850, 27
8, 1.0, 1.0, 0.5, 1.0, 0.850, 28
8, 1.0, 1.0, 0.5, 1.0, 0.850, 29
8, 1.0, 1.0, 0.5, 1.0, 0.850, 30
8, 1.0, 1.0, 0.5, 1.0, 0.850, 31
8, 1.0, 1.0, 0.5, 1.0, 0.850, 32
8, 1.0, 1.0, 0.5, 1.0, 0.850, 33
8, 1.0, 1.0, 0.5, 1.0, 0.850, 34
8, 1.0, 1.0, 0.5, 1.0, 0.850, 35
8, 1.0, 1.0, 0.5, 1.0, 0.850, 36
8, 1.0, 1.0, 0.5, 1.0, 0.850, 37
8, 1.0, 1.0, 0.5, 1.0, 0.850, 38
8, 1.0, 1.0, 0.5, 1.0, 0.850, 39
8, 1.0, 1.0, 0.5, 1.0, 0.850, 40
8, 1.0, 1.0, 0.5, 1.0, 0.850, 41
8, 1.0, 1.0, 0.5, 1.0, 0.850, 42
8, 1.0, 1.0, 0.5, 1.0, 0.850, 43
8, 1.0, 1.0, 0.5, 1.0, 0.850, 44
8, 1.0, 1.0, 0.5, 1.0, 0.850, 45
8, 1.0, 1.0, 0.5, 1.0, 0.850, 46
8, 1.0, 1.0, 0.5, 1.0, 0.850, 47
8, 1.0, 1.0, 0.5, 1.0, 0.850, 48
8, 1.0, 1.0, 0.5, 1.0, 0.850, 49
8, 1.0, 1.0, 0.5, 1.0, 0.850, 50
8, 1.0, 1.0, 0.6, 1.0, 0.850, 1
8, 1.0, 1.0, 0.6, 1.0, 0.850, 2
8, 1.0, 1.0, 0.6, 1.0, 0.850, 3
8, 1.0, 1.0, 0.6, 1.0, 0.850, 4
8, 1.0, 1.0, 0.6, 1.0, 0.850, 5
8, 1.0, 1.0, 0.6, 1.0, 0.850, 6
8, 1.0, 1.0, 0.6, 1.0, 0.850, 7
8, 1.0, 1.0, 0.6, 1.0, 0.850, 8
8, 1.0, 1.0, 0.6, 1.0, 0.850, 9
8, 1.0, 1.0, 0.6, 1.0, 0.850, 10
8, 1.0, 1.0, 0.6, 1.0, 0.850, 11
8, 1.0, 1.0, 0.6, 1.0, 0.850, 12
8, 1.0, 1.0, 0.6, 1.0, 0.850, 13
8, 1.0, 1.0, 0.6, 1.0, 0.850, 14
8, 1.0, 1.0, 0.6, 1.0, 0.850, 15
8, 1.0, 1.0, 0.6, 1.0, 0.850, 16
8, 1.0, 1.0, 0.6, 1.0, 0.850, 17
8, 1.0, 1.0, 0.6, 1.0, 0.850, 18
8, 1.0, 1.0, 0.6, 1.0, 0.850, 19
8, 1.0, 1.0, 0.6, 1.0, 0.850, 20
8, 1.0, 1.0, 0.6, 1.0, 0.850, 21
8, 1.0, 1.0, 0.6, 1.0, 0.850, 22
8, 1.0, 1.0, 0.6, 1.0, 0.850, 23
8, 1.0, 1.0, 0.6, 1.0, 0.850, 24
8, 1.0, 1.0, 0.6, 1.0, 0.850, 25
8, 1.0, 1.0, 0.6, 1.0, 0.850, 26
8, 1.0, 1.0, 0.6, 1.0, 0.850, 27
8, 1.0, 1.0, 0.6, 1.0, 0.850, 28
8, 1.0, 1.0, 0.6, 1.0, 0.850, 29
8, 1.0, 1.0, 0.6, 1.0, 0.850, 30
8, 1.0, 1.0, 0.6, 1.0, 0.850, 31
8, 1.0, 1.0, 0.6, 1.0, 0.850, 32
8, 1.0, 1.0, 0.6, 1.0, 0.850, 33
8, 1.0, 1.0, 0.6, 1.0, 0.850, 34
8, 1.0, 1.0, 0.6, 1.0, 0.850, 35
8, 1.0, 1.0, 0.6, 1.0, 0.850, 36
8, 1.0, 1.0, 0.6, 1.0, 0.850, 37
8, 1.0, 1.0, 0.6, 1.0, 0.850, 38
8, 1.0, 1.0, 0.6, 1.0, 0.850, 39
8, 1.0, 1.0, 0.6, 1.0, 0.850, 40
8, 1.0, 1.0, 0.6, 1.0, 0.850, 41
8, 1.0, 1.0, 0.6, 1.0, 0.850, 42
8, 1.0, 1.0, 0.6, 1.0, 0.850, 43
8, 1.0, 1.0, 0.6, 1.0, 0.850, 44
8, 1.0, 1.0, 0.6, 1.0, 0.850, 45
8, 1.0, 1.0, 0.6, 1.0, 0.850, 46
8, 1.0, 1.0, 0.6, 1.0, 0.850, 47
8, 1.0, 1.0, 0.6, 1.0, 0.850, 48
8, 1.0, 1.0, 0.6, 1.0, 0.850, 49
8, 1.0, 1.0, 0.6, 1.0, 0.850, 50
8, 1.0, 1.0, 0.7, 1.0, 0.850, 1
8, 1.0, 1.0, 0.7, 1.0, 0.850, 2
8, 1.0, 1.0, 0.7, 1.0, 0.850, 3
8, 1.0, 1.0, 0.7, 1.0, 0.850, 4
8, 1.0, 1.0, 0.7, 1.0, 0.850, 5
8, 1.0, 1.0, 0.7, 1.0, 0.850, 6
8, 1.0, 1.0, 0.7, 1.0, 0.850, 7
8, 1.0, 1.0, 0.7, 1.0, 0.850, 8
8, 1.0, 1.0, 0.7, 1.0, 0.850, 9
8, 1.0, 1.0, 0.7, 1.0, 0.850, 10
8, 1.0, 1.0, 0.7, 1.0, 0.850, 11
8, 1.0, 1.0, 0.7, 1.0, 0.850, 12
8, 1.0, 1.0, 0.7, 1.0, 0.850, 13
8, 1.0, 1.0, 0.7, 1.0, 0.850, 14
8, 1.0, 1.0, 0.7, 1.0, 0.850, 15
8, 1.0, 1.0, 0.7, 1.0, 0.850, 16
8, 1.0, 1.0, 0.7, 1.0, 0.850, 17
8, 1.0, 1.0, 0.7, 1.0, 0.850, 18
8, 1.0, 1.0, 0.7, 1.0, 0.850, 19
8, 1.0, 1.0, 0.7, 1.0, 0.850, 20
8, 1.0, 1.0, 0.7, 1.0, 0.850, 21
8, 1.0, 1.0, 0.7, 1.0, 0.850, 22
8, 1.0, 1.0, 0.7, 1.0, 0.850, 23
8, 1.0, 1.0, 0.7, 1.0, 0.850, 24
8, 1.0, 1.0, 0.7, 1.0, 0.850, 25
8, 1.0, 1.0, 0.7, 1.0, 0.850, 26
8, 1.0, 1.0, 0.7, 1.0, 0.850, 27
8, 1.0, 1.0, 0.7, 1.0, 0.850, 28
8, 1.0, 1.0, 0.7, 1.0, 0.850, 29
8, 1.0, 1.0, 0.7, 1.0, 0.850, 30
8, 1.0, 1.0, 0.7, 1.0, 0.850, 31
8, 1.0, 1.0, 0.7, 1.0, 0.850, 32
8, 1.0, 1.0, 0.7, 1.0, 0.850, 33
8, 1.0, 1.0, 0.7, 1.0, 0.850, 34
8, 1.0, 1.0, 0.7, 1.0, 0.850, 35
8, 1.0, 1.0, 0.7, 1.0, 0.850, 36
8, 1.0, 1.0, 0.7, 1.0, 0.850, 37
8, 1.0, 1.0, 0.7, 1.0, 0.850, 38
8, 1.0, 1.0, 0.7, 1.0, 0.850, 39
8, 1.0, 1.0, 0.7, 1.0, 0.850, 40
8, 1.0, 1.0, 0.7, 1.0, 0.850, 41
8, 1.0, 1.0, 0.7, 1.0, 0.850, 42
8, 1.0, 1.0, 0.7, 1.0, 0.850, 43
8, 1.0, 1.0, 0.7, 1.0, 0.850, 44
8, 1.0, 1.0, 0.7, 1.0, 0.850, 45
8, 1.0, 1.0, 0.7, 1.0, 0.850, 46
8, 1.0, 1.0, 0.7, 1.0, 0.850, 47
8, 1.0, 1.0, 0.7, 1.0, 0.850, 48
8, 1.0, 1.0, 0.7, 1.0, 0.850, 49
8, 1.0, 1.0, 0.7, 1.0, 0.850, 50
8, 1.0, 1.0, 0.8, 1.0, 0.850, 1
8, 1.0, 1.0, 0.8, 1.0, 0.850, 2
8, 1.0, 1.0, 0.8, 1.0, 0.850, 3
8, 1.0, 1.0, 0.8, 1.0, 0.850, 4
8, 1.0, 1.0, 0.8, 1.0, 0.850, 5
8, 1.0, 1.0, 0.8, 1.0, 0.850, 6
8, 1.0, 1.0, 0.8, 1.0, 0.850, 7
8, 1.0, 1.0, 0.8, 1.0, 0.850, 8
8, 1.0, 1.0, 0.8, 1.0, 0.850, 9
8, 1.0, 1.0, 0.8, 1.0, 0.850, 10
8, 1.0, 1.0, 0.8, 1.0, 0.850, 11
8, 1.0, 1.0, 0.8, 1.0, 0.850, 12
8, 1.0, 1.0, 0.8, 1.0, 0.850, 13
8, 1.0, 1.0, 0.8, 1.0, 0.850, 14
8, 1.0, 1.0, 0.8, 1.0, 0.850, 15
8, 1.0, 1.0, 0.8, 1.0, 0.850, 16
8, 1.0, 1.0, 0.8, 1.0, 0.850, 17
8, 1.0, 1.0, 0.8, 1.0, 0.850, 18
8, 1.0, 1.0, 0.8, 1.0, 0.850, 19
8, 1.0, 1.0, 0.8, 1.0, 0.850, 20
8, 1.0, 1.0, 0.8, 1.0, 0.850, 21
8, 1.0, 1.0, 0.8, 1.0, 0.850, 22
8, 1.0, 1.0, 0.8, 1.0, 0.850, 23
8, 1.0, 1.0, 0.8, 1.0, 0.850, 24
8, 1.0, 1.0, 0.8, 1.0, 0.850, 25
8, 1.0, 1.0, 0.8, 1.0, 0.850, 26
8, 1.0, 1.0, 0.8, 1.0, 0.850, 27
8, 1.0, 1.0, 0.8, 1.0, 0.850, 28
8, 1.0, 1.0, 0.8, 1.0, 0.850, 29
8, 1.0, 1.0, 0.8, 1.0, 0.850, 30
8, 1.0, 1.0, 0.8, 1.0, 0.850, 31
8, 1.0, 1.0, 0.8, 1.0, 0.850, 32
8, 1.0, 1.0, 0.8, 1.0, 0.850, 33
8, 1.0, 1.0, 0.8, 1.0, 0.850, 34
8, 1.0, 1.0, 0.8, 1.0, 0.850, 35
8, 1.0, 1.0, 0.8, 1.0, 0.850, 36
8, 1.0, 1.0, 0.8, 1.0, 0.850, 37
8, 1.0, 1.0, 0.8, 1.0, 0.850, 38
8, 1.0, 1.0, 0.8, 1.0, 0.850, 39
8, 1.0, 1.0, 0.8, 1.0, 0.850, 40
8, 1.0, 1.0, 0.8, 1.0, 0.850, 41
8, 1.0, 1.0, 0.8, 1.0, 0.850, 42
8, 1.0, 1.0, 0.8, 1.0, 0.850, 43
8, 1.0, 1.0, 0.8, 1.0, 0.850, 44
8, 1.0, 1.0, 0.8, 1.0, 0.850, 45
8, 1.0, 1.0, 0.8, 1.0, 0.850, 46
8, 1.0, 1.0, 0.8, 1.0, 0.850, 47
8, 1.0, 1.0, 0.8, 1.0, 0.850, 48
8, 1.0, 1.0, 0.8, 1.0, 0.850, 49
8, 1.0, 1.0, 0.8, 1.0, 0.850, 50
8, 1.0, 1.0, 0.9, 1.0, 0.850, 1
8, 1.0, 1.0, 0.9, 1.0, 0.850, 2
8, 1.0, 1.0, 0.9, 1.0, 0.850, 3
8, 1.0, 1.0, 0.9, 1.0, 0.850, 4
8, 1.0, 1.0, 0.9, 1.0, 0.850, 5
8, 1.0, 1.0, 0.9, 1.0, 0.850, 6
8, 1.0, 1.0, 0.9, 1.0, 0.850, 7
8, 1.0, 1.0, 0.9, 1.0, 0.850, 8
8, 1.0, 1.0, 0.9, 1.0, 0.850, 9
8, 1.0, 1.0, 0.9, 1.0, 0.850, 10
8, 1.0, 1.0, 0.9, 1.0, 0.850, 11
8, 1.0, 1.0, 0.9, 1.0, 0.850, 12
8, 1.0, 1.0, 0.9, 1.0, 0.850, 13
8, 1.0, 1.0, 0.9, 1.0, 0.850, 14
8, 1.0, 1.0, 0.9, 1.0, 0.850, 15
8, 1.0, 1.0, 0.9, 1.0, 0.850, 16
8, 1.0, 1.0, 0.9, 1.0, 0.850, 17
8, 1.0, 1.0, 0.9, 1.0, 0.850, 18
8, 1.0, 1.0, 0.9, 1.0, 0.850, 19
8, 1.0, 1.0, 0.9, 1.0, 0.850, 20
8, 1.0, 1.0, 0.9, 1.0, 0.850, 21
8, 1.0, 1.0, 0.9, 1.0, 0.850, 22
8, 1.0, 1.0, 0.9, 1.0, 0.850, 23
8, 1.0, 1.0, 0.9, 1.0, 0.850, 24
8, 1.0, 1.0, 0.9, 1.0, 0.850, 25
8, 1.0, 1.0, 0.9, 1.0, 0.850, 26
8, 1.0, 1.0, 0.9, 1.0, 0.850, 27
8, 1.0, 1.0, 0.9, 1.0, 0.850, 28
8, 1.0, 1.0, 0.9, 1.0, 0.850, 29
8, 1.0, 1.0, 0.9, 1.0, 0.850, 30
8, 1.0, 1.0, 0.9, 1.0, 0.850, 31
8, 1.0, 1.0, 0.9, 1.0, 0.850, 32
8, 1.0, 1.0, 0.9, 1.0, 0.850, 33
8, 1.0, 1.0, 0.9, 1.0, 0.850, 34
8, 1.0, 1.0, 0.9, 1.0, 0.850, 35
8, 1.0, 1.0, 0.9, 1.0, 0.850, 36
8, 1.0, 1.0, 0.9, 1.0, 0.850, 37
8, 1.0, 1.0, 0.9, 1.0, 0.850, 38
8, 1.0, 1.0, 0.9, 1.0, 0.850, 39
8, 1.0, 1.0, 0.9, 1.0, 0.850, 40
8, 1.0, 1.0, 0.9, 1.0, 0.850, 41
8, 1.0, 1.0, 0.9, 1.0, 0.850, 42
8, 1.0, 1.0, 0.9, 1.0, 0.850, 43
8, 1.0, 1.0, 0.9, 1.0, 0.850, 44
8, 1.0, 1.0, 0.9, 1.0, 0.850, 45
8, 1.0, 1.0, 0.9, 1.0, 0.850, 46
8, 1.0, 1.0, 0.9, 1.0, 0.850, 47
8, 1.0, 1.0, 0.9, 1.0, 0.850, 48
8, 1.0, 1.0, 0.9, 1.0, 0.850, 49
8, 1.0, 1.0, 0.9, 1.0, 0.850, 50
8, 1.0, 1.0, 1.1, 1.0, 0.850, 1
8, 1.0, 1.0, 1.1, 1.0, 0.850, 2
8, 1.0, 1.0, 1.1, 1.0, 0.850, 3
8, 1.0, 1.0, 1.1, 1.0, 0.850, 4
8, 1.0, 1.0, 1.1, 1.0, 0.850, 5
8, 1.0, 1.0, 1.1, 1.0, 0.850, 6
8, 1.0, 1.0, 1.1, 1.0, 0.850, 7
8, 1.0, 1.0, 1.1, 1.0, 0.850, 8
8, 1.0, 1.0, 1.1, 1.0, 0.850, 9
8, 1.0, 1.0, 1.1, 1.0, 0.850, 10
8, 1.0, 1.0, 1.1, 1.0, 0.850, 11
8, 1.0, 1.0, 1.1, 1.0, 0.850, 12
8, 1.0, 1.0, 1.1, 1.0, 0.850, 13
8, 1.0, 1.0, 1.1, 1.0, 0.850, 14
8, 1.0, 1.0, 1.1, 1.0, 0.850, 15
8, 1.0, 1.0, 1.1, 1.0, 0.850, 16
8, 1.0, 1.0, 1.1, 1.0, 0.850, 17
8, 1.0, 1.0, 1.1, 1.0, 0.850, 18
8, 1.0, 1.0, 1.1, 1.0, 0.850, 19
8, 1.0, 1.0, 1.1, 1.0, 0.850, 20
8, 1.0, 1.0, 1.1, 1.0, 0.850, 21
8, 1.0, 1.0, 1.1, 1.0, 0.850, 22
8, 1.0, 1.0, 1.1, 1.0, 0.850, 23
8, 1.0, 1.0, 1.1, 1.0, 0.850, 24
8, 1.0, 1.0, 1.1, 1.0, 0.850, 25
8, 1.0, 1.0, 1.1, 1.0, 0.850, 26
8, 1.0, 1.0, 1.1, 1.0, 0.850, 27
8, 1.0, 1.0, 1.1, 1.0, 0.850, 28
8, 1.0, 1.0, 1.1, 1.0, 0.850, 29
8, 1.0, 1.0, 1.1, 1.0, 0.850, 30
8, 1.0, 1.0, 1.1, 1.0, 0.850, 31
8, 1.0, 1.0, 1.1, 1.0, 0.850, 32
8, 1.0, 1.0, 1.1, 1.0, 0.850, 33
8, 1.0, 1.0, 1.1, 1.0, 0.850, 34
8, 1.0, 1.0, 1.1, 1.0, 0.850, 35
8, 1.0, 1.0, 1.1, 1.0, 0.850, 36
8, 1.0, 1.0, 1.1, 1.0, 0.850, 37
8, 1.0, 1.0, 1.1, 1.0, 0.850, 38
8, 1.0, 1.0, 1.1, 1.0, 0.850, 39
8, 1.0, 1.0, 1.1, 1.0, 0.850, 40
8, 1.0, 1.0, 1.1, 1.0, 0.850, 41
8, 1.0, 1.0, 1.1, 1.0, 0.850, 42
8, 1.0, 1.0, 1.1, 1.0, 0.850, 43
8, 1.0, 1.0, 1.1, 1.0, 0.850, 44
8, 1.0, 1.0, 1.1, 1.0, 0.850, 45
8, 1.0, 1.0, 1.1, 1.0, 0.850, 46
8, 1.0, 1.0, 1.1, 1.0, 0.850, 47
8, 1.0, 1.0, 1.1, 1.0, 0.850, 48
8, 1.0, 1.0, 1.1, 1.0, 0.850, 49
8, 1.0, 1.0, 1.1, 1.0, 0.850, 50
8, 1.0, 1.0, 1.2, 1.0, 0.850, 1
8, 1.0, 1.0, 1.2, 1.0, 0.850, 2
8, 1.0, 1.0, 1.2, 1.0, 0.850, 3
8, 1.0, 1.0, 1.2, 1.0, 0.850, 4
8, 1.0, 1.0, 1.2, 1.0, 0.850, 5
8, 1.0, 1.0, 1.2, 1.0, 0.850, 6
8, 1.0, 1.0, 1.2, 1.0, 0.850, 7
8, 1.0, 1.0, 1.2, 1.0, 0.850, 8
8, 1.0, 1.0, 1.2, 1.0, 0.850, 9
8, 1.0, 1.0, 1.2, 1.0, 0.850, 10
8, 1.0, 1.0, 1.2, 1.0, 0.850, 11
8, 1.0, 1.0, 1.2, 1.0, 0.850, 12
8, 1.0, 1.0, 1.2, 1.0, 0.850, 13
8, 1.0, 1.0, 1.2, 1.0, 0.850, 14
8, 1.0, 1.0, 1.2, 1.0, 0.850, 15
8, 1.0, 1.0, 1.2, 1.0, 0.850, 16
8, 1.0, 1.0, 1.2, 1.0, 0.850, 17
8, 1.0, 1.0, 1.2, 1.0, 0.850, 18
8, 1.0, 1.0, 1.2, 1.0, 0.850, 19
8, 1.0, 1.0, 1.2, 1.0, 0.850, 20
8, 1.0, 1.0, 1.2, 1.0, 0.850, 21
8, 1.0, 1.0, 1.2, 1.0, 0.850, 22
8, 1.0, 1.0, 1.2, 1.0, 0.850, 23
8, 1.0, 1.0, 1.2, 1.0, 0.850, 24
8, 1.0, 1.0, 1.2, 1.0, 0.850, 25
8, 1.0, 1.0, 1.2, 1.0, 0.850, 26
8, 1.0, 1.0, 1.2, 1.0, 0.850, 27
8, 1.0, 1.0, 1.2, 1.0, 0.850, 28
8, 1.0, 1.0, 1.2, 1.0, 0.850, 29
8, 1.0, 1.0, 1.2, 1.0, 0.850, 30
8, 1.0, 1.0, 1.2, 1.0, 0.850, 31
8, 1.0, 1.0, 1.2, 1.0, 0.850, 32
8, 1.0, 1.0, 1.2, 1.0, 0.850, 33
8, 1.0, 1.0, 1.2, 1.0, 0.850, 34
8, 1.0, 1.0, 1.2, 1.0, 0.850, 35
8, 1.0, 1.0, 1.2, 1.0, 0.850, 36
8, 1.0, 1.0, 1.2, 1.0, 0.850, 37
8, 1.0, 1.0, 1.2, 1.0, 0.850, 38
8, 1.0, 1.0, 1.2, 1.0, 0.850, 39
8, 1.0, 1.0, 1.2, 1.0, 0.850, 40
8, 1.0, 1.0, 1.2, 1.0, 0.850, 41
8, 1.0, 1.0, 1.2, 1.0, 0.850, 42
8, 1.0, 1.0, 1.2, 1.0, 0.850, 43
8, 1.0, 1.0, 1.2, 1.0, 0.850, 44
8, 1.0, 1.0, 1.2, 1.0, 0.850, 45
8, 1.0, 1.0, 1.2, 1.0, 0.850, 46
8, 1.0, 1.0, 1.2, 1.0, 0.850, 47
8, 1.0, 1.0, 1.2, 1.0, 0.850, 48
8, 1.0, 1.0, 1.2, 1.0, 0.850, 49
8, 1.0, 1.0, 1.2, 1.0, 0.850, 50
8, 1.0, 1.0, 1.0, 0.5, 0.850, 1
8, 1.0, 1.0, 1.0, 0.5, 0.850, 2
8, 1.0, 1.0, 1.0, 0.5, 0.850, 3
8, 1.0, 1.0, 1.0, 0.5, 0.850, 4
8, 1.0, 1.0, 1.0, 0.5, 0.850, 5
8, 1.0, 1.0, 1.0, 0.5, 0.850, 6
8, 1.0, 1.0, 1.0, 0.5, 0.850, 7
8, 1.0, 1.0, 1.0, 0.5, 0.850, 8
8, 1.0, 1.0, 1.0, 0.5, 0.850, 9
8, 1.0, 1.0, 1.0, 0.5, 0.850, 10
8, 1.0, 1.0, 1.0, 0.5, 0.850, 11
8, 1.0, 1.0, 1.0, 0.5, 0.850, 12
8, 1.0, 1.0, 1.0, 0.5, 0.850, 13
8, 1.0, 1.0, 1.0, 0.5, 0.850, 14
8, 1.0, 1.0, 1.0, 0.5, 0.850, 15
8, 1.0, 1.0, 1.0, 0.5, 0.850, 16
8, 1.0, 1.0, 1.0, 0.5, 0.850, 17
8, 1.0, 1.0, 1.0, 0.5, 0.850, 18
8, 1.0, 1.0, 1.0, 0.5, 0.850, 19
8, 1.0, 1.0, 1.0, 0.5, 0.850, 20
8, 1.0, 1.0, 1.0, 0.5, 0.850, 21
8, 1.0, 1.0, 1.0, 0.5, 0.850, 22
8, 1.0, 1.0, 1.0, 0.5, 0.850, 23
8, 1.0, 1.0, 1.0, 0.5, 0.850, 24
8, 1.0, 1.0, 1.0, 0.5, 0.850, 25
8, 1.0, 1.0, 1.0, 0.5, 0.850, 26
8, 1.0, 1.0, 1.0, 0.5, 0.850, 27
8, 1.0, 1.0, 1.0, 0.5, 0.850, 28
8, 1.0, 1.0, 1.0, 0.5, 0.850, 29
8, 1.0, 1.0, 1.0, 0.5, 0.850, 30
8, 1.0, 1.0, 1.0, 0.5, 0.850, 31
8, 1.0, 1.0, 1.0, 0.5, 0.850, 32
8, 1.0, 1.0, 1.0, 0.5, 0.850, 33
8, 1.0, 1.0, 1.0, 0.5, 0.850, 34
8, 1.0, 1.0, 1.0, 0.5, 0.850, 35
8, 1.0, 1.0, 1.0, 0.5, 0.850, 36
8, 1.0, 1.0, 1.0, 0.5, 0.850, 37
8, 1.0, 1.0, 1.0, 0.5, 0.850, 38
8, 1.0, 1.0, 1.0, 0.5, 0.850, 39
8, 1.0, 1.0, 1.0, 0.5, 0.850, 40
8, 1.0, 1.0, 1.0, 0.5, 0.850, 41
8, 1.0, 1.0, 1.0, 0.5, 0.850, 42
8, 1.0, 1.0, 1.0, 0.5, 0.850, 43
8, 1.0, 1.0, 1.0, 0.5, 0.850, 44
8, 1.0, 1.0, 1.0, 0.5, 0.850, 45
8, 1.0, 1.0, 1.0, 0.5, 0.850, 46
8, 1.0, 1.0, 1.0, 0.5, 0.850, 47
8, 1.0, 1.0, 1.0, 0.5, 0.850, 48
8, 1.0, 1.0, 1.0, 0.5, 0.850, 49
8, 1.0, 1.0, 1.0, 0.5, 0.850, 50
8, 1.0, 1.0, 1.0, 0.6, 0.850, 1
8, 1.0, 1.0, 1.0, 0.6, 0.850, 2
8, 1.0, 1.0, 1.0, 0.6, 0.850, 3
8, 1.0, 1.0, 1.0, 0.6, 0.850, 4
8, 1.0, 1.0, 1.0, 0.6, 0.850, 5
8, 1.0, 1.0, 1.0, 0.6, 0.850, 6
8, 1.0, 1.0, 1.0, 0.6, 0.850, 7
8, 1.0, 1.0, 1.0, 0.6, 0.850, 8
8, 1.0, 1.0, 1.0, 0.6, 0.850, 9
8, 1.0, 1.0, 1.0, 0.6, 0.850, 10
8, 1.0, 1.0, 1.0, 0.6, 0.850, 11
8, 1.0, 1.0, 1.0, 0.6, 0.850, 12
8, 1.0, 1.0, 1.0, 0.6, 0.850, 13
8, 1.0, 1.0, 1.0, 0.6, 0.850, 14
8, 1.0, 1.0, 1.0, 0.6, 0.850, 15
8, 1.0, 1.0, 1.0, 0.6, 0.850, 16
8, 1.0, 1.0, 1.0, 0.6, 0.850, 17
8, 1.0, 1.0, 1.0, 0.6, 0.850, 18
8, 1.0, 1.0, 1.0, 0.6, 0.850, 19
8, 1.0, 1.0, 1.0, 0.6, 0.850, 20
8, 1.0, 1.0, 1.0, 0.6, 0.850, 21
8, 1.0, 1.0, 1.0, 0.6, 0.850, 22
8, 1.0, 1.0, 1.0, 0.6, 0.850, 23
8, 1.0, 1.0, 1.0, 0.6, 0.850, 24
8, 1.0, 1.0, 1.0, 0.6, 0.850, 25
8, 1.0, 1.0, 1.0, 0.6, 0.850, 26
8, 1.0, 1.0, 1.0, 0.6, 0.850, 27
8, 1.0, 1.0, 1.0, 0.6, 0.850, 28
8, 1.0, 1.0, 1.0, 0.6, 0.850, 29
8, 1.0, 1.0, 1.0, 0.6, 0.850, 30
8, 1.0, 1.0, 1.0, 0.6, 0.850, 31
8, 1.0, 1.0, 1.0, 0.6, 0.850, 32
8, 1.0, 1.0, 1.0, 0.6, 0.850, 33
8, 1.0, 1.0, 1.0, 0.6, 0.850, 34
8, 1.0, 1.0, 1.0, 0.6, 0.850, 35
8, 1.0, 1.0, 1.0, 0.6, 0.850, 36
8, 1.0, 1.0, 1.0, 0.6, 0.850, 37
8, 1.0, 1.0, 1.0, 0.6, 0.850, 38
8, 1.0, 1.0, 1.0, 0.6, 0.850, 39
8, 1.0, 1.0, 1.0, 0.6, 0.850, 40
8, 1.0, 1.0, 1.0, 0.6, 0.850, 41
8, 1.0, 1.0, 1.0, 0.6, 0.850, 42
8, 1.0, 1.0, 1.0, 0.6, 0.850, 43
8, 1.0, 1.0, 1.0, 0.6, 0.850, 44
8, 1.0, 1.0, 1.0, 0.6, 0.850, 45
8, 1.0, 1.0, 1.0, 0.6, 0.850, 46
8, 1.0, 1.0, 1.0, 0.6, 0.850, 47
8, 1.0, 1.0, 1.0, 0.6, 0.850, 48
8, 1.0, 1.0, 1.0, 0.6, 0.850, 49
8, 1.0, 1.0, 1.0, 0.6, 0.850, 50
8, 1.0, 1.0, 1.0, 0.7, 0.850, 1
8, 1.0, 1.0, 1.0, 0.7, 0.850, 2
8, 1.0, 1.0, 1.0, 0.7, 0.850, 3
8, 1.0, 1.0, 1.0, 0.7, 0.850, 4
8, 1.0, 1.0, 1.0, 0.7, 0.850, 5
8, 1.0, 1.0, 1.0, 0.7, 0.850, 6
8, 1.0, 1.0, 1.0, 0.7, 0.850, 7
8, 1.0, 1.0, 1.0, 0.7, 0.850, 8
8, 1.0, 1.0, 1.0, 0.7, 0.850, 9
8, 1.0, 1.0, 1.0, 0.7, 0.850, 10
8, 1.0, 1.0, 1.0, 0.7, 0.850, 11
8, 1.0, 1.0, 1.0, 0.7, 0.850, 12
8, 1.0, 1.0, 1.0, 0.7, 0.850, 13
8, 1.0, 1.0, 1.0, 0.7, 0.850, 14
8, 1.0, 1.0, 1.0, 0.7, 0.850, 15
8, 1.0, 1.0, 1.0, 0.7, 0.850, 16
8, 1.0, 1.0, 1.0, 0.7, 0.850, 17
8, 1.0, 1.0, 1.0, 0.7, 0.850, 18
8, 1.0, 1.0, 1.0, 0.7, 0.850, 19
8, 1.0, 1.0, 1.0, 0.7, 0.850, 20
8, 1.0, 1.0, 1.0, 0.7, 0.850, 21
8, 1.0, 1.0, 1.0, 0.7, 0.850, 22
8, 1.0, 1.0, 1.0, 0.7, 0.850, 23
8, 1.0, 1.0, 1.0, 0.7, 0.850, 24
8, 1.0, 1.0, 1.0, 0.7, 0.850, 25
8, 1.0, 1.0, 1.0, 0.7, 0.850, 26
8, 1.0, 1.0, 1.0, 0.7, 0.850, 27
8, 1.0, 1.0, 1.0, 0.7, 0.850, 28
8, 1.0, 1.0, 1.0, 0.7, 0.850, 29
8, 1.0, 1.0, 1.0, 0.7, 0.850, 30
8, 1.0, 1.0, 1.0, 0.7, 0.850, 31
8, 1.0, 1.0, 1.0, 0.7, 0.850, 32
8, 1.0, 1.0, 1.0, 0.7, 0.850, 33
8, 1.0, 1.0, 1.0, 0.7, 0.850, 34
8, 1.0, 1.0, 1.0, 0.7, 0.850, 35
8, 1.0, 1.0, 1.0, 0.7, 0.850, 36
8, 1.0, 1.0, 1.0, 0.7, 0.850, 37
8, 1.0, 1.0, 1.0, 0.7, 0.850, 38
8, 1.0, 1.0, 1.0, 0.7, 0.850, 39
8, 1.0, 1.0, 1.0, 0.7, 0.850, 40
8, 1.0, 1.0, 1.0, 0.7, 0.850, 41
8, 1.0, 1.0, 1.0, 0.7, 0.850, 42
8, 1.0, 1.0, 1.0, 0.7, 0.850, 43
8, 1.0, 1.0, 1.0, 0.7, 0.850, 44
8, 1.0, 1.0, 1.0, 0.7, 0.850, 45
8, 1.0, 1.0, 1.0, 0.7, 0.850, 46
8, 1.0, 1.0, 1.0, 0.7, 0.850, 47
8, 1.0, 1.0, 1.0, 0.7, 0.850, 48
8, 1.0, 1.0, 1.0, 0.7, 0.850, 49
8, 1.0, 1.0, 1.0, 0.7, 0.850, 50
8, 1.0, 1.0, 1.0, 0.8, 0.850, 1
8, 1.0, 1.0, 1.0, 0.8, 0.850, 2
8, 1.0, 1.0, 1.0, 0.8, 0.850, 3
8, 1.0, 1.0, 1.0, 0.8, 0.850, 4
8, 1.0, 1.0, 1.0, 0.8, 0.850, 5
8, 1.0, 1.0, 1.0, 0.8, 0.850, 6
8, 1.0, 1.0, 1.0, 0.8, 0.850, 7
8, 1.0, 1.0, 1.0, 0.8, 0.850, 8
8, 1.0, 1.0, 1.0, 0.8, 0.850, 9
8, 1.0, 1.0, 1.0, 0.8, 0.850, 10
8, 1.0, 1.0, 1.0, 0.8, 0.850, 11
8, 1.0, 1.0, 1.0, 0.8, 0.850, 12
8, 1.0, 1.0, 1.0, 0.8, 0.850, 13
8, 1.0, 1.0, 1.0, 0.8, 0.850, 14
8, 1.0, 1.0, 1.0, 0.8, 0.850, 15
8, 1.0, 1.0, 1.0, 0.8, 0.850, 16
8, 1.0, 1.0, 1.0, 0.8, 0.850, 17
8, 1.0, 1.0, 1.0, 0.8, 0.850, 18
8, 1.0, 1.0, 1.0, 0.8, 0.850, 19
8, 1.0, 1.0, 1.0, 0.8, 0.850, 20
8, 1.0, 1.0, 1.0, 0.8, 0.850, 21
8, 1.0, 1.0, 1.0, 0.8, 0.850, 22
8, 1.0, 1.0, 1.0, 0.8, 0.850, 23
8, 1.0, 1.0, 1.0, 0.8, 0.850, 24
8, 1.0, 1.0, 1.0, 0.8, 0.850, 25
8, 1.0, 1.0, 1.0, 0.8, 0.850, 26
8, 1.0, 1.0, 1.0, 0.8, 0.850, 27
8, 1.0, 1.0, 1.0, 0.8, 0.850, 28
8, 1.0, 1.0, 1.0, 0.8, 0.850, 29
8, 1.0, 1.0, 1.0, 0.8, 0.850, 30
8, 1.0, 1.0, 1.0, 0.8, 0.850, 31
8, 1.0, 1.0, 1.0, 0.8, 0.850, 32
8, 1.0, 1.0, 1.0, 0.8, 0.850, 33
8, 1.0, 1.0, 1.0, 0.8, 0.850, 34
8, 1.0, 1.0, 1.0, 0.8, 0.850, 35
8, 1.0, 1.0, 1.0, 0.8, 0.850, 36
8, 1.0, 1.0, 1.0, 0.8, 0.850, 37
8, 1.0, 1.0, 1.0, 0.8, 0.850, 38
8, 1.0, 1.0, 1.0, 0.8, 0.850, 39
8, 1.0, 1.0, 1.0, 0.8, 0.850, 40
8, 1.0, 1.0, 1.0, 0.8, 0.850, 41
8, 1.0, 1.0, 1.0, 0.8, 0.850, 42
8, 1.0, 1.0, 1.0, 0.8, 0.850, 43
8, 1.0, 1.0, 1.0, 0.8, 0.850, 44
8, 1.0, 1.0, 1.0, 0.8, 0.850, 45
8, 1.0, 1.0, 1.0, 0.8, 0.850, 46
8, 1.0, 1.0, 1.0, 0.8, 0.850, 47
8, 1.0, 1.0, 1.0, 0.8, 0.850, 48
8, 1.0, 1.0, 1.0, 0.8, 0.850, 49
8, 1.0, 1.0, 1.0, 0.8, 0.850, 50
8, 1.0, 1.0, 1.0, 0.9, 0.850, 1
8, 1.0, 1.0, 1.0, 0.9, 0.850, 2
8, 1.0, 1.0, 1.0, 0.9, 0.850, 3
8, 1.0, 1.0, 1.0, 0.9, 0.850, 4
8, 1.0, 1.0, 1.0, 0.9, 0.850, 5
8, 1.0, 1.0, 1.0, 0.9, 0.850, 6
8, 1.0, 1.0, 1.0, 0.9, 0.850, 7
8, 1.0, 1.0, 1.0, 0.9, 0.850, 8
8, 1.0, 1.0, 1.0, 0.9, 0.850, 9
8, 1.0, 1.0, 1.0, 0.9, 0.850, 10
8, 1.0, 1.0, 1.0, 0.9, 0.850, 11
8, 1.0, 1.0, 1.0, 0.9, 0.850, 12
8, 1.0, 1.0, 1.0, 0.9, 0.850, 13
8, 1.0, 1.0, 1.0, 0.9, 0.850, 14
8, 1.0, 1.0, 1.0, 0.9, 0.850, 15
8, 1.0, 1.0, 1.0, 0.9, 0.850, 16
8, 1.0, 1.0, 1.0, 0.9, 0.850, 17
8, 1.0, 1.0, 1.0, 0.9, 0.850, 18
8, 1.0, 1.0, 1.0, 0.9, 0.850, 19
8, 1.0, 1.0, 1.0, 0.9, 0.850, 20
8, 1.0, 1.0, 1.0, 0.9, 0.850, 21
8, 1.0, 1.0, 1.0, 0.9, 0.850, 22
8, 1.0, 1.0, 1.0, 0.9, 0.850, 23
8, 1.0, 1.0, 1.0, 0.9, 0.850, 24
8, 1.0, 1.0, 1.0, 0.9, 0.850, 25
8, 1.0, 1.0, 1.0, 0.9, 0.850, 26
8, 1.0, 1.0, 1.0, 0.9, 0.850, 27
8, 1.0, 1.0, 1.0, 0.9, 0.850, 28
8, 1.0, 1.0, 1.0, 0.9, 0.850, 29
8, 1.0, 1.0, 1.0, 0.9, 0.850, 30
8, 1.0, 1.0, 1.0, 0.9, 0.850, 31
8, 1.0, 1.0, 1.0, 0.9, 0.850, 32
8, 1.0, 1.0, 1.0, 0.9, 0.850, 33
8, 1.0, 1.0, 1.0, 0.9, 0.850, 34
8, 1.0, 1.0, 1.0, 0.9, 0.850, 35
8, 1.0, 1.0, 1.0, 0.9, 0.850, 36
8, 1.0, 1.0, 1.0, 0.9, 0.850, 37
8, 1.0, 1.0, 1.0, 0.9, 0.850, 38
8, 1.0, 1.0, 1.0, 0.9, 0.850, 39
8, 1.0, 1.0, 1.0, 0.9, 0.850, 40
8, 1.0, 1.0, 1.0, 0.9, 0.850, 41
8, 1.0, 1.0, 1.0, 0.9, 0.850, 42
8, 1.0, 1.0, 1.0, 0.9, 0.850, 43
8, 1.0, 1.0, 1.0, 0.9, 0.850, 44
8, 1.0, 1.0, 1.0, 0.9, 0.850, 45
8, 1.0, 1.0, 1.0, 0.9, 0.850, 46
8, 1.0, 1.0, 1.0, 0.9, 0.850, 47
8, 1.0, 1.0, 1.0, 0.9, 0.850, 48
8, 1.0, 1.0, 1.0, 0.9, 0.850, 49
8, 1.0, 1.0, 1.0, 0.9, 0.850, 50
8, 1.0, 1.0, 1.0, 1.1, 0.850, 1
8, 1.0, 1.0, 1.0, 1.1, 0.850, 2
8, 1.0, 1.0, 1.0, 1.1, 0.850, 3
8, 1.0, 1.0, 1.0, 1.1, 0.850, 4
8, 1.0, 1.0, 1.0, 1.1, 0.850, 5
8, 1.0, 1.0, 1.0, 1.1, 0.850, 6
8, 1.0, 1.0, 1.0, 1.1, 0.850, 7
8, 1.0, 1.0, 1.0, 1.1, 0.850, 8
8, 1.0, 1.0, 1.0, 1.1, 0.850, 9
8, 1.0, 1.0, 1.0, 1.1, 0.850, 10
8, 1.0, 1.0, 1.0, 1.1, 0.850, 11
8, 1.0, 1.0, 1.0, 1.1, 0.850, 12
8, 1.0, 1.0, 1.0, 1.1, 0.850, 13
8, 1.0, 1.0, 1.0, 1.1, 0.850, 14
8, 1.0, 1.0, 1.0, 1.1, 0.850, 15
8, 1.0, 1.0, 1.0, 1.1, 0.850, 16
8, 1.0, 1.0, 1.0, 1.1, 0.850, 17
8, 1.0, 1.0, 1.0, 1.1, 0.850, 18
8, 1.0, 1.0, 1.0, 1.1, 0.850, 19
8, 1.0, 1.0, 1.0, 1.1, 0.850, 20
8, 1.0, 1.0, 1.0, 1.1, 0.850, 21
8, 1.0, 1.0, 1.0, 1.1, 0.850, 22
8, 1.0, 1.0, 1.0, 1.1, 0.850, 23
8, 1.0, 1.0, 1.0, 1.1, 0.850, 24
8, 1.0, 1.0, 1.0, 1.1, 0.850, 25
8, 1.0, 1.0, 1.0, 1.1, 0.850, 26
8, 1.0, 1.0, 1.0, 1.1, 0.850, 27
8, 1.0, 1.0, 1.0, 1.1, 0.850, 28
8, 1.0, 1.0, 1.0, 1.1, 0.850, 29
8, 1.0, 1.0, 1.0, 1.1, 0.850, 30
8, 1.0, 1.0, 1.0, 1.1, 0.850, 31
8, 1.0, 1.0, 1.0, 1.1, 0.850, 32
8, 1.0, 1.0, 1.0, 1.1, 0.850, 33
8, 1.0, 1.0, 1.0, 1.1, 0.850, 34
8, 1.0, 1.0, 1.0, 1.1, 0.850, 35
8, 1.0, 1.0, 1.0, 1.1, 0.850, 36
8, 1.0, 1.0, 1.0, 1.1, 0.850, 37
8, 1.0, 1.0, 1.0, 1.1, 0.850, 38
8, 1.0, 1.0, 1.0, 1.1, 0.850, 39
8, 1.0, 1.0, 1.0, 1.1, 0.850, 40
8, 1.0, 1.0, 1.0, 1.1, 0.850, 41
8, 1.0, 1.0, 1.0, 1.1, 0.850, 42
8, 1.0, 1.0, 1.0, 1.1, 0.850, 43
8, 1.0, 1.0, 1.0, 1.1, 0.850, 44
8, 1.0, 1.0, 1.0, 1.1, 0.850, 45
8, 1.0, 1.0, 1.0, 1.1, 0.850, 46
8, 1.0, 1.0, 1.0, 1.1, 0.850, 47
8, 1.0, 1.0, 1.0, 1.1, 0.850, 48
8, 1.0, 1.0, 1.0, 1.1, 0.850, 49
8, 1.0, 1.0, 1.0, 1.1, 0.850, 50
8, 1.0, 1.0, 1.0, 1.2, 0.850, 1
8, 1.0, 1.0, 1.0, 1.2, 0.850, 2
8, 1.0, 1.0, 1.0, 1.2, 0.850, 3
8, 1.0, 1.0, 1.0, 1.2, 0.850, 4
8, 1.0, 1.0, 1.0, 1.2, 0.850, 5
8, 1.0, 1.0, 1.0, 1.2, 0.850, 6
8, 1.0, 1.0, 1.0, 1.2, 0.850, 7
8, 1.0, 1.0, 1.0, 1.2, 0.850, 8
8, 1.0, 1.0, 1.0, 1.2, 0.850, 9
8, 1.0, 1.0, 1.0, 1.2, 0.850, 10
8, 1.0, 1.0, 1.0, 1.2, 0.850, 11
8, 1.0, 1.0, 1.0, 1.2, 0.850, 12
8, 1.0, 1.0, 1.0, 1.2, 0.850, 13
8, 1.0, 1.0, 1.0, 1.2, 0.850, 14
8, 1.0, 1.0, 1.0, 1.2, 0.850, 15
8, 1.0, 1.0, 1.0, 1.2, 0.850, 16
8, 1.0, 1.0, 1.0, 1.2, 0.850, 17
8, 1.0, 1.0, 1.0, 1.2, 0.850, 18
8, 1.0, 1.0, 1.0, 1.2, 0.850, 19
8, 1.0, 1.0, 1.0, 1.2, 0.850, 20
8, 1.0, 1.0, 1.0, 1.2, 0.850, 21
8, 1.0, 1.0, 1.0, 1.2, 0.850, 22
8, 1.0, 1.0, 1.0, 1.2, 0.850, 23
8, 1.0, 1.0, 1.0, 1.2, 0.850, 24
8, 1.0, 1.0, 1.0, 1.2, 0.850, 25
8, 1.0, 1.0, 1.0, 1.2, 0.850, 26
8, 1.0, 1.0, 1.0, 1.2, 0.850, 27
8, 1.0, 1.0, 1.0, 1.2, 0.850, 28
8, 1.0, 1.0, 1.0, 1.2, 0.850, 29
8, 1.0, 1.0, 1.0, 1.2, 0.850, 30
8, 1.0, 1.0, 1.0, 1.2, 0.850, 31
8, 1.0, 1.0, 1.0, 1.2, 0.850, 32
8, 1.0, 1.0, 1.0, 1.2, 0.850, 33
8, 1.0, 1.0, 1.0, 1.2, 0.850, 34
8, 1.0, 1.0, 1.0, 1.2, 0.850, 35
8, 1.0, 1.0, 1.0, 1.2, 0.850, 36
8, 1.0, 1.0, 1.0, 1.2, 0.850, 37
8, 1.0, 1.0, 1.0, 1.2, 0.850, 38
8, 1.0, 1.0, 1.0, 1.2, 0.850, 39
8, 1.0, 1.0, 1.0, 1.2, 0.850, 40
8, 1.0, 1.0, 1.0, 1.2, 0.850, 41
8, 1.0, 1.0, 1.0, 1.2, 0.850, 42
8, 1.0, 1.0, 1.0, 1.2, 0.850, 43
8, 1.0, 1.0, 1.0, 1.2, 0.850, 44
8, 1.0, 1.0, 1.0, 1.2, 0.850, 45
8, 1.0, 1.0, 1.0, 1.2, 0.850, 46
8, 1.0, 1.0, 1.0, 1.2, 0.850, 47
8, 1.0, 1.0, 1.0, 1.2, 0.850, 48
8, 1.0, 1.0, 1.0, 1.2, 0.850, 49
8, 1.0, 1.0, 1.0, 1.2, 0.850, 50
8, 1.0, 1.0, 0.5, 0.5, 0.850, 1
8, 1.0, 1.0, 0.5, 0.5, 0.850, 2
8, 1.0, 1.0, 0.5, 0.5, 0.850, 3
8, 1.0, 1.0, 0.5, 0.5, 0.850, 4
8, 1.0, 1.0, 0.5, 0.5, 0.850, 5
8, 1.0, 1.0, 0.5, 0.5, 0.850, 6
8, 1.0, 1.0, 0.5, 0.5, 0.850, 7
8, 1.0, 1.0, 0.5, 0.5, 0.850, 8
8, 1.0, 1.0, 0.5, 0.5, 0.850, 9
8, 1.0, 1.0, 0.5, 0.5, 0.850, 10
8, 1.0, 1.0, 0.5, 0.5, 0.850, 11
8, 1.0, 1.0, 0.5, 0.5, 0.850, 12
8, 1.0, 1.0, 0.5, 0.5, 0.850, 13
8, 1.0, 1.0, 0.5, 0.5, 0.850, 14
8, 1.0, 1.0, 0.5, 0.5, 0.850, 15
8, 1.0, 1.0, 0.5, 0.5, 0.850, 16
8, 1.0, 1.0, 0.5, 0.5, 0.850, 17
8, 1.0, 1.0, 0.5, 0.5, 0.850, 18
8, 1.0, 1.0, 0.5, 0.5, 0.850, 19
8, 1.0, 1.0, 0.5, 0.5, 0.850, 20
8, 1.0, 1.0, 0.5, 0.5, 0.850, 21
8, 1.0, 1.0, 0.5, 0.5, 0.850, 22
8, 1.0, 1.0, 0.5, 0.5, 0.850, 23
8, 1.0, 1.0, 0.5, 0.5, 0.850, 24
8, 1.0, 1.0, 0.5, 0.5, 0.850, 25
8, 1.0, 1.0, 0.5, 0.5, 0.850, 26
8, 1.0, 1.0, 0.5, 0.5, 0.850, 27
8, 1.0, 1.0, 0.5, 0.5, 0.850, 28
8, 1.0, 1.0, 0.5, 0.5, 0.850, 29
8, 1.0, 1.0, 0.5, 0.5, 0.850, 30
8, 1.0, 1.0, 0.5, 0.5, 0.850, 31
8, 1.0, 1.0, 0.5, 0.5, 0.850, 32
8, 1.0, 1.0, 0.5, 0.5, 0.850, 33
8, 1.0, 1.0, 0.5, 0.5, 0.850, 34
8, 1.0, 1.0, 0.5, 0.5, 0.850, 35
8, 1.0, 1.0, 0.5, 0.5, 0.850, 36
8, 1.0, 1.0, 0.5, 0.5, 0.850, 37
8, 1.0, 1.0, 0.5, 0.5, 0.850, 38
8, 1.0, 1.0, 0.5, 0.5, 0.850, 39
8, 1.0, 1.0, 0.5, 0.5, 0.850, 40
8, 1.0, 1.0, 0.5, 0.5, 0.850, 41
8, 1.0, 1.0, 0.5, 0.5, 0.850, 42
8, 1.0, 1.0, 0.5, 0.5, 0.850, 43
8, 1.0, 1.0, 0.5, 0.5, 0.850, 44
8, 1.0, 1.0, 0.5, 0.5, 0.850, 45
8, 1.0, 1.0, 0.5, 0.5, 0.850, 46
8, 1.0, 1.0, 0.5, 0.5, 0.850, 47
8, 1.0, 1.0, 0.5, 0.5, 0.850, 48
8, 1.0, 1.0, 0.5, 0.5, 0.850, 49
8, 1.0, 1.0, 0.5, 0.5, 0.850, 50
8, 1.0, 1.0, 0.6, 0.6, 0.850, 1
8, 1.0, 1.0, 0.6, 0.6, 0.850, 2
8, 1.0, 1.0, 0.6, 0.6, 0.850, 3
8, 1.0, 1.0, 0.6, 0.6, 0.850, 4
8, 1.0, 1.0, 0.6, 0.6, 0.850, 5
8, 1.0, 1.0, 0.6, 0.6, 0.850, 6
8, 1.0, 1.0, 0.6, 0.6, 0.850, 7
8, 1.0, 1.0, 0.6, 0.6, 0.850, 8
8, 1.0, 1.0, 0.6, 0.6, 0.850, 9
8, 1.0, 1.0, 0.6, 0.6, 0.850, 10
8, 1.0, 1.0, 0.6, 0.6, 0.850, 11
8, 1.0, 1.0, 0.6, 0.6, 0.850, 12
8, 1.0, 1.0, 0.6, 0.6, 0.850, 13
8, 1.0, 1.0, 0.6, 0.6, 0.850, 14
8, 1.0, 1.0, 0.6, 0.6, 0.850, 15
8, 1.0, 1.0, 0.6, 0.6, 0.850, 16
8, 1.0, 1.0, 0.6, 0.6, 0.850, 17
8, 1.0, 1.0, 0.6, 0.6, 0.850, 18
8, 1.0, 1.0, 0.6, 0.6, 0.850, 19
8, 1.0, 1.0, 0.6, 0.6, 0.850, 20
8, 1.0, 1.0, 0.6, 0.6, 0.850, 21
8, 1.0, 1.0, 0.6, 0.6, 0.850, 22
8, 1.0, 1.0, 0.6, 0.6, 0.850, 23
8, 1.0, 1.0, 0.6, 0.6, 0.850, 24
8, 1.0, 1.0, 0.6, 0.6, 0.850, 25
8, 1.0, 1.0, 0.6, 0.6, 0.850, 26
8, 1.0, 1.0, 0.6, 0.6, 0.850, 27
8, 1.0, 1.0, 0.6, 0.6, 0.850, 28
8, 1.0, 1.0, 0.6, 0.6, 0.850, 29
8, 1.0, 1.0, 0.6, 0.6, 0.850, 30
8, 1.0, 1.0, 0.6, 0.6, 0.850, 31
8, 1.0, 1.0, 0.6, 0.6, 0.850, 32
8, 1.0, 1.0, 0.6, 0.6, 0.850, 33
8, 1.0, 1.0, 0.6, 0.6, 0.850, 34
8, 1.0, 1.0, 0.6, 0.6, 0.850, 35
8, 1.0, 1.0, 0.6, 0.6, 0.850, 36
8, 1.0, 1.0, 0.6, 0.6, 0.850, 37
8, 1.0, 1.0, 0.6, 0.6, 0.850, 38
8, 1.0, 1.0, 0.6, 0.6, 0.850, 39
8, 1.0, 1.0, 0.6, 0.6, 0.850, 40
8, 1.0, 1.0, 0.6, 0.6, 0.850, 41
8, 1.0, 1.0, 0.6, 0.6, 0.850, 42
8, 1.0, 1.0, 0.6, 0.6, 0.850, 43
8, 1.0, 1.0, 0.6, 0.6, 0.850, 44
8, 1.0, 1.0, 0.6, 0.6, 0.850, 45
8, 1.0, 1.0, 0.6, 0.6, 0.850, 46
8, 1.0, 1.0, 0.6, 0.6, 0.850, 47
8, 1.0, 1.0, 0.6, 0.6, 0.850, 48
8, 1.0, 1.0, 0.6, 0.6, 0.850, 49
8, 1.0, 1.0, 0.6, 0.6, 0.850, 50
8, 1.0, 1.0, 0.7, 0.7, 0.850, 1
8, 1.0, 1.0, 0.7, 0.7, 0.850, 2
8, 1.0, 1.0, 0.7, 0.7, 0.850, 3
8, 1.0, 1.0, 0.7, 0.7, 0.850, 4
8, 1.0, 1.0, 0.7, 0.7, 0.850, 5
8, 1.0, 1.0, 0.7, 0.7, 0.850, 6
8, 1.0, 1.0, 0.7, 0.7, 0.850, 7
8, 1.0, 1.0, 0.7, 0.7, 0.850, 8
8, 1.0, 1.0, 0.7, 0.7, 0.850, 9
8, 1.0, 1.0, 0.7, 0.7, 0.850, 10
8, 1.0, 1.0, 0.7, 0.7, 0.850, 11
8, 1.0, 1.0, 0.7, 0.7, 0.850, 12
8, 1.0, 1.0, 0.7, 0.7, 0.850, 13
8, 1.0, 1.0, 0.7, 0.7, 0.850, 14
8, 1.0, 1.0, 0.7, 0.7, 0.850, 15
8, 1.0, 1.0, 0.7, 0.7, 0.850, 16
8, 1.0, 1.0, 0.7, 0.7, 0.850, 17
8, 1.0, 1.0, 0.7, 0.7, 0.850, 18
8, 1.0, 1.0, 0.7, 0.7, 0.850, 19
8, 1.0, 1.0, 0.7, 0.7, 0.850, 20
8, 1.0, 1.0, 0.7, 0.7, 0.850, 21
8, 1.0, 1.0, 0.7, 0.7, 0.850, 22
8, 1.0, 1.0, 0.7, 0.7, 0.850, 23
8, 1.0, 1.0, 0.7, 0.7, 0.850, 24
8, 1.0, 1.0, 0.7, 0.7, 0.850, 25
8, 1.0, 1.0, 0.7, 0.7, 0.850, 26
8, 1.0, 1.0, 0.7, 0.7, 0.850, 27
8, 1.0, 1.0, 0.7, 0.7, 0.850, 28
8, 1.0, 1.0, 0.7, 0.7, 0.850, 29
8, 1.0, 1.0, 0.7, 0.7, 0.850, 30
8, 1.0, 1.0, 0.7, 0.7, 0.850, 31
8, 1.0, 1.0, 0.7, 0.7, 0.850, 32
8, 1.0, 1.0, 0.7, 0.7, 0.850, 33
8, 1.0, 1.0, 0.7, 0.7, 0.850, 34
8, 1.0, 1.0, 0.7, 0.7, 0.850, 35
8, 1.0, 1.0, 0.7, 0.7, 0.850, 36
8, 1.0, 1.0, 0.7, 0.7, 0.850, 37
8, 1.0, 1.0, 0.7, 0.7, 0.850, 38
8, 1.0, 1.0, 0.7, 0.7, 0.850, 39
8, 1.0, 1.0, 0.7, 0.7, 0.850, 40
8, 1.0, 1.0, 0.7, 0.7, 0.850, 41
8, 1.0, 1.0, 0.7, 0.7, 0.850, 42
8, 1.0, 1.0, 0.7, 0.7, 0.850, 43
8, 1.0, 1.0, 0.7, 0.7, 0.850, 44
8, 1.0, 1.0, 0.7, 0.7, 0.850, 45
8, 1.0, 1.0, 0.7, 0.7, 0.850, 46
8, 1.0, 1.0, 0.7, 0.7, 0.850, 47
8, 1.0, 1.0, 0.7, 0.7, 0.850, 48
8, 1.0, 1.0, 0.7, 0.7, 0.850, 49
8, 1.0, 1.0, 0.7, 0.7, 0.850, 50
8, 1.0, 1.0, 0.8, 0.8, 0.850, 1
8, 1.0, 1.0, 0.8, 0.8, 0.850, 2
8, 1.0, 1.0, 0.8, 0.8, 0.850, 3
8, 1.0, 1.0, 0.8, 0.8, 0.850, 4
8, 1.0, 1.0, 0.8, 0.8, 0.850, 5
8, 1.0, 1.0, 0.8, 0.8, 0.850, 6
8, 1.0, 1.0, 0.8, 0.8, 0.850, 7
8, 1.0, 1.0, 0.8, 0.8, 0.850, 8
8, 1.0, 1.0, 0.8, 0.8, 0.850, 9
8, 1.0, 1.0, 0.8, 0.8, 0.850, 10
8, 1.0, 1.0, 0.8, 0.8, 0.850, 11
8, 1.0, 1.0, 0.8, 0.8, 0.850, 12
8, 1.0, 1.0, 0.8, 0.8, 0.850, 13
8, 1.0, 1.0, 0.8, 0.8, 0.850, 14
8, 1.0, 1.0, 0.8, 0.8, 0.850, 15
8, 1.0, 1.0, 0.8, 0.8, 0.850, 16
8, 1.0, 1.0, 0.8, 0.8, 0.850, 17
8, 1.0, 1.0, 0.8, 0.8, 0.850, 18
8, 1.0, 1.0, 0.8, 0.8, 0.850, 19
8, 1.0, 1.0, 0.8, 0.8, 0.850, 20
8, 1.0, 1.0, 0.8, 0.8, 0.850, 21
8, 1.0, 1.0, 0.8, 0.8, 0.850, 22
8, 1.0, 1.0, 0.8, 0.8, 0.850, 23
8, 1.0, 1.0, 0.8, 0.8, 0.850, 24
8, 1.0, 1.0, 0.8, 0.8, 0.850, 25
8, 1.0, 1.0, 0.8, 0.8, 0.850, 26
8, 1.0, 1.0, 0.8, 0.8, 0.850, 27
8, 1.0, 1.0, 0.8, 0.8, 0.850, 28
8, 1.0, 1.0, 0.8, 0.8, 0.850, 29
8, 1.0, 1.0, 0.8, 0.8, 0.850, 30
8, 1.0, 1.0, 0.8, 0.8, 0.850, 31
8, 1.0, 1.0, 0.8, 0.8, 0.850, 32
8, 1.0, 1.0, 0.8, 0.8, 0.850, 33
8, 1.0, 1.0, 0.8, 0.8, 0.850, 34
8, 1.0, 1.0, 0.8, 0.8, 0.850, 35
8, 1.0, 1.0, 0.8, 0.8, 0.850, 36
8, 1.0, 1.0, 0.8, 0.8, 0.850, 37
8, 1.0, 1.0, 0.8, 0.8, 0.850, 38
8, 1.0, 1.0, 0.8, 0.8, 0.850, 39
8, 1.0, 1.0, 0.8, 0.8, 0.850, 40
8, 1.0, 1.0, 0.8, 0.8, 0.850, 41
8, 1.0, 1.0, 0.8, 0.8, 0.850, 42
8, 1.0, 1.0, 0.8, 0.8, 0.850, 43
8, 1.0, 1.0, 0.8, 0.8, 0.850, 44
8, 1.0, 1.0, 0.8, 0.8, 0.850, 45
8, 1.0, 1.0, 0.8, 0.8, 0.850, 46
8, 1.0, 1.0, 0.8, 0.8, 0.850, 47
8, 1.0, 1.0, 0.8, 0.8, 0.850, 48
8, 1.0, 1.0, 0.8, 0.8, 0.850, 49
8, 1.0, 1.0, 0.8, 0.8, 0.850, 50
8, 1.0, 1.0, 0.9, 0.9, 0.850, 1
8, 1.0, 1.0, 0.9, 0.9, 0.850, 2
8, 1.0, 1.0, 0.9, 0.9, 0.850, 3
8, 1.0, 1.0, 0.9, 0.9, 0.850, 4
8, 1.0, 1.0, 0.9, 0.9, 0.850, 5
8, 1.0, 1.0, 0.9, 0.9, 0.850, 6
8, 1.0, 1.0, 0.9, 0.9, 0.850, 7
8, 1.0, 1.0, 0.9, 0.9, 0.850, 8
8, 1.0, 1.0, 0.9, 0.9, 0.850, 9
8, 1.0, 1.0, 0.9, 0.9, 0.850, 10
8, 1.0, 1.0, 0.9, 0.9, 0.850, 11
8, 1.0, 1.0, 0.9, 0.9, 0.850, 12
8, 1.0, 1.0, 0.9, 0.9, 0.850, 13
8, 1.0, 1.0, 0.9, 0.9, 0.850, 14
8, 1.0, 1.0, 0.9, 0.9, 0.850, 15
8, 1.0, 1.0, 0.9, 0.9, 0.850, 16
8, 1.0, 1.0, 0.9, 0.9, 0.850, 17
8, 1.0, 1.0, 0.9, 0.9, 0.850, 18
8, 1.0, 1.0, 0.9, 0.9, 0.850, 19
8, 1.0, 1.0, 0.9, 0.9, 0.850, 20
8, 1.0, 1.0, 0.9, 0.9, 0.850, 21
8, 1.0, 1.0, 0.9, 0.9, 0.850, 22
8, 1.0, 1.0, 0.9, 0.9, 0.850, 23
8, 1.0, 1.0, 0.9, 0.9, 0.850, 24
8, 1.0, 1.0, 0.9, 0.9, 0.850, 25
8, 1.0, 1.0, 0.9, 0.9, 0.850, 26
8, 1.0, 1.0, 0.9, 0.9, 0.850, 27
8, 1.0, 1.0, 0.9, 0.9, 0.850, 28
8, 1.0, 1.0, 0.9, 0.9, 0.850, 29
8, 1.0, 1.0, 0.9, 0.9, 0.850, 30
8, 1.0, 1.0, 0.9, 0.9, 0.850, 31
8, 1.0, 1.0, 0.9, 0.9, 0.850, 32
8, 1.0, 1.0, 0.9, 0.9, 0.850, 33
8, 1.0, 1.0, 0.9, 0.9, 0.850, 34
8, 1.0, 1.0, 0.9, 0.9, 0.850, 35
8, 1.0, 1.0, 0.9, 0.9, 0.850, 36
8, 1.0, 1.0, 0.9, 0.9, 0.850, 37
8, 1.0, 1.0, 0.9, 0.9, 0.850, 38
8, 1.0, 1.0, 0.9, 0.9, 0.850, 39
8, 1.0, 1.0, 0.9, 0.9, 0.850, 40
8, 1.0, 1.0, 0.9, 0.9, 0.850, 41
8, 1.0, 1.0, 0.9, 0.9, 0.850, 42
8, 1.0, 1.0, 0.9, 0.9, 0.850, 43
8, 1.0, 1.0, 0.9, 0.9, 0.850, 44
8, 1.0, 1.0, 0.9, 0.9, 0.850, 45
8, 1.0, 1.0, 0.9, 0.9, 0.850, 46
8, 1.0, 1.0, 0.9, 0.9, 0.850, 47
8, 1.0, 1.0, 0.9, 0.9, 0.850, 48
8, 1.0, 1.0, 0.9, 0.9, 0.850, 49
8, 1.0, 1.0, 0.9, 0.9, 0.850, 50
8, 1.0, 1.0, 1.1, 1.1, 0.850, 1
8, 1.0, 1.0, 1.1, 1.1, 0.850, 2
8, 1.0, 1.0, 1.1, 1.1, 0.850, 3
8, 1.0, 1.0, 1.1, 1.1, 0.850, 4
8, 1.0, 1.0, 1.1, 1.1, 0.850, 5
8, 1.0, 1.0, 1.1, 1.1, 0.850, 6
8, 1.0, 1.0, 1.1, 1.1, 0.850, 7
8, 1.0, 1.0, 1.1, 1.1, 0.850, 8
8, 1.0, 1.0, 1.1, 1.1, 0.850, 9
8, 1.0, 1.0, 1.1, 1.1, 0.850, 10
8, 1.0, 1.0, 1.1, 1.1, 0.850, 11
8, 1.0, 1.0, 1.1, 1.1, 0.850, 12
8, 1.0, 1.0, 1.1, 1.1, 0.850, 13
8, 1.0, 1.0, 1.1, 1.1, 0.850, 14
8, 1.0, 1.0, 1.1, 1.1, 0.850, 15
8, 1.0, 1.0, 1.1, 1.1, 0.850, 16
8, 1.0, 1.0, 1.1, 1.1, 0.850, 17
8, 1.0, 1.0, 1.1, 1.1, 0.850, 18
8, 1.0, 1.0, 1.1, 1.1, 0.850, 19
8, 1.0, 1.0, 1.1, 1.1, 0.850, 20
8, 1.0, 1.0, 1.1, 1.1, 0.850, 21
8, 1.0, 1.0, 1.1, 1.1, 0.850, 22
8, 1.0, 1.0, 1.1, 1.1, 0.850, 23
8, 1.0, 1.0, 1.1, 1.1, 0.850, 24
8, 1.0, 1.0, 1.1, 1.1, 0.850, 25
8, 1.0, 1.0, 1.1, 1.1, 0.850, 26
8, 1.0, 1.0, 1.1, 1.1, 0.850, 27
8, 1.0, 1.0, 1.1, 1.1, 0.850, 28
8, 1.0, 1.0, 1.1, 1.1, 0.850, 29
8, 1.0, 1.0, 1.1, 1.1, 0.850, 30
8, 1.0, 1.0, 1.1, 1.1, 0.850, 31
8, 1.0, 1.0, 1.1, 1.1, 0.850, 32
8, 1.0, 1.0, 1.1, 1.1, 0.850, 33
8, 1.0, 1.0, 1.1, 1.1, 0.850, 34
8, 1.0, 1.0, 1.1, 1.1, 0.850, 35
8, 1.0, 1.0, 1.1, 1.1, 0.850, 36
8, 1.0, 1.0, 1.1, 1.1, 0.850, 37
8, 1.0, 1.0, 1.1, 1.1, 0.850, 38
8, 1.0, 1.0, 1.1, 1.1, 0.850, 39
8, 1.0, 1.0, 1.1, 1.1, 0.850, 40
8, 1.0, 1.0, 1.1, 1.1, 0.850, 41
8, 1.0, 1.0, 1.1, 1.1, 0.850, 42
8, 1.0, 1.0, 1.1, 1.1, 0.850, 43
8, 1.0, 1.0, 1.1, 1.1, 0.850, 44
8, 1.0, 1.0, 1.1, 1.1, 0.850, 45
8, 1.0, 1.0, 1.1, 1.1, 0.850, 46
8, 1.0, 1.0, 1.1, 1.1, 0.850, 47
8, 1.0, 1.0, 1.1, 1.1, 0.850, 48
8, 1.0, 1.0, 1.1, 1.1, 0.850, 49
8, 1.0, 1.0, 1.1, 1.1, 0.850, 50
8, 1.0, 1.0, 1.2, 1.2, 0.850, 1
8, 1.0, 1.0, 1.2, 1.2, 0.850, 2
8, 1.0, 1.0, 1.2, 1.2, 0.850, 3
8, 1.0, 1.0, 1.2, 1.2, 0.850, 4
8, 1.0, 1.0, 1.2, 1.2, 0.850, 5
8, 1.0, 1.0, 1.2, 1.2, 0.850, 6
8, 1.0, 1.0, 1.2, 1.2, 0.850, 7
8, 1.0, 1.0, 1.2, 1.2, 0.850, 8
8, 1.0, 1.0, 1.2, 1.2, 0.850, 9
8, 1.0, 1.0, 1.2, 1.2, 0.850, 10
8, 1.0, 1.0, 1.2, 1.2, 0.850, 11
8, 1.0, 1.0, 1.2, 1.2, 0.850, 12
8, 1.0, 1.0, 1.2, 1.2, 0.850, 13
8, 1.0, 1.0, 1.2, 1.2, 0.850, 14
8, 1.0, 1.0, 1.2, 1.2, 0.850, 15
8, 1.0, 1.0, 1.2, 1.2, 0.850, 16
8, 1.0, 1.0, 1.2, 1.2, 0.850, 17
8, 1.0, 1.0, 1.2, 1.2, 0.850, 18
8, 1.0, 1.0, 1.2, 1.2, 0.850, 19
8, 1.0, 1.0, 1.2, 1.2, 0.850, 20
8, 1.0, 1.0, 1.2, 1.2, 0.850, 21
8, 1.0, 1.0, 1.2, 1.2, 0.850, 22
8, 1.0, 1.0, 1.2, 1.2, 0.850, 23
8, 1.0, 1.0, 1.2, 1.2, 0.850, 24
8, 1.0, 1.0, 1.2, 1.2, 0.850, 25
8, 1.0, 1.0, 1.2, 1.2, 0.850, 26
8, 1.0, 1.0, 1.2, 1.2, 0.850, 27
8, 1.0, 1.0, 1.2, 1.2, 0.850, 28
8, 1.0, 1.0, 1.2, 1.2, 0.850, 29
8, 1.0, 1.0, 1.2, 1.2, 0.850, 30
8, 1.0, 1.0, 1.2, 1.2, 0.850, 31
8, 1.0, 1.0, 1.2, 1.2, 0.850, 32
8, 1.0, 1.0, 1.2, 1.2, 0.850, 33
8, 1.0, 1.0, 1.2, 1.2, 0.850, 34
8, 1.0, 1.0, 1.2, 1.2, 0.850, 35
8, 1.0, 1.0, 1.2, 1.2, 0.850, 36
8, 1.0, 1.0, 1.2, 1.2, 0.850, 37
8, 1.0, 1.0, 1.2, 1.2, 0.850, 38
8, 1.0, 1.0, 1.2, 1.2, 0.850, 39
8, 1.0, 1.0, 1.2, 1.2, 0.850, 40
8, 1.0, 1.0, 1.2, 1.2, 0.850, 41
8, 1.0, 1.0, 1.2, 1.2, 0.850, 42
8, 1.0, 1.0, 1.2, 1.2, 0.850, 43
8, 1.0, 1.0, 1.2, 1.2, 0.850, 44
8, 1.0, 1.0, 1.2, 1.2, 0.850, 45
8, 1.0, 1.0, 1.2, 1.2, 0.850, 46
8, 1.0, 1.0, 1.2, 1.2, 0.850, 47
8, 1.0, 1.0, 1.2, 1.2, 0.850, 48
8, 1.0, 1.0, 1.2, 1.2, 0.850, 49
8, 1.0, 1.0, 1.2, 1.2, 0.850, 50
8, 1.0, 1.0, 1.0, 1.0, 1.000, 1
8, 1.0, 1.0, 1.0, 1.0, 1.000, 2
8, 1.0, 1.0, 1.0, 1.0, 1.000, 3
8, 1.0, 1.0, 1.0, 1.0, 1.000, 4
8, 1.0, 1.0, 1.0, 1.0, 1.000, 5
8, 1.0, 1.0, 1.0, 1.0, 1.000, 6
8, 1.0, 1.0, 1.0, 1.0, 1.000, 7
8, 1.0, 1.0, 1.0, 1.0, 1.000, 8
8, 1.0, 1.0, 1.0, 1.0, 1.000, 9
8, 1.0, 1.0, 1.0, 1.0, 1.000, 10
8, 1.0, 1.0, 1.0, 1.0, 1.000, 11
8, 1.0, 1.0, 1.0, 1.0, 1.000, 12
8, 1.0, 1.0, 1.0, 1.0, 1.000, 13
8, 1.0, 1.0, 1.0, 1.0, 1.000, 14
8, 1.0, 1.0, 1.0, 1.0, 1.000, 15
8, 1.0, 1.0, 1.0, 1.0, 1.000, 16
8, 1.0, 1.0, 1.0, 1.0, 1.000, 17
8, 1.0, 1.0, 1.0, 1.0, 1.000, 18
8, 1.0, 1.0, 1.0, 1.0, 1.000, 19
8, 1.0, 1.0, 1.0, 1.0, 1.000, 20
8, 1.0, 1.0, 1.0, 1.0, 1.000, 21
8, 1.0, 1.0, 1.0, 1.0, 1.000, 22
8, 1.0, 1.0, 1.0, 1.0, 1.000, 23
8, 1.0, 1.0, 1.0, 1.0, 1.000, 24
8, 1.0, 1.0, 1.0, 1.0, 1.000, 25
8, 1.0, 1.0, 1.0, 1.0, 1.000, 26
8, 1.0, 1.0, 1.0, 1.0, 1.000, 27
8, 1.0, 1.0, 1.0, 1.0, 1.000, 28
8, 1.0, 1.0, 1.0, 1.0, 1.000, 29
8, 1.0, 1.0, 1.0, 1.0, 1.000, 30
8, 1.0, 1.0, 1.0, 1.0, 1.000, 31
8, 1.0, 1.0, 1.0, 1.0, 1.000, 32
8, 1.0, 1.0, 1.0, 1.0, 1.000, 33
8, 1.0, 1.0, 1.0, 1.0, 1.000, 34
8, 1.0, 1.0, 1.0, 1.0, 1.000, 35
8, 1.0, 1.0, 1.0, 1.0, 1.000, 36
8, 1.0, 1.0, 1.0, 1.0, 1.000, 37
8, 1.0, 1.0, 1.0, 1.0, 1.000, 38
8, 1.0, 1.0, 1.0, 1.0, 1.000, 39
8, 1.0, 1.0, 1.0, 1.0, 1.000, 40
8, 1.0, 1.0, 1.0, 1.0, 1.000, 41
8, 1.0, 1.0, 1.0, 1.0, 1.000, 42
8, 1.0, 1.0, 1.0, 1.0, 1.000, 43
8, 1.0, 1.0, 1.0, 1.0, 1.000, 44
8, 1.0, 1.0, 1.0, 1.0, 1.000, 45
8, 1.0, 1.0, 1.0, 1.0, 1.000, 46
8, 1.0, 1.0, 1.0, 1.0, 1.000, 47
8, 1.0, 1.0, 1.0, 1.0, 1.000, 48
8, 1.0, 1.0, 1.0, 1.0, 1.000, 49
8, 1.0, 1.0, 1.0, 1.0, 1.000, 50
8, 1.0, 1.0, 1.0, 1.0, 0.900, 1
8, 1.0, 1.0, 1.0, 1.0, 0.900, 2
8, 1.0, 1.0, 1.0, 1.0, 0.900, 3
8, 1.0, 1.0, 1.0, 1.0, 0.900, 4
8, 1.0, 1.0, 1.0, 1.0, 0.900, 5
8, 1.0, 1.0, 1.0, 1.0, 0.900, 6
8, 1.0, 1.0, 1.0, 1.0, 0.900, 7
8, 1.0, 1.0, 1.0, 1.0, 0.900, 8
8, 1.0, 1.0, 1.0, 1.0, 0.900, 9
8, 1.0, 1.0, 1.0, 1.0, 0.900, 10
8, 1.0, 1.0, 1.0, 1.0, 0.900, 11
8, 1.0, 1.0, 1.0, 1.0, 0.900, 12
8, 1.0, 1.0, 1.0, 1.0, 0.900, 13
8, 1.0, 1.0, 1.0, 1.0, 0.900, 14
8, 1.0, 1.0, 1.0, 1.0, 0.900, 15
8, 1.0, 1.0, 1.0, 1.0, 0.900, 16
8, 1.0, 1.0, 1.0, 1.0, 0.900, 17
8, 1.0, 1.0, 1.0, 1.0, 0.900, 18
8, 1.0, 1.0, 1.0, 1.0, 0.900, 19
8, 1.0, 1.0, 1.0, 1.0, 0.900, 20
8, 1.0, 1.0, 1.0, 1.0, 0.900, 21
8, 1.0, 1.0, 1.0, 1.0, 0.900, 22
8, 1.0, 1.0, 1.0, 1.0, 0.900, 23
8, 1.0, 1.0, 1.0, 1.0, 0.900, 24
8, 1.0, 1.0, 1.0, 1.0, 0.900, 25
8, 1.0, 1.0, 1.0, 1.0, 0.900, 26
8, 1.0, 1.0, 1.0, 1.0, 0.900, 27
8, 1.0, 1.0, 1.0, 1.0, 0.900, 28
8, 1.0, 1.0, 1.0, 1.0, 0.900, 29
8, 1.0, 1.0, 1.0, 1.0, 0.900, 30
8, 1.0, 1.0, 1.0, 1.0, 0.900, 31
8, 1.0, 1.0, 1.0, 1.0, 0.900, 32
8, 1.0, 1.0, 1.0, 1.0, 0.900, 33
8, 1.0, 1.0, 1.0, 1.0, 0.900, 34
8, 1.0, 1.0, 1.0, 1.0, 0.900, 35
8, 1.0, 1.0, 1.0, 1.0, 0.900, 36
8, 1.0, 1.0, 1.0, 1.0, 0.900, 37
8, 1.0, 1.0, 1.0, 1.0, 0.900, 38
8, 1.0, 1.0, 1.0, 1.0, 0.900, 39
8, 1.0, 1.0, 1.0, 1.0, 0.900, 40
8, 1.0, 1.0, 1.0, 1.0, 0.900, 41
8, 1.0, 1.0, 1.0, 1.0, 0.900, 42
8, 1.0, 1.0, 1.0, 1.0, 0.900, 43
8, 1.0, 1.0, 1.0, 1.0, 0.900, 44
8, 1.0, 1.0, 1.0, 1.0, 0.900, 45
8, 1.0, 1.0, 1.0, 1.0, 0.900, 46
8, 1.0, 1.0, 1.0, 1.0, 0.900, 47
8, 1.0, 1.0, 1.0, 1.0, 0.900, 48
8, 1.0, 1.0, 1.0, 1.0, 0.900, 49
8, 1.0, 1.0, 1.0, 1.0, 0.900, 50
8, 1.0, 1.0, 1.0, 1.0, 0.875, 1
8, 1.0, 1.0, 1.0, 1.0, 0.875, 2
8, 1.0, 1.0, 1.0, 1.0, 0.875, 3
8, 1.0, 1.0, 1.0, 1.0, 0.875, 4
8, 1.0, 1.0, 1.0, 1.0, 0.875, 5
8, 1.0, 1.0, 1.0, 1.0, 0.875, 6
8, 1.0, 1.0, 1.0, 1.0, 0.875, 7
8, 1.0, 1.0, 1.0, 1.0, 0.875, 8
8, 1.0, 1.0, 1.0, 1.0, 0.875, 9
8, 1.0, 1.0, 1.0, 1.0, 0.875, 10
8, 1.0, 1.0, 1.0, 1.0, 0.875, 11
8, 1.0, 1.0, 1.0, 1.0, 0.875, 12
8, 1.0, 1.0, 1.0, 1.0, 0.875, 13
8, 1.0, 1.0, 1.0, 1.0, 0.875, 14
8, 1.0, 1.0, 1.0, 1.0, 0.875, 15
8, 1.0, 1.0, 1.0, 1.0, 0.875, 16
8, 1.0, 1.0, 1.0, 1.0, 0.875, 17
8, 1.0, 1.0, 1.0, 1.0, 0.875, 18
8, 1.0, 1.0, 1.0, 1.0, 0.875, 19
8, 1.0, 1.0, 1.0, 1.0, 0.875, 20
8, 1.0, 1.0, 1.0, 1.0, 0.875, 21
8, 1.0, 1.0, 1.0, 1.0, 0.875, 22
8, 1.0, 1.0, 1.0, 1.0, 0.875, 23
8, 1.0, 1.0, 1.0, 1.0, 0.875, 24
8, 1.0, 1.0, 1.0, 1.0, 0.875, 25
8, 1.0, 1.0, 1.0, 1.0, 0.875, 26
8, 1.0, 1.0, 1.0, 1.0, 0.875, 27
8, 1.0, 1.0, 1.0, 1.0, 0.875, 28
8, 1.0, 1.0, 1.0, 1.0, 0.875, 29
8, 1.0, 1.0, 1.0, 1.0, 0.875, 30
8, 1.0, 1.0, 1.0, 1.0, 0.875, 31
8, 1.0, 1.0, 1.0, 1.0, 0.875, 32
8, 1.0, 1.0, 1.0, 1.0, 0.875, 33
8, 1.0, 1.0, 1.0, 1.0, 0.875, 34
8, 1.0, 1.0, 1.0, 1.0, 0.875, 35
8, 1.0, 1.0, 1.0, 1.0, 0.875, 36
8, 1.0, 1.0, 1.0, 1.0, 0.875, 37
8, 1.0, 1.0, 1.0, 1.0, 0.875, 38
8, 1.0, 1.0, 1.0, 1.0, 0.875, 39
8, 1.0, 1.0, 1.0, 1.0, 0.875, 40
8, 1.0, 1.0, 1.0, 1.0, 0.875, 41
8, 1.0, 1.0, 1.0, 1.0, 0.875, 42
8, 1.0, 1.0, 1.0, 1.0, 0.875, 43
8, 1.0, 1.0, 1.0, 1.0, 0.875, 44
8, 1.0, 1.0, 1.0, 1.0, 0.875, 45
8, 1.0, 1.0, 1.0, 1.0, 0.875, 46
8, 1.0, 1.0, 1.0, 1.0, 0.875, 47
8, 1.0, 1.0, 1.0, 1.0, 0.875, 48
8, 1.0, 1.0, 1.0, 1.0, 0.875, 49
8, 1.0, 1.0, 1.0, 1.0, 0.875, 50
8, 1.0, 1.0, 1.0, 1.0, 0.825, 1
8, 1.0, 1.0, 1.0, 1.0, 0.825, 2
8, 1.0, 1.0, 1.0, 1.0, 0.825, 3
8, 1.0, 1.0, 1.0, 1.0, 0.825, 4
8, 1.0, 1.0, 1.0, 1.0, 0.825, 5
8, 1.0, 1.0, 1.0, 1.0, 0.825, 6
8, 1.0, 1.0, 1.0, 1.0, 0.825, 7
8, 1.0, 1.0, 1.0, 1.0, 0.825, 8
8, 1.0, 1.0, 1.0, 1.0, 0.825, 9
8, 1.0, 1.0, 1.0, 1.0, 0.825, 10
8, 1.0, 1.0, 1.0, 1.0, 0.825, 11
8, 1.0, 1.0, 1.0, 1.0, 0.825, 12
8, 1.0, 1.0, 1.0, 1.0, 0.825, 13
8, 1.0, 1.0, 1.0, 1.0, 0.825, 14
8, 1.0, 1.0, 1.0, 1.0, 0.825, 15
8, 1.0, 1.0, 1.0, 1.0, 0.825, 16
8, 1.0, 1.0, 1.0, 1.0, 0.825, 17
8, 1.0, 1.0, 1.0, 1.0, 0.825, 18
8, 1.0, 1.0, 1.0, 1.0, 0.825, 19
8, 1.0, 1.0, 1.0, 1.0, 0.825, 20
8, 1.0, 1.0, 1.0, 1.0, 0.825, 21
8, 1.0, 1.0, 1.0, 1.0, 0.825, 22
8, 1.0, 1.0, 1.0, 1.0, 0.825, 23
8, 1.0, 1.0, 1.0, 1.0, 0.825, 24
8, 1.0, 1.0, 1.0, 1.0, 0.825, 25
8, 1.0, 1.0, 1.0, 1.0, 0.825, 26
8, 1.0, 1.0, 1.0, 1.0, 0.825, 27
8, 1.0, 1.0, 1.0, 1.0, 0.825, 28
8, 1.0, 1.0, 1.0, 1.0, 0.825, 29
8, 1.0, 1.0, 1.0, 1.0, 0.825, 30
8, 1.0, 1.0, 1.0, 1.0, 0.825, 31
8, 1.0, 1.0, 1.0, 1.0, 0.825, 32
8, 1.0, 1.0, 1.0, 1.0, 0.825, 33
8, 1.0, 1.0, 1.0, 1.0, 0.825, 34
8, 1.0, 1.0, 1.0, 1.0, 0.825, 35
8, 1.0, 1.0, 1.0, 1.0, 0.825, 36
8, 1.0, 1.0, 1.0, 1.0, 0.825, 37
8, 1.0, 1.0, 1.0, 1.0, 0.825, 38
8, 1.0, 1.0, 1.0, 1.0, 0.825, 39
8, 1.0, 1.0, 1.0, 1.0, 0.825, 40
8, 1.0, 1.0, 1.0, 1.0, 0.825, 41
8, 1.0, 1.0, 1.0, 1.0, 0.825, 42
8, 1.0, 1.0, 1.0, 1.0, 0.825, 43
8, 1.0, 1.0, 1.0, 1.0, 0.825, 44
8, 1.0, 1.0, 1.0, 1.0, 0.825, 45
8, 1.0, 1.0, 1.0, 1.0, 0.825, 46
8, 1.0, 1.0, 1.0, 1.0, 0.825, 47
8, 1.0, 1.0, 1.0, 1.0, 0.825, 48
8, 1.0, 1.0, 1.0, 1.0, 0.825, 49
8, 1.0, 1.0, 1.0, 1.0, 0.825, 50
8, 1.0, 1.0, 1.0, 1.0, 0.750, 1
8, 1.0, 1.0, 1.0, 1.0, 0.750, 2
8, 1.0, 1.0, 1.0, 1.0, 0.750, 3
8, 1.0, 1.0, 1.0, 1.0, 0.750, 4
8, 1.0, 1.0, 1.0, 1.0, 0.750, 5
8, 1.0, 1.0, 1.0, 1.0, 0.750, 6
8, 1.0, 1.0, 1.0, 1.0, 0.750, 7
8, 1.0, 1.0, 1.0, 1.0, 0.750, 8
8, 1.0, 1.0, 1.0, 1.0, 0.750, 9
8, 1.0, 1.0, 1.0, 1.0, 0.750, 10
8, 1.0, 1.0, 1.0, 1.0, 0.750, 11
8, 1.0, 1.0, 1.0, 1.0, 0.750, 12
8, 1.0, 1.0, 1.0, 1.0, 0.750, 13
8, 1.0, 1.0, 1.0, 1.0, 0.750, 14
8, 1.0, 1.0, 1.0, 1.0, 0.750, 15
8, 1.0, 1.0, 1.0, 1.0, 0.750, 16
8, 1.0, 1.0, 1.0, 1.0, 0.750, 17
8, 1.0, 1.0, 1.0, 1.0, 0.750, 18
8, 1.0, 1.0, 1.0, 1.0, 0.750, 19
8, 1.0, 1.0, 1.0, 1.0, 0.750, 20
8, 1.0, 1.0, 1.0, 1.0, 0.750, 21
8, 1.0, 1.0, 1.0, 1.0, 0.750, 22
8, 1.0, 1.0, 1.0, 1.0, 0.750, 23
8, 1.0, 1.0, 1.0, 1.0, 0.750, 24
8, 1.0, 1.0, 1.0, 1.0, 0.750, 25
8, 1.0, 1.0, 1.0, 1.0, 0.750, 26
8, 1.0, 1.0, 1.0, 1.0, 0.750, 27
8, 1.0, 1.0, 1.0, 1.0, 0.750, 28
8, 1.0, 1.0, 1.0, 1.0, 0.750, 29
8, 1.0, 1.0, 1.0, 1.0, 0.750, 30
8, 1.0, 1.0, 1.0, 1.0, 0.750, 31
8, 1.0, 1.0, 1.0, 1.0, 0.750, 32
8, 1.0, 1.0, 1.0, 1.0, 0.750, 33
8, 1.0, 1.0, 1.0, 1.0, 0.750, 34
8, 1.0, 1.0, 1.0, 1.0, 0.750, 35
8, 1.0, 1.0, 1.0, 1.0, 0.750, 36
8, 1.0, 1.0, 1.0, 1.0, 0.750, 37
8, 1.0, 1.0, 1.0, 1.0, 0.750, 38
8, 1.0, 1.0, 1.0, 1.0, 0.750, 39
8, 1.0, 1.0, 1.0, 1.0, 0.750, 40
8, 1.0, 1.0, 1.0, 1.0, 0.750, 41
8, 1.0, 1.0, 1.0, 1.0, 0.750, 42
8, 1.0, 1.0, 1.0, 1.0, 0.750, 43
8, 1.0, 1.0, 1.0, 1.0, 0.750, 44
8, 1.0, 1.0, 1.0, 1.0, 0.750, 45
8, 1.0, 1.0, 1.0, 1.0, 0.750, 46
8, 1.0, 1.0, 1.0, 1.0, 0.750, 47
8, 1.0, 1.0, 1.0, 1.0, 0.750, 48
8, 1.0, 1.0, 1.0, 1.0, 0.750, 49
8, 1.0, 1.0, 1.0, 1.0, 0.750, 50
8, 1.0, 1.0, 1.0, 1.0, 0.700, 1
8, 1.0, 1.0, 1.0, 1.0, 0.700, 2
8, 1.0, 1.0, 1.0, 1.0, 0.700, 3
8, 1.0, 1.0, 1.0, 1.0, 0.700, 4
8, 1.0, 1.0, 1.0, 1.0, 0.700, 5
8, 1.0, 1.0, 1.0, 1.0, 0.700, 6
8, 1.0, 1.0, 1.0, 1.0, 0.700, 7
8, 1.0, 1.0, 1.0, 1.0, 0.700, 8
8, 1.0, 1.0, 1.0, 1.0, 0.700, 9
8, 1.0, 1.0, 1.0, 1.0, 0.700, 10
8, 1.0, 1.0, 1.0, 1.0, 0.700, 11
8, 1.0, 1.0, 1.0, 1.0, 0.700, 12
8, 1.0, 1.0, 1.0, 1.0, 0.700, 13
8, 1.0, 1.0, 1.0, 1.0, 0.700, 14
8, 1.0, 1.0, 1.0, 1.0, 0.700, 15
8, 1.0, 1.0, 1.0, 1.0, 0.700, 16
8, 1.0, 1.0, 1.0, 1.0, 0.700, 17
8, 1.0, 1.0, 1.0, 1.0, 0.700, 18
8, 1.0, 1.0, 1.0, 1.0, 0.700, 19
8, 1.0, 1.0, 1.0, 1.0, 0.700, 20
8, 1.0, 1.0, 1.0, 1.0, 0.700, 21
8, 1.0, 1.0, 1.0, 1.0, 0.700, 22
8, 1.0, 1.0, 1.0, 1.0, 0.700, 23
8, 1.0, 1.0, 1.0, 1.0, 0.700, 24
8, 1.0, 1.0, 1.0, 1.0, 0.700, 25
8, 1.0, 1.0, 1.0, 1.0, 0.700, 26
8, 1.0, 1.0, 1.0, 1.0, 0.700, 27
8, 1.0, 1.0, 1.0, 1.0, 0.700, 28
8, 1.0, 1.0, 1.0, 1.0, 0.700, 29
8, 1.0, 1.0, 1.0, 1.0, 0.700, 30
8, 1.0, 1.0, 1.0, 1.0, 0.700, 31
8, 1.0, 1.0, 1.0, 1.0, 0.700, 32
8, 1.0, 1.0, 1.0, 1.0, 0.700, 33
8, 1.0, 1.0, 1.0, 1.0, 0.700, 34
8, 1.0, 1.0, 1.0, 1.0, 0.700, 35
8, 1.0, 1.0, 1.0, 1.0, 0.700, 36
8, 1.0, 1.0, 1.0, 1.0, 0.700, 37
8, 1.0, 1.0, 1.0, 1.0, 0.700, 38
8, 1.0, 1.0, 1.0, 1.0, 0.700, 39
8, 1.0, 1.0, 1.0, 1.0, 0.700, 40
8, 1.0, 1.0, 1.0, 1.0, 0.700, 41
8, 1.0, 1.0, 1.0, 1.0, 0.700, 42
8, 1.0, 1.0, 1.0, 1.0, 0.700, 43
8, 1.0, 1.0, 1.0, 1.0, 0.700, 44
8, 1.0, 1.0, 1.0, 1.0, 0.700, 45
8, 1.0, 1.0, 1.0, 1.0, 0.700, 46
8, 1.0, 1.0, 1.0, 1.0, 0.700, 47
8, 1.0, 1.0, 1.0, 1.0, 0.700, 48
8, 1.0, 1.0, 1.0, 1.0, 0.700, 49
8, 1.0, 1.0, 1.0, 1.0, 0.700, 50
8, 1.0, 1.0, 1.0, 1.0, 0.650, 1
8, 1.0, 1.0, 1.0, 1.0, 0.650, 2
8, 1.0, 1.0, 1.0, 1.0, 0.650, 3
8, 1.0, 1.0, 1.0, 1.0, 0.650, 4
8, 1.0, 1.0, 1.0, 1.0, 0.650, 5
8, 1.0, 1.0, 1.0, 1.0, 0.650, 6
8, 1.0, 1.0, 1.0, 1.0, 0.650, 7
8, 1.0, 1.0, 1.0, 1.0, 0.650, 8
8, 1.0, 1.0, 1.0, 1.0, 0.650, 9
8, 1.0, 1.0, 1.0, 1.0, 0.650, 10
8, 1.0, 1.0, 1.0, 1.0, 0.650, 11
8, 1.0, 1.0, 1.0, 1.0, 0.650, 12
8, 1.0, 1.0, 1.0, 1.0, 0.650, 13
8, 1.0, 1.0, 1.0, 1.0, 0.650, 14
8, 1.0, 1.0, 1.0, 1.0, 0.650, 15
8, 1.0, 1.0, 1.0, 1.0, 0.650, 16
8, 1.0, 1.0, 1.0, 1.0, 0.650, 17
8, 1.0, 1.0, 1.0, 1.0, 0.650, 18
8, 1.0, 1.0, 1.0, 1.0, 0.650, 19
8, 1.0, 1.0, 1.0, 1.0, 0.650, 20
8, 1.0, 1.0, 1.0, 1.0, 0.650, 21
8, 1.0, 1.0, 1.0, 1.0, 0.650, 22
8, 1.0, 1.0, 1.0, 1.0, 0.650, 23
8, 1.0, 1.0, 1.0, 1.0, 0.650, 24
8, 1.0, 1.0, 1.0, 1.0, 0.650, 25
8, 1.0, 1.0, 1.0, 1.0, 0.650, 26
8, 1.0, 1.0, 1.0, 1.0, 0.650, 27
8, 1.0, 1.0, 1.0, 1.0, 0.650, 28
8, 1.0, 1.0, 1.0, 1.0, 0.650, 29
8, 1.0, 1.0, 1.0, 1.0, 0.650, 30
8, 1.0, 1.0, 1.0, 1.0, 0.650, 31
8, 1.0, 1.0, 1.0, 1.0, 0.650, 32
8, 1.0, 1.0, 1.0, 1.0, 0.650, 33
8, 1.0, 1.0, 1.0, 1.0, 0.650, 34
8, 1.0, 1.0, 1.0, 1.0, 0.650, 35
8, 1.0, 1.0, 1.0, 1.0, 0.650, 36
8, 1.0, 1.0, 1.0, 1.0, 0.650, 37
8, 1.0, 1.0, 1.0, 1.0, 0.650, 38
8, 1.0, 1.0, 1.0, 1.0, 0.650, 39
8, 1.0, 1.0, 1.0, 1.0, 0.650, 40
8, 1.0, 1.0, 1.0, 1.0, 0.650, 41
8, 1.0, 1.0, 1.0, 1.0, 0.650, 42
8, 1.0, 1.0, 1.0, 1.0, 0.650, 43
8, 1.0, 1.0, 1.0, 1.0, 0.650, 44
8, 1.0, 1.0, 1.0, 1.0, 0.650, 45
8, 1.0, 1.0, 1.0, 1.0, 0.650, 46
8, 1.0, 1.0, 1.0, 1.0, 0.650, 47
8, 1.0, 1.0, 1.0, 1.0, 0.650, 48
8, 1.0, 1.0, 1.0, 1.0, 0.650, 49
8, 1.0, 1.0, 1.0, 1.0, 0.650, 50
8, 1.0, 1.0, 1.0, 1.0, 0.600, 1
8, 1.0, 1.0, 1.0, 1.0, 0.600, 2
8, 1.0, 1.0, 1.0, 1.0, 0.600, 3
8, 1.0, 1.0, 1.0, 1.0, 0.600, 4
8, 1.0, 1.0, 1.0, 1.0, 0.600, 5
8, 1.0, 1.0, 1.0, 1.0, 0.600, 6
8, 1.0, 1.0, 1.0, 1.0, 0.600, 7
8, 1.0, 1.0, 1.0, 1.0, 0.600, 8
8, 1.0, 1.0, 1.0, 1.0, 0.600, 9
8, 1.0, 1.0, 1.0, 1.0, 0.600, 10
8, 1.0, 1.0, 1.0, 1.0, 0.600, 11
8, 1.0, 1.0, 1.0, 1.0, 0.600, 12
8, 1.0, 1.0, 1.0, 1.0, 0.600, 13
8, 1.0, 1.0, 1.0, 1.0, 0.600, 14
8, 1.0, 1.0, 1.0, 1.0, 0.600, 15
8, 1.0, 1.0, 1.0, 1.0, 0.600, 16
8, 1.0, 1.0, 1.0, 1.0, 0.600, 17
8, 1.0, 1.0, 1.0, 1.0, 0.600, 18
8, 1.0, 1.0, 1.0, 1.0, 0.600, 19
8, 1.0, 1.0, 1.0, 1.0, 0.600, 20
8, 1.0, 1.0, 1.0, 1.0, 0.600, 21
8, 1.0, 1.0, 1.0, 1.0, 0.600, 22
8, 1.0, 1.0, 1.0, 1.0, 0.600, 23
8, 1.0, 1.0, 1.0, 1.0, 0.600, 24
8, 1.0, 1.0, 1.0, 1.0, 0.600, 25
8, 1.0, 1.0, 1.0, 1.0, 0.600, 26
8, 1.0, 1.0, 1.0, 1.0, 0.600, 27
8, 1.0, 1.0, 1.0, 1.0, 0.600, 28
8, 1.0, 1.0, 1.0, 1.0, 0.600, 29
8, 1.0, 1.0, 1.0, 1.0, 0.600, 30
8, 1.0, 1.0, 1.0, 1.0, 0.600, 31
8, 1.0, 1.0, 1.0, 1.0, 0.600, 32
8, 1.0, 1.0, 1.0, 1.0, 0.600, 33
8, 1.0, 1.0, 1.0, 1.0, 0.600, 34
8, 1.0, 1.0, 1.0, 1.0, 0.600, 35
8, 1.0, 1.0, 1.0, 1.0, 0.600, 36
8, 1.0, 1.0, 1.0, 1.0, 0.600, 37
8, 1.0, 1.0, 1.0, 1.0, 0.600, 38
8, 1.0, 1.0, 1.0, 1.0, 0.600, 39
8, 1.0, 1.0, 1.0, 1.0, 0.600, 40
8, 1.0, 1.0, 1.0, 1.0, 0.600, 41
8, 1.0, 1.0, 1.0, 1.0, 0.600, 42
8, 1.0, 1.0, 1.0, 1.0, 0.600, 43
8, 1.0, 1.0, 1.0, 1.0, 0.600, 44
8, 1.0, 1.0, 1.0, 1.0, 0.600, 45
8, 1.0, 1.0, 1.0, 1.0, 0.600, 46
8, 1.0, 1.0, 1.0, 1.0, 0.600, 47
8, 1.0, 1.0, 1.0, 1.0, 0.600, 48
8, 1.0, 1.0, 1.0, 1.0, 0.600, 49
8, 1.0, 1.0, 1.0, 1.0, 0.600, 50
