5, 1.0, 1.0, 1.0, 1.0, 0.613, 1
5, 1.0, 1.0, 1.0, 1.0, 0.613, 2
5, 1.0, 1.0, 1.0, 1.0, 0.613, 3
5, 1.0, 1.0, 1.0, 1.0, 0.613, 4
5, 1.0, 1.0, 1.0, 1.0, 0.613, 5
5, 1.0, 1.0, 1.0, 1.0, 0.613, 6
5, 1.0, 1.0, 1.0, 1.0, 0.613, 7
5, 1.0, 1.0, 1.0, 1.0, 0.613, 8
5, 1.0, 1.0, 1.0, 1.0, 0.613, 9
5, 1.0, 1.0, 1.0, 1.0, 0.613, 10
5, 1.0, 1.0, 1.0, 1.0, 0.613, 11
5, 1.0, 1.0, 1.0, 1.0, 0.613, 12
5, 1.0, 1.0, 1.0, 1.0, 0.613, 13
5, 1.0, 1.0, 1.0, 1.0, 0.613, 14
5, 1.0, 1.0, 1.0, 1.0, 0.613, 15
5, 1.0, 1.0, 1.0, 1.0, 0.613, 16
5, 1.0, 1.0, 1.0, 1.0, 0.613, 17
5, 1.0, 1.0, 1.0, 1.0, 0.613, 18
5, 1.0, 1.0, 1.0, 1.0, 0.613, 19
5, 1.0, 1.0, 1.0, 1.0, 0.613, 20
5, 1.0, 1.0, 1.0, 1.0, 0.613, 21
5, 1.0, 1.0, 1.0, 1.0, 0.613, 22
5, 1.0, 1.0, 1.0, 1.0, 0.613, 23
5, 1.0, 1.0, 1.0, 1.0, 0.613, 24
5, 1.0, 1.0, 1.0, 1.0, 0.613, 25
5, 1.0, 1.0, 1.0, 1.0, 0.613, 26
5, 1.0, 1.0, 1.0, 1.0, 0.613, 27
5, 1.0, 1.0, 1.0, 1.0, 0.613, 28
5, 1.0, 1.0, 1.0, 1.0, 0.613, 29
5, 1.0, 1.0, 1.0, 1.0, 0.613, 30
5, 1.0, 1.0, 1.0, 1.0, 0.613, 31
5, 1.0, 1.0, 1.0, 1.0, 0.613, 32
5, 1.0, 1.0, 1.0, 1.0, 0.613, 33
5, 1.0, 1.0, 1.0, 1.0, 0.613, 34
5, 1.0, 1.0, 1.0, 1.0, 0.613, 35
5, 1.0, 1.0, 1.0, 1.0, 0.613, 36
5, 1.0, 1.0, 1.0, 1.0, 0.613, 37
5, 1.0, 1.0, 1.0, 1.0, 0.613, 38
5, 1.0, 1.0, 1.0, 1.0, 0.613, 39
5, 1.0, 1.0, 1.0, 1.0, 0.613, 40
5, 1.0, 1.0, 1.0, 1.0, 0.613, 41
5, 1.0, 1.0, 1.0, 1.0, 0.613, 42
5, 1.0, 1.0, 1.0, 1.0, 0.613, 43
5, 1.0, 1.0, 1.0, 1.0, 0.613, 44
5, 1.0, 1.0, 1.0, 1.0, 0.613, 45
5, 1.0, 1.0, 1.0, 1.0, 0.613, 46
5, 1.0, 1.0, 1.0, 1.0, 0.613, 47
5, 1.0, 1.0, 1.0, 1.0, 0.613, 48
5, 1.0, 1.0, 1.0, 1.0, 0.613, 49
5, 1.0, 1.0, 1.0, 1.0, 0.613, 50
6, 1.0, 1.0, 1.0, 1.0, 0.613, 1
6, 1.0, 1.0, 1.0, 1.0, 0.613, 2
6, 1.0, 1.0, 1.0, 1.0, 0.613, 3
6, 1.0, 1.0, 1.0, 1.0, 0.613, 4
6, 1.0, 1.0, 1.0, 1.0, 0.613, 5
6, 1.0, 1.0, 1.0, 1.0, 0.613, 6
6, 1.0, 1.0, 1.0, 1.0, 0.613, 7
6, 1.0, 1.0, 1.0, 1.0, 0.613, 8
6, 1.0, 1.0, 1.0, 1.0, 0.613, 9
6, 1.0, 1.0, 1.0, 1.0, 0.613, 10
6, 1.0, 1.0, 1.0, 1.0, 0.613, 11
6, 1.0, 1.0, 1.0, 1.0, 0.613, 12
6, 1.0, 1.0, 1.0, 1.0, 0.613, 13
6, 1.0, 1.0, 1.0, 1.0, 0.613, 14
6, 1.0, 1.0, 1.0, 1.0, 0.613, 15
6, 1.0, 1.0, 1.0, 1.0, 0.613, 16
6, 1.0, 1.0, 1.0, 1.0, 0.613, 17
6, 1.0, 1.0, 1.0, 1.0, 0.613, 18
6, 1.0, 1.0, 1.0, 1.0, 0.613, 19
6, 1.0, 1.0, 1.0, 1.0, 0.613, 20
6, 1.0, 1.0, 1.0, 1.0, 0.613, 21
6, 1.0, 1.0, 1.0, 1.0, 0.613, 22
6, 1.0, 1.0, 1.0, 1.0, 0.613, 23
6, 1.0, 1.0, 1.0, 1.0, 0.613, 24
6, 1.0, 1.0, 1.0, 1.0, 0.613, 25
6, 1.0, 1.0, 1.0, 1.0, 0.613, 26
6, 1.0, 1.0, 1.0, 1.0, 0.613, 27
6, 1.0, 1.0, 1.0, 1.0, 0.613, 28
6, 1.0, 1.0, 1.0, 1.0, 0.613, 29
6, 1.0, 1.0, 1.0, 1.0, 0.613, 30
6, 1.0, 1.0, 1.0, 1.0, 0.613, 31
6, 1.0, 1.0, 1.0, 1.0, 0.613, 32
6, 1.0, 1.0, 1.0, 1.0, 0.613, 33
6, 1.0, 1.0, 1.0, 1.0, 0.613, 34
6, 1.0, 1.0, 1.0, 1.0, 0.613, 35
6, 1.0, 1.0, 1.0, 1.0, 0.613, 36
6, 1.0, 1.0, 1.0, 1.0, 0.613, 37
6, 1.0, 1.0, 1.0, 1.0, 0.613, 38
6, 1.0, 1.0, 1.0, 1.0, 0.613, 39
6, 1.0, 1.0, 1.0, 1.0, 0.613, 40
6, 1.0, 1.0, 1.0, 1.0, 0.613, 41
6, 1.0, 1.0, 1.0, 1.0, 0.613, 42
6, 1.0, 1.0, 1.0, 1.0, 0.613, 43
6, 1.0, 1.0, 1.0, 1.0, 0.613, 44
6, 1.0, 1.0, 1.0, 1.0, 0.613, 45
6, 1.0, 1.0, 1.0, 1.0, 0.613, 46
6, 1.0, 1.0, 1.0, 1.0, 0.613, 47
6, 1.0, 1.0, 1.0, 1.0, 0.613, 48
6, 1.0, 1.0, 1.0, 1.0, 0.613, 49
6, 1.0, 1.0, 1.0, 1.0, 0.613, 50
7, 1.0, 1.0, 1.0, 1.0, 0.613, 1
7, 1.0, 1.0, 1.0, 1.0, 0.613, 2
7, 1.0, 1.0, 1.0, 1.0, 0.613, 3
7, 1.0, 1.0, 1.0, 1.0, 0.613, 4
7, 1.0, 1.0, 1.0, 1.0, 0.613, 5
7, 1.0, 1.0, 1.0, 1.0, 0.613, 6
7, 1.0, 1.0, 1.0, 1.0, 0.613, 7
7, 1.0, 1.0, 1.0, 1.0, 0.613, 8
7, 1.0, 1.0, 1.0, 1.0, 0.613, 9
7, 1.0, 1.0, 1.0, 1.0, 0.613, 10
7, 1.0, 1.0, 1.0, 1.0, 0.613, 11
7, 1.0, 1.0, 1.0, 1.0, 0.613, 12
7, 1.0, 1.0, 1.0, 1.0, 0.613, 13
7, 1.0, 1.0, 1.0, 1.0, 0.613, 14
7, 1.0, 1.0, 1.0, 1.0, 0.613, 15
7, 1.0, 1.0, 1.0, 1.0, 0.613, 16
7, 1.0, 1.0, 1.0, 1.0, 0.613, 17
7, 1.0, 1.0, 1.0, 1.0, 0.613, 18
7, 1.0, 1.0, 1.0, 1.0, 0.613, 19
7, 1.0, 1.0, 1.0, 1.0, 0.613, 20
7, 1.0, 1.0, 1.0, 1.0, 0.613, 21
7, 1.0, 1.0, 1.0, 1.0, 0.613, 22
7, 1.0, 1.0, 1.0, 1.0, 0.613, 23
7, 1.0, 1.0, 1.0, 1.0, 0.613, 24
7, 1.0, 1.0, 1.0, 1.0, 0.613, 25
7, 1.0, 1.0, 1.0, 1.0, 0.613, 26
7, 1.0, 1.0, 1.0, 1.0, 0.613, 27
7, 1.0, 1.0, 1.0, 1.0, 0.613, 28
7, 1.0, 1.0, 1.0, 1.0, 0.613, 29
7, 1.0, 1.0, 1.0, 1.0, 0.613, 30
7, 1.0, 1.0, 1.0, 1.0, 0.613, 31
7, 1.0, 1.0, 1.0, 1.0, 0.613, 32
7, 1.0, 1.0, 1.0, 1.0, 0.613, 33
7, 1.0, 1.0, 1.0, 1.0, 0.613, 34
7, 1.0, 1.0, 1.0, 1.0, 0.613, 35
7, 1.0, 1.0, 1.0, 1.0, 0.613, 36
7, 1.0, 1.0, 1.0, 1.0, 0.613, 37
7, 1.0, 1.0, 1.0, 1.0, 0.613, 38
7, 1.0, 1.0, 1.0, 1.0, 0.613, 39
7, 1.0, 1.0, 1.0, 1.0, 0.613, 40
7, 1.0, 1.0, 1.0, 1.0, 0.613, 41
7, 1.0, 1.0, 1.0, 1.0, 0.613, 42
7, 1.0, 1.0, 1.0, 1.0, 0.613, 43
7, 1.0, 1.0, 1.0, 1.0, 0.613, 44
7, 1.0, 1.0, 1.0, 1.0, 0.613, 45
7, 1.0, 1.0, 1.0, 1.0, 0.613, 46
7, 1.0, 1.0, 1.0, 1.0, 0.613, 47
7, 1.0, 1.0, 1.0, 1.0, 0.613, 48
7, 1.0, 1.0, 1.0, 1.0, 0.613, 49
7, 1.0, 1.0, 1.0, 1.0, 0.613, 50
8, 1.0, 1.0, 1.0, 1.0, 0.613, 1
8, 1.0, 1.0, 1.0, 1.0, 0.613, 2
8, 1.0, 1.0, 1.0, 1.0, 0.613, 3
8, 1.0, 1.0, 1.0, 1.0, 0.613, 4
8, 1.0, 1.0, 1.0, 1.0, 0.613, 5
8, 1.0, 1.0, 1.0, 1.0, 0.613, 6
8, 1.0, 1.0, 1.0, 1.0, 0.613, 7
8, 1.0, 1.0, 1.0, 1.0, 0.613, 8
8, 1.0, 1.0, 1.0, 1.0, 0.613, 9
8, 1.0, 1.0, 1.0, 1.0, 0.613, 10
8, 1.0, 1.0, 1.0, 1.0, 0.613, 11
8, 1.0, 1.0, 1.0, 1.0, 0.613, 12
8, 1.0, 1.0, 1.0, 1.0, 0.613, 13
8, 1.0, 1.0, 1.0, 1.0, 0.613, 14
8, 1.0, 1.0, 1.0, 1.0, 0.613, 15
8, 1.0, 1.0, 1.0, 1.0, 0.613, 16
8, 1.0, 1.0, 1.0, 1.0, 0.613, 17
8, 1.0, 1.0, 1.0, 1.0, 0.613, 18
8, 1.0, 1.0, 1.0, 1.0, 0.613, 19
8, 1.0, 1.0, 1.0, 1.0, 0.613, 20
8, 1.0, 1.0, 1.0, 1.0, 0.613, 21
8, 1.0, 1.0, 1.0, 1.0, 0.613, 22
8, 1.0, 1.0, 1.0, 1.0, 0.613, 23
8, 1.0, 1.0, 1.0, 1.0, 0.613, 24
8, 1.0, 1.0, 1.0, 1.0, 0.613, 25
8, 1.0, 1.0, 1.0, 1.0, 0.613, 26
8, 1.0, 1.0, 1.0, 1.0, 0.613, 27
8, 1.0, 1.0, 1.0, 1.0, 0.613, 28
8, 1.0, 1.0, 1.0, 1.0, 0.613, 29
8, 1.0, 1.0, 1.0, 1.0, 0.613, 30
8, 1.0, 1.0, 1.0, 1.0, 0.613, 31
8, 1.0, 1.0, 1.0, 1.0, 0.613, 32
8, 1.0, 1.0, 1.0, 1.0, 0.613, 33
8, 1.0, 1.0, 1.0, 1.0, 0.613, 34
8, 1.0, 1.0, 1.0, 1.0, 0.613, 35
8, 1.0, 1.0, 1.0, 1.0, 0.613, 36
8, 1.0, 1.0, 1.0, 1.0, 0.613, 37
8, 1.0, 1.0, 1.0, 1.0, 0.613, 38
8, 1.0, 1.0, 1.0, 1.0, 0.613, 39
8, 1.0, 1.0, 1.0, 1.0, 0.613, 40
8, 1.0, 1.0, 1.0, 1.0, 0.613, 41
8, 1.0, 1.0, 1.0, 1.0, 0.613, 42
8, 1.0, 1.0, 1.0, 1.0, 0.613, 43
8, 1.0, 1.0, 1.0, 1.0, 0.613, 44
8, 1.0, 1.0, 1.0, 1.0, 0.613, 45
8, 1.0, 1.0, 1.0, 1.0, 0.613, 46
8, 1.0, 1.0, 1.0, 1.0, 0.613, 47
8, 1.0, 1.0, 1.0, 1.0, 0.613, 48
8, 1.0, 1.0, 1.0, 1.0, 0.613, 49
8, 1.0, 1.0, 1.0, 1.0, 0.613, 50
9, 1.0, 1.0, 1.0, 1.0, 0.613, 1
9, 1.0, 1.0, 1.0, 1.0, 0.613, 2
9, 1.0, 1.0, 1.0, 1.0, 0.613, 3
9, 1.0, 1.0, 1.0, 1.0, 0.613, 4
9, 1.0, 1.0, 1.0, 1.0, 0.613, 5
9, 1.0, 1.0, 1.0, 1.0, 0.613, 6
9, 1.0, 1.0, 1.0, 1.0, 0.613, 7
9, 1.0, 1.0, 1.0, 1.0, 0.613, 8
9, 1.0, 1.0, 1.0, 1.0, 0.613, 9
9, 1.0, 1.0, 1.0, 1.0, 0.613, 10
9, 1.0, 1.0, 1.0, 1.0, 0.613, 11
9, 1.0, 1.0, 1.0, 1.0, 0.613, 12
9, 1.0, 1.0, 1.0, 1.0, 0.613, 13
9, 1.0, 1.0, 1.0, 1.0, 0.613, 14
9, 1.0, 1.0, 1.0, 1.0, 0.613, 15
9, 1.0, 1.0, 1.0, 1.0, 0.613, 16
9, 1.0, 1.0, 1.0, 1.0, 0.613, 17
9, 1.0, 1.0, 1.0, 1.0, 0.613, 18
9, 1.0, 1.0, 1.0, 1.0, 0.613, 19
9, 1.0, 1.0, 1.0, 1.0, 0.613, 20
9, 1.0, 1.0, 1.0, 1.0, 0.613, 21
9, 1.0, 1.0, 1.0, 1.0, 0.613, 22
9, 1.0, 1.0, 1.0, 1.0, 0.613, 23
9, 1.0, 1.0, 1.0, 1.0, 0.613, 24
9, 1.0, 1.0, 1.0, 1.0, 0.613, 25
9, 1.0, 1.0, 1.0, 1.0, 0.613, 26
9, 1.0, 1.0, 1.0, 1.0, 0.613, 27
9, 1.0, 1.0, 1.0, 1.0, 0.613, 28
9, 1.0, 1.0, 1.0, 1.0, 0.613, 29
9, 1.0, 1.0, 1.0, 1.0, 0.613, 30
9, 1.0, 1.0, 1.0, 1.0, 0.613, 31
9, 1.0, 1.0, 1.0, 1.0, 0.613, 32
9, 1.0, 1.0, 1.0, 1.0, 0.613, 33
9, 1.0, 1.0, 1.0, 1.0, 0.613, 34
9, 1.0, 1.0, 1.0, 1.0, 0.613, 35
9, 1.0, 1.0, 1.0, 1.0, 0.613, 36
9, 1.0, 1.0, 1.0, 1.0, 0.613, 37
9, 1.0, 1.0, 1.0, 1.0, 0.613, 38
9, 1.0, 1.0, 1.0, 1.0, 0.613, 39
9, 1.0, 1.0, 1.0, 1.0, 0.613, 40
9, 1.0, 1.0, 1.0, 1.0, 0.613, 41
9, 1.0, 1.0, 1.0, 1.0, 0.613, 42
9, 1.0, 1.0, 1.0, 1.0, 0.613, 43
9, 1.0, 1.0, 1.0, 1.0, 0.613, 44
9, 1.0, 1.0, 1.0, 1.0, 0.613, 45
9, 1.0, 1.0, 1.0, 1.0, 0.613, 46
9, 1.0, 1.0, 1.0, 1.0, 0.613, 47
9, 1.0, 1.0, 1.0, 1.0, 0.613, 48
9, 1.0, 1.0, 1.0, 1.0, 0.613, 49
9, 1.0, 1.0, 1.0, 1.0, 0.613, 50
10, 1.0, 1.0, 1.0, 1.0, 0.613, 1
10, 1.0, 1.0, 1.0, 1.0, 0.613, 2
10, 1.0, 1.0, 1.0, 1.0, 0.613, 3
10, 1.0, 1.0, 1.0, 1.0, 0.613, 4
10, 1.0, 1.0, 1.0, 1.0, 0.613, 5
10, 1.0, 1.0, 1.0, 1.0, 0.613, 6
10, 1.0, 1.0, 1.0, 1.0, 0.613, 7
10, 1.0, 1.0, 1.0, 1.0, 0.613, 8
10, 1.0, 1.0, 1.0, 1.0, 0.613, 9
10, 1.0, 1.0, 1.0, 1.0, 0.613, 10
10, 1.0, 1.0, 1.0, 1.0, 0.613, 11
10, 1.0, 1.0, 1.0, 1.0, 0.613, 12
10, 1.0, 1.0, 1.0, 1.0, 0.613, 13
10, 1.0, 1.0, 1.0, 1.0, 0.613, 14
10, 1.0, 1.0, 1.0, 1.0, 0.613, 15
10, 1.0, 1.0, 1.0, 1.0, 0.613, 16
10, 1.0, 1.0, 1.0, 1.0, 0.613, 17
10, 1.0, 1.0, 1.0, 1.0, 0.613, 18
10, 1.0, 1.0, 1.0, 1.0, 0.613, 19
10, 1.0, 1.0, 1.0, 1.0, 0.613, 20
10, 1.0, 1.0, 1.0, 1.0, 0.613, 21
10, 1.0, 1.0, 1.0, 1.0, 0.613, 22
10, 1.0, 1.0, 1.0, 1.0, 0.613, 23
10, 1.0, 1.0, 1.0, 1.0, 0.613, 24
10, 1.0, 1.0, 1.0, 1.0, 0.613, 25
10, 1.0, 1.0, 1.0, 1.0, 0.613, 26
10, 1.0, 1.0, 1.0, 1.0, 0.613, 27
10, 1.0, 1.0, 1.0, 1.0, 0.613, 28
10, 1.0, 1.0, 1.0, 1.0, 0.613, 29
10, 1.0, 1.0, 1.0, 1.0, 0.613, 30
10, 1.0, 1.0, 1.0, 1.0, 0.613, 31
10, 1.0, 1.0, 1.0, 1.0, 0.613, 32
10, 1.0, 1.0, 1.0, 1.0, 0.613, 33
10, 1.0, 1.0, 1.0, 1.0, 0.613, 34
10, 1.0, 1.0, 1.0, 1.0, 0.613, 35
10, 1.0, 1.0, 1.0, 1.0, 0.613, 36
10, 1.0, 1.0, 1.0, 1.0, 0.613, 37
10, 1.0, 1.0, 1.0, 1.0, 0.613, 38
10, 1.0, 1.0, 1.0, 1.0, 0.613, 39
10, 1.0, 1.0, 1.0, 1.0, 0.613, 40
10, 1.0, 1.0, 1.0, 1.0, 0.613, 41
10, 1.0, 1.0, 1.0, 1.0, 0.613, 42
10, 1.0, 1.0, 1.0, 1.0, 0.613, 43
10, 1.0, 1.0, 1.0, 1.0, 0.613, 44
10, 1.0, 1.0, 1.0, 1.0, 0.613, 45
10, 1.0, 1.0, 1.0, 1.0, 0.613, 46
10, 1.0, 1.0, 1.0, 1.0, 0.613, 47
10, 1.0, 1.0, 1.0, 1.0, 0.613, 48
10, 1.0, 1.0, 1.0, 1.0, 0.613, 49
10, 1.0, 1.0, 1.0, 1.0, 0.613, 50
11, 1.0, 1.0, 1.0, 1.0, 0.613, 1
11, 1.0, 1.0, 1.0, 1.0, 0.613, 2
11, 1.0, 1.0, 1.0, 1.0, 0.613, 3
11, 1.0, 1.0, 1.0, 1.0, 0.613, 4
11, 1.0, 1.0, 1.0, 1.0, 0.613, 5
11, 1.0, 1.0, 1.0, 1.0, 0.613, 6
11, 1.0, 1.0, 1.0, 1.0, 0.613, 7
11, 1.0, 1.0, 1.0, 1.0, 0.613, 8
11, 1.0, 1.0, 1.0, 1.0, 0.613, 9
11, 1.0, 1.0, 1.0, 1.0, 0.613, 10
11, 1.0, 1.0, 1.0, 1.0, 0.613, 11
11, 1.0, 1.0, 1.0, 1.0, 0.613, 12
11, 1.0, 1.0, 1.0, 1.0, 0.613, 13
11, 1.0, 1.0, 1.0, 1.0, 0.613, 14
11, 1.0, 1.0, 1.0, 1.0, 0.613, 15
11, 1.0, 1.0, 1.0, 1.0, 0.613, 16
11, 1.0, 1.0, 1.0, 1.0, 0.613, 17
11, 1.0, 1.0, 1.0, 1.0, 0.613, 18
11, 1.0, 1.0, 1.0, 1.0, 0.613, 19
11, 1.0, 1.0, 1.0, 1.0, 0.613, 20
11, 1.0, 1.0, 1.0, 1.0, 0.613, 21
11, 1.0, 1.0, 1.0, 1.0, 0.613, 22
11, 1.0, 1.0, 1.0, 1.0, 0.613, 23
11, 1.0, 1.0, 1.0, 1.0, 0.613, 24
11, 1.0, 1.0, 1.0, 1.0, 0.613, 25
11, 1.0, 1.0, 1.0, 1.0, 0.613, 26
11, 1.0, 1.0, 1.0, 1.0, 0.613, 27
11, 1.0, 1.0, 1.0, 1.0, 0.613, 28
11, 1.0, 1.0, 1.0, 1.0, 0.613, 29
11, 1.0, 1.0, 1.0, 1.0, 0.613, 30
11, 1.0, 1.0, 1.0, 1.0, 0.613, 31
11, 1.0, 1.0, 1.0, 1.0, 0.613, 32
11, 1.0, 1.0, 1.0, 1.0, 0.613, 33
11, 1.0, 1.0, 1.0, 1.0, 0.613, 34
11, 1.0, 1.0, 1.0, 1.0, 0.613, 35
11, 1.0, 1.0, 1.0, 1.0, 0.613, 36
11, 1.0, 1.0, 1.0, 1.0, 0.613, 37
11, 1.0, 1.0, 1.0, 1.0, 0.613, 38
11, 1.0, 1.0, 1.0, 1.0, 0.613, 39
11, 1.0, 1.0, 1.0, 1.0, 0.613, 40
11, 1.0, 1.0, 1.0, 1.0, 0.613, 41
11, 1.0, 1.0, 1.0, 1.0, 0.613, 42
11, 1.0, 1.0, 1.0, 1.0, 0.613, 43
11, 1.0, 1.0, 1.0, 1.0, 0.613, 44
11, 1.0, 1.0, 1.0, 1.0, 0.613, 45
11, 1.0, 1.0, 1.0, 1.0, 0.613, 46
11, 1.0, 1.0, 1.0, 1.0, 0.613, 47
11, 1.0, 1.0, 1.0, 1.0, 0.613, 48
11, 1.0, 1.0, 1.0, 1.0, 0.613, 49
11, 1.0, 1.0, 1.0, 1.0, 0.613, 50
12, 1.0, 1.0, 1.0, 1.0, 0.613, 1
12, 1.0, 1.0, 1.0, 1.0, 0.613, 2
12, 1.0, 1.0, 1.0, 1.0, 0.613, 3
12, 1.0, 1.0, 1.0, 1.0, 0.613, 4
12, 1.0, 1.0, 1.0, 1.0, 0.613, 5
12, 1.0, 1.0, 1.0, 1.0, 0.613, 6
12, 1.0, 1.0, 1.0, 1.0, 0.613, 7
12, 1.0, 1.0, 1.0, 1.0, 0.613, 8
12, 1.0, 1.0, 1.0, 1.0, 0.613, 9
12, 1.0, 1.0, 1.0, 1.0, 0.613, 10
12, 1.0, 1.0, 1.0, 1.0, 0.613, 11
12, 1.0, 1.0, 1.0, 1.0, 0.613, 12
12, 1.0, 1.0, 1.0, 1.0, 0.613, 13
12, 1.0, 1.0, 1.0, 1.0, 0.613, 14
12, 1.0, 1.0, 1.0, 1.0, 0.613, 15
12, 1.0, 1.0, 1.0, 1.0, 0.613, 16
12, 1.0, 1.0, 1.0, 1.0, 0.613, 17
12, 1.0, 1.0, 1.0, 1.0, 0.613, 18
12, 1.0, 1.0, 1.0, 1.0, 0.613, 19
12, 1.0, 1.0, 1.0, 1.0, 0.613, 20
12, 1.0, 1.0, 1.0, 1.0, 0.613, 21
12, 1.0, 1.0, 1.0, 1.0, 0.613, 22
12, 1.0, 1.0, 1.0, 1.0, 0.613, 23
12, 1.0, 1.0, 1.0, 1.0, 0.613, 24
12, 1.0, 1.0, 1.0, 1.0, 0.613, 25
12, 1.0, 1.0, 1.0, 1.0, 0.613, 26
12, 1.0, 1.0, 1.0, 1.0, 0.613, 27
12, 1.0, 1.0, 1.0, 1.0, 0.613, 28
12, 1.0, 1.0, 1.0, 1.0, 0.613, 29
12, 1.0, 1.0, 1.0, 1.0, 0.613, 30
12, 1.0, 1.0, 1.0, 1.0, 0.613, 31
12, 1.0, 1.0, 1.0, 1.0, 0.613, 32
12, 1.0, 1.0, 1.0, 1.0, 0.613, 33
12, 1.0, 1.0, 1.0, 1.0, 0.613, 34
12, 1.0, 1.0, 1.0, 1.0, 0.613, 35
12, 1.0, 1.0, 1.0, 1.0, 0.613, 36
12, 1.0, 1.0, 1.0, 1.0, 0.613, 37
12, 1.0, 1.0, 1.0, 1.0, 0.613, 38
12, 1.0, 1.0, 1.0, 1.0, 0.613, 39
12, 1.0, 1.0, 1.0, 1.0, 0.613, 40
12, 1.0, 1.0, 1.0, 1.0, 0.613, 41
12, 1.0, 1.0, 1.0, 1.0, 0.613, 42
12, 1.0, 1.0, 1.0, 1.0, 0.613, 43
12, 1.0, 1.0, 1.0, 1.0, 0.613, 44
12, 1.0, 1.0, 1.0, 1.0, 0.613, 45
12, 1.0, 1.0, 1.0, 1.0, 0.613, 46
12, 1.0, 1.0, 1.0, 1.0, 0.613, 47
12, 1.0, 1.0, 1.0, 1.0, 0.613, 48
12, 1.0, 1.0, 1.0, 1.0, 0.613, 49
12, 1.0, 1.0, 1.0, 1.0, 0.613, 50
8, 0.6, 1.0, 1.0, 1.0, 0.613, 1
8, 0.6, 1.0, 1.0, 1.0, 0.613, 2
8, 0.6, 1.0, 1.0, 1.0, 0.613, 3
8, 0.6, 1.0, 1.0, 1.0, 0.613, 4
8, 0.6, 1.0, 1.0, 1.0, 0.613, 5
8, 0.6, 1.0, 1.0, 1.0, 0.613, 6
8, 0.6, 1.0, 1.0, 1.0, 0.613, 7
8, 0.6, 1.0, 1.0, 1.0, 0.613, 8
8, 0.6, 1.0, 1.0, 1.0, 0.613, 9
8, 0.6, 1.0, 1.0, 1.0, 0.613, 10
8, 0.6, 1.0, 1.0, 1.0, 0.613, 11
8, 0.6, 1.0, 1.0, 1.0, 0.613, 12
8, 0.6, 1.0, 1.0, 1.0, 0.613, 13
8, 0.6, 1.0, 1.0, 1.0, 0.613, 14
8, 0.6, 1.0, 1.0, 1.0, 0.613, 15
8, 0.6, 1.0, 1.0, 1.0, 0.613, 16
8, 0.6, 1.0, 1.0, 1.0, 0.613, 17
8, 0.6, 1.0, 1.0, 1.0, 0.613, 18
8, 0.6, 1.0, 1.0, 1.0, 0.613, 19
8, 0.6, 1.0, 1.0, 1.0, 0.613, 20
8, 0.6, 1.0, 1.0, 1.0, 0.613, 21
8, 0.6, 1.0, 1.0, 1.0, 0.613, 22
8, 0.6, 1.0, 1.0, 1.0, 0.613, 23
8, 0.6, 1.0, 1.0, 1.0, 0.613, 24
8, 0.6, 1.0, 1.0, 1.0, 0.613, 25
8, 0.6, 1.0, 1.0, 1.0, 0.613, 26
8, 0.6, 1.0, 1.0, 1.0, 0.613, 27
8, 0.6, 1.0, 1.0, 1.0, 0.613, 28
8, 0.6, 1.0, 1.0, 1.0, 0.613, 29
8, 0.6, 1.0, 1.0, 1.0, 0.613, 30
8, 0.6, 1.0, 1.0, 1.0, 0.613, 31
8, 0.6, 1.0, 1.0, 1.0, 0.613, 32
8, 0.6, 1.0, 1.0, 1.0, 0.613, 33
8, 0.6, 1.0, 1.0, 1.0, 0.613, 34
8, 0.6, 1.0, 1.0, 1.0, 0.613, 35
8, 0.6, 1.0, 1.0, 1.0, 0.613, 36
8, 0.6, 1.0, 1.0, 1.0, 0.613, 37
8, 0.6, 1.0, 1.0, 1.0, 0.613, 38
8, 0.6, 1.0, 1.0, 1.0, 0.613, 39
8, 0.6, 1.0, 1.0, 1.0, 0.613, 40
8, 0.6, 1.0, 1.0, 1.0, 0.613, 41
8, 0.6, 1.0, 1.0, 1.0, 0.613, 42
8, 0.6, 1.0, 1.0, 1.0, 0.613, 43
8, 0.6, 1.0, 1.0, 1.0, 0.613, 44
8, 0.6, 1.0, 1.0, 1.0, 0.613, 45
8, 0.6, 1.0, 1.0, 1.0, 0.613, 46
8, 0.6, 1.0, 1.0, 1.0, 0.613, 47
8, 0.6, 1.0, 1.0, 1.0, 0.613, 48
8, 0.6, 1.0, 1.0, 1.0, 0.613, 49
8, 0.6, 1.0, 1.0, 1.0, 0.613, 50
8, 0.7, 1.0, 1.0, 1.0, 0.613, 1
8, 0.7, 1.0, 1.0, 1.0, 0.613, 2
8, 0.7, 1.0, 1.0, 1.0, 0.613, 3
8, 0.7, 1.0, 1.0, 1.0, 0.613, 4
8, 0.7, 1.0, 1.0, 1.0, 0.613, 5
8, 0.7, 1.0, 1.0, 1.0, 0.613, 6
8, 0.7, 1.0, 1.0, 1.0, 0.613, 7
8, 0.7, 1.0, 1.0, 1.0, 0.613, 8
8, 0.7, 1.0, 1.0, 1.0, 0.613, 9
8, 0.7, 1.0, 1.0, 1.0, 0.613, 10
8, 0.7, 1.0, 1.0, 1.0, 0.613, 11
8, 0.7, 1.0, 1.0, 1.0, 0.613, 12
8, 0.7, 1.0, 1.0, 1.0, 0.613, 13
8, 0.7, 1.0, 1.0, 1.0, 0.613, 14
8, 0.7, 1.0, 1.0, 1.0, 0.613, 15
8, 0.7, 1.0, 1.0, 1.0, 0.613, 16
8, 0.7, 1.0, 1.0, 1.0, 0.613, 17
8, 0.7, 1.0, 1.0, 1.0, 0.613, 18
8, 0.7, 1.0, 1.0, 1.0, 0.613, 19
8, 0.7, 1.0, 1.0, 1.0, 0.613, 20
8, 0.7, 1.0, 1.0, 1.0, 0.613, 21
8, 0.7, 1.0, 1.0, 1.0, 0.613, 22
8, 0.7, 1.0, 1.0, 1.0, 0.613, 23
8, 0.7, 1.0, 1.0, 1.0, 0.613, 24
8, 0.7, 1.0, 1.0, 1.0, 0.613, 25
8, 0.7, 1.0, 1.0, 1.0, 0.613, 26
8, 0.7, 1.0, 1.0, 1.0, 0.613, 27
8, 0.7, 1.0, 1.0, 1.0, 0.613, 28
8, 0.7, 1.0, 1.0, 1.0, 0.613, 29
8, 0.7, 1.0, 1.0, 1.0, 0.613, 30
8, 0.7, 1.0, 1.0, 1.0, 0.613, 31
8, 0.7, 1.0, 1.0, 1.0, 0.613, 32
8, 0.7, 1.0, 1.0, 1.0, 0.613, 33
8, 0.7, 1.0, 1.0, 1.0, 0.613, 34
8, 0.7, 1.0, 1.0, 1.0, 0.613, 35
8, 0.7, 1.0, 1.0, 1.0, 0.613, 36
8, 0.7, 1.0, 1.0, 1.0, 0.613, 37
8, 0.7, 1.0, 1.0, 1.0, 0.613, 38
8, 0.7, 1.0, 1.0, 1.0, 0.613, 39
8, 0.7, 1.0, 1.0, 1.0, 0.613, 40
8, 0.7, 1.0, 1.0, 1.0, 0.613, 41
8, 0.7, 1.0, 1.0, 1.0, 0.613, 42
8, 0.7, 1.0, 1.0, 1.0, 0.613, 43
8, 0.7, 1.0, 1.0, 1.0, 0.613, 44
8, 0.7, 1.0, 1.0, 1.0, 0.613, 45
8, 0.7, 1.0, 1.0, 1.0, 0.613, 46
8, 0.7, 1.0, 1.0, 1.0, 0.613, 47
8, 0.7, 1.0, 1.0, 1.0, 0.613, 48
8, 0.7, 1.0, 1.0, 1.0, 0.613, 49
8, 0.7, 1.0, 1.0, 1.0, 0.613, 50
8, 0.8, 1.0, 1.0, 1.0, 0.613, 1
8, 0.8, 1.0, 1.0, 1.0, 0.613, 2
8, 0.8, 1.0, 1.0, 1.0, 0.613, 3
8, 0.8, 1.0, 1.0, 1.0, 0.613, 4
8, 0.8, 1.0, 1.0, 1.0, 0.613, 5
8, 0.8, 1.0, 1.0, 1.0, 0.613, 6
8, 0.8, 1.0, 1.0, 1.0, 0.613, 7
8, 0.8, 1.0, 1.0, 1.0, 0.613, 8
8, 0.8, 1.0, 1.0, 1.0, 0.613, 9
8, 0.8, 1.0, 1.0, 1.0, 0.613, 10
8, 0.8, 1.0, 1.0, 1.0, 0.613, 11
8, 0.8, 1.0, 1.0, 1.0, 0.613, 12
8, 0.8, 1.0, 1.0, 1.0, 0.613, 13
8, 0.8, 1.0, 1.0, 1.0, 0.613, 14
8, 0.8, 1.0, 1.0, 1.0, 0.613, 15
8, 0.8, 1.0, 1.0, 1.0, 0.613, 16
8, 0.8, 1.0, 1.0, 1.0, 0.613, 17
8, 0.8, 1.0, 1.0, 1.0, 0.613, 18
8, 0.8, 1.0, 1.0, 1.0, 0.613, 19
8, 0.8, 1.0, 1.0, 1.0, 0.613, 20
8, 0.8, 1.0, 1.0, 1.0, 0.613, 21
8, 0.8, 1.0, 1.0, 1.0, 0.613, 22
8, 0.8, 1.0, 1.0, 1.0, 0.613, 23
8, 0.8, 1.0, 1.0, 1.0, 0.613, 24
8, 0.8, 1.0, 1.0, 1.0, 0.613, 25
8, 0.8, 1.0, 1.0, 1.0, 0.613, 26
8, 0.8, 1.0, 1.0, 1.0, 0.613, 27
8, 0.8, 1.0, 1.0, 1.0, 0.613, 28
8, 0.8, 1.0, 1.0, 1.0, 0.613, 29
8, 0.8, 1.0, 1.0, 1.0, 0.613, 30
8, 0.8, 1.0, 1.0, 1.0, 0.613, 31
8, 0.8, 1.0, 1.0, 1.0, 0.613, 32
8, 0.8, 1.0, 1.0, 1.0, 0.613, 33
8, 0.8, 1.0, 1.0, 1.0, 0.613, 34
8, 0.8, 1.0, 1.0, 1.0, 0.613, 35
8, 0.8, 1.0, 1.0, 1.0, 0.613, 36
8, 0.8, 1.0, 1.0, 1.0, 0.613, 37
8, 0.8, 1.0, 1.0, 1.0, 0.613, 38
8, 0.8, 1.0, 1.0, 1.0, 0.613, 39
8, 0.8, 1.0, 1.0, 1.0, 0.613, 40
8, 0.8, 1.0, 1.0, 1.0, 0.613, 41
8, 0.8, 1.0, 1.0, 1.0, 0.613, 42
8, 0.8, 1.0, 1.0, 1.0, 0.613, 43
8, 0.8, 1.0, 1.0, 1.0, 0.613, 44
8, 0.8, 1.0, 1.0, 1.0, 0.613, 45
8, 0.8, 1.0, 1.0, 1.0, 0.613, 46
8, 0.8, 1.0, 1.0, 1.0, 0.613, 47
8, 0.8, 1.0, 1.0, 1.0, 0.613, 48
8, 0.8, 1.0, 1.0, 1.0, 0.613, 49
8, 0.8, 1.0, 1.0, 1.0, 0.613, 50
8, 0.9, 1.0, 1.0, 1.0, 0.613, 1
8, 0.9, 1.0, 1.0, 1.0, 0.613, 2
8, 0.9, 1.0, 1.0, 1.0, 0.613, 3
8, 0.9, 1.0, 1.0, 1.0, 0.613, 4
8, 0.9, 1.0, 1.0, 1.0, 0.613, 5
8, 0.9, 1.0, 1.0, 1.0, 0.613, 6
8, 0.9, 1.0, 1.0, 1.0, 0.613, 7
8, 0.9, 1.0, 1.0, 1.0, 0.613, 8
8, 0.9, 1.0, 1.0, 1.0, 0.613, 9
8, 0.9, 1.0, 1.0, 1.0, 0.613, 10
8, 0.9, 1.0, 1.0, 1.0, 0.613, 11
8, 0.9, 1.0, 1.0, 1.0, 0.613, 12
8, 0.9, 1.0, 1.0, 1.0, 0.613, 13
8, 0.9, 1.0, 1.0, 1.0, 0.613, 14
8, 0.9, 1.0, 1.0, 1.0, 0.613, 15
8, 0.9, 1.0, 1.0, 1.0, 0.613, 16
8, 0.9, 1.0, 1.0, 1.0, 0.613, 17
8, 0.9, 1.0, 1.0, 1.0, 0.613, 18
8, 0.9, 1.0, 1.0, 1.0, 0.613, 19
8, 0.9, 1.0, 1.0, 1.0, 0.613, 20
8, 0.9, 1.0, 1.0, 1.0, 0.613, 21
8, 0.9, 1.0, 1.0, 1.0, 0.613, 22
8, 0.9, 1.0, 1.0, 1.0, 0.613, 23
8, 0.9, 1.0, 1.0, 1.0, 0.613, 24
8, 0.9, 1.0, 1.0, 1.0, 0.613, 25
8, 0.9, 1.0, 1.0, 1.0, 0.613, 26
8, 0.9, 1.0, 1.0, 1.0, 0.613, 27
8, 0.9, 1.0, 1.0, 1.0, 0.613, 28
8, 0.9, 1.0, 1.0, 1.0, 0.613, 29
8, 0.9, 1.0, 1.0, 1.0, 0.613, 30
8, 0.9, 1.0, 1.0, 1.0, 0.613, 31
8, 0.9, 1.0, 1.0, 1.0, 0.613, 32
8, 0.9, 1.0, 1.0, 1.0, 0.613, 33
8, 0.9, 1.0, 1.0, 1.0, 0.613, 34
8, 0.9, 1.0, 1.0, 1.0, 0.613, 35
8, 0.9, 1.0, 1.0, 1.0, 0.613, 36
8, 0.9, 1.0, 1.0, 1.0, 0.613, 37
8, 0.9, 1.0, 1.0, 1.0, 0.613, 38
8, 0.9, 1.0, 1.0, 1.0, 0.613, 39
8, 0.9, 1.0, 1.0, 1.0, 0.613, 40
8, 0.9, 1.0, 1.0, 1.0, 0.613, 41
8, 0.9, 1.0, 1.0, 1.0, 0.613, 42
8, 0.9, 1.0, 1.0, 1.0, 0.613, 43
8, 0.9, 1.0, 1.0, 1.0, 0.613, 44
8, 0.9, 1.0, 1.0, 1.0, 0.613, 45
8, 0.9, 1.0, 1.0, 1.0, 0.613, 46
8, 0.9, 1.0, 1.0, 1.0, 0.613, 47
8, 0.9, 1.0, 1.0, 1.0, 0.613, 48
8, 0.9, 1.0, 1.0, 1.0, 0.613, 49
8, 0.9, 1.0, 1.0, 1.0, 0.613, 50
8, 1.1, 1.0, 1.0, 1.0, 0.613, 1
8, 1.1, 1.0, 1.0, 1.0, 0.613, 2
8, 1.1, 1.0, 1.0, 1.0, 0.613, 3
8, 1.1, 1.0, 1.0, 1.0, 0.613, 4
8, 1.1, 1.0, 1.0, 1.0, 0.613, 5
8, 1.1, 1.0, 1.0, 1.0, 0.613, 6
8, 1.1, 1.0, 1.0, 1.0, 0.613, 7
8, 1.1, 1.0, 1.0, 1.0, 0.613, 8
8, 1.1, 1.0, 1.0, 1.0, 0.613, 9
8, 1.1, 1.0, 1.0, 1.0, 0.613, 10
8, 1.1, 1.0, 1.0, 1.0, 0.613, 11
8, 1.1, 1.0, 1.0, 1.0, 0.613, 12
8, 1.1, 1.0, 1.0, 1.0, 0.613, 13
8, 1.1, 1.0, 1.0, 1.0, 0.613, 14
8, 1.1, 1.0, 1.0, 1.0, 0.613, 15
8, 1.1, 1.0, 1.0, 1.0, 0.613, 16
8, 1.1, 1.0, 1.0, 1.0, 0.613, 17
8, 1.1, 1.0, 1.0, 1.0, 0.613, 18
8, 1.1, 1.0, 1.0, 1.0, 0.613, 19
8, 1.1, 1.0, 1.0, 1.0, 0.613, 20
8, 1.1, 1.0, 1.0, 1.0, 0.613, 21
8, 1.1, 1.0, 1.0, 1.0, 0.613, 22
8, 1.1, 1.0, 1.0, 1.0, 0.613, 23
8, 1.1, 1.0, 1.0, 1.0, 0.613, 24
8, 1.1, 1.0, 1.0, 1.0, 0.613, 25
8, 1.1, 1.0, 1.0, 1.0, 0.613, 26
8, 1.1, 1.0, 1.0, 1.0, 0.613, 27
8, 1.1, 1.0, 1.0, 1.0, 0.613, 28
8, 1.1, 1.0, 1.0, 1.0, 0.613, 29
8, 1.1, 1.0, 1.0, 1.0, 0.613, 30
8, 1.1, 1.0, 1.0, 1.0, 0.613, 31
8, 1.1, 1.0, 1.0, 1.0, 0.613, 32
8, 1.1, 1.0, 1.0, 1.0, 0.613, 33
8, 1.1, 1.0, 1.0, 1.0, 0.613, 34
8, 1.1, 1.0, 1.0, 1.0, 0.613, 35
8, 1.1, 1.0, 1.0, 1.0, 0.613, 36
8, 1.1, 1.0, 1.0, 1.0, 0.613, 37
8, 1.1, 1.0, 1.0, 1.0, 0.613, 38
8, 1.1, 1.0, 1.0, 1.0, 0.613, 39
8, 1.1, 1.0, 1.0, 1.0, 0.613, 40
8, 1.1, 1.0, 1.0, 1.0, 0.613, 41
8, 1.1, 1.0, 1.0, 1.0, 0.613, 42
8, 1.1, 1.0, 1.0, 1.0, 0.613, 43
8, 1.1, 1.0, 1.0, 1.0, 0.613, 44
8, 1.1, 1.0, 1.0, 1.0, 0.613, 45
8, 1.1, 1.0, 1.0, 1.0, 0.613, 46
8, 1.1, 1.0, 1.0, 1.0, 0.613, 47
8, 1.1, 1.0, 1.0, 1.0, 0.613, 48
8, 1.1, 1.0, 1.0, 1.0, 0.613, 49
8, 1.1, 1.0, 1.0, 1.0, 0.613, 50
8, 1.2, 1.0, 1.0, 1.0, 0.613, 1
8, 1.2, 1.0, 1.0, 1.0, 0.613, 2
8, 1.2, 1.0, 1.0, 1.0, 0.613, 3
8, 1.2, 1.0, 1.0, 1.0, 0.613, 4
8, 1.2, 1.0, 1.0, 1.0, 0.613, 5
8, 1.2, 1.0, 1.0, 1.0, 0.613, 6
8, 1.2, 1.0, 1.0, 1.0, 0.613, 7
8, 1.2, 1.0, 1.0, 1.0, 0.613, 8
8, 1.2, 1.0, 1.0, 1.0, 0.613, 9
8, 1.2, 1.0, 1.0, 1.0, 0.613, 10
8, 1.2, 1.0, 1.0, 1.0, 0.613, 11
8, 1.2, 1.0, 1.0, 1.0, 0.613, 12
8, 1.2, 1.0, 1.0, 1.0, 0.613, 13
8, 1.2, 1.0, 1.0, 1.0, 0.613, 14
8, 1.2, 1.0, 1.0, 1.0, 0.613, 15
8, 1.2, 1.0, 1.0, 1.0, 0.613, 16
8, 1.2, 1.0, 1.0, 1.0, 0.613, 17
8, 1.2, 1.0, 1.0, 1.0, 0.613, 18
8, 1.2, 1.0, 1.0, 1.0, 0.613, 19
8, 1.2, 1.0, 1.0, 1.0, 0.613, 20
8, 1.2, 1.0, 1.0, 1.0, 0.613, 21
8, 1.2, 1.0, 1.0, 1.0, 0.613, 22
8, 1.2, 1.0, 1.0, 1.0, 0.613, 23
8, 1.2, 1.0, 1.0, 1.0, 0.613, 24
8, 1.2, 1.0, 1.0, 1.0, 0.613, 25
8, 1.2, 1.0, 1.0, 1.0, 0.613, 26
8, 1.2, 1.0, 1.0, 1.0, 0.613, 27
8, 1.2, 1.0, 1.0, 1.0, 0.613, 28
8, 1.2, 1.0, 1.0, 1.0, 0.613, 29
8, 1.2, 1.0, 1.0, 1.0, 0.613, 30
8, 1.2, 1.0, 1.0, 1.0, 0.613, 31
8, 1.2, 1.0, 1.0, 1.0, 0.613, 32
8, 1.2, 1.0, 1.0, 1.0, 0.613, 33
8, 1.2, 1.0, 1.0, 1.0, 0.613, 34
8, 1.2, 1.0, 1.0, 1.0, 0.613, 35
8, 1.2, 1.0, 1.0, 1.0, 0.613, 36
8, 1.2, 1.0, 1.0, 1.0, 0.613, 37
8, 1.2, 1.0, 1.0, 1.0, 0.613, 38
8, 1.2, 1.0, 1.0, 1.0, 0.613, 39
8, 1.2, 1.0, 1.0, 1.0, 0.613, 40
8, 1.2, 1.0, 1.0, 1.0, 0.613, 41
8, 1.2, 1.0, 1.0, 1.0, 0.613, 42
8, 1.2, 1.0, 1.0, 1.0, 0.613, 43
8, 1.2, 1.0, 1.0, 1.0, 0.613, 44
8, 1.2, 1.0, 1.0, 1.0, 0.613, 45
8, 1.2, 1.0, 1.0, 1.0, 0.613, 46
8, 1.2, 1.0, 1.0, 1.0, 0.613, 47
8, 1.2, 1.0, 1.0, 1.0, 0.613, 48
8, 1.2, 1.0, 1.0, 1.0, 0.613, 49
8, 1.2, 1.0, 1.0, 1.0, 0.613, 50
8, 1.3, 1.0, 1.0, 1.0, 0.613, 1
8, 1.3, 1.0, 1.0, 1.0, 0.613, 2
8, 1.3, 1.0, 1.0, 1.0, 0.613, 3
8, 1.3, 1.0, 1.0, 1.0, 0.613, 4
8, 1.3, 1.0, 1.0, 1.0, 0.613, 5
8, 1.3, 1.0, 1.0, 1.0, 0.613, 6
8, 1.3, 1.0, 1.0, 1.0, 0.613, 7
8, 1.3, 1.0, 1.0, 1.0, 0.613, 8
8, 1.3, 1.0, 1.0, 1.0, 0.613, 9
8, 1.3, 1.0, 1.0, 1.0, 0.613, 10
8, 1.3, 1.0, 1.0, 1.0, 0.613, 11
8, 1.3, 1.0, 1.0, 1.0, 0.613, 12
8, 1.3, 1.0, 1.0, 1.0, 0.613, 13
8, 1.3, 1.0, 1.0, 1.0, 0.613, 14
8, 1.3, 1.0, 1.0, 1.0, 0.613, 15
8, 1.3, 1.0, 1.0, 1.0, 0.613, 16
8, 1.3, 1.0, 1.0, 1.0, 0.613, 17
8, 1.3, 1.0, 1.0, 1.0, 0.613, 18
8, 1.3, 1.0, 1.0, 1.0, 0.613, 19
8, 1.3, 1.0, 1.0, 1.0, 0.613, 20
8, 1.3, 1.0, 1.0, 1.0, 0.613, 21
8, 1.3, 1.0, 1.0, 1.0, 0.613, 22
8, 1.3, 1.0, 1.0, 1.0, 0.613, 23
8, 1.3, 1.0, 1.0, 1.0, 0.613, 24
8, 1.3, 1.0, 1.0, 1.0, 0.613, 25
8, 1.3, 1.0, 1.0, 1.0, 0.613, 26
8, 1.3, 1.0, 1.0, 1.0, 0.613, 27
8, 1.3, 1.0, 1.0, 1.0, 0.613, 28
8, 1.3, 1.0, 1.0, 1.0, 0.613, 29
8, 1.3, 1.0, 1.0, 1.0, 0.613, 30
8, 1.3, 1.0, 1.0, 1.0, 0.613, 31
8, 1.3, 1.0, 1.0, 1.0, 0.613, 32
8, 1.3, 1.0, 1.0, 1.0, 0.613, 33
8, 1.3, 1.0, 1.0, 1.0, 0.613, 34
8, 1.3, 1.0, 1.0, 1.0, 0.613, 35
8, 1.3, 1.0, 1.0, 1.0, 0.613, 36
8, 1.3, 1.0, 1.0, 1.0, 0.613, 37
8, 1.3, 1.0, 1.0, 1.0, 0.613, 38
8, 1.3, 1.0, 1.0, 1.0, 0.613, 39
8, 1.3, 1.0, 1.0, 1.0, 0.613, 40
8, 1.3, 1.0, 1.0, 1.0, 0.613, 41
8, 1.3, 1.0, 1.0, 1.0, 0.613, 42
8, 1.3, 1.0, 1.0, 1.0, 0.613, 43
8, 1.3, 1.0, 1.0, 1.0, 0.613, 44
8, 1.3, 1.0, 1.0, 1.0, 0.613, 45
8, 1.3, 1.0, 1.0, 1.0, 0.613, 46
8, 1.3, 1.0, 1.0, 1.0, 0.613, 47
8, 1.3, 1.0, 1.0, 1.0, 0.613, 48
8, 1.3, 1.0, 1.0, 1.0, 0.613, 49
8, 1.3, 1.0, 1.0, 1.0, 0.613, 50
8, 1.4, 1.0, 1.0, 1.0, 0.613, 1
8, 1.4, 1.0, 1.0, 1.0, 0.613, 2
8, 1.4, 1.0, 1.0, 1.0, 0.613, 3
8, 1.4, 1.0, 1.0, 1.0, 0.613, 4
8, 1.4, 1.0, 1.0, 1.0, 0.613, 5
8, 1.4, 1.0, 1.0, 1.0, 0.613, 6
8, 1.4, 1.0, 1.0, 1.0, 0.613, 7
8, 1.4, 1.0, 1.0, 1.0, 0.613, 8
8, 1.4, 1.0, 1.0, 1.0, 0.613, 9
8, 1.4, 1.0, 1.0, 1.0, 0.613, 10
8, 1.4, 1.0, 1.0, 1.0, 0.613, 11
8, 1.4, 1.0, 1.0, 1.0, 0.613, 12
8, 1.4, 1.0, 1.0, 1.0, 0.613, 13
8, 1.4, 1.0, 1.0, 1.0, 0.613, 14
8, 1.4, 1.0, 1.0, 1.0, 0.613, 15
8, 1.4, 1.0, 1.0, 1.0, 0.613, 16
8, 1.4, 1.0, 1.0, 1.0, 0.613, 17
8, 1.4, 1.0, 1.0, 1.0, 0.613, 18
8, 1.4, 1.0, 1.0, 1.0, 0.613, 19
8, 1.4, 1.0, 1.0, 1.0, 0.613, 20
8, 1.4, 1.0, 1.0, 1.0, 0.613, 21
8, 1.4, 1.0, 1.0, 1.0, 0.613, 22
8, 1.4, 1.0, 1.0, 1.0, 0.613, 23
8, 1.4, 1.0, 1.0, 1.0, 0.613, 24
8, 1.4, 1.0, 1.0, 1.0, 0.613, 25
8, 1.4, 1.0, 1.0, 1.0, 0.613, 26
8, 1.4, 1.0, 1.0, 1.0, 0.613, 27
8, 1.4, 1.0, 1.0, 1.0, 0.613, 28
8, 1.4, 1.0, 1.0, 1.0, 0.613, 29
8, 1.4, 1.0, 1.0, 1.0, 0.613, 30
8, 1.4, 1.0, 1.0, 1.0, 0.613, 31
8, 1.4, 1.0, 1.0, 1.0, 0.613, 32
8, 1.4, 1.0, 1.0, 1.0, 0.613, 33
8, 1.4, 1.0, 1.0, 1.0, 0.613, 34
8, 1.4, 1.0, 1.0, 1.0, 0.613, 35
8, 1.4, 1.0, 1.0, 1.0, 0.613, 36
8, 1.4, 1.0, 1.0, 1.0, 0.613, 37
8, 1.4, 1.0, 1.0, 1.0, 0.613, 38
8, 1.4, 1.0, 1.0, 1.0, 0.613, 39
8, 1.4, 1.0, 1.0, 1.0, 0.613, 40
8, 1.4, 1.0, 1.0, 1.0, 0.613, 41
8, 1.4, 1.0, 1.0, 1.0, 0.613, 42
8, 1.4, 1.0, 1.0, 1.0, 0.613, 43
8, 1.4, 1.0, 1.0, 1.0, 0.613, 44
8, 1.4, 1.0, 1.0, 1.0, 0.613, 45
8, 1.4, 1.0, 1.0, 1.0, 0.613, 46
8, 1.4, 1.0, 1.0, 1.0, 0.613, 47
8, 1.4, 1.0, 1.0, 1.0, 0.613, 48
8, 1.4, 1.0, 1.0, 1.0, 0.613, 49
8, 1.4, 1.0, 1.0, 1.0, 0.613, 50
8, 1.5, 1.0, 1.0, 1.0, 0.613, 1
8, 1.5, 1.0, 1.0, 1.0, 0.613, 2
8, 1.5, 1.0, 1.0, 1.0, 0.613, 3
8, 1.5, 1.0, 1.0, 1.0, 0.613, 4
8, 1.5, 1.0, 1.0, 1.0, 0.613, 5
8, 1.5, 1.0, 1.0, 1.0, 0.613, 6
8, 1.5, 1.0, 1.0, 1.0, 0.613, 7
8, 1.5, 1.0, 1.0, 1.0, 0.613, 8
8, 1.5, 1.0, 1.0, 1.0, 0.613, 9
8, 1.5, 1.0, 1.0, 1.0, 0.613, 10
8, 1.5, 1.0, 1.0, 1.0, 0.613, 11
8, 1.5, 1.0, 1.0, 1.0, 0.613, 12
8, 1.5, 1.0, 1.0, 1.0, 0.613, 13
8, 1.5, 1.0, 1.0, 1.0, 0.613, 14
8, 1.5, 1.0, 1.0, 1.0, 0.613, 15
8, 1.5, 1.0, 1.0, 1.0, 0.613, 16
8, 1.5, 1.0, 1.0, 1.0, 0.613, 17
8, 1.5, 1.0, 1.0, 1.0, 0.613, 18
8, 1.5, 1.0, 1.0, 1.0, 0.613, 19
8, 1.5, 1.0, 1.0, 1.0, 0.613, 20
8, 1.5, 1.0, 1.0, 1.0, 0.613, 21
8, 1.5, 1.0, 1.0, 1.0, 0.613, 22
8, 1.5, 1.0, 1.0, 1.0, 0.613, 23
8, 1.5, 1.0, 1.0, 1.0, 0.613, 24
8, 1.5, 1.0, 1.0, 1.0, 0.613, 25
8, 1.5, 1.0, 1.0, 1.0, 0.613, 26
8, 1.5, 1.0, 1.0, 1.0, 0.613, 27
8, 1.5, 1.0, 1.0, 1.0, 0.613, 28
8, 1.5, 1.0, 1.0, 1.0, 0.613, 29
8, 1.5, 1.0, 1.0, 1.0, 0.613, 30
8, 1.5, 1.0, 1.0, 1.0, 0.613, 31
8, 1.5, 1.0, 1.0, 1.0, 0.613, 32
8, 1.5, 1.0, 1.0, 1.0, 0.613, 33
8, 1.5, 1.0, 1.0, 1.0, 0.613, 34
8, 1.5, 1.0, 1.0, 1.0, 0.613, 35
8, 1.5, 1.0, 1.0, 1.0, 0.613, 36
8, 1.5, 1.0, 1.0, 1.0, 0.613, 37
8, 1.5, 1.0, 1.0, 1.0, 0.613, 38
8, 1.5, 1.0, 1.0, 1.0, 0.613, 39
8, 1.5, 1.0, 1.0, 1.0, 0.613, 40
8, 1.5, 1.0, 1.0, 1.0, 0.613, 41
8, 1.5, 1.0, 1.0, 1.0, 0.613, 42
8, 1.5, 1.0, 1.0, 1.0, 0.613, 43
8, 1.5, 1.0, 1.0, 1.0, 0.613, 44
8, 1.5, 1.0, 1.0, 1.0, 0.613, 45
8, 1.5, 1.0, 1.0, 1.0, 0.613, 46
8, 1.5, 1.0, 1.0, 1.0, 0.613, 47
8, 1.5, 1.0, 1.0, 1.0, 0.613, 48
8, 1.5, 1.0, 1.0, 1.0, 0.613, 49
8, 1.5, 1.0, 1.0, 1.0, 0.613, 50
8, 1.6, 1.0, 1.0, 1.0, 0.613, 1
8, 1.6, 1.0, 1.0, 1.0, 0.613, 2
8, 1.6, 1.0, 1.0, 1.0, 0.613, 3
8, 1.6, 1.0, 1.0, 1.0, 0.613, 4
8, 1.6, 1.0, 1.0, 1.0, 0.613, 5
8, 1.6, 1.0, 1.0, 1.0, 0.613, 6
8, 1.6, 1.0, 1.0, 1.0, 0.613, 7
8, 1.6, 1.0, 1.0, 1.0, 0.613, 8
8, 1.6, 1.0, 1.0, 1.0, 0.613, 9
8, 1.6, 1.0, 1.0, 1.0, 0.613, 10
8, 1.6, 1.0, 1.0, 1.0, 0.613, 11
8, 1.6, 1.0, 1.0, 1.0, 0.613, 12
8, 1.6, 1.0, 1.0, 1.0, 0.613, 13
8, 1.6, 1.0, 1.0, 1.0, 0.613, 14
8, 1.6, 1.0, 1.0, 1.0, 0.613, 15
8, 1.6, 1.0, 1.0, 1.0, 0.613, 16
8, 1.6, 1.0, 1.0, 1.0, 0.613, 17
8, 1.6, 1.0, 1.0, 1.0, 0.613, 18
8, 1.6, 1.0, 1.0, 1.0, 0.613, 19
8, 1.6, 1.0, 1.0, 1.0, 0.613, 20
8, 1.6, 1.0, 1.0, 1.0, 0.613, 21
8, 1.6, 1.0, 1.0, 1.0, 0.613, 22
8, 1.6, 1.0, 1.0, 1.0, 0.613, 23
8, 1.6, 1.0, 1.0, 1.0, 0.613, 24
8, 1.6, 1.0, 1.0, 1.0, 0.613, 25
8, 1.6, 1.0, 1.0, 1.0, 0.613, 26
8, 1.6, 1.0, 1.0, 1.0, 0.613, 27
8, 1.6, 1.0, 1.0, 1.0, 0.613, 28
8, 1.6, 1.0, 1.0, 1.0, 0.613, 29
8, 1.6, 1.0, 1.0, 1.0, 0.613, 30
8, 1.6, 1.0, 1.0, 1.0, 0.613, 31
8, 1.6, 1.0, 1.0, 1.0, 0.613, 32
8, 1.6, 1.0, 1.0, 1.0, 0.613, 33
8, 1.6, 1.0, 1.0, 1.0, 0.613, 34
8, 1.6, 1.0, 1.0, 1.0, 0.613, 35
8, 1.6, 1.0, 1.0, 1.0, 0.613, 36
8, 1.6, 1.0, 1.0, 1.0, 0.613, 37
8, 1.6, 1.0, 1.0, 1.0, 0.613, 38
8, 1.6, 1.0, 1.0, 1.0, 0.613, 39
8, 1.6, 1.0, 1.0, 1.0, 0.613, 40
8, 1.6, 1.0, 1.0, 1.0, 0.613, 41
8, 1.6, 1.0, 1.0, 1.0, 0.613, 42
8, 1.6, 1.0, 1.0, 1.0, 0.613, 43
8, 1.6, 1.0, 1.0, 1.0, 0.613, 44
8, 1.6, 1.0, 1.0, 1.0, 0.613, 45
8, 1.6, 1.0, 1.0, 1.0, 0.613, 46
8, 1.6, 1.0, 1.0, 1.0, 0.613, 47
8, 1.6, 1.0, 1.0, 1.0, 0.613, 48
8, 1.6, 1.0, 1.0, 1.0, 0.613, 49
8, 1.6, 1.0, 1.0, 1.0, 0.613, 50
8, 1.7, 1.0, 1.0, 1.0, 0.613, 1
8, 1.7, 1.0, 1.0, 1.0, 0.613, 2
8, 1.7, 1.0, 1.0, 1.0, 0.613, 3
8, 1.7, 1.0, 1.0, 1.0, 0.613, 4
8, 1.7, 1.0, 1.0, 1.0, 0.613, 5
8, 1.7, 1.0, 1.0, 1.0, 0.613, 6
8, 1.7, 1.0, 1.0, 1.0, 0.613, 7
8, 1.7, 1.0, 1.0, 1.0, 0.613, 8
8, 1.7, 1.0, 1.0, 1.0, 0.613, 9
8, 1.7, 1.0, 1.0, 1.0, 0.613, 10
8, 1.7, 1.0, 1.0, 1.0, 0.613, 11
8, 1.7, 1.0, 1.0, 1.0, 0.613, 12
8, 1.7, 1.0, 1.0, 1.0, 0.613, 13
8, 1.7, 1.0, 1.0, 1.0, 0.613, 14
8, 1.7, 1.0, 1.0, 1.0, 0.613, 15
8, 1.7, 1.0, 1.0, 1.0, 0.613, 16
8, 1.7, 1.0, 1.0, 1.0, 0.613, 17
8, 1.7, 1.0, 1.0, 1.0, 0.613, 18
8, 1.7, 1.0, 1.0, 1.0, 0.613, 19
8, 1.7, 1.0, 1.0, 1.0, 0.613, 20
8, 1.7, 1.0, 1.0, 1.0, 0.613, 21
8, 1.7, 1.0, 1.0, 1.0, 0.613, 22
8, 1.7, 1.0, 1.0, 1.0, 0.613, 23
8, 1.7, 1.0, 1.0, 1.0, 0.613, 24
8, 1.7, 1.0, 1.0, 1.0, 0.613, 25
8, 1.7, 1.0, 1.0, 1.0, 0.613, 26
8, 1.7, 1.0, 1.0, 1.0, 0.613, 27
8, 1.7, 1.0, 1.0, 1.0, 0.613, 28
8, 1.7, 1.0, 1.0, 1.0, 0.613, 29
8, 1.7, 1.0, 1.0, 1.0, 0.613, 30
8, 1.7, 1.0, 1.0, 1.0, 0.613, 31
8, 1.7, 1.0, 1.0, 1.0, 0.613, 32
8, 1.7, 1.0, 1.0, 1.0, 0.613, 33
8, 1.7, 1.0, 1.0, 1.0, 0.613, 34
8, 1.7, 1.0, 1.0, 1.0, 0.613, 35
8, 1.7, 1.0, 1.0, 1.0, 0.613, 36
8, 1.7, 1.0, 1.0, 1.0, 0.613, 37
8, 1.7, 1.0, 1.0, 1.0, 0.613, 38
8, 1.7, 1.0, 1.0, 1.0, 0.613, 39
8, 1.7, 1.0, 1.0, 1.0, 0.613, 40
8, 1.7, 1.0, 1.0, 1.0, 0.613, 41
8, 1.7, 1.0, 1.0, 1.0, 0.613, 42
8, 1.7, 1.0, 1.0, 1.0, 0.613, 43
8, 1.7, 1.0, 1.0, 1.0, 0.613, 44
8, 1.7, 1.0, 1.0, 1.0, 0.613, 45
8, 1.7, 1.0, 1.0, 1.0, 0.613, 46
8, 1.7, 1.0, 1.0, 1.0, 0.613, 47
8, 1.7, 1.0, 1.0, 1.0, 0.613, 48
8, 1.7, 1.0, 1.0, 1.0, 0.613, 49
8, 1.7, 1.0, 1.0, 1.0, 0.613, 50
8, 1.8, 1.0, 1.0, 1.0, 0.613, 1
8, 1.8, 1.0, 1.0, 1.0, 0.613, 2
8, 1.8, 1.0, 1.0, 1.0, 0.613, 3
8, 1.8, 1.0, 1.0, 1.0, 0.613, 4
8, 1.8, 1.0, 1.0, 1.0, 0.613, 5
8, 1.8, 1.0, 1.0, 1.0, 0.613, 6
8, 1.8, 1.0, 1.0, 1.0, 0.613, 7
8, 1.8, 1.0, 1.0, 1.0, 0.613, 8
8, 1.8, 1.0, 1.0, 1.0, 0.613, 9
8, 1.8, 1.0, 1.0, 1.0, 0.613, 10
8, 1.8, 1.0, 1.0, 1.0, 0.613, 11
8, 1.8, 1.0, 1.0, 1.0, 0.613, 12
8, 1.8, 1.0, 1.0, 1.0, 0.613, 13
8, 1.8, 1.0, 1.0, 1.0, 0.613, 14
8, 1.8, 1.0, 1.0, 1.0, 0.613, 15
8, 1.8, 1.0, 1.0, 1.0, 0.613, 16
8, 1.8, 1.0, 1.0, 1.0, 0.613, 17
8, 1.8, 1.0, 1.0, 1.0, 0.613, 18
8, 1.8, 1.0, 1.0, 1.0, 0.613, 19
8, 1.8, 1.0, 1.0, 1.0, 0.613, 20
8, 1.8, 1.0, 1.0, 1.0, 0.613, 21
8, 1.8, 1.0, 1.0, 1.0, 0.613, 22
8, 1.8, 1.0, 1.0, 1.0, 0.613, 23
8, 1.8, 1.0, 1.0, 1.0, 0.613, 24
8, 1.8, 1.0, 1.0, 1.0, 0.613, 25
8, 1.8, 1.0, 1.0, 1.0, 0.613, 26
8, 1.8, 1.0, 1.0, 1.0, 0.613, 27
8, 1.8, 1.0, 1.0, 1.0, 0.613, 28
8, 1.8, 1.0, 1.0, 1.0, 0.613, 29
8, 1.8, 1.0, 1.0, 1.0, 0.613, 30
8, 1.8, 1.0, 1.0, 1.0, 0.613, 31
8, 1.8, 1.0, 1.0, 1.0, 0.613, 32
8, 1.8, 1.0, 1.0, 1.0, 0.613, 33
8, 1.8, 1.0, 1.0, 1.0, 0.613, 34
8, 1.8, 1.0, 1.0, 1.0, 0.613, 35
8, 1.8, 1.0, 1.0, 1.0, 0.613, 36
8, 1.8, 1.0, 1.0, 1.0, 0.613, 37
8, 1.8, 1.0, 1.0, 1.0, 0.613, 38
8, 1.8, 1.0, 1.0, 1.0, 0.613, 39
8, 1.8, 1.0, 1.0, 1.0, 0.613, 40
8, 1.8, 1.0, 1.0, 1.0, 0.613, 41
8, 1.8, 1.0, 1.0, 1.0, 0.613, 42
8, 1.8, 1.0, 1.0, 1.0, 0.613, 43
8, 1.8, 1.0, 1.0, 1.0, 0.613, 44
8, 1.8, 1.0, 1.0, 1.0, 0.613, 45
8, 1.8, 1.0, 1.0, 1.0, 0.613, 46
8, 1.8, 1.0, 1.0, 1.0, 0.613, 47
8, 1.8, 1.0, 1.0, 1.0, 0.613, 48
8, 1.8, 1.0, 1.0, 1.0, 0.613, 49
8, 1.8, 1.0, 1.0, 1.0, 0.613, 50
8, 1.0, 0.4, 1.0, 1.0, 0.613, 1
8, 1.0, 0.4, 1.0, 1.0, 0.613, 2
8, 1.0, 0.4, 1.0, 1.0, 0.613, 3
8, 1.0, 0.4, 1.0, 1.0, 0.613, 4
8, 1.0, 0.4, 1.0, 1.0, 0.613, 5
8, 1.0, 0.4, 1.0, 1.0, 0.613, 6
8, 1.0, 0.4, 1.0, 1.0, 0.613, 7
8, 1.0, 0.4, 1.0, 1.0, 0.613, 8
8, 1.0, 0.4, 1.0, 1.0, 0.613, 9
8, 1.0, 0.4, 1.0, 1.0, 0.613, 10
8, 1.0, 0.4, 1.0, 1.0, 0.613, 11
8, 1.0, 0.4, 1.0, 1.0, 0.613, 12
8, 1.0, 0.4, 1.0, 1.0, 0.613, 13
8, 1.0, 0.4, 1.0, 1.0, 0.613, 14
8, 1.0, 0.4, 1.0, 1.0, 0.613, 15
8, 1.0, 0.4, 1.0, 1.0, 0.613, 16
8, 1.0, 0.4, 1.0, 1.0, 0.613, 17
8, 1.0, 0.4, 1.0, 1.0, 0.613, 18
8, 1.0, 0.4, 1.0, 1.0, 0.613, 19
8, 1.0, 0.4, 1.0, 1.0, 0.613, 20
8, 1.0, 0.4, 1.0, 1.0, 0.613, 21
8, 1.0, 0.4, 1.0, 1.0, 0.613, 22
8, 1.0, 0.4, 1.0, 1.0, 0.613, 23
8, 1.0, 0.4, 1.0, 1.0, 0.613, 24
8, 1.0, 0.4, 1.0, 1.0, 0.613, 25
8, 1.0, 0.4, 1.0, 1.0, 0.613, 26
8, 1.0, 0.4, 1.0, 1.0, 0.613, 27
8, 1.0, 0.4, 1.0, 1.0, 0.613, 28
8, 1.0, 0.4, 1.0, 1.0, 0.613, 29
8, 1.0, 0.4, 1.0, 1.0, 0.613, 30
8, 1.0, 0.4, 1.0, 1.0, 0.613, 31
8, 1.0, 0.4, 1.0, 1.0, 0.613, 32
8, 1.0, 0.4, 1.0, 1.0, 0.613, 33
8, 1.0, 0.4, 1.0, 1.0, 0.613, 34
8, 1.0, 0.4, 1.0, 1.0, 0.613, 35
8, 1.0, 0.4, 1.0, 1.0, 0.613, 36
8, 1.0, 0.4, 1.0, 1.0, 0.613, 37
8, 1.0, 0.4, 1.0, 1.0, 0.613, 38
8, 1.0, 0.4, 1.0, 1.0, 0.613, 39
8, 1.0, 0.4, 1.0, 1.0, 0.613, 40
8, 1.0, 0.4, 1.0, 1.0, 0.613, 41
8, 1.0, 0.4, 1.0, 1.0, 0.613, 42
8, 1.0, 0.4, 1.0, 1.0, 0.613, 43
8, 1.0, 0.4, 1.0, 1.0, 0.613, 44
8, 1.0, 0.4, 1.0, 1.0, 0.613, 45
8, 1.0, 0.4, 1.0, 1.0, 0.613, 46
8, 1.0, 0.4, 1.0, 1.0, 0.613, 47
8, 1.0, 0.4, 1.0, 1.0, 0.613, 48
8, 1.0, 0.4, 1.0, 1.0, 0.613, 49
8, 1.0, 0.4, 1.0, 1.0, 0.613, 50
8, 1.0, 0.5, 1.0, 1.0, 0.613, 1
8, 1.0, 0.5, 1.0, 1.0, 0.613, 2
8, 1.0, 0.5, 1.0, 1.0, 0.613, 3
8, 1.0, 0.5, 1.0, 1.0, 0.613, 4
8, 1.0, 0.5, 1.0, 1.0, 0.613, 5
8, 1.0, 0.5, 1.0, 1.0, 0.613, 6
8, 1.0, 0.5, 1.0, 1.0, 0.613, 7
8, 1.0, 0.5, 1.0, 1.0, 0.613, 8
8, 1.0, 0.5, 1.0, 1.0, 0.613, 9
8, 1.0, 0.5, 1.0, 1.0, 0.613, 10
8, 1.0, 0.5, 1.0, 1.0, 0.613, 11
8, 1.0, 0.5, 1.0, 1.0, 0.613, 12
8, 1.0, 0.5, 1.0, 1.0, 0.613, 13
8, 1.0, 0.5, 1.0, 1.0, 0.613, 14
8, 1.0, 0.5, 1.0, 1.0, 0.613, 15
8, 1.0, 0.5, 1.0, 1.0, 0.613, 16
8, 1.0, 0.5, 1.0, 1.0, 0.613, 17
8, 1.0, 0.5, 1.0, 1.0, 0.613, 18
8, 1.0, 0.5, 1.0, 1.0, 0.613, 19
8, 1.0, 0.5, 1.0, 1.0, 0.613, 20
8, 1.0, 0.5, 1.0, 1.0, 0.613, 21
8, 1.0, 0.5, 1.0, 1.0, 0.613, 22
8, 1.0, 0.5, 1.0, 1.0, 0.613, 23
8, 1.0, 0.5, 1.0, 1.0, 0.613, 24
8, 1.0, 0.5, 1.0, 1.0, 0.613, 25
8, 1.0, 0.5, 1.0, 1.0, 0.613, 26
8, 1.0, 0.5, 1.0, 1.0, 0.613, 27
8, 1.0, 0.5, 1.0, 1.0, 0.613, 28
8, 1.0, 0.5, 1.0, 1.0, 0.613, 29
8, 1.0, 0.5, 1.0, 1.0, 0.613, 30
8, 1.0, 0.5, 1.0, 1.0, 0.613, 31
8, 1.0, 0.5, 1.0, 1.0, 0.613, 32
8, 1.0, 0.5, 1.0, 1.0, 0.613, 33
8, 1.0, 0.5, 1.0, 1.0, 0.613, 34
8, 1.0, 0.5, 1.0, 1.0, 0.613, 35
8, 1.0, 0.5, 1.0, 1.0, 0.613, 36
8, 1.0, 0.5, 1.0, 1.0, 0.613, 37
8, 1.0, 0.5, 1.0, 1.0, 0.613, 38
8, 1.0, 0.5, 1.0, 1.0, 0.613, 39
8, 1.0, 0.5, 1.0, 1.0, 0.613, 40
8, 1.0, 0.5, 1.0, 1.0, 0.613, 41
8, 1.0, 0.5, 1.0, 1.0, 0.613, 42
8, 1.0, 0.5, 1.0, 1.0, 0.613, 43
8, 1.0, 0.5, 1.0, 1.0, 0.613, 44
8, 1.0, 0.5, 1.0, 1.0, 0.613, 45
8, 1.0, 0.5, 1.0, 1.0, 0.613, 46
8, 1.0, 0.5, 1.0, 1.0, 0.613, 47
8, 1.0, 0.5, 1.0, 1.0, 0.613, 48
8, 1.0, 0.5, 1.0, 1.0, 0.613, 49
8, 1.0, 0.5, 1.0, 1.0, 0.613, 50
8, 1.0, 0.6, 1.0, 1.0, 0.613, 1
8, 1.0, 0.6, 1.0, 1.0, 0.613, 2
8, 1.0, 0.6, 1.0, 1.0, 0.613, 3
8, 1.0, 0.6, 1.0, 1.0, 0.613, 4
8, 1.0, 0.6, 1.0, 1.0, 0.613, 5
8, 1.0, 0.6, 1.0, 1.0, 0.613, 6
8, 1.0, 0.6, 1.0, 1.0, 0.613, 7
8, 1.0, 0.6, 1.0, 1.0, 0.613, 8
8, 1.0, 0.6, 1.0, 1.0, 0.613, 9
8, 1.0, 0.6, 1.0, 1.0, 0.613, 10
8, 1.0, 0.6, 1.0, 1.0, 0.613, 11
8, 1.0, 0.6, 1.0, 1.0, 0.613, 12
8, 1.0, 0.6, 1.0, 1.0, 0.613, 13
8, 1.0, 0.6, 1.0, 1.0, 0.613, 14
8, 1.0, 0.6, 1.0, 1.0, 0.613, 15
8, 1.0, 0.6, 1.0, 1.0, 0.613, 16
8, 1.0, 0.6, 1.0, 1.0, 0.613, 17
8, 1.0, 0.6, 1.0, 1.0, 0.613, 18
8, 1.0, 0.6, 1.0, 1.0, 0.613, 19
8, 1.0, 0.6, 1.0, 1.0, 0.613, 20
8, 1.0, 0.6, 1.0, 1.0, 0.613, 21
8, 1.0, 0.6, 1.0, 1.0, 0.613, 22
8, 1.0, 0.6, 1.0, 1.0, 0.613, 23
8, 1.0, 0.6, 1.0, 1.0, 0.613, 24
8, 1.0, 0.6, 1.0, 1.0, 0.613, 25
8, 1.0, 0.6, 1.0, 1.0, 0.613, 26
8, 1.0, 0.6, 1.0, 1.0, 0.613, 27
8, 1.0, 0.6, 1.0, 1.0, 0.613, 28
8, 1.0, 0.6, 1.0, 1.0, 0.613, 29
8, 1.0, 0.6, 1.0, 1.0, 0.613, 30
8, 1.0, 0.6, 1.0, 1.0, 0.613, 31
8, 1.0, 0.6, 1.0, 1.0, 0.613, 32
8, 1.0, 0.6, 1.0, 1.0, 0.613, 33
8, 1.0, 0.6, 1.0, 1.0, 0.613, 34
8, 1.0, 0.6, 1.0, 1.0, 0.613, 35
8, 1.0, 0.6, 1.0, 1.0, 0.613, 36
8, 1.0, 0.6, 1.0, 1.0, 0.613, 37
8, 1.0, 0.6, 1.0, 1.0, 0.613, 38
8, 1.0, 0.6, 1.0, 1.0, 0.613, 39
8, 1.0, 0.6, 1.0, 1.0, 0.613, 40
8, 1.0, 0.6, 1.0, 1.0, 0.613, 41
8, 1.0, 0.6, 1.0, 1.0, 0.613, 42
8, 1.0, 0.6, 1.0, 1.0, 0.613, 43
8, 1.0, 0.6, 1.0, 1.0, 0.613, 44
8, 1.0, 0.6, 1.0, 1.0, 0.613, 45
8, 1.0, 0.6, 1.0, 1.0, 0.613, 46
8, 1.0, 0.6, 1.0, 1.0, 0.613, 47
8, 1.0, 0.6, 1.0, 1.0, 0.613, 48
8, 1.0, 0.6, 1.0, 1.0, 0.613, 49
8, 1.0, 0.6, 1.0, 1.0, 0.613, 50
8, 1.0, 0.7, 1.0, 1.0, 0.613, 1
8, 1.0, 0.7, 1.0, 1.0, 0.613, 2
8, 1.0, 0.7, 1.0, 1.0, 0.613, 3
8, 1.0, 0.7, 1.0, 1.0, 0.613, 4
8, 1.0, 0.7, 1.0, 1.0, 0.613, 5
8, 1.0, 0.7, 1.0, 1.0, 0.613, 6
8, 1.0, 0.7, 1.0, 1.0, 0.613, 7
8, 1.0, 0.7, 1.0, 1.0, 0.613, 8
8, 1.0, 0.7, 1.0, 1.0, 0.613, 9
8, 1.0, 0.7, 1.0, 1.0, 0.613, 10
8, 1.0, 0.7, 1.0, 1.0, 0.613, 11
8, 1.0, 0.7, 1.0, 1.0, 0.613, 12
8, 1.0, 0.7, 1.0, 1.0, 0.613, 13
8, 1.0, 0.7, 1.0, 1.0, 0.613, 14
8, 1.0, 0.7, 1.0, 1.0, 0.613, 15
8, 1.0, 0.7, 1.0, 1.0, 0.613, 16
8, 1.0, 0.7, 1.0, 1.0, 0.613, 17
8, 1.0, 0.7, 1.0, 1.0, 0.613, 18
8, 1.0, 0.7, 1.0, 1.0, 0.613, 19
8, 1.0, 0.7, 1.0, 1.0, 0.613, 20
8, 1.0, 0.7, 1.0, 1.0, 0.613, 21
8, 1.0, 0.7, 1.0, 1.0, 0.613, 22
8, 1.0, 0.7, 1.0, 1.0, 0.613, 23
8, 1.0, 0.7, 1.0, 1.0, 0.613, 24
8, 1.0, 0.7, 1.0, 1.0, 0.613, 25
8, 1.0, 0.7, 1.0, 1.0, 0.613, 26
8, 1.0, 0.7, 1.0, 1.0, 0.613, 27
8, 1.0, 0.7, 1.0, 1.0, 0.613, 28
8, 1.0, 0.7, 1.0, 1.0, 0.613, 29
8, 1.0, 0.7, 1.0, 1.0, 0.613, 30
8, 1.0, 0.7, 1.0, 1.0, 0.613, 31
8, 1.0, 0.7, 1.0, 1.0, 0.613, 32
8, 1.0, 0.7, 1.0, 1.0, 0.613, 33
8, 1.0, 0.7, 1.0, 1.0, 0.613, 34
8, 1.0, 0.7, 1.0, 1.0, 0.613, 35
8, 1.0, 0.7, 1.0, 1.0, 0.613, 36
8, 1.0, 0.7, 1.0, 1.0, 0.613, 37
8, 1.0, 0.7, 1.0, 1.0, 0.613, 38
8, 1.0, 0.7, 1.0, 1.0, 0.613, 39
8, 1.0, 0.7, 1.0, 1.0, 0.613, 40
8, 1.0, 0.7, 1.0, 1.0, 0.613, 41
8, 1.0, 0.7, 1.0, 1.0, 0.613, 42
8, 1.0, 0.7, 1.0, 1.0, 0.613, 43
8, 1.0, 0.7, 1.0, 1.0, 0.613, 44
8, 1.0, 0.7, 1.0, 1.0, 0.613, 45
8, 1.0, 0.7, 1.0, 1.0, 0.613, 46
8, 1.0, 0.7, 1.0, 1.0, 0.613, 47
8, 1.0, 0.7, 1.0, 1.0, 0.613, 48
8, 1.0, 0.7, 1.0, 1.0, 0.613, 49
8, 1.0, 0.7, 1.0, 1.0, 0.613, 50
8, 1.0, 0.8, 1.0, 1.0, 0.613, 1
8, 1.0, 0.8, 1.0, 1.0, 0.613, 2
8, 1.0, 0.8, 1.0, 1.0, 0.613, 3
8, 1.0, 0.8, 1.0, 1.0, 0.613, 4
8, 1.0, 0.8, 1.0, 1.0, 0.613, 5
8, 1.0, 0.8, 1.0, 1.0, 0.613, 6
8, 1.0, 0.8, 1.0, 1.0, 0.613, 7
8, 1.0, 0.8, 1.0, 1.0, 0.613, 8
8, 1.0, 0.8, 1.0, 1.0, 0.613, 9
8, 1.0, 0.8, 1.0, 1.0, 0.613, 10
8, 1.0, 0.8, 1.0, 1.0, 0.613, 11
8, 1.0, 0.8, 1.0, 1.0, 0.613, 12
8, 1.0, 0.8, 1.0, 1.0, 0.613, 13
8, 1.0, 0.8, 1.0, 1.0, 0.613, 14
8, 1.0, 0.8, 1.0, 1.0, 0.613, 15
8, 1.0, 0.8, 1.0, 1.0, 0.613, 16
8, 1.0, 0.8, 1.0, 1.0, 0.613, 17
8, 1.0, 0.8, 1.0, 1.0, 0.613, 18
8, 1.0, 0.8, 1.0, 1.0, 0.613, 19
8, 1.0, 0.8, 1.0, 1.0, 0.613, 20
8, 1.0, 0.8, 1.0, 1.0, 0.613, 21
8, 1.0, 0.8, 1.0, 1.0, 0.613, 22
8, 1.0, 0.8, 1.0, 1.0, 0.613, 23
8, 1.0, 0.8, 1.0, 1.0, 0.613, 24
8, 1.0, 0.8, 1.0, 1.0, 0.613, 25
8, 1.0, 0.8, 1.0, 1.0, 0.613, 26
8, 1.0, 0.8, 1.0, 1.0, 0.613, 27
8, 1.0, 0.8, 1.0, 1.0, 0.613, 28
8, 1.0, 0.8, 1.0, 1.0, 0.613, 29
8, 1.0, 0.8, 1.0, 1.0, 0.613, 30
8, 1.0, 0.8, 1.0, 1.0, 0.613, 31
8, 1.0, 0.8, 1.0, 1.0, 0.613, 32
8, 1.0, 0.8, 1.0, 1.0, 0.613, 33
8, 1.0, 0.8, 1.0, 1.0, 0.613, 34
8, 1.0, 0.8, 1.0, 1.0, 0.613, 35
8, 1.0, 0.8, 1.0, 1.0, 0.613, 36
8, 1.0, 0.8, 1.0, 1.0, 0.613, 37
8, 1.0, 0.8, 1.0, 1.0, 0.613, 38
8, 1.0, 0.8, 1.0, 1.0, 0.613, 39
8, 1.0, 0.8, 1.0, 1.0, 0.613, 40
8, 1.0, 0.8, 1.0, 1.0, 0.613, 41
8, 1.0, 0.8, 1.0, 1.0, 0.613, 42
8, 1.0, 0.8, 1.0, 1.0, 0.613, 43
8, 1.0, 0.8, 1.0, 1.0, 0.613, 44
8, 1.0, 0.8, 1.0, 1.0, 0.613, 45
8, 1.0, 0.8, 1.0, 1.0, 0.613, 46
8, 1.0, 0.8, 1.0, 1.0, 0.613, 47
8, 1.0, 0.8, 1.0, 1.0, 0.613, 48
8, 1.0, 0.8, 1.0, 1.0, 0.613, 49
8, 1.0, 0.8, 1.0, 1.0, 0.613, 50
8, 1.0, 0.9, 1.0, 1.0, 0.613, 1
8, 1.0, 0.9, 1.0, 1.0, 0.613, 2
8, 1.0, 0.9, 1.0, 1.0, 0.613, 3
8, 1.0, 0.9, 1.0, 1.0, 0.613, 4
8, 1.0, 0.9, 1.0, 1.0, 0.613, 5
8, 1.0, 0.9, 1.0, 1.0, 0.613, 6
8, 1.0, 0.9, 1.0, 1.0, 0.613, 7
8, 1.0, 0.9, 1.0, 1.0, 0.613, 8
8, 1.0, 0.9, 1.0, 1.0, 0.613, 9
8, 1.0, 0.9, 1.0, 1.0, 0.613, 10
8, 1.0, 0.9, 1.0, 1.0, 0.613, 11
8, 1.0, 0.9, 1.0, 1.0, 0.613, 12
8, 1.0, 0.9, 1.0, 1.0, 0.613, 13
8, 1.0, 0.9, 1.0, 1.0, 0.613, 14
8, 1.0, 0.9, 1.0, 1.0, 0.613, 15
8, 1.0, 0.9, 1.0, 1.0, 0.613, 16
8, 1.0, 0.9, 1.0, 1.0, 0.613, 17
8, 1.0, 0.9, 1.0, 1.0, 0.613, 18
8, 1.0, 0.9, 1.0, 1.0, 0.613, 19
8, 1.0, 0.9, 1.0, 1.0, 0.613, 20
8, 1.0, 0.9, 1.0, 1.0, 0.613, 21
8, 1.0, 0.9, 1.0, 1.0, 0.613, 22
8, 1.0, 0.9, 1.0, 1.0, 0.613, 23
8, 1.0, 0.9, 1.0, 1.0, 0.613, 24
8, 1.0, 0.9, 1.0, 1.0, 0.613, 25
8, 1.0, 0.9, 1.0, 1.0, 0.613, 26
8, 1.0, 0.9, 1.0, 1.0, 0.613, 27
8, 1.0, 0.9, 1.0, 1.0, 0.613, 28
8, 1.0, 0.9, 1.0, 1.0, 0.613, 29
8, 1.0, 0.9, 1.0, 1.0, 0.613, 30
8, 1.0, 0.9, 1.0, 1.0, 0.613, 31
8, 1.0, 0.9, 1.0, 1.0, 0.613, 32
8, 1.0, 0.9, 1.0, 1.0, 0.613, 33
8, 1.0, 0.9, 1.0, 1.0, 0.613, 34
8, 1.0, 0.9, 1.0, 1.0, 0.613, 35
8, 1.0, 0.9, 1.0, 1.0, 0.613, 36
8, 1.0, 0.9, 1.0, 1.0, 0.613, 37
8, 1.0, 0.9, 1.0, 1.0, 0.613, 38
8, 1.0, 0.9, 1.0, 1.0, 0.613, 39
8, 1.0, 0.9, 1.0, 1.0, 0.613, 40
8, 1.0, 0.9, 1.0, 1.0, 0.613, 41
8, 1.0, 0.9, 1.0, 1.0, 0.613, 42
8, 1.0, 0.9, 1.0, 1.0, 0.613, 43
8, 1.0, 0.9, 1.0, 1.0, 0.613, 44
8, 1.0, 0.9, 1.0, 1.0, 0.613, 45
8, 1.0, 0.9, 1.0, 1.0, 0.613, 46
8, 1.0, 0.9, 1.0, 1.0, 0.613, 47
8, 1.0, 0.9, 1.0, 1.0, 0.613, 48
8, 1.0, 0.9, 1.0, 1.0, 0.613, 49
8, 1.0, 0.9, 1.0, 1.0, 0.613, 50
8, 1.0, 1.1, 1.0, 1.0, 0.613, 1
8, 1.0, 1.1, 1.0, 1.0, 0.613, 2
8, 1.0, 1.1, 1.0, 1.0, 0.613, 3
8, 1.0, 1.1, 1.0, 1.0, 0.613, 4
8, 1.0, 1.1, 1.0, 1.0, 0.613, 5
8, 1.0, 1.1, 1.0, 1.0, 0.613, 6
8, 1.0, 1.1, 1.0, 1.0, 0.613, 7
8, 1.0, 1.1, 1.0, 1.0, 0.613, 8
8, 1.0, 1.1, 1.0, 1.0, 0.613, 9
8, 1.0, 1.1, 1.0, 1.0, 0.613, 10
8, 1.0, 1.1, 1.0, 1.0, 0.613, 11
8, 1.0, 1.1, 1.0, 1.0, 0.613, 12
8, 1.0, 1.1, 1.0, 1.0, 0.613, 13
8, 1.0, 1.1, 1.0, 1.0, 0.613, 14
8, 1.0, 1.1, 1.0, 1.0, 0.613, 15
8, 1.0, 1.1, 1.0, 1.0, 0.613, 16
8, 1.0, 1.1, 1.0, 1.0, 0.613, 17
8, 1.0, 1.1, 1.0, 1.0, 0.613, 18
8, 1.0, 1.1, 1.0, 1.0, 0.613, 19
8, 1.0, 1.1, 1.0, 1.0, 0.613, 20
8, 1.0, 1.1, 1.0, 1.0, 0.613, 21
8, 1.0, 1.1, 1.0, 1.0, 0.613, 22
8, 1.0, 1.1, 1.0, 1.0, 0.613, 23
8, 1.0, 1.1, 1.0, 1.0, 0.613, 24
8, 1.0, 1.1, 1.0, 1.0, 0.613, 25
8, 1.0, 1.1, 1.0, 1.0, 0.613, 26
8, 1.0, 1.1, 1.0, 1.0, 0.613, 27
8, 1.0, 1.1, 1.0, 1.0, 0.613, 28
8, 1.0, 1.1, 1.0, 1.0, 0.613, 29
8, 1.0, 1.1, 1.0, 1.0, 0.613, 30
8, 1.0, 1.1, 1.0, 1.0, 0.613, 31
8, 1.0, 1.1, 1.0, 1.0, 0.613, 32
8, 1.0, 1.1, 1.0, 1.0, 0.613, 33
8, 1.0, 1.1, 1.0, 1.0, 0.613, 34
8, 1.0, 1.1, 1.0, 1.0, 0.613, 35
8, 1.0, 1.1, 1.0, 1.0, 0.613, 36
8, 1.0, 1.1, 1.0, 1.0, 0.613, 37
8, 1.0, 1.1, 1.0, 1.0, 0.613, 38
8, 1.0, 1.1, 1.0, 1.0, 0.613, 39
8, 1.0, 1.1, 1.0, 1.0, 0.613, 40
8, 1.0, 1.1, 1.0, 1.0, 0.613, 41
8, 1.0, 1.1, 1.0, 1.0, 0.613, 42
8, 1.0, 1.1, 1.0, 1.0, 0.613, 43
8, 1.0, 1.1, 1.0, 1.0, 0.613, 44
8, 1.0, 1.1, 1.0, 1.0, 0.613, 45
8, 1.0, 1.1, 1.0, 1.0, 0.613, 46
8, 1.0, 1.1, 1.0, 1.0, 0.613, 47
8, 1.0, 1.1, 1.0, 1.0, 0.613, 48
8, 1.0, 1.1, 1.0, 1.0, 0.613, 49
8, 1.0, 1.1, 1.0, 1.0, 0.613, 50
8, 1.0, 1.2, 1.0, 1.0, 0.613, 1
8, 1.0, 1.2, 1.0, 1.0, 0.613, 2
8, 1.0, 1.2, 1.0, 1.0, 0.613, 3
8, 1.0, 1.2, 1.0, 1.0, 0.613, 4
8, 1.0, 1.2, 1.0, 1.0, 0.613, 5
8, 1.0, 1.2, 1.0, 1.0, 0.613, 6
8, 1.0, 1.2, 1.0, 1.0, 0.613, 7
8, 1.0, 1.2, 1.0, 1.0, 0.613, 8
8, 1.0, 1.2, 1.0, 1.0, 0.613, 9
8, 1.0, 1.2, 1.0, 1.0, 0.613, 10
8, 1.0, 1.2, 1.0, 1.0, 0.613, 11
8, 1.0, 1.2, 1.0, 1.0, 0.613, 12
8, 1.0, 1.2, 1.0, 1.0, 0.613, 13
8, 1.0, 1.2, 1.0, 1.0, 0.613, 14
8, 1.0, 1.2, 1.0, 1.0, 0.613, 15
8, 1.0, 1.2, 1.0, 1.0, 0.613, 16
8, 1.0, 1.2, 1.0, 1.0, 0.613, 17
8, 1.0, 1.2, 1.0, 1.0, 0.613, 18
8, 1.0, 1.2, 1.0, 1.0, 0.613, 19
8, 1.0, 1.2, 1.0, 1.0, 0.613, 20
8, 1.0, 1.2, 1.0, 1.0, 0.613, 21
8, 1.0, 1.2, 1.0, 1.0, 0.613, 22
8, 1.0, 1.2, 1.0, 1.0, 0.613, 23
8, 1.0, 1.2, 1.0, 1.0, 0.613, 24
8, 1.0, 1.2, 1.0, 1.0, 0.613, 25
8, 1.0, 1.2, 1.0, 1.0, 0.613, 26
8, 1.0, 1.2, 1.0, 1.0, 0.613, 27
8, 1.0, 1.2, 1.0, 1.0, 0.613, 28
8, 1.0, 1.2, 1.0, 1.0, 0.613, 29
8, 1.0, 1.2, 1.0, 1.0, 0.613, 30
8, 1.0, 1.2, 1.0, 1.0, 0.613, 31
8, 1.0, 1.2, 1.0, 1.0, 0.613, 32
8, 1.0, 1.2, 1.0, 1.0, 0.613, 33
8, 1.0, 1.2, 1.0, 1.0, 0.613, 34
8, 1.0, 1.2, 1.0, 1.0, 0.613, 35
8, 1.0, 1.2, 1.0, 1.0, 0.613, 36
8, 1.0, 1.2, 1.0, 1.0, 0.613, 37
8, 1.0, 1.2, 1.0, 1.0, 0.613, 38
8, 1.0, 1.2, 1.0, 1.0, 0.613, 39
8, 1.0, 1.2, 1.0, 1.0, 0.613, 40
8, 1.0, 1.2, 1.0, 1.0, 0.613, 41
8, 1.0, 1.2, 1.0, 1.0, 0.613, 42
8, 1.0, 1.2, 1.0, 1.0, 0.613, 43
8, 1.0, 1.2, 1.0, 1.0, 0.613, 44
8, 1.0, 1.2, 1.0, 1.0, 0.613, 45
8, 1.0, 1.2, 1.0, 1.0, 0.613, 46
8, 1.0, 1.2, 1.0, 1.0, 0.613, 47
8, 1.0, 1.2, 1.0, 1.0, 0.613, 48
8, 1.0, 1.2, 1.0, 1.0, 0.613, 49
8, 1.0, 1.2, 1.0, 1.0, 0.613, 50
8, 1.0, 1.3, 1.0, 1.0, 0.613, 1
8, 1.0, 1.3, 1.0, 1.0, 0.613, 2
8, 1.0, 1.3, 1.0, 1.0, 0.613, 3
8, 1.0, 1.3, 1.0, 1.0, 0.613, 4
8, 1.0, 1.3, 1.0, 1.0, 0.613, 5
8, 1.0, 1.3, 1.0, 1.0, 0.613, 6
8, 1.0, 1.3, 1.0, 1.0, 0.613, 7
8, 1.0, 1.3, 1.0, 1.0, 0.613, 8
8, 1.0, 1.3, 1.0, 1.0, 0.613, 9
8, 1.0, 1.3, 1.0, 1.0, 0.613, 10
8, 1.0, 1.3, 1.0, 1.0, 0.613, 11
8, 1.0, 1.3, 1.0, 1.0, 0.613, 12
8, 1.0, 1.3, 1.0, 1.0, 0.613, 13
8, 1.0, 1.3, 1.0, 1.0, 0.613, 14
8, 1.0, 1.3, 1.0, 1.0, 0.613, 15
8, 1.0, 1.3, 1.0, 1.0, 0.613, 16
8, 1.0, 1.3, 1.0, 1.0, 0.613, 17
8, 1.0, 1.3, 1.0, 1.0, 0.613, 18
8, 1.0, 1.3, 1.0, 1.0, 0.613, 19
8, 1.0, 1.3, 1.0, 1.0, 0.613, 20
8, 1.0, 1.3, 1.0, 1.0, 0.613, 21
8, 1.0, 1.3, 1.0, 1.0, 0.613, 22
8, 1.0, 1.3, 1.0, 1.0, 0.613, 23
8, 1.0, 1.3, 1.0, 1.0, 0.613, 24
8, 1.0, 1.3, 1.0, 1.0, 0.613, 25
8, 1.0, 1.3, 1.0, 1.0, 0.613, 26
8, 1.0, 1.3, 1.0, 1.0, 0.613, 27
8, 1.0, 1.3, 1.0, 1.0, 0.613, 28
8, 1.0, 1.3, 1.0, 1.0, 0.613, 29
8, 1.0, 1.3, 1.0, 1.0, 0.613, 30
8, 1.0, 1.3, 1.0, 1.0, 0.613, 31
8, 1.0, 1.3, 1.0, 1.0, 0.613, 32
8, 1.0, 1.3, 1.0, 1.0, 0.613, 33
8, 1.0, 1.3, 1.0, 1.0, 0.613, 34
8, 1.0, 1.3, 1.0, 1.0, 0.613, 35
8, 1.0, 1.3, 1.0, 1.0, 0.613, 36
8, 1.0, 1.3, 1.0, 1.0, 0.613, 37
8, 1.0, 1.3, 1.0, 1.0, 0.613, 38
8, 1.0, 1.3, 1.0, 1.0, 0.613, 39
8, 1.0, 1.3, 1.0, 1.0, 0.613, 40
8, 1.0, 1.3, 1.0, 1.0, 0.613, 41
8, 1.0, 1.3, 1.0, 1.0, 0.613, 42
8, 1.0, 1.3, 1.0, 1.0, 0.613, 43
8, 1.0, 1.3, 1.0, 1.0, 0.613, 44
8, 1.0, 1.3, 1.0, 1.0, 0.613, 45
8, 1.0, 1.3, 1.0, 1.0, 0.613, 46
8, 1.0, 1.3, 1.0, 1.0, 0.613, 47
8, 1.0, 1.3, 1.0, 1.0, 0.613, 48
8, 1.0, 1.3, 1.0, 1.0, 0.613, 49
8, 1.0, 1.3, 1.0, 1.0, 0.613, 50
8, 1.0, 1.0, 0.6, 1.0, 0.613, 1
8, 1.0, 1.0, 0.6, 1.0, 0.613, 2
8, 1.0, 1.0, 0.6, 1.0, 0.613, 3
8, 1.0, 1.0, 0.6, 1.0, 0.613, 4
8, 1.0, 1.0, 0.6, 1.0, 0.613, 5
8, 1.0, 1.0, 0.6, 1.0, 0.613, 6
8, 1.0, 1.0, 0.6, 1.0, 0.613, 7
8, 1.0, 1.0, 0.6, 1.0, 0.613, 8
8, 1.0, 1.0, 0.6, 1.0, 0.613, 9
8, 1.0, 1.0, 0.6, 1.0, 0.613, 10
8, 1.0, 1.0, 0.6, 1.0, 0.613, 11
8, 1.0, 1.0, 0.6, 1.0, 0.613, 12
8, 1.0, 1.0, 0.6, 1.0, 0.613, 13
8, 1.0, 1.0, 0.6, 1.0, 0.613, 14
8, 1.0, 1.0, 0.6, 1.0, 0.613, 15
8, 1.0, 1.0, 0.6, 1.0, 0.613, 16
8, 1.0, 1.0, 0.6, 1.0, 0.613, 17
8, 1.0, 1.0, 0.6, 1.0, 0.613, 18
8, 1.0, 1.0, 0.6, 1.0, 0.613, 19
8, 1.0, 1.0, 0.6, 1.0, 0.613, 20
8, 1.0, 1.0, 0.6, 1.0, 0.613, 21
8, 1.0, 1.0, 0.6, 1.0, 0.613, 22
8, 1.0, 1.0, 0.6, 1.0, 0.613, 23
8, 1.0, 1.0, 0.6, 1.0, 0.613, 24
8, 1.0, 1.0, 0.6, 1.0, 0.613, 25
8, 1.0, 1.0, 0.6, 1.0, 0.613, 26
8, 1.0, 1.0, 0.6, 1.0, 0.613, 27
8, 1.0, 1.0, 0.6, 1.0, 0.613, 28
8, 1.0, 1.0, 0.6, 1.0, 0.613, 29
8, 1.0, 1.0, 0.6, 1.0, 0.613, 30
8, 1.0, 1.0, 0.6, 1.0, 0.613, 31
8, 1.0, 1.0, 0.6, 1.0, 0.613, 32
8, 1.0, 1.0, 0.6, 1.0, 0.613, 33
8, 1.0, 1.0, 0.6, 1.0, 0.613, 34
8, 1.0, 1.0, 0.6, 1.0, 0.613, 35
8, 1.0, 1.0, 0.6, 1.0, 0.613, 36
8, 1.0, 1.0, 0.6, 1.0, 0.613, 37
8, 1.0, 1.0, 0.6, 1.0, 0.613, 38
8, 1.0, 1.0, 0.6, 1.0, 0.613, 39
8, 1.0, 1.0, 0.6, 1.0, 0.613, 40
8, 1.0, 1.0, 0.6, 1.0, 0.613, 41
8, 1.0, 1.0, 0.6, 1.0, 0.613, 42
8, 1.0, 1.0, 0.6, 1.0, 0.613, 43
8, 1.0, 1.0, 0.6, 1.0, 0.613, 44
8, 1.0, 1.0, 0.6, 1.0, 0.613, 45
8, 1.0, 1.0, 0.6, 1.0, 0.613, 46
8, 1.0, 1.0, 0.6, 1.0, 0.613, 47
8, 1.0, 1.0, 0.6, 1.0, 0.613, 48
8, 1.0, 1.0, 0.6, 1.0, 0.613, 49
8, 1.0, 1.0, 0.6, 1.0, 0.613, 50
8, 1.0, 1.0, 0.7, 1.0, 0.613, 1
8, 1.0, 1.0, 0.7, 1.0, 0.613, 2
8, 1.0, 1.0, 0.7, 1.0, 0.613, 3
8, 1.0, 1.0, 0.7, 1.0, 0.613, 4
8, 1.0, 1.0, 0.7, 1.0, 0.613, 5
8, 1.0, 1.0, 0.7, 1.0, 0.613, 6
8, 1.0, 1.0, 0.7, 1.0, 0.613, 7
8, 1.0, 1.0, 0.7, 1.0, 0.613, 8
8, 1.0, 1.0, 0.7, 1.0, 0.613, 9
8, 1.0, 1.0, 0.7, 1.0, 0.613, 10
8, 1.0, 1.0, 0.7, 1.0, 0.613, 11
8, 1.0, 1.0, 0.7, 1.0, 0.613, 12
8, 1.0, 1.0, 0.7, 1.0, 0.613, 13
8, 1.0, 1.0, 0.7, 1.0, 0.613, 14
8, 1.0, 1.0, 0.7, 1.0, 0.613, 15
8, 1.0, 1.0, 0.7, 1.0, 0.613, 16
8, 1.0, 1.0, 0.7, 1.0, 0.613, 17
8, 1.0, 1.0, 0.7, 1.0, 0.613, 18
8, 1.0, 1.0, 0.7, 1.0, 0.613, 19
8, 1.0, 1.0, 0.7, 1.0, 0.613, 20
8, 1.0, 1.0, 0.7, 1.0, 0.613, 21
8, 1.0, 1.0, 0.7, 1.0, 0.613, 22
8, 1.0, 1.0, 0.7, 1.0, 0.613, 23
8, 1.0, 1.0, 0.7, 1.0, 0.613, 24
8, 1.0, 1.0, 0.7, 1.0, 0.613, 25
8, 1.0, 1.0, 0.7, 1.0, 0.613, 26
8, 1.0, 1.0, 0.7, 1.0, 0.613, 27
8, 1.0, 1.0, 0.7, 1.0, 0.613, 28
8, 1.0, 1.0, 0.7, 1.0, 0.613, 29
8, 1.0, 1.0, 0.7, 1.0, 0.613, 30
8, 1.0, 1.0, 0.7, 1.0, 0.613, 31
8, 1.0, 1.0, 0.7, 1.0, 0.613, 32
8, 1.0, 1.0, 0.7, 1.0, 0.613, 33
8, 1.0, 1.0, 0.7, 1.0, 0.613, 34
8, 1.0, 1.0, 0.7, 1.0, 0.613, 35
8, 1.0, 1.0, 0.7, 1.0, 0.613, 36
8, 1.0, 1.0, 0.7, 1.0, 0.613, 37
8, 1.0, 1.0, 0.7, 1.0, 0.613, 38
8, 1.0, 1.0, 0.7, 1.0, 0.613, 39
8, 1.0, 1.0, 0.7, 1.0, 0.613, 40
8, 1.0, 1.0, 0.7, 1.0, 0.613, 41
8, 1.0, 1.0, 0.7, 1.0, 0.613, 42
8, 1.0, 1.0, 0.7, 1.0, 0.613, 43
8, 1.0, 1.0, 0.7, 1.0, 0.613, 44
8, 1.0, 1.0, 0.7, 1.0, 0.613, 45
8, 1.0, 1.0, 0.7, 1.0, 0.613, 46
8, 1.0, 1.0, 0.7, 1.0, 0.613, 47
8, 1.0, 1.0, 0.7, 1.0, 0.613, 48
8, 1.0, 1.0, 0.7, 1.0, 0.613, 49
8, 1.0, 1.0, 0.7, 1.0, 0.613, 50
8, 1.0, 1.0, 0.8, 1.0, 0.613, 1
8, 1.0, 1.0, 0.8, 1.0, 0.613, 2
8, 1.0, 1.0, 0.8, 1.0, 0.613, 3
8, 1.0, 1.0, 0.8, 1.0, 0.613, 4
8, 1.0, 1.0, 0.8, 1.0, 0.613, 5
8, 1.0, 1.0, 0.8, 1.0, 0.613, 6
8, 1.0, 1.0, 0.8, 1.0, 0.613, 7
8, 1.0, 1.0, 0.8, 1.0, 0.613, 8
8, 1.0, 1.0, 0.8, 1.0, 0.613, 9
8, 1.0, 1.0, 0.8, 1.0, 0.613, 10
8, 1.0, 1.0, 0.8, 1.0, 0.613, 11
8, 1.0, 1.0, 0.8, 1.0, 0.613, 12
8, 1.0, 1.0, 0.8, 1.0, 0.613, 13
8, 1.0, 1.0, 0.8, 1.0, 0.613, 14
8, 1.0, 1.0, 0.8, 1.0, 0.613, 15
8, 1.0, 1.0, 0.8, 1.0, 0.613, 16
8, 1.0, 1.0, 0.8, 1.0, 0.613, 17
8, 1.0, 1.0, 0.8, 1.0, 0.613, 18
8, 1.0, 1.0, 0.8, 1.0, 0.613, 19
8, 1.0, 1.0, 0.8, 1.0, 0.613, 20
8, 1.0, 1.0, 0.8, 1.0, 0.613, 21
8, 1.0, 1.0, 0.8, 1.0, 0.613, 22
8, 1.0, 1.0, 0.8, 1.0, 0.613, 23
8, 1.0, 1.0, 0.8, 1.0, 0.613, 24
8, 1.0, 1.0, 0.8, 1.0, 0.613, 25
8, 1.0, 1.0, 0.8, 1.0, 0.613, 26
8, 1.0, 1.0, 0.8, 1.0, 0.613, 27
8, 1.0, 1.0, 0.8, 1.0, 0.613, 28
8, 1.0, 1.0, 0.8, 1.0, 0.613, 29
8, 1.0, 1.0, 0.8, 1.0, 0.613, 30
8, 1.0, 1.0, 0.8, 1.0, 0.613, 31
8, 1.0, 1.0, 0.8, 1.0, 0.613, 32
8, 1.0, 1.0, 0.8, 1.0, 0.613, 33
8, 1.0, 1.0, 0.8, 1.0, 0.613, 34
8, 1.0, 1.0, 0.8, 1.0, 0.613, 35
8, 1.0, 1.0, 0.8, 1.0, 0.613, 36
8, 1.0, 1.0, 0.8, 1.0, 0.613, 37
8, 1.0, 1.0, 0.8, 1.0, 0.613, 38
8, 1.0, 1.0, 0.8, 1.0, 0.613, 39
8, 1.0, 1.0, 0.8, 1.0, 0.613, 40
8, 1.0, 1.0, 0.8, 1.0, 0.613, 41
8, 1.0, 1.0, 0.8, 1.0, 0.613, 42
8, 1.0, 1.0, 0.8, 1.0, 0.613, 43
8, 1.0, 1.0, 0.8, 1.0, 0.613, 44
8, 1.0, 1.0, 0.8, 1.0, 0.613, 45
8, 1.0, 1.0, 0.8, 1.0, 0.613, 46
8, 1.0, 1.0, 0.8, 1.0, 0.613, 47
8, 1.0, 1.0, 0.8, 1.0, 0.613, 48
8, 1.0, 1.0, 0.8, 1.0, 0.613, 49
8, 1.0, 1.0, 0.8, 1.0, 0.613, 50
8, 1.0, 1.0, 0.9, 1.0, 0.613, 1
8, 1.0, 1.0, 0.9, 1.0, 0.613, 2
8, 1.0, 1.0, 0.9, 1.0, 0.613, 3
8, 1.0, 1.0, 0.9, 1.0, 0.613, 4
8, 1.0, 1.0, 0.9, 1.0, 0.613, 5
8, 1.0, 1.0, 0.9, 1.0, 0.613, 6
8, 1.0, 1.0, 0.9, 1.0, 0.613, 7
8, 1.0, 1.0, 0.9, 1.0, 0.613, 8
8, 1.0, 1.0, 0.9, 1.0, 0.613, 9
8, 1.0, 1.0, 0.9, 1.0, 0.613, 10
8, 1.0, 1.0, 0.9, 1.0, 0.613, 11
8, 1.0, 1.0, 0.9, 1.0, 0.613, 12
8, 1.0, 1.0, 0.9, 1.0, 0.613, 13
8, 1.0, 1.0, 0.9, 1.0, 0.613, 14
8, 1.0, 1.0, 0.9, 1.0, 0.613, 15
8, 1.0, 1.0, 0.9, 1.0, 0.613, 16
8, 1.0, 1.0, 0.9, 1.0, 0.613, 17
8, 1.0, 1.0, 0.9, 1.0, 0.613, 18
8, 1.0, 1.0, 0.9, 1.0, 0.613, 19
8, 1.0, 1.0, 0.9, 1.0, 0.613, 20
8, 1.0, 1.0, 0.9, 1.0, 0.613, 21
8, 1.0, 1.0, 0.9, 1.0, 0.613, 22
8, 1.0, 1.0, 0.9, 1.0, 0.613, 23
8, 1.0, 1.0, 0.9, 1.0, 0.613, 24
8, 1.0, 1.0, 0.9, 1.0, 0.613, 25
8, 1.0, 1.0, 0.9, 1.0, 0.613, 26
8, 1.0, 1.0, 0.9, 1.0, 0.613, 27
8, 1.0, 1.0, 0.9, 1.0, 0.613, 28
8, 1.0, 1.0, 0.9, 1.0, 0.613, 29
8, 1.0, 1.0, 0.9, 1.0, 0.613, 30
8, 1.0, 1.0, 0.9, 1.0, 0.613, 31
8, 1.0, 1.0, 0.9, 1.0, 0.613, 32
8, 1.0, 1.0, 0.9, 1.0, 0.613, 33
8, 1.0, 1.0, 0.9, 1.0, 0.613, 34
8, 1.0, 1.0, 0.9, 1.0, 0.613, 35
8, 1.0, 1.0, 0.9, 1.0, 0.613, 36
8, 1.0, 1.0, 0.9, 1.0, 0.613, 37
8, 1.0, 1.0, 0.9, 1.0, 0.613, 38
8, 1.0, 1.0, 0.9, 1.0, 0.613, 39
8, 1.0, 1.0, 0.9, 1.0, 0.613, 40
8, 1.0, 1.0, 0.9, 1.0, 0.613, 41
8, 1.0, 1.0, 0.9, 1.0, 0.613, 42
8, 1.0, 1.0, 0.9, 1.0, 0.613, 43
8, 1.0, 1.0, 0.9, 1.0, 0.613, 44
8, 1.0, 1.0, 0.9, 1.0, 0.613, 45
8, 1.0, 1.0, 0.9, 1.0, 0.613, 46
8, 1.0, 1.0, 0.9, 1.0, 0.613, 47
8, 1.0, 1.0, 0.9, 1.0, 0.613, 48
8, 1.0, 1.0, 0.9, 1.0, 0.613, 49
8, 1.0, 1.0, 0.9, 1.0, 0.613, 50
8, 1.0, 1.0, 1.1, 1.0, 0.613, 1
8, 1.0, 1.0, 1.1, 1.0, 0.613, 2
8, 1.0, 1.0, 1.1, 1.0, 0.613, 3
8, 1.0, 1.0, 1.1, 1.0, 0.613, 4
8, 1.0, 1.0, 1.1, 1.0, 0.613, 5
8, 1.0, 1.0, 1.1, 1.0, 0.613, 6
8, 1.0, 1.0, 1.1, 1.0, 0.613, 7
8, 1.0, 1.0, 1.1, 1.0, 0.613, 8
8, 1.0, 1.0, 1.1, 1.0, 0.613, 9
8, 1.0, 1.0, 1.1, 1.0, 0.613, 10
8, 1.0, 1.0, 1.1, 1.0, 0.613, 11
8, 1.0, 1.0, 1.1, 1.0, 0.613, 12
8, 1.0, 1.0, 1.1, 1.0, 0.613, 13
8, 1.0, 1.0, 1.1, 1.0, 0.613, 14
8, 1.0, 1.0, 1.1, 1.0, 0.613, 15
8, 1.0, 1.0, 1.1, 1.0, 0.613, 16
8, 1.0, 1.0, 1.1, 1.0, 0.613, 17
8, 1.0, 1.0, 1.1, 1.0, 0.613, 18
8, 1.0, 1.0, 1.1, 1.0, 0.613, 19
8, 1.0, 1.0, 1.1, 1.0, 0.613, 20
8, 1.0, 1.0, 1.1, 1.0, 0.613, 21
8, 1.0, 1.0, 1.1, 1.0, 0.613, 22
8, 1.0, 1.0, 1.1, 1.0, 0.613, 23
8, 1.0, 1.0, 1.1, 1.0, 0.613, 24
8, 1.0, 1.0, 1.1, 1.0, 0.613, 25
8, 1.0, 1.0, 1.1, 1.0, 0.613, 26
8, 1.0, 1.0, 1.1, 1.0, 0.613, 27
8, 1.0, 1.0, 1.1, 1.0, 0.613, 28
8, 1.0, 1.0, 1.1, 1.0, 0.613, 29
8, 1.0, 1.0, 1.1, 1.0, 0.613, 30
8, 1.0, 1.0, 1.1, 1.0, 0.613, 31
8, 1.0, 1.0, 1.1, 1.0, 0.613, 32
8, 1.0, 1.0, 1.1, 1.0, 0.613, 33
8, 1.0, 1.0, 1.1, 1.0, 0.613, 34
8, 1.0, 1.0, 1.1, 1.0, 0.613, 35
8, 1.0, 1.0, 1.1, 1.0, 0.613, 36
8, 1.0, 1.0, 1.1, 1.0, 0.613, 37
8, 1.0, 1.0, 1.1, 1.0, 0.613, 38
8, 1.0, 1.0, 1.1, 1.0, 0.613, 39
8, 1.0, 1.0, 1.1, 1.0, 0.613, 40
8, 1.0, 1.0, 1.1, 1.0, 0.613, 41
8, 1.0, 1.0, 1.1, 1.0, 0.613, 42
8, 1.0, 1.0, 1.1, 1.0, 0.613, 43
8, 1.0, 1.0, 1.1, 1.0, 0.613, 44
8, 1.0, 1.0, 1.1, 1.0, 0.613, 45
8, 1.0, 1.0, 1.1, 1.0, 0.613, 46
8, 1.0, 1.0, 1.1, 1.0, 0.613, 47
8, 1.0, 1.0, 1.1, 1.0, 0.613, 48
8, 1.0, 1.0, 1.1, 1.0, 0.613, 49
8, 1.0, 1.0, 1.1, 1.0, 0.613, 50
8, 1.0, 1.0, 1.2, 1.0, 0.613, 1
8, 1.0, 1.0, 1.2, 1.0, 0.613, 2
8, 1.0, 1.0, 1.2, 1.0, 0.613, 3
8, 1.0, 1.0, 1.2, 1.0, 0.613, 4
8, 1.0, 1.0, 1.2, 1.0, 0.613, 5
8, 1.0, 1.0, 1.2, 1.0, 0.613, 6
8, 1.0, 1.0, 1.2, 1.0, 0.613, 7
8, 1.0, 1.0, 1.2, 1.0, 0.613, 8
8, 1.0, 1.0, 1.2, 1.0, 0.613, 9
8, 1.0, 1.0, 1.2, 1.0, 0.613, 10
8, 1.0, 1.0, 1.2, 1.0, 0.613, 11
8, 1.0, 1.0, 1.2, 1.0, 0.613, 12
8, 1.0, 1.0, 1.2, 1.0, 0.613, 13
8, 1.0, 1.0, 1.2, 1.0, 0.613, 14
8, 1.0, 1.0, 1.2, 1.0, 0.613, 15
8, 1.0, 1.0, 1.2, 1.0, 0.613, 16
8, 1.0, 1.0, 1.2, 1.0, 0.613, 17
8, 1.0, 1.0, 1.2, 1.0, 0.613, 18
8, 1.0, 1.0, 1.2, 1.0, 0.613, 19
8, 1.0, 1.0, 1.2, 1.0, 0.613, 20
8, 1.0, 1.0, 1.2, 1.0, 0.613, 21
8, 1.0, 1.0, 1.2, 1.0, 0.613, 22
8, 1.0, 1.0, 1.2, 1.0, 0.613, 23
8, 1.0, 1.0, 1.2, 1.0, 0.613, 24
8, 1.0, 1.0, 1.2, 1.0, 0.613, 25
8, 1.0, 1.0, 1.2, 1.0, 0.613, 26
8, 1.0, 1.0, 1.2, 1.0, 0.613, 27
8, 1.0, 1.0, 1.2, 1.0, 0.613, 28
8, 1.0, 1.0, 1.2, 1.0, 0.613, 29
8, 1.0, 1.0, 1.2, 1.0, 0.613, 30
8, 1.0, 1.0, 1.2, 1.0, 0.613, 31
8, 1.0, 1.0, 1.2, 1.0, 0.613, 32
8, 1.0, 1.0, 1.2, 1.0, 0.613, 33
8, 1.0, 1.0, 1.2, 1.0, 0.613, 34
8, 1.0, 1.0, 1.2, 1.0, 0.613, 35
8, 1.0, 1.0, 1.2, 1.0, 0.613, 36
8, 1.0, 1.0, 1.2, 1.0, 0.613, 37
8, 1.0, 1.0, 1.2, 1.0, 0.613, 38
8, 1.0, 1.0, 1.2, 1.0, 0.613, 39
8, 1.0, 1.0, 1.2, 1.0, 0.613, 40
8, 1.0, 1.0, 1.2, 1.0, 0.613, 41
8, 1.0, 1.0, 1.2, 1.0, 0.613, 42
8, 1.0, 1.0, 1.2, 1.0, 0.613, 43
8, 1.0, 1.0, 1.2, 1.0, 0.613, 44
8, 1.0, 1.0, 1.2, 1.0, 0.613, 45
8, 1.0, 1.0, 1.2, 1.0, 0.613, 46
8, 1.0, 1.0, 1.2, 1.0, 0.613, 47
8, 1.0, 1.0, 1.2, 1.0, 0.613, 48
8, 1.0, 1.0, 1.2, 1.0, 0.613, 49
8, 1.0, 1.0, 1.2, 1.0, 0.613, 50
8, 1.0, 1.0, 1.0, 0.5, 0.613, 1
8, 1.0, 1.0, 1.0, 0.5, 0.613, 2
8, 1.0, 1.0, 1.0, 0.5, 0.613, 3
8, 1.0, 1.0, 1.0, 0.5, 0.613, 4
8, 1.0, 1.0, 1.0, 0.5, 0.613, 5
8, 1.0, 1.0, 1.0, 0.5, 0.613, 6
8, 1.0, 1.0, 1.0, 0.5, 0.613, 7
8, 1.0, 1.0, 1.0, 0.5, 0.613, 8
8, 1.0, 1.0, 1.0, 0.5, 0.613, 9
8, 1.0, 1.0, 1.0, 0.5, 0.613, 10
8, 1.0, 1.0, 1.0, 0.5, 0.613, 11
8, 1.0, 1.0, 1.0, 0.5, 0.613, 12
8, 1.0, 1.0, 1.0, 0.5, 0.613, 13
8, 1.0, 1.0, 1.0, 0.5, 0.613, 14
8, 1.0, 1.0, 1.0, 0.5, 0.613, 15
8, 1.0, 1.0, 1.0, 0.5, 0.613, 16
8, 1.0, 1.0, 1.0, 0.5, 0.613, 17
8, 1.0, 1.0, 1.0, 0.5, 0.613, 18
8, 1.0, 1.0, 1.0, 0.5, 0.613, 19
8, 1.0, 1.0, 1.0, 0.5, 0.613, 20
8, 1.0, 1.0, 1.0, 0.5, 0.613, 21
8, 1.0, 1.0, 1.0, 0.5, 0.613, 22
8, 1.0, 1.0, 1.0, 0.5, 0.613, 23
8, 1.0, 1.0, 1.0, 0.5, 0.613, 24
8, 1.0, 1.0, 1.0, 0.5, 0.613, 25
8, 1.0, 1.0, 1.0, 0.5, 0.613, 26
8, 1.0, 1.0, 1.0, 0.5, 0.613, 27
8, 1.0, 1.0, 1.0, 0.5, 0.613, 28
8, 1.0, 1.0, 1.0, 0.5, 0.613, 29
8, 1.0, 1.0, 1.0, 0.5, 0.613, 30
8, 1.0, 1.0, 1.0, 0.5, 0.613, 31
8, 1.0, 1.0, 1.0, 0.5, 0.613, 32
8, 1.0, 1.0, 1.0, 0.5, 0.613, 33
8, 1.0, 1.0, 1.0, 0.5, 0.613, 34
8, 1.0, 1.0, 1.0, 0.5, 0.613, 35
8, 1.0, 1.0, 1.0, 0.5, 0.613, 36
8, 1.0, 1.0, 1.0, 0.5, 0.613, 37
8, 1.0, 1.0, 1.0, 0.5, 0.613, 38
8, 1.0, 1.0, 1.0, 0.5, 0.613, 39
8, 1.0, 1.0, 1.0, 0.5, 0.613, 40
8, 1.0, 1.0, 1.0, 0.5, 0.613, 41
8, 1.0, 1.0, 1.0, 0.5, 0.613, 42
8, 1.0, 1.0, 1.0, 0.5, 0.613, 43
8, 1.0, 1.0, 1.0, 0.5, 0.613, 44
8, 1.0, 1.0, 1.0, 0.5, 0.613, 45
8, 1.0, 1.0, 1.0, 0.5, 0.613, 46
8, 1.0, 1.0, 1.0, 0.5, 0.613, 47
8, 1.0, 1.0, 1.0, 0.5, 0.613, 48
8, 1.0, 1.0, 1.0, 0.5, 0.613, 49
8, 1.0, 1.0, 1.0, 0.5, 0.613, 50
8, 1.0, 1.0, 1.0, 0.6, 0.613, 1
8, 1.0, 1.0, 1.0, 0.6, 0.613, 2
8, 1.0, 1.0, 1.0, 0.6, 0.613, 3
8, 1.0, 1.0, 1.0, 0.6, 0.613, 4
8, 1.0, 1.0, 1.0, 0.6, 0.613, 5
8, 1.0, 1.0, 1.0, 0.6, 0.613, 6
8, 1.0, 1.0, 1.0, 0.6, 0.613, 7
8, 1.0, 1.0, 1.0, 0.6, 0.613, 8
8, 1.0, 1.0, 1.0, 0.6, 0.613, 9
8, 1.0, 1.0, 1.0, 0.6, 0.613, 10
8, 1.0, 1.0, 1.0, 0.6, 0.613, 11
8, 1.0, 1.0, 1.0, 0.6, 0.613, 12
8, 1.0, 1.0, 1.0, 0.6, 0.613, 13
8, 1.0, 1.0, 1.0, 0.6, 0.613, 14
8, 1.0, 1.0, 1.0, 0.6, 0.613, 15
8, 1.0, 1.0, 1.0, 0.6, 0.613, 16
8, 1.0, 1.0, 1.0, 0.6, 0.613, 17
8, 1.0, 1.0, 1.0, 0.6, 0.613, 18
8, 1.0, 1.0, 1.0, 0.6, 0.613, 19
8, 1.0, 1.0, 1.0, 0.6, 0.613, 20
8, 1.0, 1.0, 1.0, 0.6, 0.613, 21
8, 1.0, 1.0, 1.0, 0.6, 0.613, 22
8, 1.0, 1.0, 1.0, 0.6, 0.613, 23
8, 1.0, 1.0, 1.0, 0.6, 0.613, 24
8, 1.0, 1.0, 1.0, 0.6, 0.613, 25
8, 1.0, 1.0, 1.0, 0.6, 0.613, 26
8, 1.0, 1.0, 1.0, 0.6, 0.613, 27
8, 1.0, 1.0, 1.0, 0.6, 0.613, 28
8, 1.0, 1.0, 1.0, 0.6, 0.613, 29
8, 1.0, 1.0, 1.0, 0.6, 0.613, 30
8, 1.0, 1.0, 1.0, 0.6, 0.613, 31
8, 1.0, 1.0, 1.0, 0.6, 0.613, 32
8, 1.0, 1.0, 1.0, 0.6, 0.613, 33
8, 1.0, 1.0, 1.0, 0.6, 0.613, 34
8, 1.0, 1.0, 1.0, 0.6, 0.613, 35
8, 1.0, 1.0, 1.0, 0.6, 0.613, 36
8, 1.0, 1.0, 1.0, 0.6, 0.613, 37
8, 1.0, 1.0, 1.0, 0.6, 0.613, 38
8, 1.0, 1.0, 1.0, 0.6, 0.613, 39
8, 1.0, 1.0, 1.0, 0.6, 0.613, 40
8, 1.0, 1.0, 1.0, 0.6, 0.613, 41
8, 1.0, 1.0, 1.0, 0.6, 0.613, 42
8, 1.0, 1.0, 1.0, 0.6, 0.613, 43
8, 1.0, 1.0, 1.0, 0.6, 0.613, 44
8, 1.0, 1.0, 1.0, 0.6, 0.613, 45
8, 1.0, 1.0, 1.0, 0.6, 0.613, 46
8, 1.0, 1.0, 1.0, 0.6, 0.613, 47
8, 1.0, 1.0, 1.0, 0.6, 0.613, 48
8, 1.0, 1.0, 1.0, 0.6, 0.613, 49
8, 1.0, 1.0, 1.0, 0.6, 0.613, 50
8, 1.0, 1.0, 1.0, 0.7, 0.613, 1
8, 1.0, 1.0, 1.0, 0.7, 0.613, 2
8, 1.0, 1.0, 1.0, 0.7, 0.613, 3
8, 1.0, 1.0, 1.0, 0.7, 0.613, 4
8, 1.0, 1.0, 1.0, 0.7, 0.613, 5
8, 1.0, 1.0, 1.0, 0.7, 0.613, 6
8, 1.0, 1.0, 1.0, 0.7, 0.613, 7
8, 1.0, 1.0, 1.0, 0.7, 0.613, 8
8, 1.0, 1.0, 1.0, 0.7, 0.613, 9
8, 1.0, 1.0, 1.0, 0.7, 0.613, 10
8, 1.0, 1.0, 1.0, 0.7, 0.613, 11
8, 1.0, 1.0, 1.0, 0.7, 0.613, 12
8, 1.0, 1.0, 1.0, 0.7, 0.613, 13
8, 1.0, 1.0, 1.0, 0.7, 0.613, 14
8, 1.0, 1.0, 1.0, 0.7, 0.613, 15
8, 1.0, 1.0, 1.0, 0.7, 0.613, 16
8, 1.0, 1.0, 1.0, 0.7, 0.613, 17
8, 1.0, 1.0, 1.0, 0.7, 0.613, 18
8, 1.0, 1.0, 1.0, 0.7, 0.613, 19
8, 1.0, 1.0, 1.0, 0.7, 0.613, 20
8, 1.0, 1.0, 1.0, 0.7, 0.613, 21
8, 1.0, 1.0, 1.0, 0.7, 0.613, 22
8, 1.0, 1.0, 1.0, 0.7, 0.613, 23
8, 1.0, 1.0, 1.0, 0.7, 0.613, 24
8, 1.0, 1.0, 1.0, 0.7, 0.613, 25
8, 1.0, 1.0, 1.0, 0.7, 0.613, 26
8, 1.0, 1.0, 1.0, 0.7, 0.613, 27
8, 1.0, 1.0, 1.0, 0.7, 0.613, 28
8, 1.0, 1.0, 1.0, 0.7, 0.613, 29
8, 1.0, 1.0, 1.0, 0.7, 0.613, 30
8, 1.0, 1.0, 1.0, 0.7, 0.613, 31
8, 1.0, 1.0, 1.0, 0.7, 0.613, 32
8, 1.0, 1.0, 1.0, 0.7, 0.613, 33
8, 1.0, 1.0, 1.0, 0.7, 0.613, 34
8, 1.0, 1.0, 1.0, 0.7, 0.613, 35
8, 1.0, 1.0, 1.0, 0.7, 0.613, 36
8, 1.0, 1.0, 1.0, 0.7, 0.613, 37
8, 1.0, 1.0, 1.0, 0.7, 0.613, 38
8, 1.0, 1.0, 1.0, 0.7, 0.613, 39
8, 1.0, 1.0, 1.0, 0.7, 0.613, 40
8, 1.0, 1.0, 1.0, 0.7, 0.613, 41
8, 1.0, 1.0, 1.0, 0.7, 0.613, 42
8, 1.0, 1.0, 1.0, 0.7, 0.613, 43
8, 1.0, 1.0, 1.0, 0.7, 0.613, 44
8, 1.0, 1.0, 1.0, 0.7, 0.613, 45
8, 1.0, 1.0, 1.0, 0.7, 0.613, 46
8, 1.0, 1.0, 1.0, 0.7, 0.613, 47
8, 1.0, 1.0, 1.0, 0.7, 0.613, 48
8, 1.0, 1.0, 1.0, 0.7, 0.613, 49
8, 1.0, 1.0, 1.0, 0.7, 0.613, 50
8, 1.0, 1.0, 1.0, 0.8, 0.613, 1
8, 1.0, 1.0, 1.0, 0.8, 0.613, 2
8, 1.0, 1.0, 1.0, 0.8, 0.613, 3
8, 1.0, 1.0, 1.0, 0.8, 0.613, 4
8, 1.0, 1.0, 1.0, 0.8, 0.613, 5
8, 1.0, 1.0, 1.0, 0.8, 0.613, 6
8, 1.0, 1.0, 1.0, 0.8, 0.613, 7
8, 1.0, 1.0, 1.0, 0.8, 0.613, 8
8, 1.0, 1.0, 1.0, 0.8, 0.613, 9
8, 1.0, 1.0, 1.0, 0.8, 0.613, 10
8, 1.0, 1.0, 1.0, 0.8, 0.613, 11
8, 1.0, 1.0, 1.0, 0.8, 0.613, 12
8, 1.0, 1.0, 1.0, 0.8, 0.613, 13
8, 1.0, 1.0, 1.0, 0.8, 0.613, 14
8, 1.0, 1.0, 1.0, 0.8, 0.613, 15
8, 1.0, 1.0, 1.0, 0.8, 0.613, 16
8, 1.0, 1.0, 1.0, 0.8, 0.613, 17
8, 1.0, 1.0, 1.0, 0.8, 0.613, 18
8, 1.0, 1.0, 1.0, 0.8, 0.613, 19
8, 1.0, 1.0, 1.0, 0.8, 0.613, 20
8, 1.0, 1.0, 1.0, 0.8, 0.613, 21
8, 1.0, 1.0, 1.0, 0.8, 0.613, 22
8, 1.0, 1.0, 1.0, 0.8, 0.613, 23
8, 1.0, 1.0, 1.0, 0.8, 0.613, 24
8, 1.0, 1.0, 1.0, 0.8, 0.613, 25
8, 1.0, 1.0, 1.0, 0.8, 0.613, 26
8, 1.0, 1.0, 1.0, 0.8, 0.613, 27
8, 1.0, 1.0, 1.0, 0.8, 0.613, 28
8, 1.0, 1.0, 1.0, 0.8, 0.613, 29
8, 1.0, 1.0, 1.0, 0.8, 0.613, 30
8, 1.0, 1.0, 1.0, 0.8, 0.613, 31
8, 1.0, 1.0, 1.0, 0.8, 0.613, 32
8, 1.0, 1.0, 1.0, 0.8, 0.613, 33
8, 1.0, 1.0, 1.0, 0.8, 0.613, 34
8, 1.0, 1.0, 1.0, 0.8, 0.613, 35
8, 1.0, 1.0, 1.0, 0.8, 0.613, 36
8, 1.0, 1.0, 1.0, 0.8, 0.613, 37
8, 1.0, 1.0, 1.0, 0.8, 0.613, 38
8, 1.0, 1.0, 1.0, 0.8, 0.613, 39
8, 1.0, 1.0, 1.0, 0.8, 0.613, 40
8, 1.0, 1.0, 1.0, 0.8, 0.613, 41
8, 1.0, 1.0, 1.0, 0.8, 0.613, 42
8, 1.0, 1.0, 1.0, 0.8, 0.613, 43
8, 1.0, 1.0, 1.0, 0.8, 0.613, 44
8, 1.0, 1.0, 1.0, 0.8, 0.613, 45
8, 1.0, 1.0, 1.0, 0.8, 0.613, 46
8, 1.0, 1.0, 1.0, 0.8, 0.613, 47
8, 1.0, 1.0, 1.0, 0.8, 0.613, 48
8, 1.0, 1.0, 1.0, 0.8, 0.613, 49
8, 1.0, 1.0, 1.0, 0.8, 0.613, 50
8, 1.0, 1.0, 1.0, 0.9, 0.613, 1
8, 1.0, 1.0, 1.0, 0.9, 0.613, 2
8, 1.0, 1.0, 1.0, 0.9, 0.613, 3
8, 1.0, 1.0, 1.0, 0.9, 0.613, 4
8, 1.0, 1.0, 1.0, 0.9, 0.613, 5
8, 1.0, 1.0, 1.0, 0.9, 0.613, 6
8, 1.0, 1.0, 1.0, 0.9, 0.613, 7
8, 1.0, 1.0, 1.0, 0.9, 0.613, 8
8, 1.0, 1.0, 1.0, 0.9, 0.613, 9
8, 1.0, 1.0, 1.0, 0.9, 0.613, 10
8, 1.0, 1.0, 1.0, 0.9, 0.613, 11
8, 1.0, 1.0, 1.0, 0.9, 0.613, 12
8, 1.0, 1.0, 1.0, 0.9, 0.613, 13
8, 1.0, 1.0, 1.0, 0.9, 0.613, 14
8, 1.0, 1.0, 1.0, 0.9, 0.613, 15
8, 1.0, 1.0, 1.0, 0.9, 0.613, 16
8, 1.0, 1.0, 1.0, 0.9, 0.613, 17
8, 1.0, 1.0, 1.0, 0.9, 0.613, 18
8, 1.0, 1.0, 1.0, 0.9, 0.613, 19
8, 1.0, 1.0, 1.0, 0.9, 0.613, 20
8, 1.0, 1.0, 1.0, 0.9, 0.613, 21
8, 1.0, 1.0, 1.0, 0.9, 0.613, 22
8, 1.0, 1.0, 1.0, 0.9, 0.613, 23
8, 1.0, 1.0, 1.0, 0.9, 0.613, 24
8, 1.0, 1.0, 1.0, 0.9, 0.613, 25
8, 1.0, 1.0, 1.0, 0.9, 0.613, 26
8, 1.0, 1.0, 1.0, 0.9, 0.613, 27
8, 1.0, 1.0, 1.0, 0.9, 0.613, 28
8, 1.0, 1.0, 1.0, 0.9, 0.613, 29
8, 1.0, 1.0, 1.0, 0.9, 0.613, 30
8, 1.0, 1.0, 1.0, 0.9, 0.613, 31
8, 1.0, 1.0, 1.0, 0.9, 0.613, 32
8, 1.0, 1.0, 1.0, 0.9, 0.613, 33
8, 1.0, 1.0, 1.0, 0.9, 0.613, 34
8, 1.0, 1.0, 1.0, 0.9, 0.613, 35
8, 1.0, 1.0, 1.0, 0.9, 0.613, 36
8, 1.0, 1.0, 1.0, 0.9, 0.613, 37
8, 1.0, 1.0, 1.0, 0.9, 0.613, 38
8, 1.0, 1.0, 1.0, 0.9, 0.613, 39
8, 1.0, 1.0, 1.0, 0.9, 0.613, 40
8, 1.0, 1.0, 1.0, 0.9, 0.613, 41
8, 1.0, 1.0, 1.0, 0.9, 0.613, 42
8, 1.0, 1.0, 1.0, 0.9, 0.613, 43
8, 1.0, 1.0, 1.0, 0.9, 0.613, 44
8, 1.0, 1.0, 1.0, 0.9, 0.613, 45
8, 1.0, 1.0, 1.0, 0.9, 0.613, 46
8, 1.0, 1.0, 1.0, 0.9, 0.613, 47
8, 1.0, 1.0, 1.0, 0.9, 0.613, 48
8, 1.0, 1.0, 1.0, 0.9, 0.613, 49
8, 1.0, 1.0, 1.0, 0.9, 0.613, 50
8, 1.0, 1.0, 1.0, 1.1, 0.613, 1
8, 1.0, 1.0, 1.0, 1.1, 0.613, 2
8, 1.0, 1.0, 1.0, 1.1, 0.613, 3
8, 1.0, 1.0, 1.0, 1.1, 0.613, 4
8, 1.0, 1.0, 1.0, 1.1, 0.613, 5
8, 1.0, 1.0, 1.0, 1.1, 0.613, 6
8, 1.0, 1.0, 1.0, 1.1, 0.613, 7
8, 1.0, 1.0, 1.0, 1.1, 0.613, 8
8, 1.0, 1.0, 1.0, 1.1, 0.613, 9
8, 1.0, 1.0, 1.0, 1.1, 0.613, 10
8, 1.0, 1.0, 1.0, 1.1, 0.613, 11
8, 1.0, 1.0, 1.0, 1.1, 0.613, 12
8, 1.0, 1.0, 1.0, 1.1, 0.613, 13
8, 1.0, 1.0, 1.0, 1.1, 0.613, 14
8, 1.0, 1.0, 1.0, 1.1, 0.613, 15
8, 1.0, 1.0, 1.0, 1.1, 0.613, 16
8, 1.0, 1.0, 1.0, 1.1, 0.613, 17
8, 1.0, 1.0, 1.0, 1.1, 0.613, 18
8, 1.0, 1.0, 1.0, 1.1, 0.613, 19
8, 1.0, 1.0, 1.0, 1.1, 0.613, 20
8, 1.0, 1.0, 1.0, 1.1, 0.613, 21
8, 1.0, 1.0, 1.0, 1.1, 0.613, 22
8, 1.0, 1.0, 1.0, 1.1, 0.613, 23
8, 1.0, 1.0, 1.0, 1.1, 0.613, 24
8, 1.0, 1.0, 1.0, 1.1, 0.613, 25
8, 1.0, 1.0, 1.0, 1.1, 0.613, 26
8, 1.0, 1.0, 1.0, 1.1, 0.613, 27
8, 1.0, 1.0, 1.0, 1.1, 0.613, 28
8, 1.0, 1.0, 1.0, 1.1, 0.613, 29
8, 1.0, 1.0, 1.0, 1.1, 0.613, 30
8, 1.0, 1.0, 1.0, 1.1, 0.613, 31
8, 1.0, 1.0, 1.0, 1.1, 0.613, 32
8, 1.0, 1.0, 1.0, 1.1, 0.613, 33
8, 1.0, 1.0, 1.0, 1.1, 0.613, 34
8, 1.0, 1.0, 1.0, 1.1, 0.613, 35
8, 1.0, 1.0, 1.0, 1.1, 0.613, 36
8, 1.0, 1.0, 1.0, 1.1, 0.613, 37
8, 1.0, 1.0, 1.0, 1.1, 0.613, 38
8, 1.0, 1.0, 1.0, 1.1, 0.613, 39
8, 1.0, 1.0, 1.0, 1.1, 0.613, 40
8, 1.0, 1.0, 1.0, 1.1, 0.613, 41
8, 1.0, 1.0, 1.0, 1.1, 0.613, 42
8, 1.0, 1.0, 1.0, 1.1, 0.613, 43
8, 1.0, 1.0, 1.0, 1.1, 0.613, 44
8, 1.0, 1.0, 1.0, 1.1, 0.613, 45
8, 1.0, 1.0, 1.0, 1.1, 0.613, 46
8, 1.0, 1.0, 1.0, 1.1, 0.613, 47
8, 1.0, 1.0, 1.0, 1.1, 0.613, 48
8, 1.0, 1.0, 1.0, 1.1, 0.613, 49
8, 1.0, 1.0, 1.0, 1.1, 0.613, 50
8, 1.0, 1.0, 1.0, 1.2, 0.613, 1
8, 1.0, 1.0, 1.0, 1.2, 0.613, 2
8, 1.0, 1.0, 1.0, 1.2, 0.613, 3
8, 1.0, 1.0, 1.0, 1.2, 0.613, 4
8, 1.0, 1.0, 1.0, 1.2, 0.613, 5
8, 1.0, 1.0, 1.0, 1.2, 0.613, 6
8, 1.0, 1.0, 1.0, 1.2, 0.613, 7
8, 1.0, 1.0, 1.0, 1.2, 0.613, 8
8, 1.0, 1.0, 1.0, 1.2, 0.613, 9
8, 1.0, 1.0, 1.0, 1.2, 0.613, 10
8, 1.0, 1.0, 1.0, 1.2, 0.613, 11
8, 1.0, 1.0, 1.0, 1.2, 0.613, 12
8, 1.0, 1.0, 1.0, 1.2, 0.613, 13
8, 1.0, 1.0, 1.0, 1.2, 0.613, 14
8, 1.0, 1.0, 1.0, 1.2, 0.613, 15
8, 1.0, 1.0, 1.0, 1.2, 0.613, 16
8, 1.0, 1.0, 1.0, 1.2, 0.613, 17
8, 1.0, 1.0, 1.0, 1.2, 0.613, 18
8, 1.0, 1.0, 1.0, 1.2, 0.613, 19
8, 1.0, 1.0, 1.0, 1.2, 0.613, 20
8, 1.0, 1.0, 1.0, 1.2, 0.613, 21
8, 1.0, 1.0, 1.0, 1.2, 0.613, 22
8, 1.0, 1.0, 1.0, 1.2, 0.613, 23
8, 1.0, 1.0, 1.0, 1.2, 0.613, 24
8, 1.0, 1.0, 1.0, 1.2, 0.613, 25
8, 1.0, 1.0, 1.0, 1.2, 0.613, 26
8, 1.0, 1.0, 1.0, 1.2, 0.613, 27
8, 1.0, 1.0, 1.0, 1.2, 0.613, 28
8, 1.0, 1.0, 1.0, 1.2, 0.613, 29
8, 1.0, 1.0, 1.0, 1.2, 0.613, 30
8, 1.0, 1.0, 1.0, 1.2, 0.613, 31
8, 1.0, 1.0, 1.0, 1.2, 0.613, 32
8, 1.0, 1.0, 1.0, 1.2, 0.613, 33
8, 1.0, 1.0, 1.0, 1.2, 0.613, 34
8, 1.0, 1.0, 1.0, 1.2, 0.613, 35
8, 1.0, 1.0, 1.0, 1.2, 0.613, 36
8, 1.0, 1.0, 1.0, 1.2, 0.613, 37
8, 1.0, 1.0, 1.0, 1.2, 0.613, 38
8, 1.0, 1.0, 1.0, 1.2, 0.613, 39
8, 1.0, 1.0, 1.0, 1.2, 0.613, 40
8, 1.0, 1.0, 1.0, 1.2, 0.613, 41
8, 1.0, 1.0, 1.0, 1.2, 0.613, 42
8, 1.0, 1.0, 1.0, 1.2, 0.613, 43
8, 1.0, 1.0, 1.0, 1.2, 0.613, 44
8, 1.0, 1.0, 1.0, 1.2, 0.613, 45
8, 1.0, 1.0, 1.0, 1.2, 0.613, 46
8, 1.0, 1.0, 1.0, 1.2, 0.613, 47
8, 1.0, 1.0, 1.0, 1.2, 0.613, 48
8, 1.0, 1.0, 1.0, 1.2, 0.613, 49
8, 1.0, 1.0, 1.0, 1.2, 0.613, 50
8, 1.0, 1.0, 0.5, 0.5, 0.613, 1
8, 1.0, 1.0, 0.5, 0.5, 0.613, 2
8, 1.0, 1.0, 0.5, 0.5, 0.613, 3
8, 1.0, 1.0, 0.5, 0.5, 0.613, 4
8, 1.0, 1.0, 0.5, 0.5, 0.613, 5
8, 1.0, 1.0, 0.5, 0.5, 0.613, 6
8, 1.0, 1.0, 0.5, 0.5, 0.613, 7
8, 1.0, 1.0, 0.5, 0.5, 0.613, 8
8, 1.0, 1.0, 0.5, 0.5, 0.613, 9
8, 1.0, 1.0, 0.5, 0.5, 0.613, 10
8, 1.0, 1.0, 0.5, 0.5, 0.613, 11
8, 1.0, 1.0, 0.5, 0.5, 0.613, 12
8, 1.0, 1.0, 0.5, 0.5, 0.613, 13
8, 1.0, 1.0, 0.5, 0.5, 0.613, 14
8, 1.0, 1.0, 0.5, 0.5, 0.613, 15
8, 1.0, 1.0, 0.5, 0.5, 0.613, 16
8, 1.0, 1.0, 0.5, 0.5, 0.613, 17
8, 1.0, 1.0, 0.5, 0.5, 0.613, 18
8, 1.0, 1.0, 0.5, 0.5, 0.613, 19
8, 1.0, 1.0, 0.5, 0.5, 0.613, 20
8, 1.0, 1.0, 0.5, 0.5, 0.613, 21
8, 1.0, 1.0, 0.5, 0.5, 0.613, 22
8, 1.0, 1.0, 0.5, 0.5, 0.613, 23
8, 1.0, 1.0, 0.5, 0.5, 0.613, 24
8, 1.0, 1.0, 0.5, 0.5, 0.613, 25
8, 1.0, 1.0, 0.5, 0.5, 0.613, 26
8, 1.0, 1.0, 0.5, 0.5, 0.613, 27
8, 1.0, 1.0, 0.5, 0.5, 0.613, 28
8, 1.0, 1.0, 0.5, 0.5, 0.613, 29
8, 1.0, 1.0, 0.5, 0.5, 0.613, 30
8, 1.0, 1.0, 0.5, 0.5, 0.613, 31
8, 1.0, 1.0, 0.5, 0.5, 0.613, 32
8, 1.0, 1.0, 0.5, 0.5, 0.613, 33
8, 1.0, 1.0, 0.5, 0.5, 0.613, 34
8, 1.0, 1.0, 0.5, 0.5, 0.613, 35
8, 1.0, 1.0, 0.5, 0.5, 0.613, 36
8, 1.0, 1.0, 0.5, 0.5, 0.613, 37
8, 1.0, 1.0, 0.5, 0.5, 0.613, 38
8, 1.0, 1.0, 0.5, 0.5, 0.613, 39
8, 1.0, 1.0, 0.5, 0.5, 0.613, 40
8, 1.0, 1.0, 0.5, 0.5, 0.613, 41
8, 1.0, 1.0, 0.5, 0.5, 0.613, 42
8, 1.0, 1.0, 0.5, 0.5, 0.613, 43
8, 1.0, 1.0, 0.5, 0.5, 0.613, 44
8, 1.0, 1.0, 0.5, 0.5, 0.613, 45
8, 1.0, 1.0, 0.5, 0.5, 0.613, 46
8, 1.0, 1.0, 0.5, 0.5, 0.613, 47
8, 1.0, 1.0, 0.5, 0.5, 0.613, 48
8, 1.0, 1.0, 0.5, 0.5, 0.613, 49
8, 1.0, 1.0, 0.5, 0.5, 0.613, 50
8, 1.0, 1.0, 0.6, 0.6, 0.613, 1
8, 1.0, 1.0, 0.6, 0.6, 0.613, 2
8, 1.0, 1.0, 0.6, 0.6, 0.613, 3
8, 1.0, 1.0, 0.6, 0.6, 0.613, 4
8, 1.0, 1.0, 0.6, 0.6, 0.613, 5
8, 1.0, 1.0, 0.6, 0.6, 0.613, 6
8, 1.0, 1.0, 0.6, 0.6, 0.613, 7
8, 1.0, 1.0, 0.6, 0.6, 0.613, 8
8, 1.0, 1.0, 0.6, 0.6, 0.613, 9
8, 1.0, 1.0, 0.6, 0.6, 0.613, 10
8, 1.0, 1.0, 0.6, 0.6, 0.613, 11
8, 1.0, 1.0, 0.6, 0.6, 0.613, 12
8, 1.0, 1.0, 0.6, 0.6, 0.613, 13
8, 1.0, 1.0, 0.6, 0.6, 0.613, 14
8, 1.0, 1.0, 0.6, 0.6, 0.613, 15
8, 1.0, 1.0, 0.6, 0.6, 0.613, 16
8, 1.0, 1.0, 0.6, 0.6, 0.613, 17
8, 1.0, 1.0, 0.6, 0.6, 0.613, 18
8, 1.0, 1.0, 0.6, 0.6, 0.613, 19
8, 1.0, 1.0, 0.6, 0.6, 0.613, 20
8, 1.0, 1.0, 0.6, 0.6, 0.613, 21
8, 1.0, 1.0, 0.6, 0.6, 0.613, 22
8, 1.0, 1.0, 0.6, 0.6, 0.613, 23
8, 1.0, 1.0, 0.6, 0.6, 0.613, 24
8, 1.0, 1.0, 0.6, 0.6, 0.613, 25
8, 1.0, 1.0, 0.6, 0.6, 0.613, 26
8, 1.0, 1.0, 0.6, 0.6, 0.613, 27
8, 1.0, 1.0, 0.6, 0.6, 0.613, 28
8, 1.0, 1.0, 0.6, 0.6, 0.613, 29
8, 1.0, 1.0, 0.6, 0.6, 0.613, 30
8, 1.0, 1.0, 0.6, 0.6, 0.613, 31
8, 1.0, 1.0, 0.6, 0.6, 0.613, 32
8, 1.0, 1.0, 0.6, 0.6, 0.613, 33
8, 1.0, 1.0, 0.6, 0.6, 0.613, 34
8, 1.0, 1.0, 0.6, 0.6, 0.613, 35
8, 1.0, 1.0, 0.6, 0.6, 0.613, 36
8, 1.0, 1.0, 0.6, 0.6, 0.613, 37
8, 1.0, 1.0, 0.6, 0.6, 0.613, 38
8, 1.0, 1.0, 0.6, 0.6, 0.613, 39
8, 1.0, 1.0, 0.6, 0.6, 0.613, 40
8, 1.0, 1.0, 0.6, 0.6, 0.613, 41
8, 1.0, 1.0, 0.6, 0.6, 0.613, 42
8, 1.0, 1.0, 0.6, 0.6, 0.613, 43
8, 1.0, 1.0, 0.6, 0.6, 0.613, 44
8, 1.0, 1.0, 0.6, 0.6, 0.613, 45
8, 1.0, 1.0, 0.6, 0.6, 0.613, 46
8, 1.0, 1.0, 0.6, 0.6, 0.613, 47
8, 1.0, 1.0, 0.6, 0.6, 0.613, 48
8, 1.0, 1.0, 0.6, 0.6, 0.613, 49
8, 1.0, 1.0, 0.6, 0.6, 0.613, 50
8, 1.0, 1.0, 0.7, 0.7, 0.613, 1
8, 1.0, 1.0, 0.7, 0.7, 0.613, 2
8, 1.0, 1.0, 0.7, 0.7, 0.613, 3
8, 1.0, 1.0, 0.7, 0.7, 0.613, 4
8, 1.0, 1.0, 0.7, 0.7, 0.613, 5
8, 1.0, 1.0, 0.7, 0.7, 0.613, 6
8, 1.0, 1.0, 0.7, 0.7, 0.613, 7
8, 1.0, 1.0, 0.7, 0.7, 0.613, 8
8, 1.0, 1.0, 0.7, 0.7, 0.613, 9
8, 1.0, 1.0, 0.7, 0.7, 0.613, 10
8, 1.0, 1.0, 0.7, 0.7, 0.613, 11
8, 1.0, 1.0, 0.7, 0.7, 0.613, 12
8, 1.0, 1.0, 0.7, 0.7, 0.613, 13
8, 1.0, 1.0, 0.7, 0.7, 0.613, 14
8, 1.0, 1.0, 0.7, 0.7, 0.613, 15
8, 1.0, 1.0, 0.7, 0.7, 0.613, 16
8, 1.0, 1.0, 0.7, 0.7, 0.613, 17
8, 1.0, 1.0, 0.7, 0.7, 0.613, 18
8, 1.0, 1.0, 0.7, 0.7, 0.613, 19
8, 1.0, 1.0, 0.7, 0.7, 0.613, 20
8, 1.0, 1.0, 0.7, 0.7, 0.613, 21
8, 1.0, 1.0, 0.7, 0.7, 0.613, 22
8, 1.0, 1.0, 0.7, 0.7, 0.613, 23
8, 1.0, 1.0, 0.7, 0.7, 0.613, 24
8, 1.0, 1.0, 0.7, 0.7, 0.613, 25
8, 1.0, 1.0, 0.7, 0.7, 0.613, 26
8, 1.0, 1.0, 0.7, 0.7, 0.613, 27
8, 1.0, 1.0, 0.7, 0.7, 0.613, 28
8, 1.0, 1.0, 0.7, 0.7, 0.613, 29
8, 1.0, 1.0, 0.7, 0.7, 0.613, 30
8, 1.0, 1.0, 0.7, 0.7, 0.613, 31
8, 1.0, 1.0, 0.7, 0.7, 0.613, 32
8, 1.0, 1.0, 0.7, 0.7, 0.613, 33
8, 1.0, 1.0, 0.7, 0.7, 0.613, 34
8, 1.0, 1.0, 0.7, 0.7, 0.613, 35
8, 1.0, 1.0, 0.7, 0.7, 0.613, 36
8, 1.0, 1.0, 0.7, 0.7, 0.613, 37
8, 1.0, 1.0, 0.7, 0.7, 0.613, 38
8, 1.0, 1.0, 0.7, 0.7, 0.613, 39
8, 1.0, 1.0, 0.7, 0.7, 0.613, 40
8, 1.0, 1.0, 0.7, 0.7, 0.613, 41
8, 1.0, 1.0, 0.7, 0.7, 0.613, 42
8, 1.0, 1.0, 0.7, 0.7, 0.613, 43
8, 1.0, 1.0, 0.7, 0.7, 0.613, 44
8, 1.0, 1.0, 0.7, 0.7, 0.613, 45
8, 1.0, 1.0, 0.7, 0.7, 0.613, 46
8, 1.0, 1.0, 0.7, 0.7, 0.613, 47
8, 1.0, 1.0, 0.7, 0.7, 0.613, 48
8, 1.0, 1.0, 0.7, 0.7, 0.613, 49
8, 1.0, 1.0, 0.7, 0.7, 0.613, 50
8, 1.0, 1.0, 0.8, 0.8, 0.613, 1
8, 1.0, 1.0, 0.8, 0.8, 0.613, 2
8, 1.0, 1.0, 0.8, 0.8, 0.613, 3
8, 1.0, 1.0, 0.8, 0.8, 0.613, 4
8, 1.0, 1.0, 0.8, 0.8, 0.613, 5
8, 1.0, 1.0, 0.8, 0.8, 0.613, 6
8, 1.0, 1.0, 0.8, 0.8, 0.613, 7
8, 1.0, 1.0, 0.8, 0.8, 0.613, 8
8, 1.0, 1.0, 0.8, 0.8, 0.613, 9
8, 1.0, 1.0, 0.8, 0.8, 0.613, 10
8, 1.0, 1.0, 0.8, 0.8, 0.613, 11
8, 1.0, 1.0, 0.8, 0.8, 0.613, 12
8, 1.0, 1.0, 0.8, 0.8, 0.613, 13
8, 1.0, 1.0, 0.8, 0.8, 0.613, 14
8, 1.0, 1.0, 0.8, 0.8, 0.613, 15
8, 1.0, 1.0, 0.8, 0.8, 0.613, 16
8, 1.0, 1.0, 0.8, 0.8, 0.613, 17
8, 1.0, 1.0, 0.8, 0.8, 0.613, 18
8, 1.0, 1.0, 0.8, 0.8, 0.613, 19
8, 1.0, 1.0, 0.8, 0.8, 0.613, 20
8, 1.0, 1.0, 0.8, 0.8, 0.613, 21
8, 1.0, 1.0, 0.8, 0.8, 0.613, 22
8, 1.0, 1.0, 0.8, 0.8, 0.613, 23
8, 1.0, 1.0, 0.8, 0.8, 0.613, 24
8, 1.0, 1.0, 0.8, 0.8, 0.613, 25
8, 1.0, 1.0, 0.8, 0.8, 0.613, 26
8, 1.0, 1.0, 0.8, 0.8, 0.613, 27
8, 1.0, 1.0, 0.8, 0.8, 0.613, 28
8, 1.0, 1.0, 0.8, 0.8, 0.613, 29
8, 1.0, 1.0, 0.8, 0.8, 0.613, 30
8, 1.0, 1.0, 0.8, 0.8, 0.613, 31
8, 1.0, 1.0, 0.8, 0.8, 0.613, 32
8, 1.0, 1.0, 0.8, 0.8, 0.613, 33
8, 1.0, 1.0, 0.8, 0.8, 0.613, 34
8, 1.0, 1.0, 0.8, 0.8, 0.613, 35
8, 1.0, 1.0, 0.8, 0.8, 0.613, 36
8, 1.0, 1.0, 0.8, 0.8, 0.613, 37
8, 1.0, 1.0, 0.8, 0.8, 0.613, 38
8, 1.0, 1.0, 0.8, 0.8, 0.613, 39
8, 1.0, 1.0, 0.8, 0.8, 0.613, 40
8, 1.0, 1.0, 0.8, 0.8, 0.613, 41
8, 1.0, 1.0, 0.8, 0.8, 0.613, 42
8, 1.0, 1.0, 0.8, 0.8, 0.613, 43
8, 1.0, 1.0, 0.8, 0.8, 0.613, 44
8, 1.0, 1.0, 0.8, 0.8, 0.613, 45
8, 1.0, 1.0, 0.8, 0.8, 0.613, 46
8, 1.0, 1.0, 0.8, 0.8, 0.613, 47
8, 1.0, 1.0, 0.8, 0.8, 0.613, 48
8, 1.0, 1.0, 0.8, 0.8, 0.613, 49
8, 1.0, 1.0, 0.8, 0.8, 0.613, 50
8, 1.0, 1.0, 0.9, 0.9, 0.613, 1
8, 1.0, 1.0, 0.9, 0.9, 0.613, 2
8, 1.0, 1.0, 0.9, 0.9, 0.613, 3
8, 1.0, 1.0, 0.9, 0.9, 0.613, 4
8, 1.0, 1.0, 0.9, 0.9, 0.613, 5
8, 1.0, 1.0, 0.9, 0.9, 0.613, 6
8, 1.0, 1.0, 0.9, 0.9, 0.613, 7
8, 1.0, 1.0, 0.9, 0.9, 0.613, 8
8, 1.0, 1.0, 0.9, 0.9, 0.613, 9
8, 1.0, 1.0, 0.9, 0.9, 0.613, 10
8, 1.0, 1.0, 0.9, 0.9, 0.613, 11
8, 1.0, 1.0, 0.9, 0.9, 0.613, 12
8, 1.0, 1.0, 0.9, 0.9, 0.613, 13
8, 1.0, 1.0, 0.9, 0.9, 0.613, 14
8, 1.0, 1.0, 0.9, 0.9, 0.613, 15
8, 1.0, 1.0, 0.9, 0.9, 0.613, 16
8, 1.0, 1.0, 0.9, 0.9, 0.613, 17
8, 1.0, 1.0, 0.9, 0.9, 0.613, 18
8, 1.0, 1.0, 0.9, 0.9, 0.613, 19
8, 1.0, 1.0, 0.9, 0.9, 0.613, 20
8, 1.0, 1.0, 0.9, 0.9, 0.613, 21
8, 1.0, 1.0, 0.9, 0.9, 0.613, 22
8, 1.0, 1.0, 0.9, 0.9, 0.613, 23
8, 1.0, 1.0, 0.9, 0.9, 0.613, 24
8, 1.0, 1.0, 0.9, 0.9, 0.613, 25
8, 1.0, 1.0, 0.9, 0.9, 0.613, 26
8, 1.0, 1.0, 0.9, 0.9, 0.613, 27
8, 1.0, 1.0, 0.9, 0.9, 0.613, 28
8, 1.0, 1.0, 0.9, 0.9, 0.613, 29
8, 1.0, 1.0, 0.9, 0.9, 0.613, 30
8, 1.0, 1.0, 0.9, 0.9, 0.613, 31
8, 1.0, 1.0, 0.9, 0.9, 0.613, 32
8, 1.0, 1.0, 0.9, 0.9, 0.613, 33
8, 1.0, 1.0, 0.9, 0.9, 0.613, 34
8, 1.0, 1.0, 0.9, 0.9, 0.613, 35
8, 1.0, 1.0, 0.9, 0.9, 0.613, 36
8, 1.0, 1.0, 0.9, 0.9, 0.613, 37
8, 1.0, 1.0, 0.9, 0.9, 0.613, 38
8, 1.0, 1.0, 0.9, 0.9, 0.613, 39
8, 1.0, 1.0, 0.9, 0.9, 0.613, 40
8, 1.0, 1.0, 0.9, 0.9, 0.613, 41
8, 1.0, 1.0, 0.9, 0.9, 0.613, 42
8, 1.0, 1.0, 0.9, 0.9, 0.613, 43
8, 1.0, 1.0, 0.9, 0.9, 0.613, 44
8, 1.0, 1.0, 0.9, 0.9, 0.613, 45
8, 1.0, 1.0, 0.9, 0.9, 0.613, 46
8, 1.0, 1.0, 0.9, 0.9, 0.613, 47
8, 1.0, 1.0, 0.9, 0.9, 0.613, 48
8, 1.0, 1.0, 0.9, 0.9, 0.613, 49
8, 1.0, 1.0, 0.9, 0.9, 0.613, 50
8, 1.0, 1.0, 1.1, 1.1, 0.613, 1
8, 1.0, 1.0, 1.1, 1.1, 0.613, 2
8, 1.0, 1.0, 1.1, 1.1, 0.613, 3
8, 1.0, 1.0, 1.1, 1.1, 0.613, 4
8, 1.0, 1.0, 1.1, 1.1, 0.613, 5
8, 1.0, 1.0, 1.1, 1.1, 0.613, 6
8, 1.0, 1.0, 1.1, 1.1, 0.613, 7
8, 1.0, 1.0, 1.1, 1.1, 0.613, 8
8, 1.0, 1.0, 1.1, 1.1, 0.613, 9
8, 1.0, 1.0, 1.1, 1.1, 0.613, 10
8, 1.0, 1.0, 1.1, 1.1, 0.613, 11
8, 1.0, 1.0, 1.1, 1.1, 0.613, 12
8, 1.0, 1.0, 1.1, 1.1, 0.613, 13
8, 1.0, 1.0, 1.1, 1.1, 0.613, 14
8, 1.0, 1.0, 1.1, 1.1, 0.613, 15
8, 1.0, 1.0, 1.1, 1.1, 0.613, 16
8, 1.0, 1.0, 1.1, 1.1, 0.613, 17
8, 1.0, 1.0, 1.1, 1.1, 0.613, 18
8, 1.0, 1.0, 1.1, 1.1, 0.613, 19
8, 1.0, 1.0, 1.1, 1.1, 0.613, 20
8, 1.0, 1.0, 1.1, 1.1, 0.613, 21
8, 1.0, 1.0, 1.1, 1.1, 0.613, 22
8, 1.0, 1.0, 1.1, 1.1, 0.613, 23
8, 1.0, 1.0, 1.1, 1.1, 0.613, 24
8, 1.0, 1.0, 1.1, 1.1, 0.613, 25
8, 1.0, 1.0, 1.1, 1.1, 0.613, 26
8, 1.0, 1.0, 1.1, 1.1, 0.613, 27
8, 1.0, 1.0, 1.1, 1.1, 0.613, 28
8, 1.0, 1.0, 1.1, 1.1, 0.613, 29
8, 1.0, 1.0, 1.1, 1.1, 0.613, 30
8, 1.0, 1.0, 1.1, 1.1, 0.613, 31
8, 1.0, 1.0, 1.1, 1.1, 0.613, 32
8, 1.0, 1.0, 1.1, 1.1, 0.613, 33
8, 1.0, 1.0, 1.1, 1.1, 0.613, 34
8, 1.0, 1.0, 1.1, 1.1, 0.613, 35
8, 1.0, 1.0, 1.1, 1.1, 0.613, 36
8, 1.0, 1.0, 1.1, 1.1, 0.613, 37
8, 1.0, 1.0, 1.1, 1.1, 0.613, 38
8, 1.0, 1.0, 1.1, 1.1, 0.613, 39
8, 1.0, 1.0, 1.1, 1.1, 0.613, 40
8, 1.0, 1.0, 1.1, 1.1, 0.613, 41
8, 1.0, 1.0, 1.1, 1.1, 0.613, 42
8, 1.0, 1.0, 1.1, 1.1, 0.613, 43
8, 1.0, 1.0, 1.1, 1.1, 0.613, 44
8, 1.0, 1.0, 1.1, 1.1, 0.613, 45
8, 1.0, 1.0, 1.1, 1.1, 0.613, 46
8, 1.0, 1.0, 1.1, 1.1, 0.613, 47
8, 1.0, 1.0, 1.1, 1.1, 0.613, 48
8, 1.0, 1.0, 1.1, 1.1, 0.613, 49
8, 1.0, 1.0, 1.1, 1.1, 0.613, 50
8, 1.0, 1.0, 1.2, 1.2, 0.613, 1
8, 1.0, 1.0, 1.2, 1.2, 0.613, 2
8, 1.0, 1.0, 1.2, 1.2, 0.613, 3
8, 1.0, 1.0, 1.2, 1.2, 0.613, 4
8, 1.0, 1.0, 1.2, 1.2, 0.613, 5
8, 1.0, 1.0, 1.2, 1.2, 0.613, 6
8, 1.0, 1.0, 1.2, 1.2, 0.613, 7
8, 1.0, 1.0, 1.2, 1.2, 0.613, 8
8, 1.0, 1.0, 1.2, 1.2, 0.613, 9
8, 1.0, 1.0, 1.2, 1.2, 0.613, 10
8, 1.0, 1.0, 1.2, 1.2, 0.613, 11
8, 1.0, 1.0, 1.2, 1.2, 0.613, 12
8, 1.0, 1.0, 1.2, 1.2, 0.613, 13
8, 1.0, 1.0, 1.2, 1.2, 0.613, 14
8, 1.0, 1.0, 1.2, 1.2, 0.613, 15
8, 1.0, 1.0, 1.2, 1.2, 0.613, 16
8, 1.0, 1.0, 1.2, 1.2, 0.613, 17
8, 1.0, 1.0, 1.2, 1.2, 0.613, 18
8, 1.0, 1.0, 1.2, 1.2, 0.613, 19
8, 1.0, 1.0, 1.2, 1.2, 0.613, 20
8, 1.0, 1.0, 1.2, 1.2, 0.613, 21
8, 1.0, 1.0, 1.2, 1.2, 0.613, 22
8, 1.0, 1.0, 1.2, 1.2, 0.613, 23
8, 1.0, 1.0, 1.2, 1.2, 0.613, 24
8, 1.0, 1.0, 1.2, 1.2, 0.613, 25
8, 1.0, 1.0, 1.2, 1.2, 0.613, 26
8, 1.0, 1.0, 1.2, 1.2, 0.613, 27
8, 1.0, 1.0, 1.2, 1.2, 0.613, 28
8, 1.0, 1.0, 1.2, 1.2, 0.613, 29
8, 1.0, 1.0, 1.2, 1.2, 0.613, 30
8, 1.0, 1.0, 1.2, 1.2, 0.613, 31
8, 1.0, 1.0, 1.2, 1.2, 0.613, 32
8, 1.0, 1.0, 1.2, 1.2, 0.613, 33
8, 1.0, 1.0, 1.2, 1.2, 0.613, 34
8, 1.0, 1.0, 1.2, 1.2, 0.613, 35
8, 1.0, 1.0, 1.2, 1.2, 0.613, 36
8, 1.0, 1.0, 1.2, 1.2, 0.613, 37
8, 1.0, 1.0, 1.2, 1.2, 0.613, 38
8, 1.0, 1.0, 1.2, 1.2, 0.613, 39
8, 1.0, 1.0, 1.2, 1.2, 0.613, 40
8, 1.0, 1.0, 1.2, 1.2, 0.613, 41
8, 1.0, 1.0, 1.2, 1.2, 0.613, 42
8, 1.0, 1.0, 1.2, 1.2, 0.613, 43
8, 1.0, 1.0, 1.2, 1.2, 0.613, 44
8, 1.0, 1.0, 1.2, 1.2, 0.613, 45
8, 1.0, 1.0, 1.2, 1.2, 0.613, 46
8, 1.0, 1.0, 1.2, 1.2, 0.613, 47
8, 1.0, 1.0, 1.2, 1.2, 0.613, 48
8, 1.0, 1.0, 1.2, 1.2, 0.613, 49
8, 1.0, 1.0, 1.2, 1.2, 0.613, 50
8, 1.0, 1.0, 1.0, 1.0, 0.500, 1
8, 1.0, 1.0, 1.0, 1.0, 0.500, 2
8, 1.0, 1.0, 1.0, 1.0, 0.500, 3
8, 1.0, 1.0, 1.0, 1.0, 0.500, 4
8, 1.0, 1.0, 1.0, 1.0, 0.500, 5
8, 1.0, 1.0, 1.0, 1.0, 0.500, 6
8, 1.0, 1.0, 1.0, 1.0, 0.500, 7
8, 1.0, 1.0, 1.0, 1.0, 0.500, 8
8, 1.0, 1.0, 1.0, 1.0, 0.500, 9
8, 1.0, 1.0, 1.0, 1.0, 0.500, 10
8, 1.0, 1.0, 1.0, 1.0, 0.500, 11
8, 1.0, 1.0, 1.0, 1.0, 0.500, 12
8, 1.0, 1.0, 1.0, 1.0, 0.500, 13
8, 1.0, 1.0, 1.0, 1.0, 0.500, 14
8, 1.0, 1.0, 1.0, 1.0, 0.500, 15
8, 1.0, 1.0, 1.0, 1.0, 0.500, 16
8, 1.0, 1.0, 1.0, 1.0, 0.500, 17
8, 1.0, 1.0, 1.0, 1.0, 0.500, 18
8, 1.0, 1.0, 1.0, 1.0, 0.500, 19
8, 1.0, 1.0, 1.0, 1.0, 0.500, 20
8, 1.0, 1.0, 1.0, 1.0, 0.500, 21
8, 1.0, 1.0, 1.0, 1.0, 0.500, 22
8, 1.0, 1.0, 1.0, 1.0, 0.500, 23
8, 1.0, 1.0, 1.0, 1.0, 0.500, 24
8, 1.0, 1.0, 1.0, 1.0, 0.500, 25
8, 1.0, 1.0, 1.0, 1.0, 0.500, 26
8, 1.0, 1.0, 1.0, 1.0, 0.500, 27
8, 1.0, 1.0, 1.0, 1.0, 0.500, 28
8, 1.0, 1.0, 1.0, 1.0, 0.500, 29
8, 1.0, 1.0, 1.0, 1.0, 0.500, 30
8, 1.0, 1.0, 1.0, 1.0, 0.500, 31
8, 1.0, 1.0, 1.0, 1.0, 0.500, 32
8, 1.0, 1.0, 1.0, 1.0, 0.500, 33
8, 1.0, 1.0, 1.0, 1.0, 0.500, 34
8, 1.0, 1.0, 1.0, 1.0, 0.500, 35
8, 1.0, 1.0, 1.0, 1.0, 0.500, 36
8, 1.0, 1.0, 1.0, 1.0, 0.500, 37
8, 1.0, 1.0, 1.0, 1.0, 0.500, 38
8, 1.0, 1.0, 1.0, 1.0, 0.500, 39
8, 1.0, 1.0, 1.0, 1.0, 0.500, 40
8, 1.0, 1.0, 1.0, 1.0, 0.500, 41
8, 1.0, 1.0, 1.0, 1.0, 0.500, 42
8, 1.0, 1.0, 1.0, 1.0, 0.500, 43
8, 1.0, 1.0, 1.0, 1.0, 0.500, 44
8, 1.0, 1.0, 1.0, 1.0, 0.500, 45
8, 1.0, 1.0, 1.0, 1.0, 0.500, 46
8, 1.0, 1.0, 1.0, 1.0, 0.500, 47
8, 1.0, 1.0, 1.0, 1.0, 0.500, 48
8, 1.0, 1.0, 1.0, 1.0, 0.500, 49
8, 1.0, 1.0, 1.0, 1.0, 0.500, 50
8, 1.0, 1.0, 1.0, 1.0, 0.550, 1
8, 1.0, 1.0, 1.0, 1.0, 0.550, 2
8, 1.0, 1.0, 1.0, 1.0, 0.550, 3
8, 1.0, 1.0, 1.0, 1.0, 0.550, 4
8, 1.0, 1.0, 1.0, 1.0, 0.550, 5
8, 1.0, 1.0, 1.0, 1.0, 0.550, 6
8, 1.0, 1.0, 1.0, 1.0, 0.550, 7
8, 1.0, 1.0, 1.0, 1.0, 0.550, 8
8, 1.0, 1.0, 1.0, 1.0, 0.550, 9
8, 1.0, 1.0, 1.0, 1.0, 0.550, 10
8, 1.0, 1.0, 1.0, 1.0, 0.550, 11
8, 1.0, 1.0, 1.0, 1.0, 0.550, 12
8, 1.0, 1.0, 1.0, 1.0, 0.550, 13
8, 1.0, 1.0, 1.0, 1.0, 0.550, 14
8, 1.0, 1.0, 1.0, 1.0, 0.550, 15
8, 1.0, 1.0, 1.0, 1.0, 0.550, 16
8, 1.0, 1.0, 1.0, 1.0, 0.550, 17
8, 1.0, 1.0, 1.0, 1.0, 0.550, 18
8, 1.0, 1.0, 1.0, 1.0, 0.550, 19
8, 1.0, 1.0, 1.0, 1.0, 0.550, 20
8, 1.0, 1.0, 1.0, 1.0, 0.550, 21
8, 1.0, 1.0, 1.0, 1.0, 0.550, 22
8, 1.0, 1.0, 1.0, 1.0, 0.550, 23
8, 1.0, 1.0, 1.0, 1.0, 0.550, 24
8, 1.0, 1.0, 1.0, 1.0, 0.550, 25
8, 1.0, 1.0, 1.0, 1.0, 0.550, 26
8, 1.0, 1.0, 1.0, 1.0, 0.550, 27
8, 1.0, 1.0, 1.0, 1.0, 0.550, 28
8, 1.0, 1.0, 1.0, 1.0, 0.550, 29
8, 1.0, 1.0, 1.0, 1.0, 0.550, 30
8, 1.0, 1.0, 1.0, 1.0, 0.550, 31
8, 1.0, 1.0, 1.0, 1.0, 0.550, 32
8, 1.0, 1.0, 1.0, 1.0, 0.550, 33
8, 1.0, 1.0, 1.0, 1.0, 0.550, 34
8, 1.0, 1.0, 1.0, 1.0, 0.550, 35
8, 1.0, 1.0, 1.0, 1.0, 0.550, 36
8, 1.0, 1.0, 1.0, 1.0, 0.550, 37
8, 1.0, 1.0, 1.0, 1.0, 0.550, 38
8, 1.0, 1.0, 1.0, 1.0, 0.550, 39
8, 1.0, 1.0, 1.0, 1.0, 0.550, 40
8, 1.0, 1.0, 1.0, 1.0, 0.550, 41
8, 1.0, 1.0, 1.0, 1.0, 0.550, 42
8, 1.0, 1.0, 1.0, 1.0, 0.550, 43
8, 1.0, 1.0, 1.0, 1.0, 0.550, 44
8, 1.0, 1.0, 1.0, 1.0, 0.550, 45
8, 1.0, 1.0, 1.0, 1.0, 0.550, 46
8, 1.0, 1.0, 1.0, 1.0, 0.550, 47
8, 1.0, 1.0, 1.0, 1.0, 0.550, 48
8, 1.0, 1.0, 1.0, 1.0, 0.550, 49
8, 1.0, 1.0, 1.0, 1.0, 0.550, 50
8, 1.0, 1.0, 1.0, 1.0, 0.600, 1
8, 1.0, 1.0, 1.0, 1.0, 0.600, 2
8, 1.0, 1.0, 1.0, 1.0, 0.600, 3
8, 1.0, 1.0, 1.0, 1.0, 0.600, 4
8, 1.0, 1.0, 1.0, 1.0, 0.600, 5
8, 1.0, 1.0, 1.0, 1.0, 0.600, 6
8, 1.0, 1.0, 1.0, 1.0, 0.600, 7
8, 1.0, 1.0, 1.0, 1.0, 0.600, 8
8, 1.0, 1.0, 1.0, 1.0, 0.600, 9
8, 1.0, 1.0, 1.0, 1.0, 0.600, 10
8, 1.0, 1.0, 1.0, 1.0, 0.600, 11
8, 1.0, 1.0, 1.0, 1.0, 0.600, 12
8, 1.0, 1.0, 1.0, 1.0, 0.600, 13
8, 1.0, 1.0, 1.0, 1.0, 0.600, 14
8, 1.0, 1.0, 1.0, 1.0, 0.600, 15
8, 1.0, 1.0, 1.0, 1.0, 0.600, 16
8, 1.0, 1.0, 1.0, 1.0, 0.600, 17
8, 1.0, 1.0, 1.0, 1.0, 0.600, 18
8, 1.0, 1.0, 1.0, 1.0, 0.600, 19
8, 1.0, 1.0, 1.0, 1.0, 0.600, 20
8, 1.0, 1.0, 1.0, 1.0, 0.600, 21
8, 1.0, 1.0, 1.0, 1.0, 0.600, 22
8, 1.0, 1.0, 1.0, 1.0, 0.600, 23
8, 1.0, 1.0, 1.0, 1.0, 0.600, 24
8, 1.0, 1.0, 1.0, 1.0, 0.600, 25
8, 1.0, 1.0, 1.0, 1.0, 0.600, 26
8, 1.0, 1.0, 1.0, 1.0, 0.600, 27
8, 1.0, 1.0, 1.0, 1.0, 0.600, 28
8, 1.0, 1.0, 1.0, 1.0, 0.600, 29
8, 1.0, 1.0, 1.0, 1.0, 0.600, 30
8, 1.0, 1.0, 1.0, 1.0, 0.600, 31
8, 1.0, 1.0, 1.0, 1.0, 0.600, 32
8, 1.0, 1.0, 1.0, 1.0, 0.600, 33
8, 1.0, 1.0, 1.0, 1.0, 0.600, 34
8, 1.0, 1.0, 1.0, 1.0, 0.600, 35
8, 1.0, 1.0, 1.0, 1.0, 0.600, 36
8, 1.0, 1.0, 1.0, 1.0, 0.600, 37
8, 1.0, 1.0, 1.0, 1.0, 0.600, 38
8, 1.0, 1.0, 1.0, 1.0, 0.600, 39
8, 1.0, 1.0, 1.0, 1.0, 0.600, 40
8, 1.0, 1.0, 1.0, 1.0, 0.600, 41
8, 1.0, 1.0, 1.0, 1.0, 0.600, 42
8, 1.0, 1.0, 1.0, 1.0, 0.600, 43
8, 1.0, 1.0, 1.0, 1.0, 0.600, 44
8, 1.0, 1.0, 1.0, 1.0, 0.600, 45
8, 1.0, 1.0, 1.0, 1.0, 0.600, 46
8, 1.0, 1.0, 1.0, 1.0, 0.600, 47
8, 1.0, 1.0, 1.0, 1.0, 0.600, 48
8, 1.0, 1.0, 1.0, 1.0, 0.600, 49
8, 1.0, 1.0, 1.0, 1.0, 0.600, 50
8, 1.0, 1.0, 1.0, 1.0, 0.650, 1
8, 1.0, 1.0, 1.0, 1.0, 0.650, 2
8, 1.0, 1.0, 1.0, 1.0, 0.650, 3
8, 1.0, 1.0, 1.0, 1.0, 0.650, 4
8, 1.0, 1.0, 1.0, 1.0, 0.650, 5
8, 1.0, 1.0, 1.0, 1.0, 0.650, 6
8, 1.0, 1.0, 1.0, 1.0, 0.650, 7
8, 1.0, 1.0, 1.0, 1.0, 0.650, 8
8, 1.0, 1.0, 1.0, 1.0, 0.650, 9
8, 1.0, 1.0, 1.0, 1.0, 0.650, 10
8, 1.0, 1.0, 1.0, 1.0, 0.650, 11
8, 1.0, 1.0, 1.0, 1.0, 0.650, 12
8, 1.0, 1.0, 1.0, 1.0, 0.650, 13
8, 1.0, 1.0, 1.0, 1.0, 0.650, 14
8, 1.0, 1.0, 1.0, 1.0, 0.650, 15
8, 1.0, 1.0, 1.0, 1.0, 0.650, 16
8, 1.0, 1.0, 1.0, 1.0, 0.650, 17
8, 1.0, 1.0, 1.0, 1.0, 0.650, 18
8, 1.0, 1.0, 1.0, 1.0, 0.650, 19
8, 1.0, 1.0, 1.0, 1.0, 0.650, 20
8, 1.0, 1.0, 1.0, 1.0, 0.650, 21
8, 1.0, 1.0, 1.0, 1.0, 0.650, 22
8, 1.0, 1.0, 1.0, 1.0, 0.650, 23
8, 1.0, 1.0, 1.0, 1.0, 0.650, 24
8, 1.0, 1.0, 1.0, 1.0, 0.650, 25
8, 1.0, 1.0, 1.0, 1.0, 0.650, 26
8, 1.0, 1.0, 1.0, 1.0, 0.650, 27
8, 1.0, 1.0, 1.0, 1.0, 0.650, 28
8, 1.0, 1.0, 1.0, 1.0, 0.650, 29
8, 1.0, 1.0, 1.0, 1.0, 0.650, 30
8, 1.0, 1.0, 1.0, 1.0, 0.650, 31
8, 1.0, 1.0, 1.0, 1.0, 0.650, 32
8, 1.0, 1.0, 1.0, 1.0, 0.650, 33
8, 1.0, 1.0, 1.0, 1.0, 0.650, 34
8, 1.0, 1.0, 1.0, 1.0, 0.650, 35
8, 1.0, 1.0, 1.0, 1.0, 0.650, 36
8, 1.0, 1.0, 1.0, 1.0, 0.650, 37
8, 1.0, 1.0, 1.0, 1.0, 0.650, 38
8, 1.0, 1.0, 1.0, 1.0, 0.650, 39
8, 1.0, 1.0, 1.0, 1.0, 0.650, 40
8, 1.0, 1.0, 1.0, 1.0, 0.650, 41
8, 1.0, 1.0, 1.0, 1.0, 0.650, 42
8, 1.0, 1.0, 1.0, 1.0, 0.650, 43
8, 1.0, 1.0, 1.0, 1.0, 0.650, 44
8, 1.0, 1.0, 1.0, 1.0, 0.650, 45
8, 1.0, 1.0, 1.0, 1.0, 0.650, 46
8, 1.0, 1.0, 1.0, 1.0, 0.650, 47
8, 1.0, 1.0, 1.0, 1.0, 0.650, 48
8, 1.0, 1.0, 1.0, 1.0, 0.650, 49
8, 1.0, 1.0, 1.0, 1.0, 0.650, 50
8, 1.0, 1.0, 1.0, 1.0, 0.625, 1
8, 1.0, 1.0, 1.0, 1.0, 0.625, 2
8, 1.0, 1.0, 1.0, 1.0, 0.625, 3
8, 1.0, 1.0, 1.0, 1.0, 0.625, 4
8, 1.0, 1.0, 1.0, 1.0, 0.625, 5
8, 1.0, 1.0, 1.0, 1.0, 0.625, 6
8, 1.0, 1.0, 1.0, 1.0, 0.625, 7
8, 1.0, 1.0, 1.0, 1.0, 0.625, 8
8, 1.0, 1.0, 1.0, 1.0, 0.625, 9
8, 1.0, 1.0, 1.0, 1.0, 0.625, 10
8, 1.0, 1.0, 1.0, 1.0, 0.625, 11
8, 1.0, 1.0, 1.0, 1.0, 0.625, 12
8, 1.0, 1.0, 1.0, 1.0, 0.625, 13
8, 1.0, 1.0, 1.0, 1.0, 0.625, 14
8, 1.0, 1.0, 1.0, 1.0, 0.625, 15
8, 1.0, 1.0, 1.0, 1.0, 0.625, 16
8, 1.0, 1.0, 1.0, 1.0, 0.625, 17
8, 1.0, 1.0, 1.0, 1.0, 0.625, 18
8, 1.0, 1.0, 1.0, 1.0, 0.625, 19
8, 1.0, 1.0, 1.0, 1.0, 0.625, 20
8, 1.0, 1.0, 1.0, 1.0, 0.625, 21
8, 1.0, 1.0, 1.0, 1.0, 0.625, 22
8, 1.0, 1.0, 1.0, 1.0, 0.625, 23
8, 1.0, 1.0, 1.0, 1.0, 0.625, 24
8, 1.0, 1.0, 1.0, 1.0, 0.625, 25
8, 1.0, 1.0, 1.0, 1.0, 0.625, 26
8, 1.0, 1.0, 1.0, 1.0, 0.625, 27
8, 1.0, 1.0, 1.0, 1.0, 0.625, 28
8, 1.0, 1.0, 1.0, 1.0, 0.625, 29
8, 1.0, 1.0, 1.0, 1.0, 0.625, 30
8, 1.0, 1.0, 1.0, 1.0, 0.625, 31
8, 1.0, 1.0, 1.0, 1.0, 0.625, 32
8, 1.0, 1.0, 1.0, 1.0, 0.625, 33
8, 1.0, 1.0, 1.0, 1.0, 0.625, 34
8, 1.0, 1.0, 1.0, 1.0, 0.625, 35
8, 1.0, 1.0, 1.0, 1.0, 0.625, 36
8, 1.0, 1.0, 1.0, 1.0, 0.625, 37
8, 1.0, 1.0, 1.0, 1.0, 0.625, 38
8, 1.0, 1.0, 1.0, 1.0, 0.625, 39
8, 1.0, 1.0, 1.0, 1.0, 0.625, 40
8, 1.0, 1.0, 1.0, 1.0, 0.625, 41
8, 1.0, 1.0, 1.0, 1.0, 0.625, 42
8, 1.0, 1.0, 1.0, 1.0, 0.625, 43
8, 1.0, 1.0, 1.0, 1.0, 0.625, 44
8, 1.0, 1.0, 1.0, 1.0, 0.625, 45
8, 1.0, 1.0, 1.0, 1.0, 0.625, 46
8, 1.0, 1.0, 1.0, 1.0, 0.625, 47
8, 1.0, 1.0, 1.0, 1.0, 0.625, 48
8, 1.0, 1.0, 1.0, 1.0, 0.625, 49
8, 1.0, 1.0, 1.0, 1.0, 0.625, 50
8, 1.0, 1.0, 1.0, 1.0, 0.700, 1
8, 1.0, 1.0, 1.0, 1.0, 0.700, 2
8, 1.0, 1.0, 1.0, 1.0, 0.700, 3
8, 1.0, 1.0, 1.0, 1.0, 0.700, 4
8, 1.0, 1.0, 1.0, 1.0, 0.700, 5
8, 1.0, 1.0, 1.0, 1.0, 0.700, 6
8, 1.0, 1.0, 1.0, 1.0, 0.700, 7
8, 1.0, 1.0, 1.0, 1.0, 0.700, 8
8, 1.0, 1.0, 1.0, 1.0, 0.700, 9
8, 1.0, 1.0, 1.0, 1.0, 0.700, 10
8, 1.0, 1.0, 1.0, 1.0, 0.700, 11
8, 1.0, 1.0, 1.0, 1.0, 0.700, 12
8, 1.0, 1.0, 1.0, 1.0, 0.700, 13
8, 1.0, 1.0, 1.0, 1.0, 0.700, 14
8, 1.0, 1.0, 1.0, 1.0, 0.700, 15
8, 1.0, 1.0, 1.0, 1.0, 0.700, 16
8, 1.0, 1.0, 1.0, 1.0, 0.700, 17
8, 1.0, 1.0, 1.0, 1.0, 0.700, 18
8, 1.0, 1.0, 1.0, 1.0, 0.700, 19
8, 1.0, 1.0, 1.0, 1.0, 0.700, 20
8, 1.0, 1.0, 1.0, 1.0, 0.700, 21
8, 1.0, 1.0, 1.0, 1.0, 0.700, 22
8, 1.0, 1.0, 1.0, 1.0, 0.700, 23
8, 1.0, 1.0, 1.0, 1.0, 0.700, 24
8, 1.0, 1.0, 1.0, 1.0, 0.700, 25
8, 1.0, 1.0, 1.0, 1.0, 0.700, 26
8, 1.0, 1.0, 1.0, 1.0, 0.700, 27
8, 1.0, 1.0, 1.0, 1.0, 0.700, 28
8, 1.0, 1.0, 1.0, 1.0, 0.700, 29
8, 1.0, 1.0, 1.0, 1.0, 0.700, 30
8, 1.0, 1.0, 1.0, 1.0, 0.700, 31
8, 1.0, 1.0, 1.0, 1.0, 0.700, 32
8, 1.0, 1.0, 1.0, 1.0, 0.700, 33
8, 1.0, 1.0, 1.0, 1.0, 0.700, 34
8, 1.0, 1.0, 1.0, 1.0, 0.700, 35
8, 1.0, 1.0, 1.0, 1.0, 0.700, 36
8, 1.0, 1.0, 1.0, 1.0, 0.700, 37
8, 1.0, 1.0, 1.0, 1.0, 0.700, 38
8, 1.0, 1.0, 1.0, 1.0, 0.700, 39
8, 1.0, 1.0, 1.0, 1.0, 0.700, 40
8, 1.0, 1.0, 1.0, 1.0, 0.700, 41
8, 1.0, 1.0, 1.0, 1.0, 0.700, 42
8, 1.0, 1.0, 1.0, 1.0, 0.700, 43
8, 1.0, 1.0, 1.0, 1.0, 0.700, 44
8, 1.0, 1.0, 1.0, 1.0, 0.700, 45
8, 1.0, 1.0, 1.0, 1.0, 0.700, 46
8, 1.0, 1.0, 1.0, 1.0, 0.700, 47
8, 1.0, 1.0, 1.0, 1.0, 0.700, 48
8, 1.0, 1.0, 1.0, 1.0, 0.700, 49
8, 1.0, 1.0, 1.0, 1.0, 0.700, 50
8, 1.0, 1.0, 1.0, 1.0, 0.800, 1
8, 1.0, 1.0, 1.0, 1.0, 0.800, 2
8, 1.0, 1.0, 1.0, 1.0, 0.800, 3
8, 1.0, 1.0, 1.0, 1.0, 0.800, 4
8, 1.0, 1.0, 1.0, 1.0, 0.800, 5
8, 1.0, 1.0, 1.0, 1.0, 0.800, 6
8, 1.0, 1.0, 1.0, 1.0, 0.800, 7
8, 1.0, 1.0, 1.0, 1.0, 0.800, 8
8, 1.0, 1.0, 1.0, 1.0, 0.800, 9
8, 1.0, 1.0, 1.0, 1.0, 0.800, 10
8, 1.0, 1.0, 1.0, 1.0, 0.800, 11
8, 1.0, 1.0, 1.0, 1.0, 0.800, 12
8, 1.0, 1.0, 1.0, 1.0, 0.800, 13
8, 1.0, 1.0, 1.0, 1.0, 0.800, 14
8, 1.0, 1.0, 1.0, 1.0, 0.800, 15
8, 1.0, 1.0, 1.0, 1.0, 0.800, 16
8, 1.0, 1.0, 1.0, 1.0, 0.800, 17
8, 1.0, 1.0, 1.0, 1.0, 0.800, 18
8, 1.0, 1.0, 1.0, 1.0, 0.800, 19
8, 1.0, 1.0, 1.0, 1.0, 0.800, 20
8, 1.0, 1.0, 1.0, 1.0, 0.800, 21
8, 1.0, 1.0, 1.0, 1.0, 0.800, 22
8, 1.0, 1.0, 1.0, 1.0, 0.800, 23
8, 1.0, 1.0, 1.0, 1.0, 0.800, 24
8, 1.0, 1.0, 1.0, 1.0, 0.800, 25
8, 1.0, 1.0, 1.0, 1.0, 0.800, 26
8, 1.0, 1.0, 1.0, 1.0, 0.800, 27
8, 1.0, 1.0, 1.0, 1.0, 0.800, 28
8, 1.0, 1.0, 1.0, 1.0, 0.800, 29
8, 1.0, 1.0, 1.0, 1.0, 0.800, 30
8, 1.0, 1.0, 1.0, 1.0, 0.800, 31
8, 1.0, 1.0, 1.0, 1.0, 0.800, 32
8, 1.0, 1.0, 1.0, 1.0, 0.800, 33
8, 1.0, 1.0, 1.0, 1.0, 0.800, 34
8, 1.0, 1.0, 1.0, 1.0, 0.800, 35
8, 1.0, 1.0, 1.0, 1.0, 0.800, 36
8, 1.0, 1.0, 1.0, 1.0, 0.800, 37
8, 1.0, 1.0, 1.0, 1.0, 0.800, 38
8, 1.0, 1.0, 1.0, 1.0, 0.800, 39
8, 1.0, 1.0, 1.0, 1.0, 0.800, 40
8, 1.0, 1.0, 1.0, 1.0, 0.800, 41
8, 1.0, 1.0, 1.0, 1.0, 0.800, 42
8, 1.0, 1.0, 1.0, 1.0, 0.800, 43
8, 1.0, 1.0, 1.0, 1.0, 0.800, 44
8, 1.0, 1.0, 1.0, 1.0, 0.800, 45
8, 1.0, 1.0, 1.0, 1.0, 0.800, 46
8, 1.0, 1.0, 1.0, 1.0, 0.800, 47
8, 1.0, 1.0, 1.0, 1.0, 0.800, 48
8, 1.0, 1.0, 1.0, 1.0, 0.800, 49
8, 1.0, 1.0, 1.0, 1.0, 0.800, 50
8, 1.0, 1.0, 1.0, 1.0, 0.900, 1
8, 1.0, 1.0, 1.0, 1.0, 0.900, 2
8, 1.0, 1.0, 1.0, 1.0, 0.900, 3
8, 1.0, 1.0, 1.0, 1.0, 0.900, 4
8, 1.0, 1.0, 1.0, 1.0, 0.900, 5
8, 1.0, 1.0, 1.0, 1.0, 0.900, 6
8, 1.0, 1.0, 1.0, 1.0, 0.900, 7
8, 1.0, 1.0, 1.0, 1.0, 0.900, 8
8, 1.0, 1.0, 1.0, 1.0, 0.900, 9
8, 1.0, 1.0, 1.0, 1.0, 0.900, 10
8, 1.0, 1.0, 1.0, 1.0, 0.900, 11
8, 1.0, 1.0, 1.0, 1.0, 0.900, 12
8, 1.0, 1.0, 1.0, 1.0, 0.900, 13
8, 1.0, 1.0, 1.0, 1.0, 0.900, 14
8, 1.0, 1.0, 1.0, 1.0, 0.900, 15
8, 1.0, 1.0, 1.0, 1.0, 0.900, 16
8, 1.0, 1.0, 1.0, 1.0, 0.900, 17
8, 1.0, 1.0, 1.0, 1.0, 0.900, 18
8, 1.0, 1.0, 1.0, 1.0, 0.900, 19
8, 1.0, 1.0, 1.0, 1.0, 0.900, 20
8, 1.0, 1.0, 1.0, 1.0, 0.900, 21
8, 1.0, 1.0, 1.0, 1.0, 0.900, 22
8, 1.0, 1.0, 1.0, 1.0, 0.900, 23
8, 1.0, 1.0, 1.0, 1.0, 0.900, 24
8, 1.0, 1.0, 1.0, 1.0, 0.900, 25
8, 1.0, 1.0, 1.0, 1.0, 0.900, 26
8, 1.0, 1.0, 1.0, 1.0, 0.900, 27
8, 1.0, 1.0, 1.0, 1.0, 0.900, 28
8, 1.0, 1.0, 1.0, 1.0, 0.900, 29
8, 1.0, 1.0, 1.0, 1.0, 0.900, 30
8, 1.0, 1.0, 1.0, 1.0, 0.900, 31
8, 1.0, 1.0, 1.0, 1.0, 0.900, 32
8, 1.0, 1.0, 1.0, 1.0, 0.900, 33
8, 1.0, 1.0, 1.0, 1.0, 0.900, 34
8, 1.0, 1.0, 1.0, 1.0, 0.900, 35
8, 1.0, 1.0, 1.0, 1.0, 0.900, 36
8, 1.0, 1.0, 1.0, 1.0, 0.900, 37
8, 1.0, 1.0, 1.0, 1.0, 0.900, 38
8, 1.0, 1.0, 1.0, 1.0, 0.900, 39
8, 1.0, 1.0, 1.0, 1.0, 0.900, 40
8, 1.0, 1.0, 1.0, 1.0, 0.900, 41
8, 1.0, 1.0, 1.0, 1.0, 0.900, 42
8, 1.0, 1.0, 1.0, 1.0, 0.900, 43
8, 1.0, 1.0, 1.0, 1.0, 0.900, 44
8, 1.0, 1.0, 1.0, 1.0, 0.900, 45
8, 1.0, 1.0, 1.0, 1.0, 0.900, 46
8, 1.0, 1.0, 1.0, 1.0, 0.900, 47
8, 1.0, 1.0, 1.0, 1.0, 0.900, 48
8, 1.0, 1.0, 1.0, 1.0, 0.900, 49
8, 1.0, 1.0, 1.0, 1.0, 0.900, 50
