13, 1.0, 1.0, 1.0, 1.0, 0.650, 1
13, 1.0, 1.0, 1.0, 1.0, 0.650, 2
13, 1.0, 1.0, 1.0, 1.0, 0.650, 3
13, 1.0, 1.0, 1.0, 1.0, 0.650, 4
13, 1.0, 1.0, 1.0, 1.0, 0.650, 5
13, 1.0, 1.0, 1.0, 1.0, 0.650, 6
13, 1.0, 1.0, 1.0, 1.0, 0.650, 7
13, 1.0, 1.0, 1.0, 1.0, 0.650, 8
13, 1.0, 1.0, 1.0, 1.0, 0.650, 9
13, 1.0, 1.0, 1.0, 1.0, 0.650, 10
13, 1.0, 1.0, 1.0, 1.0, 0.650, 11
13, 1.0, 1.0, 1.0, 1.0, 0.650, 12
13, 1.0, 1.0, 1.0, 1.0, 0.650, 13
13, 1.0, 1.0, 1.0, 1.0, 0.650, 14
13, 1.0, 1.0, 1.0, 1.0, 0.650, 15
13, 1.0, 1.0, 1.0, 1.0, 0.650, 16
13, 1.0, 1.0, 1.0, 1.0, 0.650, 17
13, 1.0, 1.0, 1.0, 1.0, 0.650, 18
13, 1.0, 1.0, 1.0, 1.0, 0.650, 19
13, 1.0, 1.0, 1.0, 1.0, 0.650, 20
13, 1.0, 1.0, 1.0, 1.0, 0.650, 21
13, 1.0, 1.0, 1.0, 1.0, 0.650, 22
13, 1.0, 1.0, 1.0, 1.0, 0.650, 23
13, 1.0, 1.0, 1.0, 1.0, 0.650, 24
13, 1.0, 1.0, 1.0, 1.0, 0.650, 25
13, 1.0, 1.0, 1.0, 1.0, 0.650, 26
13, 1.0, 1.0, 1.0, 1.0, 0.650, 27
13, 1.0, 1.0, 1.0, 1.0, 0.650, 28
13, 1.0, 1.0, 1.0, 1.0, 0.650, 29
13, 1.0, 1.0, 1.0, 1.0, 0.650, 30
13, 1.0, 1.0, 1.0, 1.0, 0.650, 31
13, 1.0, 1.0, 1.0, 1.0, 0.650, 32
13, 1.0, 1.0, 1.0, 1.0, 0.650, 33
13, 1.0, 1.0, 1.0, 1.0, 0.650, 34
13, 1.0, 1.0, 1.0, 1.0, 0.650, 35
13, 1.0, 1.0, 1.0, 1.0, 0.650, 36
13, 1.0, 1.0, 1.0, 1.0, 0.650, 37
13, 1.0, 1.0, 1.0, 1.0, 0.650, 38
13, 1.0, 1.0, 1.0, 1.0, 0.650, 39
13, 1.0, 1.0, 1.0, 1.0, 0.650, 40
13, 1.0, 1.0, 1.0, 1.0, 0.650, 41
13, 1.0, 1.0, 1.0, 1.0, 0.650, 42
13, 1.0, 1.0, 1.0, 1.0, 0.650, 43
13, 1.0, 1.0, 1.0, 1.0, 0.650, 44
13, 1.0, 1.0, 1.0, 1.0, 0.650, 45
13, 1.0, 1.0, 1.0, 1.0, 0.650, 46
13, 1.0, 1.0, 1.0, 1.0, 0.650, 47
13, 1.0, 1.0, 1.0, 1.0, 0.650, 48
13, 1.0, 1.0, 1.0, 1.0, 0.650, 49
13, 1.0, 1.0, 1.0, 1.0, 0.650, 50
14, 1.0, 1.0, 1.0, 1.0, 0.650, 1
14, 1.0, 1.0, 1.0, 1.0, 0.650, 2
14, 1.0, 1.0, 1.0, 1.0, 0.650, 3
14, 1.0, 1.0, 1.0, 1.0, 0.650, 4
14, 1.0, 1.0, 1.0, 1.0, 0.650, 5
14, 1.0, 1.0, 1.0, 1.0, 0.650, 6
14, 1.0, 1.0, 1.0, 1.0, 0.650, 7
14, 1.0, 1.0, 1.0, 1.0, 0.650, 8
14, 1.0, 1.0, 1.0, 1.0, 0.650, 9
14, 1.0, 1.0, 1.0, 1.0, 0.650, 10
14, 1.0, 1.0, 1.0, 1.0, 0.650, 11
14, 1.0, 1.0, 1.0, 1.0, 0.650, 12
14, 1.0, 1.0, 1.0, 1.0, 0.650, 13
14, 1.0, 1.0, 1.0, 1.0, 0.650, 14
14, 1.0, 1.0, 1.0, 1.0, 0.650, 15
14, 1.0, 1.0, 1.0, 1.0, 0.650, 16
14, 1.0, 1.0, 1.0, 1.0, 0.650, 17
14, 1.0, 1.0, 1.0, 1.0, 0.650, 18
14, 1.0, 1.0, 1.0, 1.0, 0.650, 19
14, 1.0, 1.0, 1.0, 1.0, 0.650, 20
14, 1.0, 1.0, 1.0, 1.0, 0.650, 21
14, 1.0, 1.0, 1.0, 1.0, 0.650, 22
14, 1.0, 1.0, 1.0, 1.0, 0.650, 23
14, 1.0, 1.0, 1.0, 1.0, 0.650, 24
14, 1.0, 1.0, 1.0, 1.0, 0.650, 25
14, 1.0, 1.0, 1.0, 1.0, 0.650, 26
14, 1.0, 1.0, 1.0, 1.0, 0.650, 27
14, 1.0, 1.0, 1.0, 1.0, 0.650, 28
14, 1.0, 1.0, 1.0, 1.0, 0.650, 29
14, 1.0, 1.0, 1.0, 1.0, 0.650, 30
14, 1.0, 1.0, 1.0, 1.0, 0.650, 31
14, 1.0, 1.0, 1.0, 1.0, 0.650, 32
14, 1.0, 1.0, 1.0, 1.0, 0.650, 33
14, 1.0, 1.0, 1.0, 1.0, 0.650, 34
14, 1.0, 1.0, 1.0, 1.0, 0.650, 35
14, 1.0, 1.0, 1.0, 1.0, 0.650, 36
14, 1.0, 1.0, 1.0, 1.0, 0.650, 37
14, 1.0, 1.0, 1.0, 1.0, 0.650, 38
14, 1.0, 1.0, 1.0, 1.0, 0.650, 39
14, 1.0, 1.0, 1.0, 1.0, 0.650, 40
14, 1.0, 1.0, 1.0, 1.0, 0.650, 41
14, 1.0, 1.0, 1.0, 1.0, 0.650, 42
14, 1.0, 1.0, 1.0, 1.0, 0.650, 43
14, 1.0, 1.0, 1.0, 1.0, 0.650, 44
14, 1.0, 1.0, 1.0, 1.0, 0.650, 45
14, 1.0, 1.0, 1.0, 1.0, 0.650, 46
14, 1.0, 1.0, 1.0, 1.0, 0.650, 47
14, 1.0, 1.0, 1.0, 1.0, 0.650, 48
14, 1.0, 1.0, 1.0, 1.0, 0.650, 49
14, 1.0, 1.0, 1.0, 1.0, 0.650, 50
15, 1.0, 1.0, 1.0, 1.0, 0.650, 1
15, 1.0, 1.0, 1.0, 1.0, 0.650, 2
15, 1.0, 1.0, 1.0, 1.0, 0.650, 3
15, 1.0, 1.0, 1.0, 1.0, 0.650, 4
15, 1.0, 1.0, 1.0, 1.0, 0.650, 5
15, 1.0, 1.0, 1.0, 1.0, 0.650, 6
15, 1.0, 1.0, 1.0, 1.0, 0.650, 7
15, 1.0, 1.0, 1.0, 1.0, 0.650, 8
15, 1.0, 1.0, 1.0, 1.0, 0.650, 9
15, 1.0, 1.0, 1.0, 1.0, 0.650, 10
15, 1.0, 1.0, 1.0, 1.0, 0.650, 11
15, 1.0, 1.0, 1.0, 1.0, 0.650, 12
15, 1.0, 1.0, 1.0, 1.0, 0.650, 13
15, 1.0, 1.0, 1.0, 1.0, 0.650, 14
15, 1.0, 1.0, 1.0, 1.0, 0.650, 15
15, 1.0, 1.0, 1.0, 1.0, 0.650, 16
15, 1.0, 1.0, 1.0, 1.0, 0.650, 17
15, 1.0, 1.0, 1.0, 1.0, 0.650, 18
15, 1.0, 1.0, 1.0, 1.0, 0.650, 19
15, 1.0, 1.0, 1.0, 1.0, 0.650, 20
15, 1.0, 1.0, 1.0, 1.0, 0.650, 21
15, 1.0, 1.0, 1.0, 1.0, 0.650, 22
15, 1.0, 1.0, 1.0, 1.0, 0.650, 23
15, 1.0, 1.0, 1.0, 1.0, 0.650, 24
15, 1.0, 1.0, 1.0, 1.0, 0.650, 25
15, 1.0, 1.0, 1.0, 1.0, 0.650, 26
15, 1.0, 1.0, 1.0, 1.0, 0.650, 27
15, 1.0, 1.0, 1.0, 1.0, 0.650, 28
15, 1.0, 1.0, 1.0, 1.0, 0.650, 29
15, 1.0, 1.0, 1.0, 1.0, 0.650, 30
15, 1.0, 1.0, 1.0, 1.0, 0.650, 31
15, 1.0, 1.0, 1.0, 1.0, 0.650, 32
15, 1.0, 1.0, 1.0, 1.0, 0.650, 33
15, 1.0, 1.0, 1.0, 1.0, 0.650, 34
15, 1.0, 1.0, 1.0, 1.0, 0.650, 35
15, 1.0, 1.0, 1.0, 1.0, 0.650, 36
15, 1.0, 1.0, 1.0, 1.0, 0.650, 37
15, 1.0, 1.0, 1.0, 1.0, 0.650, 38
15, 1.0, 1.0, 1.0, 1.0, 0.650, 39
15, 1.0, 1.0, 1.0, 1.0, 0.650, 40
15, 1.0, 1.0, 1.0, 1.0, 0.650, 41
15, 1.0, 1.0, 1.0, 1.0, 0.650, 42
15, 1.0, 1.0, 1.0, 1.0, 0.650, 43
15, 1.0, 1.0, 1.0, 1.0, 0.650, 44
15, 1.0, 1.0, 1.0, 1.0, 0.650, 45
15, 1.0, 1.0, 1.0, 1.0, 0.650, 46
15, 1.0, 1.0, 1.0, 1.0, 0.650, 47
15, 1.0, 1.0, 1.0, 1.0, 0.650, 48
15, 1.0, 1.0, 1.0, 1.0, 0.650, 49
15, 1.0, 1.0, 1.0, 1.0, 0.650, 50
16, 1.0, 1.0, 1.0, 1.0, 0.650, 1
16, 1.0, 1.0, 1.0, 1.0, 0.650, 2
16, 1.0, 1.0, 1.0, 1.0, 0.650, 3
16, 1.0, 1.0, 1.0, 1.0, 0.650, 4
16, 1.0, 1.0, 1.0, 1.0, 0.650, 5
16, 1.0, 1.0, 1.0, 1.0, 0.650, 6
16, 1.0, 1.0, 1.0, 1.0, 0.650, 7
16, 1.0, 1.0, 1.0, 1.0, 0.650, 8
16, 1.0, 1.0, 1.0, 1.0, 0.650, 9
16, 1.0, 1.0, 1.0, 1.0, 0.650, 10
16, 1.0, 1.0, 1.0, 1.0, 0.650, 11
16, 1.0, 1.0, 1.0, 1.0, 0.650, 12
16, 1.0, 1.0, 1.0, 1.0, 0.650, 13
16, 1.0, 1.0, 1.0, 1.0, 0.650, 14
16, 1.0, 1.0, 1.0, 1.0, 0.650, 15
16, 1.0, 1.0, 1.0, 1.0, 0.650, 16
16, 1.0, 1.0, 1.0, 1.0, 0.650, 17
16, 1.0, 1.0, 1.0, 1.0, 0.650, 18
16, 1.0, 1.0, 1.0, 1.0, 0.650, 19
16, 1.0, 1.0, 1.0, 1.0, 0.650, 20
16, 1.0, 1.0, 1.0, 1.0, 0.650, 21
16, 1.0, 1.0, 1.0, 1.0, 0.650, 22
16, 1.0, 1.0, 1.0, 1.0, 0.650, 23
16, 1.0, 1.0, 1.0, 1.0, 0.650, 24
16, 1.0, 1.0, 1.0, 1.0, 0.650, 25
16, 1.0, 1.0, 1.0, 1.0, 0.650, 26
16, 1.0, 1.0, 1.0, 1.0, 0.650, 27
16, 1.0, 1.0, 1.0, 1.0, 0.650, 28
16, 1.0, 1.0, 1.0, 1.0, 0.650, 29
16, 1.0, 1.0, 1.0, 1.0, 0.650, 30
16, 1.0, 1.0, 1.0, 1.0, 0.650, 31
16, 1.0, 1.0, 1.0, 1.0, 0.650, 32
16, 1.0, 1.0, 1.0, 1.0, 0.650, 33
16, 1.0, 1.0, 1.0, 1.0, 0.650, 34
16, 1.0, 1.0, 1.0, 1.0, 0.650, 35
16, 1.0, 1.0, 1.0, 1.0, 0.650, 36
16, 1.0, 1.0, 1.0, 1.0, 0.650, 37
16, 1.0, 1.0, 1.0, 1.0, 0.650, 38
16, 1.0, 1.0, 1.0, 1.0, 0.650, 39
16, 1.0, 1.0, 1.0, 1.0, 0.650, 40
16, 1.0, 1.0, 1.0, 1.0, 0.650, 41
16, 1.0, 1.0, 1.0, 1.0, 0.650, 42
16, 1.0, 1.0, 1.0, 1.0, 0.650, 43
16, 1.0, 1.0, 1.0, 1.0, 0.650, 44
16, 1.0, 1.0, 1.0, 1.0, 0.650, 45
16, 1.0, 1.0, 1.0, 1.0, 0.650, 46
16, 1.0, 1.0, 1.0, 1.0, 0.650, 47
16, 1.0, 1.0, 1.0, 1.0, 0.650, 48
16, 1.0, 1.0, 1.0, 1.0, 0.650, 49
16, 1.0, 1.0, 1.0, 1.0, 0.650, 50
17, 1.0, 1.0, 1.0, 1.0, 0.650, 1
17, 1.0, 1.0, 1.0, 1.0, 0.650, 2
17, 1.0, 1.0, 1.0, 1.0, 0.650, 3
17, 1.0, 1.0, 1.0, 1.0, 0.650, 4
17, 1.0, 1.0, 1.0, 1.0, 0.650, 5
17, 1.0, 1.0, 1.0, 1.0, 0.650, 6
17, 1.0, 1.0, 1.0, 1.0, 0.650, 7
17, 1.0, 1.0, 1.0, 1.0, 0.650, 8
17, 1.0, 1.0, 1.0, 1.0, 0.650, 9
17, 1.0, 1.0, 1.0, 1.0, 0.650, 10
17, 1.0, 1.0, 1.0, 1.0, 0.650, 11
17, 1.0, 1.0, 1.0, 1.0, 0.650, 12
17, 1.0, 1.0, 1.0, 1.0, 0.650, 13
17, 1.0, 1.0, 1.0, 1.0, 0.650, 14
17, 1.0, 1.0, 1.0, 1.0, 0.650, 15
17, 1.0, 1.0, 1.0, 1.0, 0.650, 16
17, 1.0, 1.0, 1.0, 1.0, 0.650, 17
17, 1.0, 1.0, 1.0, 1.0, 0.650, 18
17, 1.0, 1.0, 1.0, 1.0, 0.650, 19
17, 1.0, 1.0, 1.0, 1.0, 0.650, 20
17, 1.0, 1.0, 1.0, 1.0, 0.650, 21
17, 1.0, 1.0, 1.0, 1.0, 0.650, 22
17, 1.0, 1.0, 1.0, 1.0, 0.650, 23
17, 1.0, 1.0, 1.0, 1.0, 0.650, 24
17, 1.0, 1.0, 1.0, 1.0, 0.650, 25
17, 1.0, 1.0, 1.0, 1.0, 0.650, 26
17, 1.0, 1.0, 1.0, 1.0, 0.650, 27
17, 1.0, 1.0, 1.0, 1.0, 0.650, 28
17, 1.0, 1.0, 1.0, 1.0, 0.650, 29
17, 1.0, 1.0, 1.0, 1.0, 0.650, 30
17, 1.0, 1.0, 1.0, 1.0, 0.650, 31
17, 1.0, 1.0, 1.0, 1.0, 0.650, 32
17, 1.0, 1.0, 1.0, 1.0, 0.650, 33
17, 1.0, 1.0, 1.0, 1.0, 0.650, 34
17, 1.0, 1.0, 1.0, 1.0, 0.650, 35
17, 1.0, 1.0, 1.0, 1.0, 0.650, 36
17, 1.0, 1.0, 1.0, 1.0, 0.650, 37
17, 1.0, 1.0, 1.0, 1.0, 0.650, 38
17, 1.0, 1.0, 1.0, 1.0, 0.650, 39
17, 1.0, 1.0, 1.0, 1.0, 0.650, 40
17, 1.0, 1.0, 1.0, 1.0, 0.650, 41
17, 1.0, 1.0, 1.0, 1.0, 0.650, 42
17, 1.0, 1.0, 1.0, 1.0, 0.650, 43
17, 1.0, 1.0, 1.0, 1.0, 0.650, 44
17, 1.0, 1.0, 1.0, 1.0, 0.650, 45
17, 1.0, 1.0, 1.0, 1.0, 0.650, 46
17, 1.0, 1.0, 1.0, 1.0, 0.650, 47
17, 1.0, 1.0, 1.0, 1.0, 0.650, 48
17, 1.0, 1.0, 1.0, 1.0, 0.650, 49
17, 1.0, 1.0, 1.0, 1.0, 0.650, 50
18, 1.0, 1.0, 1.0, 1.0, 0.650, 1
18, 1.0, 1.0, 1.0, 1.0, 0.650, 2
18, 1.0, 1.0, 1.0, 1.0, 0.650, 3
18, 1.0, 1.0, 1.0, 1.0, 0.650, 4
18, 1.0, 1.0, 1.0, 1.0, 0.650, 5
18, 1.0, 1.0, 1.0, 1.0, 0.650, 6
18, 1.0, 1.0, 1.0, 1.0, 0.650, 7
18, 1.0, 1.0, 1.0, 1.0, 0.650, 8
18, 1.0, 1.0, 1.0, 1.0, 0.650, 9
18, 1.0, 1.0, 1.0, 1.0, 0.650, 10
18, 1.0, 1.0, 1.0, 1.0, 0.650, 11
18, 1.0, 1.0, 1.0, 1.0, 0.650, 12
18, 1.0, 1.0, 1.0, 1.0, 0.650, 13
18, 1.0, 1.0, 1.0, 1.0, 0.650, 14
18, 1.0, 1.0, 1.0, 1.0, 0.650, 15
18, 1.0, 1.0, 1.0, 1.0, 0.650, 16
18, 1.0, 1.0, 1.0, 1.0, 0.650, 17
18, 1.0, 1.0, 1.0, 1.0, 0.650, 18
18, 1.0, 1.0, 1.0, 1.0, 0.650, 19
18, 1.0, 1.0, 1.0, 1.0, 0.650, 20
18, 1.0, 1.0, 1.0, 1.0, 0.650, 21
18, 1.0, 1.0, 1.0, 1.0, 0.650, 22
18, 1.0, 1.0, 1.0, 1.0, 0.650, 23
18, 1.0, 1.0, 1.0, 1.0, 0.650, 24
18, 1.0, 1.0, 1.0, 1.0, 0.650, 25
18, 1.0, 1.0, 1.0, 1.0, 0.650, 26
18, 1.0, 1.0, 1.0, 1.0, 0.650, 27
18, 1.0, 1.0, 1.0, 1.0, 0.650, 28
18, 1.0, 1.0, 1.0, 1.0, 0.650, 29
18, 1.0, 1.0, 1.0, 1.0, 0.650, 30
18, 1.0, 1.0, 1.0, 1.0, 0.650, 31
18, 1.0, 1.0, 1.0, 1.0, 0.650, 32
18, 1.0, 1.0, 1.0, 1.0, 0.650, 33
18, 1.0, 1.0, 1.0, 1.0, 0.650, 34
18, 1.0, 1.0, 1.0, 1.0, 0.650, 35
18, 1.0, 1.0, 1.0, 1.0, 0.650, 36
18, 1.0, 1.0, 1.0, 1.0, 0.650, 37
18, 1.0, 1.0, 1.0, 1.0, 0.650, 38
18, 1.0, 1.0, 1.0, 1.0, 0.650, 39
18, 1.0, 1.0, 1.0, 1.0, 0.650, 40
18, 1.0, 1.0, 1.0, 1.0, 0.650, 41
18, 1.0, 1.0, 1.0, 1.0, 0.650, 42
18, 1.0, 1.0, 1.0, 1.0, 0.650, 43
18, 1.0, 1.0, 1.0, 1.0, 0.650, 44
18, 1.0, 1.0, 1.0, 1.0, 0.650, 45
18, 1.0, 1.0, 1.0, 1.0, 0.650, 46
18, 1.0, 1.0, 1.0, 1.0, 0.650, 47
18, 1.0, 1.0, 1.0, 1.0, 0.650, 48
18, 1.0, 1.0, 1.0, 1.0, 0.650, 49
18, 1.0, 1.0, 1.0, 1.0, 0.650, 50
19, 1.0, 1.0, 1.0, 1.0, 0.650, 1
19, 1.0, 1.0, 1.0, 1.0, 0.650, 2
19, 1.0, 1.0, 1.0, 1.0, 0.650, 3
19, 1.0, 1.0, 1.0, 1.0, 0.650, 4
19, 1.0, 1.0, 1.0, 1.0, 0.650, 5
19, 1.0, 1.0, 1.0, 1.0, 0.650, 6
19, 1.0, 1.0, 1.0, 1.0, 0.650, 7
19, 1.0, 1.0, 1.0, 1.0, 0.650, 8
19, 1.0, 1.0, 1.0, 1.0, 0.650, 9
19, 1.0, 1.0, 1.0, 1.0, 0.650, 10
19, 1.0, 1.0, 1.0, 1.0, 0.650, 11
19, 1.0, 1.0, 1.0, 1.0, 0.650, 12
19, 1.0, 1.0, 1.0, 1.0, 0.650, 13
19, 1.0, 1.0, 1.0, 1.0, 0.650, 14
19, 1.0, 1.0, 1.0, 1.0, 0.650, 15
19, 1.0, 1.0, 1.0, 1.0, 0.650, 16
19, 1.0, 1.0, 1.0, 1.0, 0.650, 17
19, 1.0, 1.0, 1.0, 1.0, 0.650, 18
19, 1.0, 1.0, 1.0, 1.0, 0.650, 19
19, 1.0, 1.0, 1.0, 1.0, 0.650, 20
19, 1.0, 1.0, 1.0, 1.0, 0.650, 21
19, 1.0, 1.0, 1.0, 1.0, 0.650, 22
19, 1.0, 1.0, 1.0, 1.0, 0.650, 23
19, 1.0, 1.0, 1.0, 1.0, 0.650, 24
19, 1.0, 1.0, 1.0, 1.0, 0.650, 25
19, 1.0, 1.0, 1.0, 1.0, 0.650, 26
19, 1.0, 1.0, 1.0, 1.0, 0.650, 27
19, 1.0, 1.0, 1.0, 1.0, 0.650, 28
19, 1.0, 1.0, 1.0, 1.0, 0.650, 29
19, 1.0, 1.0, 1.0, 1.0, 0.650, 30
19, 1.0, 1.0, 1.0, 1.0, 0.650, 31
19, 1.0, 1.0, 1.0, 1.0, 0.650, 32
19, 1.0, 1.0, 1.0, 1.0, 0.650, 33
19, 1.0, 1.0, 1.0, 1.0, 0.650, 34
19, 1.0, 1.0, 1.0, 1.0, 0.650, 35
19, 1.0, 1.0, 1.0, 1.0, 0.650, 36
19, 1.0, 1.0, 1.0, 1.0, 0.650, 37
19, 1.0, 1.0, 1.0, 1.0, 0.650, 38
19, 1.0, 1.0, 1.0, 1.0, 0.650, 39
19, 1.0, 1.0, 1.0, 1.0, 0.650, 40
19, 1.0, 1.0, 1.0, 1.0, 0.650, 41
19, 1.0, 1.0, 1.0, 1.0, 0.650, 42
19, 1.0, 1.0, 1.0, 1.0, 0.650, 43
19, 1.0, 1.0, 1.0, 1.0, 0.650, 44
19, 1.0, 1.0, 1.0, 1.0, 0.650, 45
19, 1.0, 1.0, 1.0, 1.0, 0.650, 46
19, 1.0, 1.0, 1.0, 1.0, 0.650, 47
19, 1.0, 1.0, 1.0, 1.0, 0.650, 48
19, 1.0, 1.0, 1.0, 1.0, 0.650, 49
19, 1.0, 1.0, 1.0, 1.0, 0.650, 50
20, 1.0, 1.0, 1.0, 1.0, 0.650, 1
20, 1.0, 1.0, 1.0, 1.0, 0.650, 2
20, 1.0, 1.0, 1.0, 1.0, 0.650, 3
20, 1.0, 1.0, 1.0, 1.0, 0.650, 4
20, 1.0, 1.0, 1.0, 1.0, 0.650, 5
20, 1.0, 1.0, 1.0, 1.0, 0.650, 6
20, 1.0, 1.0, 1.0, 1.0, 0.650, 7
20, 1.0, 1.0, 1.0, 1.0, 0.650, 8
20, 1.0, 1.0, 1.0, 1.0, 0.650, 9
20, 1.0, 1.0, 1.0, 1.0, 0.650, 10
20, 1.0, 1.0, 1.0, 1.0, 0.650, 11
20, 1.0, 1.0, 1.0, 1.0, 0.650, 12
20, 1.0, 1.0, 1.0, 1.0, 0.650, 13
20, 1.0, 1.0, 1.0, 1.0, 0.650, 14
20, 1.0, 1.0, 1.0, 1.0, 0.650, 15
20, 1.0, 1.0, 1.0, 1.0, 0.650, 16
20, 1.0, 1.0, 1.0, 1.0, 0.650, 17
20, 1.0, 1.0, 1.0, 1.0, 0.650, 18
20, 1.0, 1.0, 1.0, 1.0, 0.650, 19
20, 1.0, 1.0, 1.0, 1.0, 0.650, 20
20, 1.0, 1.0, 1.0, 1.0, 0.650, 21
20, 1.0, 1.0, 1.0, 1.0, 0.650, 22
20, 1.0, 1.0, 1.0, 1.0, 0.650, 23
20, 1.0, 1.0, 1.0, 1.0, 0.650, 24
20, 1.0, 1.0, 1.0, 1.0, 0.650, 25
20, 1.0, 1.0, 1.0, 1.0, 0.650, 26
20, 1.0, 1.0, 1.0, 1.0, 0.650, 27
20, 1.0, 1.0, 1.0, 1.0, 0.650, 28
20, 1.0, 1.0, 1.0, 1.0, 0.650, 29
20, 1.0, 1.0, 1.0, 1.0, 0.650, 30
20, 1.0, 1.0, 1.0, 1.0, 0.650, 31
20, 1.0, 1.0, 1.0, 1.0, 0.650, 32
20, 1.0, 1.0, 1.0, 1.0, 0.650, 33
20, 1.0, 1.0, 1.0, 1.0, 0.650, 34
20, 1.0, 1.0, 1.0, 1.0, 0.650, 35
20, 1.0, 1.0, 1.0, 1.0, 0.650, 36
20, 1.0, 1.0, 1.0, 1.0, 0.650, 37
20, 1.0, 1.0, 1.0, 1.0, 0.650, 38
20, 1.0, 1.0, 1.0, 1.0, 0.650, 39
20, 1.0, 1.0, 1.0, 1.0, 0.650, 40
20, 1.0, 1.0, 1.0, 1.0, 0.650, 41
20, 1.0, 1.0, 1.0, 1.0, 0.650, 42
20, 1.0, 1.0, 1.0, 1.0, 0.650, 43
20, 1.0, 1.0, 1.0, 1.0, 0.650, 44
20, 1.0, 1.0, 1.0, 1.0, 0.650, 45
20, 1.0, 1.0, 1.0, 1.0, 0.650, 46
20, 1.0, 1.0, 1.0, 1.0, 0.650, 47
20, 1.0, 1.0, 1.0, 1.0, 0.650, 48
20, 1.0, 1.0, 1.0, 1.0, 0.650, 49
20, 1.0, 1.0, 1.0, 1.0, 0.650, 50
16, 0.6, 1.0, 1.0, 1.0, 0.650, 1
16, 0.6, 1.0, 1.0, 1.0, 0.650, 2
16, 0.6, 1.0, 1.0, 1.0, 0.650, 3
16, 0.6, 1.0, 1.0, 1.0, 0.650, 4
16, 0.6, 1.0, 1.0, 1.0, 0.650, 5
16, 0.6, 1.0, 1.0, 1.0, 0.650, 6
16, 0.6, 1.0, 1.0, 1.0, 0.650, 7
16, 0.6, 1.0, 1.0, 1.0, 0.650, 8
16, 0.6, 1.0, 1.0, 1.0, 0.650, 9
16, 0.6, 1.0, 1.0, 1.0, 0.650, 10
16, 0.6, 1.0, 1.0, 1.0, 0.650, 11
16, 0.6, 1.0, 1.0, 1.0, 0.650, 12
16, 0.6, 1.0, 1.0, 1.0, 0.650, 13
16, 0.6, 1.0, 1.0, 1.0, 0.650, 14
16, 0.6, 1.0, 1.0, 1.0, 0.650, 15
16, 0.6, 1.0, 1.0, 1.0, 0.650, 16
16, 0.6, 1.0, 1.0, 1.0, 0.650, 17
16, 0.6, 1.0, 1.0, 1.0, 0.650, 18
16, 0.6, 1.0, 1.0, 1.0, 0.650, 19
16, 0.6, 1.0, 1.0, 1.0, 0.650, 20
16, 0.6, 1.0, 1.0, 1.0, 0.650, 21
16, 0.6, 1.0, 1.0, 1.0, 0.650, 22
16, 0.6, 1.0, 1.0, 1.0, 0.650, 23
16, 0.6, 1.0, 1.0, 1.0, 0.650, 24
16, 0.6, 1.0, 1.0, 1.0, 0.650, 25
16, 0.6, 1.0, 1.0, 1.0, 0.650, 26
16, 0.6, 1.0, 1.0, 1.0, 0.650, 27
16, 0.6, 1.0, 1.0, 1.0, 0.650, 28
16, 0.6, 1.0, 1.0, 1.0, 0.650, 29
16, 0.6, 1.0, 1.0, 1.0, 0.650, 30
16, 0.6, 1.0, 1.0, 1.0, 0.650, 31
16, 0.6, 1.0, 1.0, 1.0, 0.650, 32
16, 0.6, 1.0, 1.0, 1.0, 0.650, 33
16, 0.6, 1.0, 1.0, 1.0, 0.650, 34
16, 0.6, 1.0, 1.0, 1.0, 0.650, 35
16, 0.6, 1.0, 1.0, 1.0, 0.650, 36
16, 0.6, 1.0, 1.0, 1.0, 0.650, 37
16, 0.6, 1.0, 1.0, 1.0, 0.650, 38
16, 0.6, 1.0, 1.0, 1.0, 0.650, 39
16, 0.6, 1.0, 1.0, 1.0, 0.650, 40
16, 0.6, 1.0, 1.0, 1.0, 0.650, 41
16, 0.6, 1.0, 1.0, 1.0, 0.650, 42
16, 0.6, 1.0, 1.0, 1.0, 0.650, 43
16, 0.6, 1.0, 1.0, 1.0, 0.650, 44
16, 0.6, 1.0, 1.0, 1.0, 0.650, 45
16, 0.6, 1.0, 1.0, 1.0, 0.650, 46
16, 0.6, 1.0, 1.0, 1.0, 0.650, 47
16, 0.6, 1.0, 1.0, 1.0, 0.650, 48
16, 0.6, 1.0, 1.0, 1.0, 0.650, 49
16, 0.6, 1.0, 1.0, 1.0, 0.650, 50
16, 0.7, 1.0, 1.0, 1.0, 0.650, 1
16, 0.7, 1.0, 1.0, 1.0, 0.650, 2
16, 0.7, 1.0, 1.0, 1.0, 0.650, 3
16, 0.7, 1.0, 1.0, 1.0, 0.650, 4
16, 0.7, 1.0, 1.0, 1.0, 0.650, 5
16, 0.7, 1.0, 1.0, 1.0, 0.650, 6
16, 0.7, 1.0, 1.0, 1.0, 0.650, 7
16, 0.7, 1.0, 1.0, 1.0, 0.650, 8
16, 0.7, 1.0, 1.0, 1.0, 0.650, 9
16, 0.7, 1.0, 1.0, 1.0, 0.650, 10
16, 0.7, 1.0, 1.0, 1.0, 0.650, 11
16, 0.7, 1.0, 1.0, 1.0, 0.650, 12
16, 0.7, 1.0, 1.0, 1.0, 0.650, 13
16, 0.7, 1.0, 1.0, 1.0, 0.650, 14
16, 0.7, 1.0, 1.0, 1.0, 0.650, 15
16, 0.7, 1.0, 1.0, 1.0, 0.650, 16
16, 0.7, 1.0, 1.0, 1.0, 0.650, 17
16, 0.7, 1.0, 1.0, 1.0, 0.650, 18
16, 0.7, 1.0, 1.0, 1.0, 0.650, 19
16, 0.7, 1.0, 1.0, 1.0, 0.650, 20
16, 0.7, 1.0, 1.0, 1.0, 0.650, 21
16, 0.7, 1.0, 1.0, 1.0, 0.650, 22
16, 0.7, 1.0, 1.0, 1.0, 0.650, 23
16, 0.7, 1.0, 1.0, 1.0, 0.650, 24
16, 0.7, 1.0, 1.0, 1.0, 0.650, 25
16, 0.7, 1.0, 1.0, 1.0, 0.650, 26
16, 0.7, 1.0, 1.0, 1.0, 0.650, 27
16, 0.7, 1.0, 1.0, 1.0, 0.650, 28
16, 0.7, 1.0, 1.0, 1.0, 0.650, 29
16, 0.7, 1.0, 1.0, 1.0, 0.650, 30
16, 0.7, 1.0, 1.0, 1.0, 0.650, 31
16, 0.7, 1.0, 1.0, 1.0, 0.650, 32
16, 0.7, 1.0, 1.0, 1.0, 0.650, 33
16, 0.7, 1.0, 1.0, 1.0, 0.650, 34
16, 0.7, 1.0, 1.0, 1.0, 0.650, 35
16, 0.7, 1.0, 1.0, 1.0, 0.650, 36
16, 0.7, 1.0, 1.0, 1.0, 0.650, 37
16, 0.7, 1.0, 1.0, 1.0, 0.650, 38
16, 0.7, 1.0, 1.0, 1.0, 0.650, 39
16, 0.7, 1.0, 1.0, 1.0, 0.650, 40
16, 0.7, 1.0, 1.0, 1.0, 0.650, 41
16, 0.7, 1.0, 1.0, 1.0, 0.650, 42
16, 0.7, 1.0, 1.0, 1.0, 0.650, 43
16, 0.7, 1.0, 1.0, 1.0, 0.650, 44
16, 0.7, 1.0, 1.0, 1.0, 0.650, 45
16, 0.7, 1.0, 1.0, 1.0, 0.650, 46
16, 0.7, 1.0, 1.0, 1.0, 0.650, 47
16, 0.7, 1.0, 1.0, 1.0, 0.650, 48
16, 0.7, 1.0, 1.0, 1.0, 0.650, 49
16, 0.7, 1.0, 1.0, 1.0, 0.650, 50
16, 0.8, 1.0, 1.0, 1.0, 0.650, 1
16, 0.8, 1.0, 1.0, 1.0, 0.650, 2
16, 0.8, 1.0, 1.0, 1.0, 0.650, 3
16, 0.8, 1.0, 1.0, 1.0, 0.650, 4
16, 0.8, 1.0, 1.0, 1.0, 0.650, 5
16, 0.8, 1.0, 1.0, 1.0, 0.650, 6
16, 0.8, 1.0, 1.0, 1.0, 0.650, 7
16, 0.8, 1.0, 1.0, 1.0, 0.650, 8
16, 0.8, 1.0, 1.0, 1.0, 0.650, 9
16, 0.8, 1.0, 1.0, 1.0, 0.650, 10
16, 0.8, 1.0, 1.0, 1.0, 0.650, 11
16, 0.8, 1.0, 1.0, 1.0, 0.650, 12
16, 0.8, 1.0, 1.0, 1.0, 0.650, 13
16, 0.8, 1.0, 1.0, 1.0, 0.650, 14
16, 0.8, 1.0, 1.0, 1.0, 0.650, 15
16, 0.8, 1.0, 1.0, 1.0, 0.650, 16
16, 0.8, 1.0, 1.0, 1.0, 0.650, 17
16, 0.8, 1.0, 1.0, 1.0, 0.650, 18
16, 0.8, 1.0, 1.0, 1.0, 0.650, 19
16, 0.8, 1.0, 1.0, 1.0, 0.650, 20
16, 0.8, 1.0, 1.0, 1.0, 0.650, 21
16, 0.8, 1.0, 1.0, 1.0, 0.650, 22
16, 0.8, 1.0, 1.0, 1.0, 0.650, 23
16, 0.8, 1.0, 1.0, 1.0, 0.650, 24
16, 0.8, 1.0, 1.0, 1.0, 0.650, 25
16, 0.8, 1.0, 1.0, 1.0, 0.650, 26
16, 0.8, 1.0, 1.0, 1.0, 0.650, 27
16, 0.8, 1.0, 1.0, 1.0, 0.650, 28
16, 0.8, 1.0, 1.0, 1.0, 0.650, 29
16, 0.8, 1.0, 1.0, 1.0, 0.650, 30
16, 0.8, 1.0, 1.0, 1.0, 0.650, 31
16, 0.8, 1.0, 1.0, 1.0, 0.650, 32
16, 0.8, 1.0, 1.0, 1.0, 0.650, 33
16, 0.8, 1.0, 1.0, 1.0, 0.650, 34
16, 0.8, 1.0, 1.0, 1.0, 0.650, 35
16, 0.8, 1.0, 1.0, 1.0, 0.650, 36
16, 0.8, 1.0, 1.0, 1.0, 0.650, 37
16, 0.8, 1.0, 1.0, 1.0, 0.650, 38
16, 0.8, 1.0, 1.0, 1.0, 0.650, 39
16, 0.8, 1.0, 1.0, 1.0, 0.650, 40
16, 0.8, 1.0, 1.0, 1.0, 0.650, 41
16, 0.8, 1.0, 1.0, 1.0, 0.650, 42
16, 0.8, 1.0, 1.0, 1.0, 0.650, 43
16, 0.8, 1.0, 1.0, 1.0, 0.650, 44
16, 0.8, 1.0, 1.0, 1.0, 0.650, 45
16, 0.8, 1.0, 1.0, 1.0, 0.650, 46
16, 0.8, 1.0, 1.0, 1.0, 0.650, 47
16, 0.8, 1.0, 1.0, 1.0, 0.650, 48
16, 0.8, 1.0, 1.0, 1.0, 0.650, 49
16, 0.8, 1.0, 1.0, 1.0, 0.650, 50
16, 0.9, 1.0, 1.0, 1.0, 0.650, 1
16, 0.9, 1.0, 1.0, 1.0, 0.650, 2
16, 0.9, 1.0, 1.0, 1.0, 0.650, 3
16, 0.9, 1.0, 1.0, 1.0, 0.650, 4
16, 0.9, 1.0, 1.0, 1.0, 0.650, 5
16, 0.9, 1.0, 1.0, 1.0, 0.650, 6
16, 0.9, 1.0, 1.0, 1.0, 0.650, 7
16, 0.9, 1.0, 1.0, 1.0, 0.650, 8
16, 0.9, 1.0, 1.0, 1.0, 0.650, 9
16, 0.9, 1.0, 1.0, 1.0, 0.650, 10
16, 0.9, 1.0, 1.0, 1.0, 0.650, 11
16, 0.9, 1.0, 1.0, 1.0, 0.650, 12
16, 0.9, 1.0, 1.0, 1.0, 0.650, 13
16, 0.9, 1.0, 1.0, 1.0, 0.650, 14
16, 0.9, 1.0, 1.0, 1.0, 0.650, 15
16, 0.9, 1.0, 1.0, 1.0, 0.650, 16
16, 0.9, 1.0, 1.0, 1.0, 0.650, 17
16, 0.9, 1.0, 1.0, 1.0, 0.650, 18
16, 0.9, 1.0, 1.0, 1.0, 0.650, 19
16, 0.9, 1.0, 1.0, 1.0, 0.650, 20
16, 0.9, 1.0, 1.0, 1.0, 0.650, 21
16, 0.9, 1.0, 1.0, 1.0, 0.650, 22
16, 0.9, 1.0, 1.0, 1.0, 0.650, 23
16, 0.9, 1.0, 1.0, 1.0, 0.650, 24
16, 0.9, 1.0, 1.0, 1.0, 0.650, 25
16, 0.9, 1.0, 1.0, 1.0, 0.650, 26
16, 0.9, 1.0, 1.0, 1.0, 0.650, 27
16, 0.9, 1.0, 1.0, 1.0, 0.650, 28
16, 0.9, 1.0, 1.0, 1.0, 0.650, 29
16, 0.9, 1.0, 1.0, 1.0, 0.650, 30
16, 0.9, 1.0, 1.0, 1.0, 0.650, 31
16, 0.9, 1.0, 1.0, 1.0, 0.650, 32
16, 0.9, 1.0, 1.0, 1.0, 0.650, 33
16, 0.9, 1.0, 1.0, 1.0, 0.650, 34
16, 0.9, 1.0, 1.0, 1.0, 0.650, 35
16, 0.9, 1.0, 1.0, 1.0, 0.650, 36
16, 0.9, 1.0, 1.0, 1.0, 0.650, 37
16, 0.9, 1.0, 1.0, 1.0, 0.650, 38
16, 0.9, 1.0, 1.0, 1.0, 0.650, 39
16, 0.9, 1.0, 1.0, 1.0, 0.650, 40
16, 0.9, 1.0, 1.0, 1.0, 0.650, 41
16, 0.9, 1.0, 1.0, 1.0, 0.650, 42
16, 0.9, 1.0, 1.0, 1.0, 0.650, 43
16, 0.9, 1.0, 1.0, 1.0, 0.650, 44
16, 0.9, 1.0, 1.0, 1.0, 0.650, 45
16, 0.9, 1.0, 1.0, 1.0, 0.650, 46
16, 0.9, 1.0, 1.0, 1.0, 0.650, 47
16, 0.9, 1.0, 1.0, 1.0, 0.650, 48
16, 0.9, 1.0, 1.0, 1.0, 0.650, 49
16, 0.9, 1.0, 1.0, 1.0, 0.650, 50
16, 1.1, 1.0, 1.0, 1.0, 0.650, 1
16, 1.1, 1.0, 1.0, 1.0, 0.650, 2
16, 1.1, 1.0, 1.0, 1.0, 0.650, 3
16, 1.1, 1.0, 1.0, 1.0, 0.650, 4
16, 1.1, 1.0, 1.0, 1.0, 0.650, 5
16, 1.1, 1.0, 1.0, 1.0, 0.650, 6
16, 1.1, 1.0, 1.0, 1.0, 0.650, 7
16, 1.1, 1.0, 1.0, 1.0, 0.650, 8
16, 1.1, 1.0, 1.0, 1.0, 0.650, 9
16, 1.1, 1.0, 1.0, 1.0, 0.650, 10
16, 1.1, 1.0, 1.0, 1.0, 0.650, 11
16, 1.1, 1.0, 1.0, 1.0, 0.650, 12
16, 1.1, 1.0, 1.0, 1.0, 0.650, 13
16, 1.1, 1.0, 1.0, 1.0, 0.650, 14
16, 1.1, 1.0, 1.0, 1.0, 0.650, 15
16, 1.1, 1.0, 1.0, 1.0, 0.650, 16
16, 1.1, 1.0, 1.0, 1.0, 0.650, 17
16, 1.1, 1.0, 1.0, 1.0, 0.650, 18
16, 1.1, 1.0, 1.0, 1.0, 0.650, 19
16, 1.1, 1.0, 1.0, 1.0, 0.650, 20
16, 1.1, 1.0, 1.0, 1.0, 0.650, 21
16, 1.1, 1.0, 1.0, 1.0, 0.650, 22
16, 1.1, 1.0, 1.0, 1.0, 0.650, 23
16, 1.1, 1.0, 1.0, 1.0, 0.650, 24
16, 1.1, 1.0, 1.0, 1.0, 0.650, 25
16, 1.1, 1.0, 1.0, 1.0, 0.650, 26
16, 1.1, 1.0, 1.0, 1.0, 0.650, 27
16, 1.1, 1.0, 1.0, 1.0, 0.650, 28
16, 1.1, 1.0, 1.0, 1.0, 0.650, 29
16, 1.1, 1.0, 1.0, 1.0, 0.650, 30
16, 1.1, 1.0, 1.0, 1.0, 0.650, 31
16, 1.1, 1.0, 1.0, 1.0, 0.650, 32
16, 1.1, 1.0, 1.0, 1.0, 0.650, 33
16, 1.1, 1.0, 1.0, 1.0, 0.650, 34
16, 1.1, 1.0, 1.0, 1.0, 0.650, 35
16, 1.1, 1.0, 1.0, 1.0, 0.650, 36
16, 1.1, 1.0, 1.0, 1.0, 0.650, 37
16, 1.1, 1.0, 1.0, 1.0, 0.650, 38
16, 1.1, 1.0, 1.0, 1.0, 0.650, 39
16, 1.1, 1.0, 1.0, 1.0, 0.650, 40
16, 1.1, 1.0, 1.0, 1.0, 0.650, 41
16, 1.1, 1.0, 1.0, 1.0, 0.650, 42
16, 1.1, 1.0, 1.0, 1.0, 0.650, 43
16, 1.1, 1.0, 1.0, 1.0, 0.650, 44
16, 1.1, 1.0, 1.0, 1.0, 0.650, 45
16, 1.1, 1.0, 1.0, 1.0, 0.650, 46
16, 1.1, 1.0, 1.0, 1.0, 0.650, 47
16, 1.1, 1.0, 1.0, 1.0, 0.650, 48
16, 1.1, 1.0, 1.0, 1.0, 0.650, 49
16, 1.1, 1.0, 1.0, 1.0, 0.650, 50
16, 1.2, 1.0, 1.0, 1.0, 0.650, 1
16, 1.2, 1.0, 1.0, 1.0, 0.650, 2
16, 1.2, 1.0, 1.0, 1.0, 0.650, 3
16, 1.2, 1.0, 1.0, 1.0, 0.650, 4
16, 1.2, 1.0, 1.0, 1.0, 0.650, 5
16, 1.2, 1.0, 1.0, 1.0, 0.650, 6
16, 1.2, 1.0, 1.0, 1.0, 0.650, 7
16, 1.2, 1.0, 1.0, 1.0, 0.650, 8
16, 1.2, 1.0, 1.0, 1.0, 0.650, 9
16, 1.2, 1.0, 1.0, 1.0, 0.650, 10
16, 1.2, 1.0, 1.0, 1.0, 0.650, 11
16, 1.2, 1.0, 1.0, 1.0, 0.650, 12
16, 1.2, 1.0, 1.0, 1.0, 0.650, 13
16, 1.2, 1.0, 1.0, 1.0, 0.650, 14
16, 1.2, 1.0, 1.0, 1.0, 0.650, 15
16, 1.2, 1.0, 1.0, 1.0, 0.650, 16
16, 1.2, 1.0, 1.0, 1.0, 0.650, 17
16, 1.2, 1.0, 1.0, 1.0, 0.650, 18
16, 1.2, 1.0, 1.0, 1.0, 0.650, 19
16, 1.2, 1.0, 1.0, 1.0, 0.650, 20
16, 1.2, 1.0, 1.0, 1.0, 0.650, 21
16, 1.2, 1.0, 1.0, 1.0, 0.650, 22
16, 1.2, 1.0, 1.0, 1.0, 0.650, 23
16, 1.2, 1.0, 1.0, 1.0, 0.650, 24
16, 1.2, 1.0, 1.0, 1.0, 0.650, 25
16, 1.2, 1.0, 1.0, 1.0, 0.650, 26
16, 1.2, 1.0, 1.0, 1.0, 0.650, 27
16, 1.2, 1.0, 1.0, 1.0, 0.650, 28
16, 1.2, 1.0, 1.0, 1.0, 0.650, 29
16, 1.2, 1.0, 1.0, 1.0, 0.650, 30
16, 1.2, 1.0, 1.0, 1.0, 0.650, 31
16, 1.2, 1.0, 1.0, 1.0, 0.650, 32
16, 1.2, 1.0, 1.0, 1.0, 0.650, 33
16, 1.2, 1.0, 1.0, 1.0, 0.650, 34
16, 1.2, 1.0, 1.0, 1.0, 0.650, 35
16, 1.2, 1.0, 1.0, 1.0, 0.650, 36
16, 1.2, 1.0, 1.0, 1.0, 0.650, 37
16, 1.2, 1.0, 1.0, 1.0, 0.650, 38
16, 1.2, 1.0, 1.0, 1.0, 0.650, 39
16, 1.2, 1.0, 1.0, 1.0, 0.650, 40
16, 1.2, 1.0, 1.0, 1.0, 0.650, 41
16, 1.2, 1.0, 1.0, 1.0, 0.650, 42
16, 1.2, 1.0, 1.0, 1.0, 0.650, 43
16, 1.2, 1.0, 1.0, 1.0, 0.650, 44
16, 1.2, 1.0, 1.0, 1.0, 0.650, 45
16, 1.2, 1.0, 1.0, 1.0, 0.650, 46
16, 1.2, 1.0, 1.0, 1.0, 0.650, 47
16, 1.2, 1.0, 1.0, 1.0, 0.650, 48
16, 1.2, 1.0, 1.0, 1.0, 0.650, 49
16, 1.2, 1.0, 1.0, 1.0, 0.650, 50
16, 1.3, 1.0, 1.0, 1.0, 0.650, 1
16, 1.3, 1.0, 1.0, 1.0, 0.650, 2
16, 1.3, 1.0, 1.0, 1.0, 0.650, 3
16, 1.3, 1.0, 1.0, 1.0, 0.650, 4
16, 1.3, 1.0, 1.0, 1.0, 0.650, 5
16, 1.3, 1.0, 1.0, 1.0, 0.650, 6
16, 1.3, 1.0, 1.0, 1.0, 0.650, 7
16, 1.3, 1.0, 1.0, 1.0, 0.650, 8
16, 1.3, 1.0, 1.0, 1.0, 0.650, 9
16, 1.3, 1.0, 1.0, 1.0, 0.650, 10
16, 1.3, 1.0, 1.0, 1.0, 0.650, 11
16, 1.3, 1.0, 1.0, 1.0, 0.650, 12
16, 1.3, 1.0, 1.0, 1.0, 0.650, 13
16, 1.3, 1.0, 1.0, 1.0, 0.650, 14
16, 1.3, 1.0, 1.0, 1.0, 0.650, 15
16, 1.3, 1.0, 1.0, 1.0, 0.650, 16
16, 1.3, 1.0, 1.0, 1.0, 0.650, 17
16, 1.3, 1.0, 1.0, 1.0, 0.650, 18
16, 1.3, 1.0, 1.0, 1.0, 0.650, 19
16, 1.3, 1.0, 1.0, 1.0, 0.650, 20
16, 1.3, 1.0, 1.0, 1.0, 0.650, 21
16, 1.3, 1.0, 1.0, 1.0, 0.650, 22
16, 1.3, 1.0, 1.0, 1.0, 0.650, 23
16, 1.3, 1.0, 1.0, 1.0, 0.650, 24
16, 1.3, 1.0, 1.0, 1.0, 0.650, 25
16, 1.3, 1.0, 1.0, 1.0, 0.650, 26
16, 1.3, 1.0, 1.0, 1.0, 0.650, 27
16, 1.3, 1.0, 1.0, 1.0, 0.650, 28
16, 1.3, 1.0, 1.0, 1.0, 0.650, 29
16, 1.3, 1.0, 1.0, 1.0, 0.650, 30
16, 1.3, 1.0, 1.0, 1.0, 0.650, 31
16, 1.3, 1.0, 1.0, 1.0, 0.650, 32
16, 1.3, 1.0, 1.0, 1.0, 0.650, 33
16, 1.3, 1.0, 1.0, 1.0, 0.650, 34
16, 1.3, 1.0, 1.0, 1.0, 0.650, 35
16, 1.3, 1.0, 1.0, 1.0, 0.650, 36
16, 1.3, 1.0, 1.0, 1.0, 0.650, 37
16, 1.3, 1.0, 1.0, 1.0, 0.650, 38
16, 1.3, 1.0, 1.0, 1.0, 0.650, 39
16, 1.3, 1.0, 1.0, 1.0, 0.650, 40
16, 1.3, 1.0, 1.0, 1.0, 0.650, 41
16, 1.3, 1.0, 1.0, 1.0, 0.650, 42
16, 1.3, 1.0, 1.0, 1.0, 0.650, 43
16, 1.3, 1.0, 1.0, 1.0, 0.650, 44
16, 1.3, 1.0, 1.0, 1.0, 0.650, 45
16, 1.3, 1.0, 1.0, 1.0, 0.650, 46
16, 1.3, 1.0, 1.0, 1.0, 0.650, 47
16, 1.3, 1.0, 1.0, 1.0, 0.650, 48
16, 1.3, 1.0, 1.0, 1.0, 0.650, 49
16, 1.3, 1.0, 1.0, 1.0, 0.650, 50
16, 1.4, 1.0, 1.0, 1.0, 0.650, 1
16, 1.4, 1.0, 1.0, 1.0, 0.650, 2
16, 1.4, 1.0, 1.0, 1.0, 0.650, 3
16, 1.4, 1.0, 1.0, 1.0, 0.650, 4
16, 1.4, 1.0, 1.0, 1.0, 0.650, 5
16, 1.4, 1.0, 1.0, 1.0, 0.650, 6
16, 1.4, 1.0, 1.0, 1.0, 0.650, 7
16, 1.4, 1.0, 1.0, 1.0, 0.650, 8
16, 1.4, 1.0, 1.0, 1.0, 0.650, 9
16, 1.4, 1.0, 1.0, 1.0, 0.650, 10
16, 1.4, 1.0, 1.0, 1.0, 0.650, 11
16, 1.4, 1.0, 1.0, 1.0, 0.650, 12
16, 1.4, 1.0, 1.0, 1.0, 0.650, 13
16, 1.4, 1.0, 1.0, 1.0, 0.650, 14
16, 1.4, 1.0, 1.0, 1.0, 0.650, 15
16, 1.4, 1.0, 1.0, 1.0, 0.650, 16
16, 1.4, 1.0, 1.0, 1.0, 0.650, 17
16, 1.4, 1.0, 1.0, 1.0, 0.650, 18
16, 1.4, 1.0, 1.0, 1.0, 0.650, 19
16, 1.4, 1.0, 1.0, 1.0, 0.650, 20
16, 1.4, 1.0, 1.0, 1.0, 0.650, 21
16, 1.4, 1.0, 1.0, 1.0, 0.650, 22
16, 1.4, 1.0, 1.0, 1.0, 0.650, 23
16, 1.4, 1.0, 1.0, 1.0, 0.650, 24
16, 1.4, 1.0, 1.0, 1.0, 0.650, 25
16, 1.4, 1.0, 1.0, 1.0, 0.650, 26
16, 1.4, 1.0, 1.0, 1.0, 0.650, 27
16, 1.4, 1.0, 1.0, 1.0, 0.650, 28
16, 1.4, 1.0, 1.0, 1.0, 0.650, 29
16, 1.4, 1.0, 1.0, 1.0, 0.650, 30
16, 1.4, 1.0, 1.0, 1.0, 0.650, 31
16, 1.4, 1.0, 1.0, 1.0, 0.650, 32
16, 1.4, 1.0, 1.0, 1.0, 0.650, 33
16, 1.4, 1.0, 1.0, 1.0, 0.650, 34
16, 1.4, 1.0, 1.0, 1.0, 0.650, 35
16, 1.4, 1.0, 1.0, 1.0, 0.650, 36
16, 1.4, 1.0, 1.0, 1.0, 0.650, 37
16, 1.4, 1.0, 1.0, 1.0, 0.650, 38
16, 1.4, 1.0, 1.0, 1.0, 0.650, 39
16, 1.4, 1.0, 1.0, 1.0, 0.650, 40
16, 1.4, 1.0, 1.0, 1.0, 0.650, 41
16, 1.4, 1.0, 1.0, 1.0, 0.650, 42
16, 1.4, 1.0, 1.0, 1.0, 0.650, 43
16, 1.4, 1.0, 1.0, 1.0, 0.650, 44
16, 1.4, 1.0, 1.0, 1.0, 0.650, 45
16, 1.4, 1.0, 1.0, 1.0, 0.650, 46
16, 1.4, 1.0, 1.0, 1.0, 0.650, 47
16, 1.4, 1.0, 1.0, 1.0, 0.650, 48
16, 1.4, 1.0, 1.0, 1.0, 0.650, 49
16, 1.4, 1.0, 1.0, 1.0, 0.650, 50
16, 1.5, 1.0, 1.0, 1.0, 0.650, 1
16, 1.5, 1.0, 1.0, 1.0, 0.650, 2
16, 1.5, 1.0, 1.0, 1.0, 0.650, 3
16, 1.5, 1.0, 1.0, 1.0, 0.650, 4
16, 1.5, 1.0, 1.0, 1.0, 0.650, 5
16, 1.5, 1.0, 1.0, 1.0, 0.650, 6
16, 1.5, 1.0, 1.0, 1.0, 0.650, 7
16, 1.5, 1.0, 1.0, 1.0, 0.650, 8
16, 1.5, 1.0, 1.0, 1.0, 0.650, 9
16, 1.5, 1.0, 1.0, 1.0, 0.650, 10
16, 1.5, 1.0, 1.0, 1.0, 0.650, 11
16, 1.5, 1.0, 1.0, 1.0, 0.650, 12
16, 1.5, 1.0, 1.0, 1.0, 0.650, 13
16, 1.5, 1.0, 1.0, 1.0, 0.650, 14
16, 1.5, 1.0, 1.0, 1.0, 0.650, 15
16, 1.5, 1.0, 1.0, 1.0, 0.650, 16
16, 1.5, 1.0, 1.0, 1.0, 0.650, 17
16, 1.5, 1.0, 1.0, 1.0, 0.650, 18
16, 1.5, 1.0, 1.0, 1.0, 0.650, 19
16, 1.5, 1.0, 1.0, 1.0, 0.650, 20
16, 1.5, 1.0, 1.0, 1.0, 0.650, 21
16, 1.5, 1.0, 1.0, 1.0, 0.650, 22
16, 1.5, 1.0, 1.0, 1.0, 0.650, 23
16, 1.5, 1.0, 1.0, 1.0, 0.650, 24
16, 1.5, 1.0, 1.0, 1.0, 0.650, 25
16, 1.5, 1.0, 1.0, 1.0, 0.650, 26
16, 1.5, 1.0, 1.0, 1.0, 0.650, 27
16, 1.5, 1.0, 1.0, 1.0, 0.650, 28
16, 1.5, 1.0, 1.0, 1.0, 0.650, 29
16, 1.5, 1.0, 1.0, 1.0, 0.650, 30
16, 1.5, 1.0, 1.0, 1.0, 0.650, 31
16, 1.5, 1.0, 1.0, 1.0, 0.650, 32
16, 1.5, 1.0, 1.0, 1.0, 0.650, 33
16, 1.5, 1.0, 1.0, 1.0, 0.650, 34
16, 1.5, 1.0, 1.0, 1.0, 0.650, 35
16, 1.5, 1.0, 1.0, 1.0, 0.650, 36
16, 1.5, 1.0, 1.0, 1.0, 0.650, 37
16, 1.5, 1.0, 1.0, 1.0, 0.650, 38
16, 1.5, 1.0, 1.0, 1.0, 0.650, 39
16, 1.5, 1.0, 1.0, 1.0, 0.650, 40
16, 1.5, 1.0, 1.0, 1.0, 0.650, 41
16, 1.5, 1.0, 1.0, 1.0, 0.650, 42
16, 1.5, 1.0, 1.0, 1.0, 0.650, 43
16, 1.5, 1.0, 1.0, 1.0, 0.650, 44
16, 1.5, 1.0, 1.0, 1.0, 0.650, 45
16, 1.5, 1.0, 1.0, 1.0, 0.650, 46
16, 1.5, 1.0, 1.0, 1.0, 0.650, 47
16, 1.5, 1.0, 1.0, 1.0, 0.650, 48
16, 1.5, 1.0, 1.0, 1.0, 0.650, 49
16, 1.5, 1.0, 1.0, 1.0, 0.650, 50
16, 1.6, 1.0, 1.0, 1.0, 0.650, 1
16, 1.6, 1.0, 1.0, 1.0, 0.650, 2
16, 1.6, 1.0, 1.0, 1.0, 0.650, 3
16, 1.6, 1.0, 1.0, 1.0, 0.650, 4
16, 1.6, 1.0, 1.0, 1.0, 0.650, 5
16, 1.6, 1.0, 1.0, 1.0, 0.650, 6
16, 1.6, 1.0, 1.0, 1.0, 0.650, 7
16, 1.6, 1.0, 1.0, 1.0, 0.650, 8
16, 1.6, 1.0, 1.0, 1.0, 0.650, 9
16, 1.6, 1.0, 1.0, 1.0, 0.650, 10
16, 1.6, 1.0, 1.0, 1.0, 0.650, 11
16, 1.6, 1.0, 1.0, 1.0, 0.650, 12
16, 1.6, 1.0, 1.0, 1.0, 0.650, 13
16, 1.6, 1.0, 1.0, 1.0, 0.650, 14
16, 1.6, 1.0, 1.0, 1.0, 0.650, 15
16, 1.6, 1.0, 1.0, 1.0, 0.650, 16
16, 1.6, 1.0, 1.0, 1.0, 0.650, 17
16, 1.6, 1.0, 1.0, 1.0, 0.650, 18
16, 1.6, 1.0, 1.0, 1.0, 0.650, 19
16, 1.6, 1.0, 1.0, 1.0, 0.650, 20
16, 1.6, 1.0, 1.0, 1.0, 0.650, 21
16, 1.6, 1.0, 1.0, 1.0, 0.650, 22
16, 1.6, 1.0, 1.0, 1.0, 0.650, 23
16, 1.6, 1.0, 1.0, 1.0, 0.650, 24
16, 1.6, 1.0, 1.0, 1.0, 0.650, 25
16, 1.6, 1.0, 1.0, 1.0, 0.650, 26
16, 1.6, 1.0, 1.0, 1.0, 0.650, 27
16, 1.6, 1.0, 1.0, 1.0, 0.650, 28
16, 1.6, 1.0, 1.0, 1.0, 0.650, 29
16, 1.6, 1.0, 1.0, 1.0, 0.650, 30
16, 1.6, 1.0, 1.0, 1.0, 0.650, 31
16, 1.6, 1.0, 1.0, 1.0, 0.650, 32
16, 1.6, 1.0, 1.0, 1.0, 0.650, 33
16, 1.6, 1.0, 1.0, 1.0, 0.650, 34
16, 1.6, 1.0, 1.0, 1.0, 0.650, 35
16, 1.6, 1.0, 1.0, 1.0, 0.650, 36
16, 1.6, 1.0, 1.0, 1.0, 0.650, 37
16, 1.6, 1.0, 1.0, 1.0, 0.650, 38
16, 1.6, 1.0, 1.0, 1.0, 0.650, 39
16, 1.6, 1.0, 1.0, 1.0, 0.650, 40
16, 1.6, 1.0, 1.0, 1.0, 0.650, 41
16, 1.6, 1.0, 1.0, 1.0, 0.650, 42
16, 1.6, 1.0, 1.0, 1.0, 0.650, 43
16, 1.6, 1.0, 1.0, 1.0, 0.650, 44
16, 1.6, 1.0, 1.0, 1.0, 0.650, 45
16, 1.6, 1.0, 1.0, 1.0, 0.650, 46
16, 1.6, 1.0, 1.0, 1.0, 0.650, 47
16, 1.6, 1.0, 1.0, 1.0, 0.650, 48
16, 1.6, 1.0, 1.0, 1.0, 0.650, 49
16, 1.6, 1.0, 1.0, 1.0, 0.650, 50
16, 1.7, 1.0, 1.0, 1.0, 0.650, 1
16, 1.7, 1.0, 1.0, 1.0, 0.650, 2
16, 1.7, 1.0, 1.0, 1.0, 0.650, 3
16, 1.7, 1.0, 1.0, 1.0, 0.650, 4
16, 1.7, 1.0, 1.0, 1.0, 0.650, 5
16, 1.7, 1.0, 1.0, 1.0, 0.650, 6
16, 1.7, 1.0, 1.0, 1.0, 0.650, 7
16, 1.7, 1.0, 1.0, 1.0, 0.650, 8
16, 1.7, 1.0, 1.0, 1.0, 0.650, 9
16, 1.7, 1.0, 1.0, 1.0, 0.650, 10
16, 1.7, 1.0, 1.0, 1.0, 0.650, 11
16, 1.7, 1.0, 1.0, 1.0, 0.650, 12
16, 1.7, 1.0, 1.0, 1.0, 0.650, 13
16, 1.7, 1.0, 1.0, 1.0, 0.650, 14
16, 1.7, 1.0, 1.0, 1.0, 0.650, 15
16, 1.7, 1.0, 1.0, 1.0, 0.650, 16
16, 1.7, 1.0, 1.0, 1.0, 0.650, 17
16, 1.7, 1.0, 1.0, 1.0, 0.650, 18
16, 1.7, 1.0, 1.0, 1.0, 0.650, 19
16, 1.7, 1.0, 1.0, 1.0, 0.650, 20
16, 1.7, 1.0, 1.0, 1.0, 0.650, 21
16, 1.7, 1.0, 1.0, 1.0, 0.650, 22
16, 1.7, 1.0, 1.0, 1.0, 0.650, 23
16, 1.7, 1.0, 1.0, 1.0, 0.650, 24
16, 1.7, 1.0, 1.0, 1.0, 0.650, 25
16, 1.7, 1.0, 1.0, 1.0, 0.650, 26
16, 1.7, 1.0, 1.0, 1.0, 0.650, 27
16, 1.7, 1.0, 1.0, 1.0, 0.650, 28
16, 1.7, 1.0, 1.0, 1.0, 0.650, 29
16, 1.7, 1.0, 1.0, 1.0, 0.650, 30
16, 1.7, 1.0, 1.0, 1.0, 0.650, 31
16, 1.7, 1.0, 1.0, 1.0, 0.650, 32
16, 1.7, 1.0, 1.0, 1.0, 0.650, 33
16, 1.7, 1.0, 1.0, 1.0, 0.650, 34
16, 1.7, 1.0, 1.0, 1.0, 0.650, 35
16, 1.7, 1.0, 1.0, 1.0, 0.650, 36
16, 1.7, 1.0, 1.0, 1.0, 0.650, 37
16, 1.7, 1.0, 1.0, 1.0, 0.650, 38
16, 1.7, 1.0, 1.0, 1.0, 0.650, 39
16, 1.7, 1.0, 1.0, 1.0, 0.650, 40
16, 1.7, 1.0, 1.0, 1.0, 0.650, 41
16, 1.7, 1.0, 1.0, 1.0, 0.650, 42
16, 1.7, 1.0, 1.0, 1.0, 0.650, 43
16, 1.7, 1.0, 1.0, 1.0, 0.650, 44
16, 1.7, 1.0, 1.0, 1.0, 0.650, 45
16, 1.7, 1.0, 1.0, 1.0, 0.650, 46
16, 1.7, 1.0, 1.0, 1.0, 0.650, 47
16, 1.7, 1.0, 1.0, 1.0, 0.650, 48
16, 1.7, 1.0, 1.0, 1.0, 0.650, 49
16, 1.7, 1.0, 1.0, 1.0, 0.650, 50
16, 1.8, 1.0, 1.0, 1.0, 0.650, 1
16, 1.8, 1.0, 1.0, 1.0, 0.650, 2
16, 1.8, 1.0, 1.0, 1.0, 0.650, 3
16, 1.8, 1.0, 1.0, 1.0, 0.650, 4
16, 1.8, 1.0, 1.0, 1.0, 0.650, 5
16, 1.8, 1.0, 1.0, 1.0, 0.650, 6
16, 1.8, 1.0, 1.0, 1.0, 0.650, 7
16, 1.8, 1.0, 1.0, 1.0, 0.650, 8
16, 1.8, 1.0, 1.0, 1.0, 0.650, 9
16, 1.8, 1.0, 1.0, 1.0, 0.650, 10
16, 1.8, 1.0, 1.0, 1.0, 0.650, 11
16, 1.8, 1.0, 1.0, 1.0, 0.650, 12
16, 1.8, 1.0, 1.0, 1.0, 0.650, 13
16, 1.8, 1.0, 1.0, 1.0, 0.650, 14
16, 1.8, 1.0, 1.0, 1.0, 0.650, 15
16, 1.8, 1.0, 1.0, 1.0, 0.650, 16
16, 1.8, 1.0, 1.0, 1.0, 0.650, 17
16, 1.8, 1.0, 1.0, 1.0, 0.650, 18
16, 1.8, 1.0, 1.0, 1.0, 0.650, 19
16, 1.8, 1.0, 1.0, 1.0, 0.650, 20
16, 1.8, 1.0, 1.0, 1.0, 0.650, 21
16, 1.8, 1.0, 1.0, 1.0, 0.650, 22
16, 1.8, 1.0, 1.0, 1.0, 0.650, 23
16, 1.8, 1.0, 1.0, 1.0, 0.650, 24
16, 1.8, 1.0, 1.0, 1.0, 0.650, 25
16, 1.8, 1.0, 1.0, 1.0, 0.650, 26
16, 1.8, 1.0, 1.0, 1.0, 0.650, 27
16, 1.8, 1.0, 1.0, 1.0, 0.650, 28
16, 1.8, 1.0, 1.0, 1.0, 0.650, 29
16, 1.8, 1.0, 1.0, 1.0, 0.650, 30
16, 1.8, 1.0, 1.0, 1.0, 0.650, 31
16, 1.8, 1.0, 1.0, 1.0, 0.650, 32
16, 1.8, 1.0, 1.0, 1.0, 0.650, 33
16, 1.8, 1.0, 1.0, 1.0, 0.650, 34
16, 1.8, 1.0, 1.0, 1.0, 0.650, 35
16, 1.8, 1.0, 1.0, 1.0, 0.650, 36
16, 1.8, 1.0, 1.0, 1.0, 0.650, 37
16, 1.8, 1.0, 1.0, 1.0, 0.650, 38
16, 1.8, 1.0, 1.0, 1.0, 0.650, 39
16, 1.8, 1.0, 1.0, 1.0, 0.650, 40
16, 1.8, 1.0, 1.0, 1.0, 0.650, 41
16, 1.8, 1.0, 1.0, 1.0, 0.650, 42
16, 1.8, 1.0, 1.0, 1.0, 0.650, 43
16, 1.8, 1.0, 1.0, 1.0, 0.650, 44
16, 1.8, 1.0, 1.0, 1.0, 0.650, 45
16, 1.8, 1.0, 1.0, 1.0, 0.650, 46
16, 1.8, 1.0, 1.0, 1.0, 0.650, 47
16, 1.8, 1.0, 1.0, 1.0, 0.650, 48
16, 1.8, 1.0, 1.0, 1.0, 0.650, 49
16, 1.8, 1.0, 1.0, 1.0, 0.650, 50
16, 1.0, 0.4, 1.0, 1.0, 0.650, 1
16, 1.0, 0.4, 1.0, 1.0, 0.650, 2
16, 1.0, 0.4, 1.0, 1.0, 0.650, 3
16, 1.0, 0.4, 1.0, 1.0, 0.650, 4
16, 1.0, 0.4, 1.0, 1.0, 0.650, 5
16, 1.0, 0.4, 1.0, 1.0, 0.650, 6
16, 1.0, 0.4, 1.0, 1.0, 0.650, 7
16, 1.0, 0.4, 1.0, 1.0, 0.650, 8
16, 1.0, 0.4, 1.0, 1.0, 0.650, 9
16, 1.0, 0.4, 1.0, 1.0, 0.650, 10
16, 1.0, 0.4, 1.0, 1.0, 0.650, 11
16, 1.0, 0.4, 1.0, 1.0, 0.650, 12
16, 1.0, 0.4, 1.0, 1.0, 0.650, 13
16, 1.0, 0.4, 1.0, 1.0, 0.650, 14
16, 1.0, 0.4, 1.0, 1.0, 0.650, 15
16, 1.0, 0.4, 1.0, 1.0, 0.650, 16
16, 1.0, 0.4, 1.0, 1.0, 0.650, 17
16, 1.0, 0.4, 1.0, 1.0, 0.650, 18
16, 1.0, 0.4, 1.0, 1.0, 0.650, 19
16, 1.0, 0.4, 1.0, 1.0, 0.650, 20
16, 1.0, 0.4, 1.0, 1.0, 0.650, 21
16, 1.0, 0.4, 1.0, 1.0, 0.650, 22
16, 1.0, 0.4, 1.0, 1.0, 0.650, 23
16, 1.0, 0.4, 1.0, 1.0, 0.650, 24
16, 1.0, 0.4, 1.0, 1.0, 0.650, 25
16, 1.0, 0.4, 1.0, 1.0, 0.650, 26
16, 1.0, 0.4, 1.0, 1.0, 0.650, 27
16, 1.0, 0.4, 1.0, 1.0, 0.650, 28
16, 1.0, 0.4, 1.0, 1.0, 0.650, 29
16, 1.0, 0.4, 1.0, 1.0, 0.650, 30
16, 1.0, 0.4, 1.0, 1.0, 0.650, 31
16, 1.0, 0.4, 1.0, 1.0, 0.650, 32
16, 1.0, 0.4, 1.0, 1.0, 0.650, 33
16, 1.0, 0.4, 1.0, 1.0, 0.650, 34
16, 1.0, 0.4, 1.0, 1.0, 0.650, 35
16, 1.0, 0.4, 1.0, 1.0, 0.650, 36
16, 1.0, 0.4, 1.0, 1.0, 0.650, 37
16, 1.0, 0.4, 1.0, 1.0, 0.650, 38
16, 1.0, 0.4, 1.0, 1.0, 0.650, 39
16, 1.0, 0.4, 1.0, 1.0, 0.650, 40
16, 1.0, 0.4, 1.0, 1.0, 0.650, 41
16, 1.0, 0.4, 1.0, 1.0, 0.650, 42
16, 1.0, 0.4, 1.0, 1.0, 0.650, 43
16, 1.0, 0.4, 1.0, 1.0, 0.650, 44
16, 1.0, 0.4, 1.0, 1.0, 0.650, 45
16, 1.0, 0.4, 1.0, 1.0, 0.650, 46
16, 1.0, 0.4, 1.0, 1.0, 0.650, 47
16, 1.0, 0.4, 1.0, 1.0, 0.650, 48
16, 1.0, 0.4, 1.0, 1.0, 0.650, 49
16, 1.0, 0.4, 1.0, 1.0, 0.650, 50
16, 1.0, 0.5, 1.0, 1.0, 0.650, 1
16, 1.0, 0.5, 1.0, 1.0, 0.650, 2
16, 1.0, 0.5, 1.0, 1.0, 0.650, 3
16, 1.0, 0.5, 1.0, 1.0, 0.650, 4
16, 1.0, 0.5, 1.0, 1.0, 0.650, 5
16, 1.0, 0.5, 1.0, 1.0, 0.650, 6
16, 1.0, 0.5, 1.0, 1.0, 0.650, 7
16, 1.0, 0.5, 1.0, 1.0, 0.650, 8
16, 1.0, 0.5, 1.0, 1.0, 0.650, 9
16, 1.0, 0.5, 1.0, 1.0, 0.650, 10
16, 1.0, 0.5, 1.0, 1.0, 0.650, 11
16, 1.0, 0.5, 1.0, 1.0, 0.650, 12
16, 1.0, 0.5, 1.0, 1.0, 0.650, 13
16, 1.0, 0.5, 1.0, 1.0, 0.650, 14
16, 1.0, 0.5, 1.0, 1.0, 0.650, 15
16, 1.0, 0.5, 1.0, 1.0, 0.650, 16
16, 1.0, 0.5, 1.0, 1.0, 0.650, 17
16, 1.0, 0.5, 1.0, 1.0, 0.650, 18
16, 1.0, 0.5, 1.0, 1.0, 0.650, 19
16, 1.0, 0.5, 1.0, 1.0, 0.650, 20
16, 1.0, 0.5, 1.0, 1.0, 0.650, 21
16, 1.0, 0.5, 1.0, 1.0, 0.650, 22
16, 1.0, 0.5, 1.0, 1.0, 0.650, 23
16, 1.0, 0.5, 1.0, 1.0, 0.650, 24
16, 1.0, 0.5, 1.0, 1.0, 0.650, 25
16, 1.0, 0.5, 1.0, 1.0, 0.650, 26
16, 1.0, 0.5, 1.0, 1.0, 0.650, 27
16, 1.0, 0.5, 1.0, 1.0, 0.650, 28
16, 1.0, 0.5, 1.0, 1.0, 0.650, 29
16, 1.0, 0.5, 1.0, 1.0, 0.650, 30
16, 1.0, 0.5, 1.0, 1.0, 0.650, 31
16, 1.0, 0.5, 1.0, 1.0, 0.650, 32
16, 1.0, 0.5, 1.0, 1.0, 0.650, 33
16, 1.0, 0.5, 1.0, 1.0, 0.650, 34
16, 1.0, 0.5, 1.0, 1.0, 0.650, 35
16, 1.0, 0.5, 1.0, 1.0, 0.650, 36
16, 1.0, 0.5, 1.0, 1.0, 0.650, 37
16, 1.0, 0.5, 1.0, 1.0, 0.650, 38
16, 1.0, 0.5, 1.0, 1.0, 0.650, 39
16, 1.0, 0.5, 1.0, 1.0, 0.650, 40
16, 1.0, 0.5, 1.0, 1.0, 0.650, 41
16, 1.0, 0.5, 1.0, 1.0, 0.650, 42
16, 1.0, 0.5, 1.0, 1.0, 0.650, 43
16, 1.0, 0.5, 1.0, 1.0, 0.650, 44
16, 1.0, 0.5, 1.0, 1.0, 0.650, 45
16, 1.0, 0.5, 1.0, 1.0, 0.650, 46
16, 1.0, 0.5, 1.0, 1.0, 0.650, 47
16, 1.0, 0.5, 1.0, 1.0, 0.650, 48
16, 1.0, 0.5, 1.0, 1.0, 0.650, 49
16, 1.0, 0.5, 1.0, 1.0, 0.650, 50
16, 1.0, 0.6, 1.0, 1.0, 0.650, 1
16, 1.0, 0.6, 1.0, 1.0, 0.650, 2
16, 1.0, 0.6, 1.0, 1.0, 0.650, 3
16, 1.0, 0.6, 1.0, 1.0, 0.650, 4
16, 1.0, 0.6, 1.0, 1.0, 0.650, 5
16, 1.0, 0.6, 1.0, 1.0, 0.650, 6
16, 1.0, 0.6, 1.0, 1.0, 0.650, 7
16, 1.0, 0.6, 1.0, 1.0, 0.650, 8
16, 1.0, 0.6, 1.0, 1.0, 0.650, 9
16, 1.0, 0.6, 1.0, 1.0, 0.650, 10
16, 1.0, 0.6, 1.0, 1.0, 0.650, 11
16, 1.0, 0.6, 1.0, 1.0, 0.650, 12
16, 1.0, 0.6, 1.0, 1.0, 0.650, 13
16, 1.0, 0.6, 1.0, 1.0, 0.650, 14
16, 1.0, 0.6, 1.0, 1.0, 0.650, 15
16, 1.0, 0.6, 1.0, 1.0, 0.650, 16
16, 1.0, 0.6, 1.0, 1.0, 0.650, 17
16, 1.0, 0.6, 1.0, 1.0, 0.650, 18
16, 1.0, 0.6, 1.0, 1.0, 0.650, 19
16, 1.0, 0.6, 1.0, 1.0, 0.650, 20
16, 1.0, 0.6, 1.0, 1.0, 0.650, 21
16, 1.0, 0.6, 1.0, 1.0, 0.650, 22
16, 1.0, 0.6, 1.0, 1.0, 0.650, 23
16, 1.0, 0.6, 1.0, 1.0, 0.650, 24
16, 1.0, 0.6, 1.0, 1.0, 0.650, 25
16, 1.0, 0.6, 1.0, 1.0, 0.650, 26
16, 1.0, 0.6, 1.0, 1.0, 0.650, 27
16, 1.0, 0.6, 1.0, 1.0, 0.650, 28
16, 1.0, 0.6, 1.0, 1.0, 0.650, 29
16, 1.0, 0.6, 1.0, 1.0, 0.650, 30
16, 1.0, 0.6, 1.0, 1.0, 0.650, 31
16, 1.0, 0.6, 1.0, 1.0, 0.650, 32
16, 1.0, 0.6, 1.0, 1.0, 0.650, 33
16, 1.0, 0.6, 1.0, 1.0, 0.650, 34
16, 1.0, 0.6, 1.0, 1.0, 0.650, 35
16, 1.0, 0.6, 1.0, 1.0, 0.650, 36
16, 1.0, 0.6, 1.0, 1.0, 0.650, 37
16, 1.0, 0.6, 1.0, 1.0, 0.650, 38
16, 1.0, 0.6, 1.0, 1.0, 0.650, 39
16, 1.0, 0.6, 1.0, 1.0, 0.650, 40
16, 1.0, 0.6, 1.0, 1.0, 0.650, 41
16, 1.0, 0.6, 1.0, 1.0, 0.650, 42
16, 1.0, 0.6, 1.0, 1.0, 0.650, 43
16, 1.0, 0.6, 1.0, 1.0, 0.650, 44
16, 1.0, 0.6, 1.0, 1.0, 0.650, 45
16, 1.0, 0.6, 1.0, 1.0, 0.650, 46
16, 1.0, 0.6, 1.0, 1.0, 0.650, 47
16, 1.0, 0.6, 1.0, 1.0, 0.650, 48
16, 1.0, 0.6, 1.0, 1.0, 0.650, 49
16, 1.0, 0.6, 1.0, 1.0, 0.650, 50
16, 1.0, 0.7, 1.0, 1.0, 0.650, 1
16, 1.0, 0.7, 1.0, 1.0, 0.650, 2
16, 1.0, 0.7, 1.0, 1.0, 0.650, 3
16, 1.0, 0.7, 1.0, 1.0, 0.650, 4
16, 1.0, 0.7, 1.0, 1.0, 0.650, 5
16, 1.0, 0.7, 1.0, 1.0, 0.650, 6
16, 1.0, 0.7, 1.0, 1.0, 0.650, 7
16, 1.0, 0.7, 1.0, 1.0, 0.650, 8
16, 1.0, 0.7, 1.0, 1.0, 0.650, 9
16, 1.0, 0.7, 1.0, 1.0, 0.650, 10
16, 1.0, 0.7, 1.0, 1.0, 0.650, 11
16, 1.0, 0.7, 1.0, 1.0, 0.650, 12
16, 1.0, 0.7, 1.0, 1.0, 0.650, 13
16, 1.0, 0.7, 1.0, 1.0, 0.650, 14
16, 1.0, 0.7, 1.0, 1.0, 0.650, 15
16, 1.0, 0.7, 1.0, 1.0, 0.650, 16
16, 1.0, 0.7, 1.0, 1.0, 0.650, 17
16, 1.0, 0.7, 1.0, 1.0, 0.650, 18
16, 1.0, 0.7, 1.0, 1.0, 0.650, 19
16, 1.0, 0.7, 1.0, 1.0, 0.650, 20
16, 1.0, 0.7, 1.0, 1.0, 0.650, 21
16, 1.0, 0.7, 1.0, 1.0, 0.650, 22
16, 1.0, 0.7, 1.0, 1.0, 0.650, 23
16, 1.0, 0.7, 1.0, 1.0, 0.650, 24
16, 1.0, 0.7, 1.0, 1.0, 0.650, 25
16, 1.0, 0.7, 1.0, 1.0, 0.650, 26
16, 1.0, 0.7, 1.0, 1.0, 0.650, 27
16, 1.0, 0.7, 1.0, 1.0, 0.650, 28
16, 1.0, 0.7, 1.0, 1.0, 0.650, 29
16, 1.0, 0.7, 1.0, 1.0, 0.650, 30
16, 1.0, 0.7, 1.0, 1.0, 0.650, 31
16, 1.0, 0.7, 1.0, 1.0, 0.650, 32
16, 1.0, 0.7, 1.0, 1.0, 0.650, 33
16, 1.0, 0.7, 1.0, 1.0, 0.650, 34
16, 1.0, 0.7, 1.0, 1.0, 0.650, 35
16, 1.0, 0.7, 1.0, 1.0, 0.650, 36
16, 1.0, 0.7, 1.0, 1.0, 0.650, 37
16, 1.0, 0.7, 1.0, 1.0, 0.650, 38
16, 1.0, 0.7, 1.0, 1.0, 0.650, 39
16, 1.0, 0.7, 1.0, 1.0, 0.650, 40
16, 1.0, 0.7, 1.0, 1.0, 0.650, 41
16, 1.0, 0.7, 1.0, 1.0, 0.650, 42
16, 1.0, 0.7, 1.0, 1.0, 0.650, 43
16, 1.0, 0.7, 1.0, 1.0, 0.650, 44
16, 1.0, 0.7, 1.0, 1.0, 0.650, 45
16, 1.0, 0.7, 1.0, 1.0, 0.650, 46
16, 1.0, 0.7, 1.0, 1.0, 0.650, 47
16, 1.0, 0.7, 1.0, 1.0, 0.650, 48
16, 1.0, 0.7, 1.0, 1.0, 0.650, 49
16, 1.0, 0.7, 1.0, 1.0, 0.650, 50
16, 1.0, 0.8, 1.0, 1.0, 0.650, 1
16, 1.0, 0.8, 1.0, 1.0, 0.650, 2
16, 1.0, 0.8, 1.0, 1.0, 0.650, 3
16, 1.0, 0.8, 1.0, 1.0, 0.650, 4
16, 1.0, 0.8, 1.0, 1.0, 0.650, 5
16, 1.0, 0.8, 1.0, 1.0, 0.650, 6
16, 1.0, 0.8, 1.0, 1.0, 0.650, 7
16, 1.0, 0.8, 1.0, 1.0, 0.650, 8
16, 1.0, 0.8, 1.0, 1.0, 0.650, 9
16, 1.0, 0.8, 1.0, 1.0, 0.650, 10
16, 1.0, 0.8, 1.0, 1.0, 0.650, 11
16, 1.0, 0.8, 1.0, 1.0, 0.650, 12
16, 1.0, 0.8, 1.0, 1.0, 0.650, 13
16, 1.0, 0.8, 1.0, 1.0, 0.650, 14
16, 1.0, 0.8, 1.0, 1.0, 0.650, 15
16, 1.0, 0.8, 1.0, 1.0, 0.650, 16
16, 1.0, 0.8, 1.0, 1.0, 0.650, 17
16, 1.0, 0.8, 1.0, 1.0, 0.650, 18
16, 1.0, 0.8, 1.0, 1.0, 0.650, 19
16, 1.0, 0.8, 1.0, 1.0, 0.650, 20
16, 1.0, 0.8, 1.0, 1.0, 0.650, 21
16, 1.0, 0.8, 1.0, 1.0, 0.650, 22
16, 1.0, 0.8, 1.0, 1.0, 0.650, 23
16, 1.0, 0.8, 1.0, 1.0, 0.650, 24
16, 1.0, 0.8, 1.0, 1.0, 0.650, 25
16, 1.0, 0.8, 1.0, 1.0, 0.650, 26
16, 1.0, 0.8, 1.0, 1.0, 0.650, 27
16, 1.0, 0.8, 1.0, 1.0, 0.650, 28
16, 1.0, 0.8, 1.0, 1.0, 0.650, 29
16, 1.0, 0.8, 1.0, 1.0, 0.650, 30
16, 1.0, 0.8, 1.0, 1.0, 0.650, 31
16, 1.0, 0.8, 1.0, 1.0, 0.650, 32
16, 1.0, 0.8, 1.0, 1.0, 0.650, 33
16, 1.0, 0.8, 1.0, 1.0, 0.650, 34
16, 1.0, 0.8, 1.0, 1.0, 0.650, 35
16, 1.0, 0.8, 1.0, 1.0, 0.650, 36
16, 1.0, 0.8, 1.0, 1.0, 0.650, 37
16, 1.0, 0.8, 1.0, 1.0, 0.650, 38
16, 1.0, 0.8, 1.0, 1.0, 0.650, 39
16, 1.0, 0.8, 1.0, 1.0, 0.650, 40
16, 1.0, 0.8, 1.0, 1.0, 0.650, 41
16, 1.0, 0.8, 1.0, 1.0, 0.650, 42
16, 1.0, 0.8, 1.0, 1.0, 0.650, 43
16, 1.0, 0.8, 1.0, 1.0, 0.650, 44
16, 1.0, 0.8, 1.0, 1.0, 0.650, 45
16, 1.0, 0.8, 1.0, 1.0, 0.650, 46
16, 1.0, 0.8, 1.0, 1.0, 0.650, 47
16, 1.0, 0.8, 1.0, 1.0, 0.650, 48
16, 1.0, 0.8, 1.0, 1.0, 0.650, 49
16, 1.0, 0.8, 1.0, 1.0, 0.650, 50
16, 1.0, 0.9, 1.0, 1.0, 0.650, 1
16, 1.0, 0.9, 1.0, 1.0, 0.650, 2
16, 1.0, 0.9, 1.0, 1.0, 0.650, 3
16, 1.0, 0.9, 1.0, 1.0, 0.650, 4
16, 1.0, 0.9, 1.0, 1.0, 0.650, 5
16, 1.0, 0.9, 1.0, 1.0, 0.650, 6
16, 1.0, 0.9, 1.0, 1.0, 0.650, 7
16, 1.0, 0.9, 1.0, 1.0, 0.650, 8
16, 1.0, 0.9, 1.0, 1.0, 0.650, 9
16, 1.0, 0.9, 1.0, 1.0, 0.650, 10
16, 1.0, 0.9, 1.0, 1.0, 0.650, 11
16, 1.0, 0.9, 1.0, 1.0, 0.650, 12
16, 1.0, 0.9, 1.0, 1.0, 0.650, 13
16, 1.0, 0.9, 1.0, 1.0, 0.650, 14
16, 1.0, 0.9, 1.0, 1.0, 0.650, 15
16, 1.0, 0.9, 1.0, 1.0, 0.650, 16
16, 1.0, 0.9, 1.0, 1.0, 0.650, 17
16, 1.0, 0.9, 1.0, 1.0, 0.650, 18
16, 1.0, 0.9, 1.0, 1.0, 0.650, 19
16, 1.0, 0.9, 1.0, 1.0, 0.650, 20
16, 1.0, 0.9, 1.0, 1.0, 0.650, 21
16, 1.0, 0.9, 1.0, 1.0, 0.650, 22
16, 1.0, 0.9, 1.0, 1.0, 0.650, 23
16, 1.0, 0.9, 1.0, 1.0, 0.650, 24
16, 1.0, 0.9, 1.0, 1.0, 0.650, 25
16, 1.0, 0.9, 1.0, 1.0, 0.650, 26
16, 1.0, 0.9, 1.0, 1.0, 0.650, 27
16, 1.0, 0.9, 1.0, 1.0, 0.650, 28
16, 1.0, 0.9, 1.0, 1.0, 0.650, 29
16, 1.0, 0.9, 1.0, 1.0, 0.650, 30
16, 1.0, 0.9, 1.0, 1.0, 0.650, 31
16, 1.0, 0.9, 1.0, 1.0, 0.650, 32
16, 1.0, 0.9, 1.0, 1.0, 0.650, 33
16, 1.0, 0.9, 1.0, 1.0, 0.650, 34
16, 1.0, 0.9, 1.0, 1.0, 0.650, 35
16, 1.0, 0.9, 1.0, 1.0, 0.650, 36
16, 1.0, 0.9, 1.0, 1.0, 0.650, 37
16, 1.0, 0.9, 1.0, 1.0, 0.650, 38
16, 1.0, 0.9, 1.0, 1.0, 0.650, 39
16, 1.0, 0.9, 1.0, 1.0, 0.650, 40
16, 1.0, 0.9, 1.0, 1.0, 0.650, 41
16, 1.0, 0.9, 1.0, 1.0, 0.650, 42
16, 1.0, 0.9, 1.0, 1.0, 0.650, 43
16, 1.0, 0.9, 1.0, 1.0, 0.650, 44
16, 1.0, 0.9, 1.0, 1.0, 0.650, 45
16, 1.0, 0.9, 1.0, 1.0, 0.650, 46
16, 1.0, 0.9, 1.0, 1.0, 0.650, 47
16, 1.0, 0.9, 1.0, 1.0, 0.650, 48
16, 1.0, 0.9, 1.0, 1.0, 0.650, 49
16, 1.0, 0.9, 1.0, 1.0, 0.650, 50
16, 1.0, 1.1, 1.0, 1.0, 0.650, 1
16, 1.0, 1.1, 1.0, 1.0, 0.650, 2
16, 1.0, 1.1, 1.0, 1.0, 0.650, 3
16, 1.0, 1.1, 1.0, 1.0, 0.650, 4
16, 1.0, 1.1, 1.0, 1.0, 0.650, 5
16, 1.0, 1.1, 1.0, 1.0, 0.650, 6
16, 1.0, 1.1, 1.0, 1.0, 0.650, 7
16, 1.0, 1.1, 1.0, 1.0, 0.650, 8
16, 1.0, 1.1, 1.0, 1.0, 0.650, 9
16, 1.0, 1.1, 1.0, 1.0, 0.650, 10
16, 1.0, 1.1, 1.0, 1.0, 0.650, 11
16, 1.0, 1.1, 1.0, 1.0, 0.650, 12
16, 1.0, 1.1, 1.0, 1.0, 0.650, 13
16, 1.0, 1.1, 1.0, 1.0, 0.650, 14
16, 1.0, 1.1, 1.0, 1.0, 0.650, 15
16, 1.0, 1.1, 1.0, 1.0, 0.650, 16
16, 1.0, 1.1, 1.0, 1.0, 0.650, 17
16, 1.0, 1.1, 1.0, 1.0, 0.650, 18
16, 1.0, 1.1, 1.0, 1.0, 0.650, 19
16, 1.0, 1.1, 1.0, 1.0, 0.650, 20
16, 1.0, 1.1, 1.0, 1.0, 0.650, 21
16, 1.0, 1.1, 1.0, 1.0, 0.650, 22
16, 1.0, 1.1, 1.0, 1.0, 0.650, 23
16, 1.0, 1.1, 1.0, 1.0, 0.650, 24
16, 1.0, 1.1, 1.0, 1.0, 0.650, 25
16, 1.0, 1.1, 1.0, 1.0, 0.650, 26
16, 1.0, 1.1, 1.0, 1.0, 0.650, 27
16, 1.0, 1.1, 1.0, 1.0, 0.650, 28
16, 1.0, 1.1, 1.0, 1.0, 0.650, 29
16, 1.0, 1.1, 1.0, 1.0, 0.650, 30
16, 1.0, 1.1, 1.0, 1.0, 0.650, 31
16, 1.0, 1.1, 1.0, 1.0, 0.650, 32
16, 1.0, 1.1, 1.0, 1.0, 0.650, 33
16, 1.0, 1.1, 1.0, 1.0, 0.650, 34
16, 1.0, 1.1, 1.0, 1.0, 0.650, 35
16, 1.0, 1.1, 1.0, 1.0, 0.650, 36
16, 1.0, 1.1, 1.0, 1.0, 0.650, 37
16, 1.0, 1.1, 1.0, 1.0, 0.650, 38
16, 1.0, 1.1, 1.0, 1.0, 0.650, 39
16, 1.0, 1.1, 1.0, 1.0, 0.650, 40
16, 1.0, 1.1, 1.0, 1.0, 0.650, 41
16, 1.0, 1.1, 1.0, 1.0, 0.650, 42
16, 1.0, 1.1, 1.0, 1.0, 0.650, 43
16, 1.0, 1.1, 1.0, 1.0, 0.650, 44
16, 1.0, 1.1, 1.0, 1.0, 0.650, 45
16, 1.0, 1.1, 1.0, 1.0, 0.650, 46
16, 1.0, 1.1, 1.0, 1.0, 0.650, 47
16, 1.0, 1.1, 1.0, 1.0, 0.650, 48
16, 1.0, 1.1, 1.0, 1.0, 0.650, 49
16, 1.0, 1.1, 1.0, 1.0, 0.650, 50
16, 1.0, 1.2, 1.0, 1.0, 0.650, 1
16, 1.0, 1.2, 1.0, 1.0, 0.650, 2
16, 1.0, 1.2, 1.0, 1.0, 0.650, 3
16, 1.0, 1.2, 1.0, 1.0, 0.650, 4
16, 1.0, 1.2, 1.0, 1.0, 0.650, 5
16, 1.0, 1.2, 1.0, 1.0, 0.650, 6
16, 1.0, 1.2, 1.0, 1.0, 0.650, 7
16, 1.0, 1.2, 1.0, 1.0, 0.650, 8
16, 1.0, 1.2, 1.0, 1.0, 0.650, 9
16, 1.0, 1.2, 1.0, 1.0, 0.650, 10
16, 1.0, 1.2, 1.0, 1.0, 0.650, 11
16, 1.0, 1.2, 1.0, 1.0, 0.650, 12
16, 1.0, 1.2, 1.0, 1.0, 0.650, 13
16, 1.0, 1.2, 1.0, 1.0, 0.650, 14
16, 1.0, 1.2, 1.0, 1.0, 0.650, 15
16, 1.0, 1.2, 1.0, 1.0, 0.650, 16
16, 1.0, 1.2, 1.0, 1.0, 0.650, 17
16, 1.0, 1.2, 1.0, 1.0, 0.650, 18
16, 1.0, 1.2, 1.0, 1.0, 0.650, 19
16, 1.0, 1.2, 1.0, 1.0, 0.650, 20
16, 1.0, 1.2, 1.0, 1.0, 0.650, 21
16, 1.0, 1.2, 1.0, 1.0, 0.650, 22
16, 1.0, 1.2, 1.0, 1.0, 0.650, 23
16, 1.0, 1.2, 1.0, 1.0, 0.650, 24
16, 1.0, 1.2, 1.0, 1.0, 0.650, 25
16, 1.0, 1.2, 1.0, 1.0, 0.650, 26
16, 1.0, 1.2, 1.0, 1.0, 0.650, 27
16, 1.0, 1.2, 1.0, 1.0, 0.650, 28
16, 1.0, 1.2, 1.0, 1.0, 0.650, 29
16, 1.0, 1.2, 1.0, 1.0, 0.650, 30
16, 1.0, 1.2, 1.0, 1.0, 0.650, 31
16, 1.0, 1.2, 1.0, 1.0, 0.650, 32
16, 1.0, 1.2, 1.0, 1.0, 0.650, 33
16, 1.0, 1.2, 1.0, 1.0, 0.650, 34
16, 1.0, 1.2, 1.0, 1.0, 0.650, 35
16, 1.0, 1.2, 1.0, 1.0, 0.650, 36
16, 1.0, 1.2, 1.0, 1.0, 0.650, 37
16, 1.0, 1.2, 1.0, 1.0, 0.650, 38
16, 1.0, 1.2, 1.0, 1.0, 0.650, 39
16, 1.0, 1.2, 1.0, 1.0, 0.650, 40
16, 1.0, 1.2, 1.0, 1.0, 0.650, 41
16, 1.0, 1.2, 1.0, 1.0, 0.650, 42
16, 1.0, 1.2, 1.0, 1.0, 0.650, 43
16, 1.0, 1.2, 1.0, 1.0, 0.650, 44
16, 1.0, 1.2, 1.0, 1.0, 0.650, 45
16, 1.0, 1.2, 1.0, 1.0, 0.650, 46
16, 1.0, 1.2, 1.0, 1.0, 0.650, 47
16, 1.0, 1.2, 1.0, 1.0, 0.650, 48
16, 1.0, 1.2, 1.0, 1.0, 0.650, 49
16, 1.0, 1.2, 1.0, 1.0, 0.650, 50
16, 1.0, 1.3, 1.0, 1.0, 0.650, 1
16, 1.0, 1.3, 1.0, 1.0, 0.650, 2
16, 1.0, 1.3, 1.0, 1.0, 0.650, 3
16, 1.0, 1.3, 1.0, 1.0, 0.650, 4
16, 1.0, 1.3, 1.0, 1.0, 0.650, 5
16, 1.0, 1.3, 1.0, 1.0, 0.650, 6
16, 1.0, 1.3, 1.0, 1.0, 0.650, 7
16, 1.0, 1.3, 1.0, 1.0, 0.650, 8
16, 1.0, 1.3, 1.0, 1.0, 0.650, 9
16, 1.0, 1.3, 1.0, 1.0, 0.650, 10
16, 1.0, 1.3, 1.0, 1.0, 0.650, 11
16, 1.0, 1.3, 1.0, 1.0, 0.650, 12
16, 1.0, 1.3, 1.0, 1.0, 0.650, 13
16, 1.0, 1.3, 1.0, 1.0, 0.650, 14
16, 1.0, 1.3, 1.0, 1.0, 0.650, 15
16, 1.0, 1.3, 1.0, 1.0, 0.650, 16
16, 1.0, 1.3, 1.0, 1.0, 0.650, 17
16, 1.0, 1.3, 1.0, 1.0, 0.650, 18
16, 1.0, 1.3, 1.0, 1.0, 0.650, 19
16, 1.0, 1.3, 1.0, 1.0, 0.650, 20
16, 1.0, 1.3, 1.0, 1.0, 0.650, 21
16, 1.0, 1.3, 1.0, 1.0, 0.650, 22
16, 1.0, 1.3, 1.0, 1.0, 0.650, 23
16, 1.0, 1.3, 1.0, 1.0, 0.650, 24
16, 1.0, 1.3, 1.0, 1.0, 0.650, 25
16, 1.0, 1.3, 1.0, 1.0, 0.650, 26
16, 1.0, 1.3, 1.0, 1.0, 0.650, 27
16, 1.0, 1.3, 1.0, 1.0, 0.650, 28
16, 1.0, 1.3, 1.0, 1.0, 0.650, 29
16, 1.0, 1.3, 1.0, 1.0, 0.650, 30
16, 1.0, 1.3, 1.0, 1.0, 0.650, 31
16, 1.0, 1.3, 1.0, 1.0, 0.650, 32
16, 1.0, 1.3, 1.0, 1.0, 0.650, 33
16, 1.0, 1.3, 1.0, 1.0, 0.650, 34
16, 1.0, 1.3, 1.0, 1.0, 0.650, 35
16, 1.0, 1.3, 1.0, 1.0, 0.650, 36
16, 1.0, 1.3, 1.0, 1.0, 0.650, 37
16, 1.0, 1.3, 1.0, 1.0, 0.650, 38
16, 1.0, 1.3, 1.0, 1.0, 0.650, 39
16, 1.0, 1.3, 1.0, 1.0, 0.650, 40
16, 1.0, 1.3, 1.0, 1.0, 0.650, 41
16, 1.0, 1.3, 1.0, 1.0, 0.650, 42
16, 1.0, 1.3, 1.0, 1.0, 0.650, 43
16, 1.0, 1.3, 1.0, 1.0, 0.650, 44
16, 1.0, 1.3, 1.0, 1.0, 0.650, 45
16, 1.0, 1.3, 1.0, 1.0, 0.650, 46
16, 1.0, 1.3, 1.0, 1.0, 0.650, 47
16, 1.0, 1.3, 1.0, 1.0, 0.650, 48
16, 1.0, 1.3, 1.0, 1.0, 0.650, 49
16, 1.0, 1.3, 1.0, 1.0, 0.650, 50
16, 1.0, 1.0, 0.5, 1.0, 0.650, 1
16, 1.0, 1.0, 0.5, 1.0, 0.650, 2
16, 1.0, 1.0, 0.5, 1.0, 0.650, 3
16, 1.0, 1.0, 0.5, 1.0, 0.650, 4
16, 1.0, 1.0, 0.5, 1.0, 0.650, 5
16, 1.0, 1.0, 0.5, 1.0, 0.650, 6
16, 1.0, 1.0, 0.5, 1.0, 0.650, 7
16, 1.0, 1.0, 0.5, 1.0, 0.650, 8
16, 1.0, 1.0, 0.5, 1.0, 0.650, 9
16, 1.0, 1.0, 0.5, 1.0, 0.650, 10
16, 1.0, 1.0, 0.5, 1.0, 0.650, 11
16, 1.0, 1.0, 0.5, 1.0, 0.650, 12
16, 1.0, 1.0, 0.5, 1.0, 0.650, 13
16, 1.0, 1.0, 0.5, 1.0, 0.650, 14
16, 1.0, 1.0, 0.5, 1.0, 0.650, 15
16, 1.0, 1.0, 0.5, 1.0, 0.650, 16
16, 1.0, 1.0, 0.5, 1.0, 0.650, 17
16, 1.0, 1.0, 0.5, 1.0, 0.650, 18
16, 1.0, 1.0, 0.5, 1.0, 0.650, 19
16, 1.0, 1.0, 0.5, 1.0, 0.650, 20
16, 1.0, 1.0, 0.5, 1.0, 0.650, 21
16, 1.0, 1.0, 0.5, 1.0, 0.650, 22
16, 1.0, 1.0, 0.5, 1.0, 0.650, 23
16, 1.0, 1.0, 0.5, 1.0, 0.650, 24
16, 1.0, 1.0, 0.5, 1.0, 0.650, 25
16, 1.0, 1.0, 0.5, 1.0, 0.650, 26
16, 1.0, 1.0, 0.5, 1.0, 0.650, 27
16, 1.0, 1.0, 0.5, 1.0, 0.650, 28
16, 1.0, 1.0, 0.5, 1.0, 0.650, 29
16, 1.0, 1.0, 0.5, 1.0, 0.650, 30
16, 1.0, 1.0, 0.5, 1.0, 0.650, 31
16, 1.0, 1.0, 0.5, 1.0, 0.650, 32
16, 1.0, 1.0, 0.5, 1.0, 0.650, 33
16, 1.0, 1.0, 0.5, 1.0, 0.650, 34
16, 1.0, 1.0, 0.5, 1.0, 0.650, 35
16, 1.0, 1.0, 0.5, 1.0, 0.650, 36
16, 1.0, 1.0, 0.5, 1.0, 0.650, 37
16, 1.0, 1.0, 0.5, 1.0, 0.650, 38
16, 1.0, 1.0, 0.5, 1.0, 0.650, 39
16, 1.0, 1.0, 0.5, 1.0, 0.650, 40
16, 1.0, 1.0, 0.5, 1.0, 0.650, 41
16, 1.0, 1.0, 0.5, 1.0, 0.650, 42
16, 1.0, 1.0, 0.5, 1.0, 0.650, 43
16, 1.0, 1.0, 0.5, 1.0, 0.650, 44
16, 1.0, 1.0, 0.5, 1.0, 0.650, 45
16, 1.0, 1.0, 0.5, 1.0, 0.650, 46
16, 1.0, 1.0, 0.5, 1.0, 0.650, 47
16, 1.0, 1.0, 0.5, 1.0, 0.650, 48
16, 1.0, 1.0, 0.5, 1.0, 0.650, 49
16, 1.0, 1.0, 0.5, 1.0, 0.650, 50
16, 1.0, 1.0, 0.6, 1.0, 0.650, 1
16, 1.0, 1.0, 0.6, 1.0, 0.650, 2
16, 1.0, 1.0, 0.6, 1.0, 0.650, 3
16, 1.0, 1.0, 0.6, 1.0, 0.650, 4
16, 1.0, 1.0, 0.6, 1.0, 0.650, 5
16, 1.0, 1.0, 0.6, 1.0, 0.650, 6
16, 1.0, 1.0, 0.6, 1.0, 0.650, 7
16, 1.0, 1.0, 0.6, 1.0, 0.650, 8
16, 1.0, 1.0, 0.6, 1.0, 0.650, 9
16, 1.0, 1.0, 0.6, 1.0, 0.650, 10
16, 1.0, 1.0, 0.6, 1.0, 0.650, 11
16, 1.0, 1.0, 0.6, 1.0, 0.650, 12
16, 1.0, 1.0, 0.6, 1.0, 0.650, 13
16, 1.0, 1.0, 0.6, 1.0, 0.650, 14
16, 1.0, 1.0, 0.6, 1.0, 0.650, 15
16, 1.0, 1.0, 0.6, 1.0, 0.650, 16
16, 1.0, 1.0, 0.6, 1.0, 0.650, 17
16, 1.0, 1.0, 0.6, 1.0, 0.650, 18
16, 1.0, 1.0, 0.6, 1.0, 0.650, 19
16, 1.0, 1.0, 0.6, 1.0, 0.650, 20
16, 1.0, 1.0, 0.6, 1.0, 0.650, 21
16, 1.0, 1.0, 0.6, 1.0, 0.650, 22
16, 1.0, 1.0, 0.6, 1.0, 0.650, 23
16, 1.0, 1.0, 0.6, 1.0, 0.650, 24
16, 1.0, 1.0, 0.6, 1.0, 0.650, 25
16, 1.0, 1.0, 0.6, 1.0, 0.650, 26
16, 1.0, 1.0, 0.6, 1.0, 0.650, 27
16, 1.0, 1.0, 0.6, 1.0, 0.650, 28
16, 1.0, 1.0, 0.6, 1.0, 0.650, 29
16, 1.0, 1.0, 0.6, 1.0, 0.650, 30
16, 1.0, 1.0, 0.6, 1.0, 0.650, 31
16, 1.0, 1.0, 0.6, 1.0, 0.650, 32
16, 1.0, 1.0, 0.6, 1.0, 0.650, 33
16, 1.0, 1.0, 0.6, 1.0, 0.650, 34
16, 1.0, 1.0, 0.6, 1.0, 0.650, 35
16, 1.0, 1.0, 0.6, 1.0, 0.650, 36
16, 1.0, 1.0, 0.6, 1.0, 0.650, 37
16, 1.0, 1.0, 0.6, 1.0, 0.650, 38
16, 1.0, 1.0, 0.6, 1.0, 0.650, 39
16, 1.0, 1.0, 0.6, 1.0, 0.650, 40
16, 1.0, 1.0, 0.6, 1.0, 0.650, 41
16, 1.0, 1.0, 0.6, 1.0, 0.650, 42
16, 1.0, 1.0, 0.6, 1.0, 0.650, 43
16, 1.0, 1.0, 0.6, 1.0, 0.650, 44
16, 1.0, 1.0, 0.6, 1.0, 0.650, 45
16, 1.0, 1.0, 0.6, 1.0, 0.650, 46
16, 1.0, 1.0, 0.6, 1.0, 0.650, 47
16, 1.0, 1.0, 0.6, 1.0, 0.650, 48
16, 1.0, 1.0, 0.6, 1.0, 0.650, 49
16, 1.0, 1.0, 0.6, 1.0, 0.650, 50
16, 1.0, 1.0, 0.7, 1.0, 0.650, 1
16, 1.0, 1.0, 0.7, 1.0, 0.650, 2
16, 1.0, 1.0, 0.7, 1.0, 0.650, 3
16, 1.0, 1.0, 0.7, 1.0, 0.650, 4
16, 1.0, 1.0, 0.7, 1.0, 0.650, 5
16, 1.0, 1.0, 0.7, 1.0, 0.650, 6
16, 1.0, 1.0, 0.7, 1.0, 0.650, 7
16, 1.0, 1.0, 0.7, 1.0, 0.650, 8
16, 1.0, 1.0, 0.7, 1.0, 0.650, 9
16, 1.0, 1.0, 0.7, 1.0, 0.650, 10
16, 1.0, 1.0, 0.7, 1.0, 0.650, 11
16, 1.0, 1.0, 0.7, 1.0, 0.650, 12
16, 1.0, 1.0, 0.7, 1.0, 0.650, 13
16, 1.0, 1.0, 0.7, 1.0, 0.650, 14
16, 1.0, 1.0, 0.7, 1.0, 0.650, 15
16, 1.0, 1.0, 0.7, 1.0, 0.650, 16
16, 1.0, 1.0, 0.7, 1.0, 0.650, 17
16, 1.0, 1.0, 0.7, 1.0, 0.650, 18
16, 1.0, 1.0, 0.7, 1.0, 0.650, 19
16, 1.0, 1.0, 0.7, 1.0, 0.650, 20
16, 1.0, 1.0, 0.7, 1.0, 0.650, 21
16, 1.0, 1.0, 0.7, 1.0, 0.650, 22
16, 1.0, 1.0, 0.7, 1.0, 0.650, 23
16, 1.0, 1.0, 0.7, 1.0, 0.650, 24
16, 1.0, 1.0, 0.7, 1.0, 0.650, 25
16, 1.0, 1.0, 0.7, 1.0, 0.650, 26
16, 1.0, 1.0, 0.7, 1.0, 0.650, 27
16, 1.0, 1.0, 0.7, 1.0, 0.650, 28
16, 1.0, 1.0, 0.7, 1.0, 0.650, 29
16, 1.0, 1.0, 0.7, 1.0, 0.650, 30
16, 1.0, 1.0, 0.7, 1.0, 0.650, 31
16, 1.0, 1.0, 0.7, 1.0, 0.650, 32
16, 1.0, 1.0, 0.7, 1.0, 0.650, 33
16, 1.0, 1.0, 0.7, 1.0, 0.650, 34
16, 1.0, 1.0, 0.7, 1.0, 0.650, 35
16, 1.0, 1.0, 0.7, 1.0, 0.650, 36
16, 1.0, 1.0, 0.7, 1.0, 0.650, 37
16, 1.0, 1.0, 0.7, 1.0, 0.650, 38
16, 1.0, 1.0, 0.7, 1.0, 0.650, 39
16, 1.0, 1.0, 0.7, 1.0, 0.650, 40
16, 1.0, 1.0, 0.7, 1.0, 0.650, 41
16, 1.0, 1.0, 0.7, 1.0, 0.650, 42
16, 1.0, 1.0, 0.7, 1.0, 0.650, 43
16, 1.0, 1.0, 0.7, 1.0, 0.650, 44
16, 1.0, 1.0, 0.7, 1.0, 0.650, 45
16, 1.0, 1.0, 0.7, 1.0, 0.650, 46
16, 1.0, 1.0, 0.7, 1.0, 0.650, 47
16, 1.0, 1.0, 0.7, 1.0, 0.650, 48
16, 1.0, 1.0, 0.7, 1.0, 0.650, 49
16, 1.0, 1.0, 0.7, 1.0, 0.650, 50
16, 1.0, 1.0, 0.8, 1.0, 0.650, 1
16, 1.0, 1.0, 0.8, 1.0, 0.650, 2
16, 1.0, 1.0, 0.8, 1.0, 0.650, 3
16, 1.0, 1.0, 0.8, 1.0, 0.650, 4
16, 1.0, 1.0, 0.8, 1.0, 0.650, 5
16, 1.0, 1.0, 0.8, 1.0, 0.650, 6
16, 1.0, 1.0, 0.8, 1.0, 0.650, 7
16, 1.0, 1.0, 0.8, 1.0, 0.650, 8
16, 1.0, 1.0, 0.8, 1.0, 0.650, 9
16, 1.0, 1.0, 0.8, 1.0, 0.650, 10
16, 1.0, 1.0, 0.8, 1.0, 0.650, 11
16, 1.0, 1.0, 0.8, 1.0, 0.650, 12
16, 1.0, 1.0, 0.8, 1.0, 0.650, 13
16, 1.0, 1.0, 0.8, 1.0, 0.650, 14
16, 1.0, 1.0, 0.8, 1.0, 0.650, 15
16, 1.0, 1.0, 0.8, 1.0, 0.650, 16
16, 1.0, 1.0, 0.8, 1.0, 0.650, 17
16, 1.0, 1.0, 0.8, 1.0, 0.650, 18
16, 1.0, 1.0, 0.8, 1.0, 0.650, 19
16, 1.0, 1.0, 0.8, 1.0, 0.650, 20
16, 1.0, 1.0, 0.8, 1.0, 0.650, 21
16, 1.0, 1.0, 0.8, 1.0, 0.650, 22
16, 1.0, 1.0, 0.8, 1.0, 0.650, 23
16, 1.0, 1.0, 0.8, 1.0, 0.650, 24
16, 1.0, 1.0, 0.8, 1.0, 0.650, 25
16, 1.0, 1.0, 0.8, 1.0, 0.650, 26
16, 1.0, 1.0, 0.8, 1.0, 0.650, 27
16, 1.0, 1.0, 0.8, 1.0, 0.650, 28
16, 1.0, 1.0, 0.8, 1.0, 0.650, 29
16, 1.0, 1.0, 0.8, 1.0, 0.650, 30
16, 1.0, 1.0, 0.8, 1.0, 0.650, 31
16, 1.0, 1.0, 0.8, 1.0, 0.650, 32
16, 1.0, 1.0, 0.8, 1.0, 0.650, 33
16, 1.0, 1.0, 0.8, 1.0, 0.650, 34
16, 1.0, 1.0, 0.8, 1.0, 0.650, 35
16, 1.0, 1.0, 0.8, 1.0, 0.650, 36
16, 1.0, 1.0, 0.8, 1.0, 0.650, 37
16, 1.0, 1.0, 0.8, 1.0, 0.650, 38
16, 1.0, 1.0, 0.8, 1.0, 0.650, 39
16, 1.0, 1.0, 0.8, 1.0, 0.650, 40
16, 1.0, 1.0, 0.8, 1.0, 0.650, 41
16, 1.0, 1.0, 0.8, 1.0, 0.650, 42
16, 1.0, 1.0, 0.8, 1.0, 0.650, 43
16, 1.0, 1.0, 0.8, 1.0, 0.650, 44
16, 1.0, 1.0, 0.8, 1.0, 0.650, 45
16, 1.0, 1.0, 0.8, 1.0, 0.650, 46
16, 1.0, 1.0, 0.8, 1.0, 0.650, 47
16, 1.0, 1.0, 0.8, 1.0, 0.650, 48
16, 1.0, 1.0, 0.8, 1.0, 0.650, 49
16, 1.0, 1.0, 0.8, 1.0, 0.650, 50
16, 1.0, 1.0, 0.9, 1.0, 0.650, 1
16, 1.0, 1.0, 0.9, 1.0, 0.650, 2
16, 1.0, 1.0, 0.9, 1.0, 0.650, 3
16, 1.0, 1.0, 0.9, 1.0, 0.650, 4
16, 1.0, 1.0, 0.9, 1.0, 0.650, 5
16, 1.0, 1.0, 0.9, 1.0, 0.650, 6
16, 1.0, 1.0, 0.9, 1.0, 0.650, 7
16, 1.0, 1.0, 0.9, 1.0, 0.650, 8
16, 1.0, 1.0, 0.9, 1.0, 0.650, 9
16, 1.0, 1.0, 0.9, 1.0, 0.650, 10
16, 1.0, 1.0, 0.9, 1.0, 0.650, 11
16, 1.0, 1.0, 0.9, 1.0, 0.650, 12
16, 1.0, 1.0, 0.9, 1.0, 0.650, 13
16, 1.0, 1.0, 0.9, 1.0, 0.650, 14
16, 1.0, 1.0, 0.9, 1.0, 0.650, 15
16, 1.0, 1.0, 0.9, 1.0, 0.650, 16
16, 1.0, 1.0, 0.9, 1.0, 0.650, 17
16, 1.0, 1.0, 0.9, 1.0, 0.650, 18
16, 1.0, 1.0, 0.9, 1.0, 0.650, 19
16, 1.0, 1.0, 0.9, 1.0, 0.650, 20
16, 1.0, 1.0, 0.9, 1.0, 0.650, 21
16, 1.0, 1.0, 0.9, 1.0, 0.650, 22
16, 1.0, 1.0, 0.9, 1.0, 0.650, 23
16, 1.0, 1.0, 0.9, 1.0, 0.650, 24
16, 1.0, 1.0, 0.9, 1.0, 0.650, 25
16, 1.0, 1.0, 0.9, 1.0, 0.650, 26
16, 1.0, 1.0, 0.9, 1.0, 0.650, 27
16, 1.0, 1.0, 0.9, 1.0, 0.650, 28
16, 1.0, 1.0, 0.9, 1.0, 0.650, 29
16, 1.0, 1.0, 0.9, 1.0, 0.650, 30
16, 1.0, 1.0, 0.9, 1.0, 0.650, 31
16, 1.0, 1.0, 0.9, 1.0, 0.650, 32
16, 1.0, 1.0, 0.9, 1.0, 0.650, 33
16, 1.0, 1.0, 0.9, 1.0, 0.650, 34
16, 1.0, 1.0, 0.9, 1.0, 0.650, 35
16, 1.0, 1.0, 0.9, 1.0, 0.650, 36
16, 1.0, 1.0, 0.9, 1.0, 0.650, 37
16, 1.0, 1.0, 0.9, 1.0, 0.650, 38
16, 1.0, 1.0, 0.9, 1.0, 0.650, 39
16, 1.0, 1.0, 0.9, 1.0, 0.650, 40
16, 1.0, 1.0, 0.9, 1.0, 0.650, 41
16, 1.0, 1.0, 0.9, 1.0, 0.650, 42
16, 1.0, 1.0, 0.9, 1.0, 0.650, 43
16, 1.0, 1.0, 0.9, 1.0, 0.650, 44
16, 1.0, 1.0, 0.9, 1.0, 0.650, 45
16, 1.0, 1.0, 0.9, 1.0, 0.650, 46
16, 1.0, 1.0, 0.9, 1.0, 0.650, 47
16, 1.0, 1.0, 0.9, 1.0, 0.650, 48
16, 1.0, 1.0, 0.9, 1.0, 0.650, 49
16, 1.0, 1.0, 0.9, 1.0, 0.650, 50
16, 1.0, 1.0, 1.1, 1.0, 0.650, 1
16, 1.0, 1.0, 1.1, 1.0, 0.650, 2
16, 1.0, 1.0, 1.1, 1.0, 0.650, 3
16, 1.0, 1.0, 1.1, 1.0, 0.650, 4
16, 1.0, 1.0, 1.1, 1.0, 0.650, 5
16, 1.0, 1.0, 1.1, 1.0, 0.650, 6
16, 1.0, 1.0, 1.1, 1.0, 0.650, 7
16, 1.0, 1.0, 1.1, 1.0, 0.650, 8
16, 1.0, 1.0, 1.1, 1.0, 0.650, 9
16, 1.0, 1.0, 1.1, 1.0, 0.650, 10
16, 1.0, 1.0, 1.1, 1.0, 0.650, 11
16, 1.0, 1.0, 1.1, 1.0, 0.650, 12
16, 1.0, 1.0, 1.1, 1.0, 0.650, 13
16, 1.0, 1.0, 1.1, 1.0, 0.650, 14
16, 1.0, 1.0, 1.1, 1.0, 0.650, 15
16, 1.0, 1.0, 1.1, 1.0, 0.650, 16
16, 1.0, 1.0, 1.1, 1.0, 0.650, 17
16, 1.0, 1.0, 1.1, 1.0, 0.650, 18
16, 1.0, 1.0, 1.1, 1.0, 0.650, 19
16, 1.0, 1.0, 1.1, 1.0, 0.650, 20
16, 1.0, 1.0, 1.1, 1.0, 0.650, 21
16, 1.0, 1.0, 1.1, 1.0, 0.650, 22
16, 1.0, 1.0, 1.1, 1.0, 0.650, 23
16, 1.0, 1.0, 1.1, 1.0, 0.650, 24
16, 1.0, 1.0, 1.1, 1.0, 0.650, 25
16, 1.0, 1.0, 1.1, 1.0, 0.650, 26
16, 1.0, 1.0, 1.1, 1.0, 0.650, 27
16, 1.0, 1.0, 1.1, 1.0, 0.650, 28
16, 1.0, 1.0, 1.1, 1.0, 0.650, 29
16, 1.0, 1.0, 1.1, 1.0, 0.650, 30
16, 1.0, 1.0, 1.1, 1.0, 0.650, 31
16, 1.0, 1.0, 1.1, 1.0, 0.650, 32
16, 1.0, 1.0, 1.1, 1.0, 0.650, 33
16, 1.0, 1.0, 1.1, 1.0, 0.650, 34
16, 1.0, 1.0, 1.1, 1.0, 0.650, 35
16, 1.0, 1.0, 1.1, 1.0, 0.650, 36
16, 1.0, 1.0, 1.1, 1.0, 0.650, 37
16, 1.0, 1.0, 1.1, 1.0, 0.650, 38
16, 1.0, 1.0, 1.1, 1.0, 0.650, 39
16, 1.0, 1.0, 1.1, 1.0, 0.650, 40
16, 1.0, 1.0, 1.1, 1.0, 0.650, 41
16, 1.0, 1.0, 1.1, 1.0, 0.650, 42
16, 1.0, 1.0, 1.1, 1.0, 0.650, 43
16, 1.0, 1.0, 1.1, 1.0, 0.650, 44
16, 1.0, 1.0, 1.1, 1.0, 0.650, 45
16, 1.0, 1.0, 1.1, 1.0, 0.650, 46
16, 1.0, 1.0, 1.1, 1.0, 0.650, 47
16, 1.0, 1.0, 1.1, 1.0, 0.650, 48
16, 1.0, 1.0, 1.1, 1.0, 0.650, 49
16, 1.0, 1.0, 1.1, 1.0, 0.650, 50
16, 1.0, 1.0, 1.2, 1.0, 0.650, 1
16, 1.0, 1.0, 1.2, 1.0, 0.650, 2
16, 1.0, 1.0, 1.2, 1.0, 0.650, 3
16, 1.0, 1.0, 1.2, 1.0, 0.650, 4
16, 1.0, 1.0, 1.2, 1.0, 0.650, 5
16, 1.0, 1.0, 1.2, 1.0, 0.650, 6
16, 1.0, 1.0, 1.2, 1.0, 0.650, 7
16, 1.0, 1.0, 1.2, 1.0, 0.650, 8
16, 1.0, 1.0, 1.2, 1.0, 0.650, 9
16, 1.0, 1.0, 1.2, 1.0, 0.650, 10
16, 1.0, 1.0, 1.2, 1.0, 0.650, 11
16, 1.0, 1.0, 1.2, 1.0, 0.650, 12
16, 1.0, 1.0, 1.2, 1.0, 0.650, 13
16, 1.0, 1.0, 1.2, 1.0, 0.650, 14
16, 1.0, 1.0, 1.2, 1.0, 0.650, 15
16, 1.0, 1.0, 1.2, 1.0, 0.650, 16
16, 1.0, 1.0, 1.2, 1.0, 0.650, 17
16, 1.0, 1.0, 1.2, 1.0, 0.650, 18
16, 1.0, 1.0, 1.2, 1.0, 0.650, 19
16, 1.0, 1.0, 1.2, 1.0, 0.650, 20
16, 1.0, 1.0, 1.2, 1.0, 0.650, 21
16, 1.0, 1.0, 1.2, 1.0, 0.650, 22
16, 1.0, 1.0, 1.2, 1.0, 0.650, 23
16, 1.0, 1.0, 1.2, 1.0, 0.650, 24
16, 1.0, 1.0, 1.2, 1.0, 0.650, 25
16, 1.0, 1.0, 1.2, 1.0, 0.650, 26
16, 1.0, 1.0, 1.2, 1.0, 0.650, 27
16, 1.0, 1.0, 1.2, 1.0, 0.650, 28
16, 1.0, 1.0, 1.2, 1.0, 0.650, 29
16, 1.0, 1.0, 1.2, 1.0, 0.650, 30
16, 1.0, 1.0, 1.2, 1.0, 0.650, 31
16, 1.0, 1.0, 1.2, 1.0, 0.650, 32
16, 1.0, 1.0, 1.2, 1.0, 0.650, 33
16, 1.0, 1.0, 1.2, 1.0, 0.650, 34
16, 1.0, 1.0, 1.2, 1.0, 0.650, 35
16, 1.0, 1.0, 1.2, 1.0, 0.650, 36
16, 1.0, 1.0, 1.2, 1.0, 0.650, 37
16, 1.0, 1.0, 1.2, 1.0, 0.650, 38
16, 1.0, 1.0, 1.2, 1.0, 0.650, 39
16, 1.0, 1.0, 1.2, 1.0, 0.650, 40
16, 1.0, 1.0, 1.2, 1.0, 0.650, 41
16, 1.0, 1.0, 1.2, 1.0, 0.650, 42
16, 1.0, 1.0, 1.2, 1.0, 0.650, 43
16, 1.0, 1.0, 1.2, 1.0, 0.650, 44
16, 1.0, 1.0, 1.2, 1.0, 0.650, 45
16, 1.0, 1.0, 1.2, 1.0, 0.650, 46
16, 1.0, 1.0, 1.2, 1.0, 0.650, 47
16, 1.0, 1.0, 1.2, 1.0, 0.650, 48
16, 1.0, 1.0, 1.2, 1.0, 0.650, 49
16, 1.0, 1.0, 1.2, 1.0, 0.650, 50
16, 1.0, 1.0, 1.0, 0.5, 0.650, 1
16, 1.0, 1.0, 1.0, 0.5, 0.650, 2
16, 1.0, 1.0, 1.0, 0.5, 0.650, 3
16, 1.0, 1.0, 1.0, 0.5, 0.650, 4
16, 1.0, 1.0, 1.0, 0.5, 0.650, 5
16, 1.0, 1.0, 1.0, 0.5, 0.650, 6
16, 1.0, 1.0, 1.0, 0.5, 0.650, 7
16, 1.0, 1.0, 1.0, 0.5, 0.650, 8
16, 1.0, 1.0, 1.0, 0.5, 0.650, 9
16, 1.0, 1.0, 1.0, 0.5, 0.650, 10
16, 1.0, 1.0, 1.0, 0.5, 0.650, 11
16, 1.0, 1.0, 1.0, 0.5, 0.650, 12
16, 1.0, 1.0, 1.0, 0.5, 0.650, 13
16, 1.0, 1.0, 1.0, 0.5, 0.650, 14
16, 1.0, 1.0, 1.0, 0.5, 0.650, 15
16, 1.0, 1.0, 1.0, 0.5, 0.650, 16
16, 1.0, 1.0, 1.0, 0.5, 0.650, 17
16, 1.0, 1.0, 1.0, 0.5, 0.650, 18
16, 1.0, 1.0, 1.0, 0.5, 0.650, 19
16, 1.0, 1.0, 1.0, 0.5, 0.650, 20
16, 1.0, 1.0, 1.0, 0.5, 0.650, 21
16, 1.0, 1.0, 1.0, 0.5, 0.650, 22
16, 1.0, 1.0, 1.0, 0.5, 0.650, 23
16, 1.0, 1.0, 1.0, 0.5, 0.650, 24
16, 1.0, 1.0, 1.0, 0.5, 0.650, 25
16, 1.0, 1.0, 1.0, 0.5, 0.650, 26
16, 1.0, 1.0, 1.0, 0.5, 0.650, 27
16, 1.0, 1.0, 1.0, 0.5, 0.650, 28
16, 1.0, 1.0, 1.0, 0.5, 0.650, 29
16, 1.0, 1.0, 1.0, 0.5, 0.650, 30
16, 1.0, 1.0, 1.0, 0.5, 0.650, 31
16, 1.0, 1.0, 1.0, 0.5, 0.650, 32
16, 1.0, 1.0, 1.0, 0.5, 0.650, 33
16, 1.0, 1.0, 1.0, 0.5, 0.650, 34
16, 1.0, 1.0, 1.0, 0.5, 0.650, 35
16, 1.0, 1.0, 1.0, 0.5, 0.650, 36
16, 1.0, 1.0, 1.0, 0.5, 0.650, 37
16, 1.0, 1.0, 1.0, 0.5, 0.650, 38
16, 1.0, 1.0, 1.0, 0.5, 0.650, 39
16, 1.0, 1.0, 1.0, 0.5, 0.650, 40
16, 1.0, 1.0, 1.0, 0.5, 0.650, 41
16, 1.0, 1.0, 1.0, 0.5, 0.650, 42
16, 1.0, 1.0, 1.0, 0.5, 0.650, 43
16, 1.0, 1.0, 1.0, 0.5, 0.650, 44
16, 1.0, 1.0, 1.0, 0.5, 0.650, 45
16, 1.0, 1.0, 1.0, 0.5, 0.650, 46
16, 1.0, 1.0, 1.0, 0.5, 0.650, 47
16, 1.0, 1.0, 1.0, 0.5, 0.650, 48
16, 1.0, 1.0, 1.0, 0.5, 0.650, 49
16, 1.0, 1.0, 1.0, 0.5, 0.650, 50
16, 1.0, 1.0, 1.0, 0.6, 0.650, 1
16, 1.0, 1.0, 1.0, 0.6, 0.650, 2
16, 1.0, 1.0, 1.0, 0.6, 0.650, 3
16, 1.0, 1.0, 1.0, 0.6, 0.650, 4
16, 1.0, 1.0, 1.0, 0.6, 0.650, 5
16, 1.0, 1.0, 1.0, 0.6, 0.650, 6
16, 1.0, 1.0, 1.0, 0.6, 0.650, 7
16, 1.0, 1.0, 1.0, 0.6, 0.650, 8
16, 1.0, 1.0, 1.0, 0.6, 0.650, 9
16, 1.0, 1.0, 1.0, 0.6, 0.650, 10
16, 1.0, 1.0, 1.0, 0.6, 0.650, 11
16, 1.0, 1.0, 1.0, 0.6, 0.650, 12
16, 1.0, 1.0, 1.0, 0.6, 0.650, 13
16, 1.0, 1.0, 1.0, 0.6, 0.650, 14
16, 1.0, 1.0, 1.0, 0.6, 0.650, 15
16, 1.0, 1.0, 1.0, 0.6, 0.650, 16
16, 1.0, 1.0, 1.0, 0.6, 0.650, 17
16, 1.0, 1.0, 1.0, 0.6, 0.650, 18
16, 1.0, 1.0, 1.0, 0.6, 0.650, 19
16, 1.0, 1.0, 1.0, 0.6, 0.650, 20
16, 1.0, 1.0, 1.0, 0.6, 0.650, 21
16, 1.0, 1.0, 1.0, 0.6, 0.650, 22
16, 1.0, 1.0, 1.0, 0.6, 0.650, 23
16, 1.0, 1.0, 1.0, 0.6, 0.650, 24
16, 1.0, 1.0, 1.0, 0.6, 0.650, 25
16, 1.0, 1.0, 1.0, 0.6, 0.650, 26
16, 1.0, 1.0, 1.0, 0.6, 0.650, 27
16, 1.0, 1.0, 1.0, 0.6, 0.650, 28
16, 1.0, 1.0, 1.0, 0.6, 0.650, 29
16, 1.0, 1.0, 1.0, 0.6, 0.650, 30
16, 1.0, 1.0, 1.0, 0.6, 0.650, 31
16, 1.0, 1.0, 1.0, 0.6, 0.650, 32
16, 1.0, 1.0, 1.0, 0.6, 0.650, 33
16, 1.0, 1.0, 1.0, 0.6, 0.650, 34
16, 1.0, 1.0, 1.0, 0.6, 0.650, 35
16, 1.0, 1.0, 1.0, 0.6, 0.650, 36
16, 1.0, 1.0, 1.0, 0.6, 0.650, 37
16, 1.0, 1.0, 1.0, 0.6, 0.650, 38
16, 1.0, 1.0, 1.0, 0.6, 0.650, 39
16, 1.0, 1.0, 1.0, 0.6, 0.650, 40
16, 1.0, 1.0, 1.0, 0.6, 0.650, 41
16, 1.0, 1.0, 1.0, 0.6, 0.650, 42
16, 1.0, 1.0, 1.0, 0.6, 0.650, 43
16, 1.0, 1.0, 1.0, 0.6, 0.650, 44
16, 1.0, 1.0, 1.0, 0.6, 0.650, 45
16, 1.0, 1.0, 1.0, 0.6, 0.650, 46
16, 1.0, 1.0, 1.0, 0.6, 0.650, 47
16, 1.0, 1.0, 1.0, 0.6, 0.650, 48
16, 1.0, 1.0, 1.0, 0.6, 0.650, 49
16, 1.0, 1.0, 1.0, 0.6, 0.650, 50
16, 1.0, 1.0, 1.0, 0.7, 0.650, 1
16, 1.0, 1.0, 1.0, 0.7, 0.650, 2
16, 1.0, 1.0, 1.0, 0.7, 0.650, 3
16, 1.0, 1.0, 1.0, 0.7, 0.650, 4
16, 1.0, 1.0, 1.0, 0.7, 0.650, 5
16, 1.0, 1.0, 1.0, 0.7, 0.650, 6
16, 1.0, 1.0, 1.0, 0.7, 0.650, 7
16, 1.0, 1.0, 1.0, 0.7, 0.650, 8
16, 1.0, 1.0, 1.0, 0.7, 0.650, 9
16, 1.0, 1.0, 1.0, 0.7, 0.650, 10
16, 1.0, 1.0, 1.0, 0.7, 0.650, 11
16, 1.0, 1.0, 1.0, 0.7, 0.650, 12
16, 1.0, 1.0, 1.0, 0.7, 0.650, 13
16, 1.0, 1.0, 1.0, 0.7, 0.650, 14
16, 1.0, 1.0, 1.0, 0.7, 0.650, 15
16, 1.0, 1.0, 1.0, 0.7, 0.650, 16
16, 1.0, 1.0, 1.0, 0.7, 0.650, 17
16, 1.0, 1.0, 1.0, 0.7, 0.650, 18
16, 1.0, 1.0, 1.0, 0.7, 0.650, 19
16, 1.0, 1.0, 1.0, 0.7, 0.650, 20
16, 1.0, 1.0, 1.0, 0.7, 0.650, 21
16, 1.0, 1.0, 1.0, 0.7, 0.650, 22
16, 1.0, 1.0, 1.0, 0.7, 0.650, 23
16, 1.0, 1.0, 1.0, 0.7, 0.650, 24
16, 1.0, 1.0, 1.0, 0.7, 0.650, 25
16, 1.0, 1.0, 1.0, 0.7, 0.650, 26
16, 1.0, 1.0, 1.0, 0.7, 0.650, 27
16, 1.0, 1.0, 1.0, 0.7, 0.650, 28
16, 1.0, 1.0, 1.0, 0.7, 0.650, 29
16, 1.0, 1.0, 1.0, 0.7, 0.650, 30
16, 1.0, 1.0, 1.0, 0.7, 0.650, 31
16, 1.0, 1.0, 1.0, 0.7, 0.650, 32
16, 1.0, 1.0, 1.0, 0.7, 0.650, 33
16, 1.0, 1.0, 1.0, 0.7, 0.650, 34
16, 1.0, 1.0, 1.0, 0.7, 0.650, 35
16, 1.0, 1.0, 1.0, 0.7, 0.650, 36
16, 1.0, 1.0, 1.0, 0.7, 0.650, 37
16, 1.0, 1.0, 1.0, 0.7, 0.650, 38
16, 1.0, 1.0, 1.0, 0.7, 0.650, 39
16, 1.0, 1.0, 1.0, 0.7, 0.650, 40
16, 1.0, 1.0, 1.0, 0.7, 0.650, 41
16, 1.0, 1.0, 1.0, 0.7, 0.650, 42
16, 1.0, 1.0, 1.0, 0.7, 0.650, 43
16, 1.0, 1.0, 1.0, 0.7, 0.650, 44
16, 1.0, 1.0, 1.0, 0.7, 0.650, 45
16, 1.0, 1.0, 1.0, 0.7, 0.650, 46
16, 1.0, 1.0, 1.0, 0.7, 0.650, 47
16, 1.0, 1.0, 1.0, 0.7, 0.650, 48
16, 1.0, 1.0, 1.0, 0.7, 0.650, 49
16, 1.0, 1.0, 1.0, 0.7, 0.650, 50
16, 1.0, 1.0, 1.0, 0.8, 0.650, 1
16, 1.0, 1.0, 1.0, 0.8, 0.650, 2
16, 1.0, 1.0, 1.0, 0.8, 0.650, 3
16, 1.0, 1.0, 1.0, 0.8, 0.650, 4
16, 1.0, 1.0, 1.0, 0.8, 0.650, 5
16, 1.0, 1.0, 1.0, 0.8, 0.650, 6
16, 1.0, 1.0, 1.0, 0.8, 0.650, 7
16, 1.0, 1.0, 1.0, 0.8, 0.650, 8
16, 1.0, 1.0, 1.0, 0.8, 0.650, 9
16, 1.0, 1.0, 1.0, 0.8, 0.650, 10
16, 1.0, 1.0, 1.0, 0.8, 0.650, 11
16, 1.0, 1.0, 1.0, 0.8, 0.650, 12
16, 1.0, 1.0, 1.0, 0.8, 0.650, 13
16, 1.0, 1.0, 1.0, 0.8, 0.650, 14
16, 1.0, 1.0, 1.0, 0.8, 0.650, 15
16, 1.0, 1.0, 1.0, 0.8, 0.650, 16
16, 1.0, 1.0, 1.0, 0.8, 0.650, 17
16, 1.0, 1.0, 1.0, 0.8, 0.650, 18
16, 1.0, 1.0, 1.0, 0.8, 0.650, 19
16, 1.0, 1.0, 1.0, 0.8, 0.650, 20
16, 1.0, 1.0, 1.0, 0.8, 0.650, 21
16, 1.0, 1.0, 1.0, 0.8, 0.650, 22
16, 1.0, 1.0, 1.0, 0.8, 0.650, 23
16, 1.0, 1.0, 1.0, 0.8, 0.650, 24
16, 1.0, 1.0, 1.0, 0.8, 0.650, 25
16, 1.0, 1.0, 1.0, 0.8, 0.650, 26
16, 1.0, 1.0, 1.0, 0.8, 0.650, 27
16, 1.0, 1.0, 1.0, 0.8, 0.650, 28
16, 1.0, 1.0, 1.0, 0.8, 0.650, 29
16, 1.0, 1.0, 1.0, 0.8, 0.650, 30
16, 1.0, 1.0, 1.0, 0.8, 0.650, 31
16, 1.0, 1.0, 1.0, 0.8, 0.650, 32
16, 1.0, 1.0, 1.0, 0.8, 0.650, 33
16, 1.0, 1.0, 1.0, 0.8, 0.650, 34
16, 1.0, 1.0, 1.0, 0.8, 0.650, 35
16, 1.0, 1.0, 1.0, 0.8, 0.650, 36
16, 1.0, 1.0, 1.0, 0.8, 0.650, 37
16, 1.0, 1.0, 1.0, 0.8, 0.650, 38
16, 1.0, 1.0, 1.0, 0.8, 0.650, 39
16, 1.0, 1.0, 1.0, 0.8, 0.650, 40
16, 1.0, 1.0, 1.0, 0.8, 0.650, 41
16, 1.0, 1.0, 1.0, 0.8, 0.650, 42
16, 1.0, 1.0, 1.0, 0.8, 0.650, 43
16, 1.0, 1.0, 1.0, 0.8, 0.650, 44
16, 1.0, 1.0, 1.0, 0.8, 0.650, 45
16, 1.0, 1.0, 1.0, 0.8, 0.650, 46
16, 1.0, 1.0, 1.0, 0.8, 0.650, 47
16, 1.0, 1.0, 1.0, 0.8, 0.650, 48
16, 1.0, 1.0, 1.0, 0.8, 0.650, 49
16, 1.0, 1.0, 1.0, 0.8, 0.650, 50
16, 1.0, 1.0, 1.0, 0.9, 0.650, 1
16, 1.0, 1.0, 1.0, 0.9, 0.650, 2
16, 1.0, 1.0, 1.0, 0.9, 0.650, 3
16, 1.0, 1.0, 1.0, 0.9, 0.650, 4
16, 1.0, 1.0, 1.0, 0.9, 0.650, 5
16, 1.0, 1.0, 1.0, 0.9, 0.650, 6
16, 1.0, 1.0, 1.0, 0.9, 0.650, 7
16, 1.0, 1.0, 1.0, 0.9, 0.650, 8
16, 1.0, 1.0, 1.0, 0.9, 0.650, 9
16, 1.0, 1.0, 1.0, 0.9, 0.650, 10
16, 1.0, 1.0, 1.0, 0.9, 0.650, 11
16, 1.0, 1.0, 1.0, 0.9, 0.650, 12
16, 1.0, 1.0, 1.0, 0.9, 0.650, 13
16, 1.0, 1.0, 1.0, 0.9, 0.650, 14
16, 1.0, 1.0, 1.0, 0.9, 0.650, 15
16, 1.0, 1.0, 1.0, 0.9, 0.650, 16
16, 1.0, 1.0, 1.0, 0.9, 0.650, 17
16, 1.0, 1.0, 1.0, 0.9, 0.650, 18
16, 1.0, 1.0, 1.0, 0.9, 0.650, 19
16, 1.0, 1.0, 1.0, 0.9, 0.650, 20
16, 1.0, 1.0, 1.0, 0.9, 0.650, 21
16, 1.0, 1.0, 1.0, 0.9, 0.650, 22
16, 1.0, 1.0, 1.0, 0.9, 0.650, 23
16, 1.0, 1.0, 1.0, 0.9, 0.650, 24
16, 1.0, 1.0, 1.0, 0.9, 0.650, 25
16, 1.0, 1.0, 1.0, 0.9, 0.650, 26
16, 1.0, 1.0, 1.0, 0.9, 0.650, 27
16, 1.0, 1.0, 1.0, 0.9, 0.650, 28
16, 1.0, 1.0, 1.0, 0.9, 0.650, 29
16, 1.0, 1.0, 1.0, 0.9, 0.650, 30
16, 1.0, 1.0, 1.0, 0.9, 0.650, 31
16, 1.0, 1.0, 1.0, 0.9, 0.650, 32
16, 1.0, 1.0, 1.0, 0.9, 0.650, 33
16, 1.0, 1.0, 1.0, 0.9, 0.650, 34
16, 1.0, 1.0, 1.0, 0.9, 0.650, 35
16, 1.0, 1.0, 1.0, 0.9, 0.650, 36
16, 1.0, 1.0, 1.0, 0.9, 0.650, 37
16, 1.0, 1.0, 1.0, 0.9, 0.650, 38
16, 1.0, 1.0, 1.0, 0.9, 0.650, 39
16, 1.0, 1.0, 1.0, 0.9, 0.650, 40
16, 1.0, 1.0, 1.0, 0.9, 0.650, 41
16, 1.0, 1.0, 1.0, 0.9, 0.650, 42
16, 1.0, 1.0, 1.0, 0.9, 0.650, 43
16, 1.0, 1.0, 1.0, 0.9, 0.650, 44
16, 1.0, 1.0, 1.0, 0.9, 0.650, 45
16, 1.0, 1.0, 1.0, 0.9, 0.650, 46
16, 1.0, 1.0, 1.0, 0.9, 0.650, 47
16, 1.0, 1.0, 1.0, 0.9, 0.650, 48
16, 1.0, 1.0, 1.0, 0.9, 0.650, 49
16, 1.0, 1.0, 1.0, 0.9, 0.650, 50
16, 1.0, 1.0, 1.0, 1.1, 0.650, 1
16, 1.0, 1.0, 1.0, 1.1, 0.650, 2
16, 1.0, 1.0, 1.0, 1.1, 0.650, 3
16, 1.0, 1.0, 1.0, 1.1, 0.650, 4
16, 1.0, 1.0, 1.0, 1.1, 0.650, 5
16, 1.0, 1.0, 1.0, 1.1, 0.650, 6
16, 1.0, 1.0, 1.0, 1.1, 0.650, 7
16, 1.0, 1.0, 1.0, 1.1, 0.650, 8
16, 1.0, 1.0, 1.0, 1.1, 0.650, 9
16, 1.0, 1.0, 1.0, 1.1, 0.650, 10
16, 1.0, 1.0, 1.0, 1.1, 0.650, 11
16, 1.0, 1.0, 1.0, 1.1, 0.650, 12
16, 1.0, 1.0, 1.0, 1.1, 0.650, 13
16, 1.0, 1.0, 1.0, 1.1, 0.650, 14
16, 1.0, 1.0, 1.0, 1.1, 0.650, 15
16, 1.0, 1.0, 1.0, 1.1, 0.650, 16
16, 1.0, 1.0, 1.0, 1.1, 0.650, 17
16, 1.0, 1.0, 1.0, 1.1, 0.650, 18
16, 1.0, 1.0, 1.0, 1.1, 0.650, 19
16, 1.0, 1.0, 1.0, 1.1, 0.650, 20
16, 1.0, 1.0, 1.0, 1.1, 0.650, 21
16, 1.0, 1.0, 1.0, 1.1, 0.650, 22
16, 1.0, 1.0, 1.0, 1.1, 0.650, 23
16, 1.0, 1.0, 1.0, 1.1, 0.650, 24
16, 1.0, 1.0, 1.0, 1.1, 0.650, 25
16, 1.0, 1.0, 1.0, 1.1, 0.650, 26
16, 1.0, 1.0, 1.0, 1.1, 0.650, 27
16, 1.0, 1.0, 1.0, 1.1, 0.650, 28
16, 1.0, 1.0, 1.0, 1.1, 0.650, 29
16, 1.0, 1.0, 1.0, 1.1, 0.650, 30
16, 1.0, 1.0, 1.0, 1.1, 0.650, 31
16, 1.0, 1.0, 1.0, 1.1, 0.650, 32
16, 1.0, 1.0, 1.0, 1.1, 0.650, 33
16, 1.0, 1.0, 1.0, 1.1, 0.650, 34
16, 1.0, 1.0, 1.0, 1.1, 0.650, 35
16, 1.0, 1.0, 1.0, 1.1, 0.650, 36
16, 1.0, 1.0, 1.0, 1.1, 0.650, 37
16, 1.0, 1.0, 1.0, 1.1, 0.650, 38
16, 1.0, 1.0, 1.0, 1.1, 0.650, 39
16, 1.0, 1.0, 1.0, 1.1, 0.650, 40
16, 1.0, 1.0, 1.0, 1.1, 0.650, 41
16, 1.0, 1.0, 1.0, 1.1, 0.650, 42
16, 1.0, 1.0, 1.0, 1.1, 0.650, 43
16, 1.0, 1.0, 1.0, 1.1, 0.650, 44
16, 1.0, 1.0, 1.0, 1.1, 0.650, 45
16, 1.0, 1.0, 1.0, 1.1, 0.650, 46
16, 1.0, 1.0, 1.0, 1.1, 0.650, 47
16, 1.0, 1.0, 1.0, 1.1, 0.650, 48
16, 1.0, 1.0, 1.0, 1.1, 0.650, 49
16, 1.0, 1.0, 1.0, 1.1, 0.650, 50
16, 1.0, 1.0, 1.0, 1.2, 0.650, 1
16, 1.0, 1.0, 1.0, 1.2, 0.650, 2
16, 1.0, 1.0, 1.0, 1.2, 0.650, 3
16, 1.0, 1.0, 1.0, 1.2, 0.650, 4
16, 1.0, 1.0, 1.0, 1.2, 0.650, 5
16, 1.0, 1.0, 1.0, 1.2, 0.650, 6
16, 1.0, 1.0, 1.0, 1.2, 0.650, 7
16, 1.0, 1.0, 1.0, 1.2, 0.650, 8
16, 1.0, 1.0, 1.0, 1.2, 0.650, 9
16, 1.0, 1.0, 1.0, 1.2, 0.650, 10
16, 1.0, 1.0, 1.0, 1.2, 0.650, 11
16, 1.0, 1.0, 1.0, 1.2, 0.650, 12
16, 1.0, 1.0, 1.0, 1.2, 0.650, 13
16, 1.0, 1.0, 1.0, 1.2, 0.650, 14
16, 1.0, 1.0, 1.0, 1.2, 0.650, 15
16, 1.0, 1.0, 1.0, 1.2, 0.650, 16
16, 1.0, 1.0, 1.0, 1.2, 0.650, 17
16, 1.0, 1.0, 1.0, 1.2, 0.650, 18
16, 1.0, 1.0, 1.0, 1.2, 0.650, 19
16, 1.0, 1.0, 1.0, 1.2, 0.650, 20
16, 1.0, 1.0, 1.0, 1.2, 0.650, 21
16, 1.0, 1.0, 1.0, 1.2, 0.650, 22
16, 1.0, 1.0, 1.0, 1.2, 0.650, 23
16, 1.0, 1.0, 1.0, 1.2, 0.650, 24
16, 1.0, 1.0, 1.0, 1.2, 0.650, 25
16, 1.0, 1.0, 1.0, 1.2, 0.650, 26
16, 1.0, 1.0, 1.0, 1.2, 0.650, 27
16, 1.0, 1.0, 1.0, 1.2, 0.650, 28
16, 1.0, 1.0, 1.0, 1.2, 0.650, 29
16, 1.0, 1.0, 1.0, 1.2, 0.650, 30
16, 1.0, 1.0, 1.0, 1.2, 0.650, 31
16, 1.0, 1.0, 1.0, 1.2, 0.650, 32
16, 1.0, 1.0, 1.0, 1.2, 0.650, 33
16, 1.0, 1.0, 1.0, 1.2, 0.650, 34
16, 1.0, 1.0, 1.0, 1.2, 0.650, 35
16, 1.0, 1.0, 1.0, 1.2, 0.650, 36
16, 1.0, 1.0, 1.0, 1.2, 0.650, 37
16, 1.0, 1.0, 1.0, 1.2, 0.650, 38
16, 1.0, 1.0, 1.0, 1.2, 0.650, 39
16, 1.0, 1.0, 1.0, 1.2, 0.650, 40
16, 1.0, 1.0, 1.0, 1.2, 0.650, 41
16, 1.0, 1.0, 1.0, 1.2, 0.650, 42
16, 1.0, 1.0, 1.0, 1.2, 0.650, 43
16, 1.0, 1.0, 1.0, 1.2, 0.650, 44
16, 1.0, 1.0, 1.0, 1.2, 0.650, 45
16, 1.0, 1.0, 1.0, 1.2, 0.650, 46
16, 1.0, 1.0, 1.0, 1.2, 0.650, 47
16, 1.0, 1.0, 1.0, 1.2, 0.650, 48
16, 1.0, 1.0, 1.0, 1.2, 0.650, 49
16, 1.0, 1.0, 1.0, 1.2, 0.650, 50
16, 1.0, 1.0, 0.5, 0.5, 0.650, 1
16, 1.0, 1.0, 0.5, 0.5, 0.650, 2
16, 1.0, 1.0, 0.5, 0.5, 0.650, 3
16, 1.0, 1.0, 0.5, 0.5, 0.650, 4
16, 1.0, 1.0, 0.5, 0.5, 0.650, 5
16, 1.0, 1.0, 0.5, 0.5, 0.650, 6
16, 1.0, 1.0, 0.5, 0.5, 0.650, 7
16, 1.0, 1.0, 0.5, 0.5, 0.650, 8
16, 1.0, 1.0, 0.5, 0.5, 0.650, 9
16, 1.0, 1.0, 0.5, 0.5, 0.650, 10
16, 1.0, 1.0, 0.5, 0.5, 0.650, 11
16, 1.0, 1.0, 0.5, 0.5, 0.650, 12
16, 1.0, 1.0, 0.5, 0.5, 0.650, 13
16, 1.0, 1.0, 0.5, 0.5, 0.650, 14
16, 1.0, 1.0, 0.5, 0.5, 0.650, 15
16, 1.0, 1.0, 0.5, 0.5, 0.650, 16
16, 1.0, 1.0, 0.5, 0.5, 0.650, 17
16, 1.0, 1.0, 0.5, 0.5, 0.650, 18
16, 1.0, 1.0, 0.5, 0.5, 0.650, 19
16, 1.0, 1.0, 0.5, 0.5, 0.650, 20
16, 1.0, 1.0, 0.5, 0.5, 0.650, 21
16, 1.0, 1.0, 0.5, 0.5, 0.650, 22
16, 1.0, 1.0, 0.5, 0.5, 0.650, 23
16, 1.0, 1.0, 0.5, 0.5, 0.650, 24
16, 1.0, 1.0, 0.5, 0.5, 0.650, 25
16, 1.0, 1.0, 0.5, 0.5, 0.650, 26
16, 1.0, 1.0, 0.5, 0.5, 0.650, 27
16, 1.0, 1.0, 0.5, 0.5, 0.650, 28
16, 1.0, 1.0, 0.5, 0.5, 0.650, 29
16, 1.0, 1.0, 0.5, 0.5, 0.650, 30
16, 1.0, 1.0, 0.5, 0.5, 0.650, 31
16, 1.0, 1.0, 0.5, 0.5, 0.650, 32
16, 1.0, 1.0, 0.5, 0.5, 0.650, 33
16, 1.0, 1.0, 0.5, 0.5, 0.650, 34
16, 1.0, 1.0, 0.5, 0.5, 0.650, 35
16, 1.0, 1.0, 0.5, 0.5, 0.650, 36
16, 1.0, 1.0, 0.5, 0.5, 0.650, 37
16, 1.0, 1.0, 0.5, 0.5, 0.650, 38
16, 1.0, 1.0, 0.5, 0.5, 0.650, 39
16, 1.0, 1.0, 0.5, 0.5, 0.650, 40
16, 1.0, 1.0, 0.5, 0.5, 0.650, 41
16, 1.0, 1.0, 0.5, 0.5, 0.650, 42
16, 1.0, 1.0, 0.5, 0.5, 0.650, 43
16, 1.0, 1.0, 0.5, 0.5, 0.650, 44
16, 1.0, 1.0, 0.5, 0.5, 0.650, 45
16, 1.0, 1.0, 0.5, 0.5, 0.650, 46
16, 1.0, 1.0, 0.5, 0.5, 0.650, 47
16, 1.0, 1.0, 0.5, 0.5, 0.650, 48
16, 1.0, 1.0, 0.5, 0.5, 0.650, 49
16, 1.0, 1.0, 0.5, 0.5, 0.650, 50
16, 1.0, 1.0, 0.6, 0.6, 0.650, 1
16, 1.0, 1.0, 0.6, 0.6, 0.650, 2
16, 1.0, 1.0, 0.6, 0.6, 0.650, 3
16, 1.0, 1.0, 0.6, 0.6, 0.650, 4
16, 1.0, 1.0, 0.6, 0.6, 0.650, 5
16, 1.0, 1.0, 0.6, 0.6, 0.650, 6
16, 1.0, 1.0, 0.6, 0.6, 0.650, 7
16, 1.0, 1.0, 0.6, 0.6, 0.650, 8
16, 1.0, 1.0, 0.6, 0.6, 0.650, 9
16, 1.0, 1.0, 0.6, 0.6, 0.650, 10
16, 1.0, 1.0, 0.6, 0.6, 0.650, 11
16, 1.0, 1.0, 0.6, 0.6, 0.650, 12
16, 1.0, 1.0, 0.6, 0.6, 0.650, 13
16, 1.0, 1.0, 0.6, 0.6, 0.650, 14
16, 1.0, 1.0, 0.6, 0.6, 0.650, 15
16, 1.0, 1.0, 0.6, 0.6, 0.650, 16
16, 1.0, 1.0, 0.6, 0.6, 0.650, 17
16, 1.0, 1.0, 0.6, 0.6, 0.650, 18
16, 1.0, 1.0, 0.6, 0.6, 0.650, 19
16, 1.0, 1.0, 0.6, 0.6, 0.650, 20
16, 1.0, 1.0, 0.6, 0.6, 0.650, 21
16, 1.0, 1.0, 0.6, 0.6, 0.650, 22
16, 1.0, 1.0, 0.6, 0.6, 0.650, 23
16, 1.0, 1.0, 0.6, 0.6, 0.650, 24
16, 1.0, 1.0, 0.6, 0.6, 0.650, 25
16, 1.0, 1.0, 0.6, 0.6, 0.650, 26
16, 1.0, 1.0, 0.6, 0.6, 0.650, 27
16, 1.0, 1.0, 0.6, 0.6, 0.650, 28
16, 1.0, 1.0, 0.6, 0.6, 0.650, 29
16, 1.0, 1.0, 0.6, 0.6, 0.650, 30
16, 1.0, 1.0, 0.6, 0.6, 0.650, 31
16, 1.0, 1.0, 0.6, 0.6, 0.650, 32
16, 1.0, 1.0, 0.6, 0.6, 0.650, 33
16, 1.0, 1.0, 0.6, 0.6, 0.650, 34
16, 1.0, 1.0, 0.6, 0.6, 0.650, 35
16, 1.0, 1.0, 0.6, 0.6, 0.650, 36
16, 1.0, 1.0, 0.6, 0.6, 0.650, 37
16, 1.0, 1.0, 0.6, 0.6, 0.650, 38
16, 1.0, 1.0, 0.6, 0.6, 0.650, 39
16, 1.0, 1.0, 0.6, 0.6, 0.650, 40
16, 1.0, 1.0, 0.6, 0.6, 0.650, 41
16, 1.0, 1.0, 0.6, 0.6, 0.650, 42
16, 1.0, 1.0, 0.6, 0.6, 0.650, 43
16, 1.0, 1.0, 0.6, 0.6, 0.650, 44
16, 1.0, 1.0, 0.6, 0.6, 0.650, 45
16, 1.0, 1.0, 0.6, 0.6, 0.650, 46
16, 1.0, 1.0, 0.6, 0.6, 0.650, 47
16, 1.0, 1.0, 0.6, 0.6, 0.650, 48
16, 1.0, 1.0, 0.6, 0.6, 0.650, 49
16, 1.0, 1.0, 0.6, 0.6, 0.650, 50
16, 1.0, 1.0, 0.7, 0.7, 0.650, 1
16, 1.0, 1.0, 0.7, 0.7, 0.650, 2
16, 1.0, 1.0, 0.7, 0.7, 0.650, 3
16, 1.0, 1.0, 0.7, 0.7, 0.650, 4
16, 1.0, 1.0, 0.7, 0.7, 0.650, 5
16, 1.0, 1.0, 0.7, 0.7, 0.650, 6
16, 1.0, 1.0, 0.7, 0.7, 0.650, 7
16, 1.0, 1.0, 0.7, 0.7, 0.650, 8
16, 1.0, 1.0, 0.7, 0.7, 0.650, 9
16, 1.0, 1.0, 0.7, 0.7, 0.650, 10
16, 1.0, 1.0, 0.7, 0.7, 0.650, 11
16, 1.0, 1.0, 0.7, 0.7, 0.650, 12
16, 1.0, 1.0, 0.7, 0.7, 0.650, 13
16, 1.0, 1.0, 0.7, 0.7, 0.650, 14
16, 1.0, 1.0, 0.7, 0.7, 0.650, 15
16, 1.0, 1.0, 0.7, 0.7, 0.650, 16
16, 1.0, 1.0, 0.7, 0.7, 0.650, 17
16, 1.0, 1.0, 0.7, 0.7, 0.650, 18
16, 1.0, 1.0, 0.7, 0.7, 0.650, 19
16, 1.0, 1.0, 0.7, 0.7, 0.650, 20
16, 1.0, 1.0, 0.7, 0.7, 0.650, 21
16, 1.0, 1.0, 0.7, 0.7, 0.650, 22
16, 1.0, 1.0, 0.7, 0.7, 0.650, 23
16, 1.0, 1.0, 0.7, 0.7, 0.650, 24
16, 1.0, 1.0, 0.7, 0.7, 0.650, 25
16, 1.0, 1.0, 0.7, 0.7, 0.650, 26
16, 1.0, 1.0, 0.7, 0.7, 0.650, 27
16, 1.0, 1.0, 0.7, 0.7, 0.650, 28
16, 1.0, 1.0, 0.7, 0.7, 0.650, 29
16, 1.0, 1.0, 0.7, 0.7, 0.650, 30
16, 1.0, 1.0, 0.7, 0.7, 0.650, 31
16, 1.0, 1.0, 0.7, 0.7, 0.650, 32
16, 1.0, 1.0, 0.7, 0.7, 0.650, 33
16, 1.0, 1.0, 0.7, 0.7, 0.650, 34
16, 1.0, 1.0, 0.7, 0.7, 0.650, 35
16, 1.0, 1.0, 0.7, 0.7, 0.650, 36
16, 1.0, 1.0, 0.7, 0.7, 0.650, 37
16, 1.0, 1.0, 0.7, 0.7, 0.650, 38
16, 1.0, 1.0, 0.7, 0.7, 0.650, 39
16, 1.0, 1.0, 0.7, 0.7, 0.650, 40
16, 1.0, 1.0, 0.7, 0.7, 0.650, 41
16, 1.0, 1.0, 0.7, 0.7, 0.650, 42
16, 1.0, 1.0, 0.7, 0.7, 0.650, 43
16, 1.0, 1.0, 0.7, 0.7, 0.650, 44
16, 1.0, 1.0, 0.7, 0.7, 0.650, 45
16, 1.0, 1.0, 0.7, 0.7, 0.650, 46
16, 1.0, 1.0, 0.7, 0.7, 0.650, 47
16, 1.0, 1.0, 0.7, 0.7, 0.650, 48
16, 1.0, 1.0, 0.7, 0.7, 0.650, 49
16, 1.0, 1.0, 0.7, 0.7, 0.650, 50
16, 1.0, 1.0, 0.8, 0.8, 0.650, 1
16, 1.0, 1.0, 0.8, 0.8, 0.650, 2
16, 1.0, 1.0, 0.8, 0.8, 0.650, 3
16, 1.0, 1.0, 0.8, 0.8, 0.650, 4
16, 1.0, 1.0, 0.8, 0.8, 0.650, 5
16, 1.0, 1.0, 0.8, 0.8, 0.650, 6
16, 1.0, 1.0, 0.8, 0.8, 0.650, 7
16, 1.0, 1.0, 0.8, 0.8, 0.650, 8
16, 1.0, 1.0, 0.8, 0.8, 0.650, 9
16, 1.0, 1.0, 0.8, 0.8, 0.650, 10
16, 1.0, 1.0, 0.8, 0.8, 0.650, 11
16, 1.0, 1.0, 0.8, 0.8, 0.650, 12
16, 1.0, 1.0, 0.8, 0.8, 0.650, 13
16, 1.0, 1.0, 0.8, 0.8, 0.650, 14
16, 1.0, 1.0, 0.8, 0.8, 0.650, 15
16, 1.0, 1.0, 0.8, 0.8, 0.650, 16
16, 1.0, 1.0, 0.8, 0.8, 0.650, 17
16, 1.0, 1.0, 0.8, 0.8, 0.650, 18
16, 1.0, 1.0, 0.8, 0.8, 0.650, 19
16, 1.0, 1.0, 0.8, 0.8, 0.650, 20
16, 1.0, 1.0, 0.8, 0.8, 0.650, 21
16, 1.0, 1.0, 0.8, 0.8, 0.650, 22
16, 1.0, 1.0, 0.8, 0.8, 0.650, 23
16, 1.0, 1.0, 0.8, 0.8, 0.650, 24
16, 1.0, 1.0, 0.8, 0.8, 0.650, 25
16, 1.0, 1.0, 0.8, 0.8, 0.650, 26
16, 1.0, 1.0, 0.8, 0.8, 0.650, 27
16, 1.0, 1.0, 0.8, 0.8, 0.650, 28
16, 1.0, 1.0, 0.8, 0.8, 0.650, 29
16, 1.0, 1.0, 0.8, 0.8, 0.650, 30
16, 1.0, 1.0, 0.8, 0.8, 0.650, 31
16, 1.0, 1.0, 0.8, 0.8, 0.650, 32
16, 1.0, 1.0, 0.8, 0.8, 0.650, 33
16, 1.0, 1.0, 0.8, 0.8, 0.650, 34
16, 1.0, 1.0, 0.8, 0.8, 0.650, 35
16, 1.0, 1.0, 0.8, 0.8, 0.650, 36
16, 1.0, 1.0, 0.8, 0.8, 0.650, 37
16, 1.0, 1.0, 0.8, 0.8, 0.650, 38
16, 1.0, 1.0, 0.8, 0.8, 0.650, 39
16, 1.0, 1.0, 0.8, 0.8, 0.650, 40
16, 1.0, 1.0, 0.8, 0.8, 0.650, 41
16, 1.0, 1.0, 0.8, 0.8, 0.650, 42
16, 1.0, 1.0, 0.8, 0.8, 0.650, 43
16, 1.0, 1.0, 0.8, 0.8, 0.650, 44
16, 1.0, 1.0, 0.8, 0.8, 0.650, 45
16, 1.0, 1.0, 0.8, 0.8, 0.650, 46
16, 1.0, 1.0, 0.8, 0.8, 0.650, 47
16, 1.0, 1.0, 0.8, 0.8, 0.650, 48
16, 1.0, 1.0, 0.8, 0.8, 0.650, 49
16, 1.0, 1.0, 0.8, 0.8, 0.650, 50
16, 1.0, 1.0, 0.9, 0.9, 0.650, 1
16, 1.0, 1.0, 0.9, 0.9, 0.650, 2
16, 1.0, 1.0, 0.9, 0.9, 0.650, 3
16, 1.0, 1.0, 0.9, 0.9, 0.650, 4
16, 1.0, 1.0, 0.9, 0.9, 0.650, 5
16, 1.0, 1.0, 0.9, 0.9, 0.650, 6
16, 1.0, 1.0, 0.9, 0.9, 0.650, 7
16, 1.0, 1.0, 0.9, 0.9, 0.650, 8
16, 1.0, 1.0, 0.9, 0.9, 0.650, 9
16, 1.0, 1.0, 0.9, 0.9, 0.650, 10
16, 1.0, 1.0, 0.9, 0.9, 0.650, 11
16, 1.0, 1.0, 0.9, 0.9, 0.650, 12
16, 1.0, 1.0, 0.9, 0.9, 0.650, 13
16, 1.0, 1.0, 0.9, 0.9, 0.650, 14
16, 1.0, 1.0, 0.9, 0.9, 0.650, 15
16, 1.0, 1.0, 0.9, 0.9, 0.650, 16
16, 1.0, 1.0, 0.9, 0.9, 0.650, 17
16, 1.0, 1.0, 0.9, 0.9, 0.650, 18
16, 1.0, 1.0, 0.9, 0.9, 0.650, 19
16, 1.0, 1.0, 0.9, 0.9, 0.650, 20
16, 1.0, 1.0, 0.9, 0.9, 0.650, 21
16, 1.0, 1.0, 0.9, 0.9, 0.650, 22
16, 1.0, 1.0, 0.9, 0.9, 0.650, 23
16, 1.0, 1.0, 0.9, 0.9, 0.650, 24
16, 1.0, 1.0, 0.9, 0.9, 0.650, 25
16, 1.0, 1.0, 0.9, 0.9, 0.650, 26
16, 1.0, 1.0, 0.9, 0.9, 0.650, 27
16, 1.0, 1.0, 0.9, 0.9, 0.650, 28
16, 1.0, 1.0, 0.9, 0.9, 0.650, 29
16, 1.0, 1.0, 0.9, 0.9, 0.650, 30
16, 1.0, 1.0, 0.9, 0.9, 0.650, 31
16, 1.0, 1.0, 0.9, 0.9, 0.650, 32
16, 1.0, 1.0, 0.9, 0.9, 0.650, 33
16, 1.0, 1.0, 0.9, 0.9, 0.650, 34
16, 1.0, 1.0, 0.9, 0.9, 0.650, 35
16, 1.0, 1.0, 0.9, 0.9, 0.650, 36
16, 1.0, 1.0, 0.9, 0.9, 0.650, 37
16, 1.0, 1.0, 0.9, 0.9, 0.650, 38
16, 1.0, 1.0, 0.9, 0.9, 0.650, 39
16, 1.0, 1.0, 0.9, 0.9, 0.650, 40
16, 1.0, 1.0, 0.9, 0.9, 0.650, 41
16, 1.0, 1.0, 0.9, 0.9, 0.650, 42
16, 1.0, 1.0, 0.9, 0.9, 0.650, 43
16, 1.0, 1.0, 0.9, 0.9, 0.650, 44
16, 1.0, 1.0, 0.9, 0.9, 0.650, 45
16, 1.0, 1.0, 0.9, 0.9, 0.650, 46
16, 1.0, 1.0, 0.9, 0.9, 0.650, 47
16, 1.0, 1.0, 0.9, 0.9, 0.650, 48
16, 1.0, 1.0, 0.9, 0.9, 0.650, 49
16, 1.0, 1.0, 0.9, 0.9, 0.650, 50
16, 1.0, 1.0, 1.1, 1.1, 0.650, 1
16, 1.0, 1.0, 1.1, 1.1, 0.650, 2
16, 1.0, 1.0, 1.1, 1.1, 0.650, 3
16, 1.0, 1.0, 1.1, 1.1, 0.650, 4
16, 1.0, 1.0, 1.1, 1.1, 0.650, 5
16, 1.0, 1.0, 1.1, 1.1, 0.650, 6
16, 1.0, 1.0, 1.1, 1.1, 0.650, 7
16, 1.0, 1.0, 1.1, 1.1, 0.650, 8
16, 1.0, 1.0, 1.1, 1.1, 0.650, 9
16, 1.0, 1.0, 1.1, 1.1, 0.650, 10
16, 1.0, 1.0, 1.1, 1.1, 0.650, 11
16, 1.0, 1.0, 1.1, 1.1, 0.650, 12
16, 1.0, 1.0, 1.1, 1.1, 0.650, 13
16, 1.0, 1.0, 1.1, 1.1, 0.650, 14
16, 1.0, 1.0, 1.1, 1.1, 0.650, 15
16, 1.0, 1.0, 1.1, 1.1, 0.650, 16
16, 1.0, 1.0, 1.1, 1.1, 0.650, 17
16, 1.0, 1.0, 1.1, 1.1, 0.650, 18
16, 1.0, 1.0, 1.1, 1.1, 0.650, 19
16, 1.0, 1.0, 1.1, 1.1, 0.650, 20
16, 1.0, 1.0, 1.1, 1.1, 0.650, 21
16, 1.0, 1.0, 1.1, 1.1, 0.650, 22
16, 1.0, 1.0, 1.1, 1.1, 0.650, 23
16, 1.0, 1.0, 1.1, 1.1, 0.650, 24
16, 1.0, 1.0, 1.1, 1.1, 0.650, 25
16, 1.0, 1.0, 1.1, 1.1, 0.650, 26
16, 1.0, 1.0, 1.1, 1.1, 0.650, 27
16, 1.0, 1.0, 1.1, 1.1, 0.650, 28
16, 1.0, 1.0, 1.1, 1.1, 0.650, 29
16, 1.0, 1.0, 1.1, 1.1, 0.650, 30
16, 1.0, 1.0, 1.1, 1.1, 0.650, 31
16, 1.0, 1.0, 1.1, 1.1, 0.650, 32
16, 1.0, 1.0, 1.1, 1.1, 0.650, 33
16, 1.0, 1.0, 1.1, 1.1, 0.650, 34
16, 1.0, 1.0, 1.1, 1.1, 0.650, 35
16, 1.0, 1.0, 1.1, 1.1, 0.650, 36
16, 1.0, 1.0, 1.1, 1.1, 0.650, 37
16, 1.0, 1.0, 1.1, 1.1, 0.650, 38
16, 1.0, 1.0, 1.1, 1.1, 0.650, 39
16, 1.0, 1.0, 1.1, 1.1, 0.650, 40
16, 1.0, 1.0, 1.1, 1.1, 0.650, 41
16, 1.0, 1.0, 1.1, 1.1, 0.650, 42
16, 1.0, 1.0, 1.1, 1.1, 0.650, 43
16, 1.0, 1.0, 1.1, 1.1, 0.650, 44
16, 1.0, 1.0, 1.1, 1.1, 0.650, 45
16, 1.0, 1.0, 1.1, 1.1, 0.650, 46
16, 1.0, 1.0, 1.1, 1.1, 0.650, 47
16, 1.0, 1.0, 1.1, 1.1, 0.650, 48
16, 1.0, 1.0, 1.1, 1.1, 0.650, 49
16, 1.0, 1.0, 1.1, 1.1, 0.650, 50
16, 1.0, 1.0, 1.2, 1.2, 0.650, 1
16, 1.0, 1.0, 1.2, 1.2, 0.650, 2
16, 1.0, 1.0, 1.2, 1.2, 0.650, 3
16, 1.0, 1.0, 1.2, 1.2, 0.650, 4
16, 1.0, 1.0, 1.2, 1.2, 0.650, 5
16, 1.0, 1.0, 1.2, 1.2, 0.650, 6
16, 1.0, 1.0, 1.2, 1.2, 0.650, 7
16, 1.0, 1.0, 1.2, 1.2, 0.650, 8
16, 1.0, 1.0, 1.2, 1.2, 0.650, 9
16, 1.0, 1.0, 1.2, 1.2, 0.650, 10
16, 1.0, 1.0, 1.2, 1.2, 0.650, 11
16, 1.0, 1.0, 1.2, 1.2, 0.650, 12
16, 1.0, 1.0, 1.2, 1.2, 0.650, 13
16, 1.0, 1.0, 1.2, 1.2, 0.650, 14
16, 1.0, 1.0, 1.2, 1.2, 0.650, 15
16, 1.0, 1.0, 1.2, 1.2, 0.650, 16
16, 1.0, 1.0, 1.2, 1.2, 0.650, 17
16, 1.0, 1.0, 1.2, 1.2, 0.650, 18
16, 1.0, 1.0, 1.2, 1.2, 0.650, 19
16, 1.0, 1.0, 1.2, 1.2, 0.650, 20
16, 1.0, 1.0, 1.2, 1.2, 0.650, 21
16, 1.0, 1.0, 1.2, 1.2, 0.650, 22
16, 1.0, 1.0, 1.2, 1.2, 0.650, 23
16, 1.0, 1.0, 1.2, 1.2, 0.650, 24
16, 1.0, 1.0, 1.2, 1.2, 0.650, 25
16, 1.0, 1.0, 1.2, 1.2, 0.650, 26
16, 1.0, 1.0, 1.2, 1.2, 0.650, 27
16, 1.0, 1.0, 1.2, 1.2, 0.650, 28
16, 1.0, 1.0, 1.2, 1.2, 0.650, 29
16, 1.0, 1.0, 1.2, 1.2, 0.650, 30
16, 1.0, 1.0, 1.2, 1.2, 0.650, 31
16, 1.0, 1.0, 1.2, 1.2, 0.650, 32
16, 1.0, 1.0, 1.2, 1.2, 0.650, 33
16, 1.0, 1.0, 1.2, 1.2, 0.650, 34
16, 1.0, 1.0, 1.2, 1.2, 0.650, 35
16, 1.0, 1.0, 1.2, 1.2, 0.650, 36
16, 1.0, 1.0, 1.2, 1.2, 0.650, 37
16, 1.0, 1.0, 1.2, 1.2, 0.650, 38
16, 1.0, 1.0, 1.2, 1.2, 0.650, 39
16, 1.0, 1.0, 1.2, 1.2, 0.650, 40
16, 1.0, 1.0, 1.2, 1.2, 0.650, 41
16, 1.0, 1.0, 1.2, 1.2, 0.650, 42
16, 1.0, 1.0, 1.2, 1.2, 0.650, 43
16, 1.0, 1.0, 1.2, 1.2, 0.650, 44
16, 1.0, 1.0, 1.2, 1.2, 0.650, 45
16, 1.0, 1.0, 1.2, 1.2, 0.650, 46
16, 1.0, 1.0, 1.2, 1.2, 0.650, 47
16, 1.0, 1.0, 1.2, 1.2, 0.650, 48
16, 1.0, 1.0, 1.2, 1.2, 0.650, 49
16, 1.0, 1.0, 1.2, 1.2, 0.650, 50
16, 1.0, 1.0, 1.0, 1.0, 0.500, 1
16, 1.0, 1.0, 1.0, 1.0, 0.500, 2
16, 1.0, 1.0, 1.0, 1.0, 0.500, 3
16, 1.0, 1.0, 1.0, 1.0, 0.500, 4
16, 1.0, 1.0, 1.0, 1.0, 0.500, 5
16, 1.0, 1.0, 1.0, 1.0, 0.500, 6
16, 1.0, 1.0, 1.0, 1.0, 0.500, 7
16, 1.0, 1.0, 1.0, 1.0, 0.500, 8
16, 1.0, 1.0, 1.0, 1.0, 0.500, 9
16, 1.0, 1.0, 1.0, 1.0, 0.500, 10
16, 1.0, 1.0, 1.0, 1.0, 0.500, 11
16, 1.0, 1.0, 1.0, 1.0, 0.500, 12
16, 1.0, 1.0, 1.0, 1.0, 0.500, 13
16, 1.0, 1.0, 1.0, 1.0, 0.500, 14
16, 1.0, 1.0, 1.0, 1.0, 0.500, 15
16, 1.0, 1.0, 1.0, 1.0, 0.500, 16
16, 1.0, 1.0, 1.0, 1.0, 0.500, 17
16, 1.0, 1.0, 1.0, 1.0, 0.500, 18
16, 1.0, 1.0, 1.0, 1.0, 0.500, 19
16, 1.0, 1.0, 1.0, 1.0, 0.500, 20
16, 1.0, 1.0, 1.0, 1.0, 0.500, 21
16, 1.0, 1.0, 1.0, 1.0, 0.500, 22
16, 1.0, 1.0, 1.0, 1.0, 0.500, 23
16, 1.0, 1.0, 1.0, 1.0, 0.500, 24
16, 1.0, 1.0, 1.0, 1.0, 0.500, 25
16, 1.0, 1.0, 1.0, 1.0, 0.500, 26
16, 1.0, 1.0, 1.0, 1.0, 0.500, 27
16, 1.0, 1.0, 1.0, 1.0, 0.500, 28
16, 1.0, 1.0, 1.0, 1.0, 0.500, 29
16, 1.0, 1.0, 1.0, 1.0, 0.500, 30
16, 1.0, 1.0, 1.0, 1.0, 0.500, 31
16, 1.0, 1.0, 1.0, 1.0, 0.500, 32
16, 1.0, 1.0, 1.0, 1.0, 0.500, 33
16, 1.0, 1.0, 1.0, 1.0, 0.500, 34
16, 1.0, 1.0, 1.0, 1.0, 0.500, 35
16, 1.0, 1.0, 1.0, 1.0, 0.500, 36
16, 1.0, 1.0, 1.0, 1.0, 0.500, 37
16, 1.0, 1.0, 1.0, 1.0, 0.500, 38
16, 1.0, 1.0, 1.0, 1.0, 0.500, 39
16, 1.0, 1.0, 1.0, 1.0, 0.500, 40
16, 1.0, 1.0, 1.0, 1.0, 0.500, 41
16, 1.0, 1.0, 1.0, 1.0, 0.500, 42
16, 1.0, 1.0, 1.0, 1.0, 0.500, 43
16, 1.0, 1.0, 1.0, 1.0, 0.500, 44
16, 1.0, 1.0, 1.0, 1.0, 0.500, 45
16, 1.0, 1.0, 1.0, 1.0, 0.500, 46
16, 1.0, 1.0, 1.0, 1.0, 0.500, 47
16, 1.0, 1.0, 1.0, 1.0, 0.500, 48
16, 1.0, 1.0, 1.0, 1.0, 0.500, 49
16, 1.0, 1.0, 1.0, 1.0, 0.500, 50
16, 1.0, 1.0, 1.0, 1.0, 0.550, 1
16, 1.0, 1.0, 1.0, 1.0, 0.550, 2
16, 1.0, 1.0, 1.0, 1.0, 0.550, 3
16, 1.0, 1.0, 1.0, 1.0, 0.550, 4
16, 1.0, 1.0, 1.0, 1.0, 0.550, 5
16, 1.0, 1.0, 1.0, 1.0, 0.550, 6
16, 1.0, 1.0, 1.0, 1.0, 0.550, 7
16, 1.0, 1.0, 1.0, 1.0, 0.550, 8
16, 1.0, 1.0, 1.0, 1.0, 0.550, 9
16, 1.0, 1.0, 1.0, 1.0, 0.550, 10
16, 1.0, 1.0, 1.0, 1.0, 0.550, 11
16, 1.0, 1.0, 1.0, 1.0, 0.550, 12
16, 1.0, 1.0, 1.0, 1.0, 0.550, 13
16, 1.0, 1.0, 1.0, 1.0, 0.550, 14
16, 1.0, 1.0, 1.0, 1.0, 0.550, 15
16, 1.0, 1.0, 1.0, 1.0, 0.550, 16
16, 1.0, 1.0, 1.0, 1.0, 0.550, 17
16, 1.0, 1.0, 1.0, 1.0, 0.550, 18
16, 1.0, 1.0, 1.0, 1.0, 0.550, 19
16, 1.0, 1.0, 1.0, 1.0, 0.550, 20
16, 1.0, 1.0, 1.0, 1.0, 0.550, 21
16, 1.0, 1.0, 1.0, 1.0, 0.550, 22
16, 1.0, 1.0, 1.0, 1.0, 0.550, 23
16, 1.0, 1.0, 1.0, 1.0, 0.550, 24
16, 1.0, 1.0, 1.0, 1.0, 0.550, 25
16, 1.0, 1.0, 1.0, 1.0, 0.550, 26
16, 1.0, 1.0, 1.0, 1.0, 0.550, 27
16, 1.0, 1.0, 1.0, 1.0, 0.550, 28
16, 1.0, 1.0, 1.0, 1.0, 0.550, 29
16, 1.0, 1.0, 1.0, 1.0, 0.550, 30
16, 1.0, 1.0, 1.0, 1.0, 0.550, 31
16, 1.0, 1.0, 1.0, 1.0, 0.550, 32
16, 1.0, 1.0, 1.0, 1.0, 0.550, 33
16, 1.0, 1.0, 1.0, 1.0, 0.550, 34
16, 1.0, 1.0, 1.0, 1.0, 0.550, 35
16, 1.0, 1.0, 1.0, 1.0, 0.550, 36
16, 1.0, 1.0, 1.0, 1.0, 0.550, 37
16, 1.0, 1.0, 1.0, 1.0, 0.550, 38
16, 1.0, 1.0, 1.0, 1.0, 0.550, 39
16, 1.0, 1.0, 1.0, 1.0, 0.550, 40
16, 1.0, 1.0, 1.0, 1.0, 0.550, 41
16, 1.0, 1.0, 1.0, 1.0, 0.550, 42
16, 1.0, 1.0, 1.0, 1.0, 0.550, 43
16, 1.0, 1.0, 1.0, 1.0, 0.550, 44
16, 1.0, 1.0, 1.0, 1.0, 0.550, 45
16, 1.0, 1.0, 1.0, 1.0, 0.550, 46
16, 1.0, 1.0, 1.0, 1.0, 0.550, 47
16, 1.0, 1.0, 1.0, 1.0, 0.550, 48
16, 1.0, 1.0, 1.0, 1.0, 0.550, 49
16, 1.0, 1.0, 1.0, 1.0, 0.550, 50
16, 1.0, 1.0, 1.0, 1.0, 0.600, 1
16, 1.0, 1.0, 1.0, 1.0, 0.600, 2
16, 1.0, 1.0, 1.0, 1.0, 0.600, 3
16, 1.0, 1.0, 1.0, 1.0, 0.600, 4
16, 1.0, 1.0, 1.0, 1.0, 0.600, 5
16, 1.0, 1.0, 1.0, 1.0, 0.600, 6
16, 1.0, 1.0, 1.0, 1.0, 0.600, 7
16, 1.0, 1.0, 1.0, 1.0, 0.600, 8
16, 1.0, 1.0, 1.0, 1.0, 0.600, 9
16, 1.0, 1.0, 1.0, 1.0, 0.600, 10
16, 1.0, 1.0, 1.0, 1.0, 0.600, 11
16, 1.0, 1.0, 1.0, 1.0, 0.600, 12
16, 1.0, 1.0, 1.0, 1.0, 0.600, 13
16, 1.0, 1.0, 1.0, 1.0, 0.600, 14
16, 1.0, 1.0, 1.0, 1.0, 0.600, 15
16, 1.0, 1.0, 1.0, 1.0, 0.600, 16
16, 1.0, 1.0, 1.0, 1.0, 0.600, 17
16, 1.0, 1.0, 1.0, 1.0, 0.600, 18
16, 1.0, 1.0, 1.0, 1.0, 0.600, 19
16, 1.0, 1.0, 1.0, 1.0, 0.600, 20
16, 1.0, 1.0, 1.0, 1.0, 0.600, 21
16, 1.0, 1.0, 1.0, 1.0, 0.600, 22
16, 1.0, 1.0, 1.0, 1.0, 0.600, 23
16, 1.0, 1.0, 1.0, 1.0, 0.600, 24
16, 1.0, 1.0, 1.0, 1.0, 0.600, 25
16, 1.0, 1.0, 1.0, 1.0, 0.600, 26
16, 1.0, 1.0, 1.0, 1.0, 0.600, 27
16, 1.0, 1.0, 1.0, 1.0, 0.600, 28
16, 1.0, 1.0, 1.0, 1.0, 0.600, 29
16, 1.0, 1.0, 1.0, 1.0, 0.600, 30
16, 1.0, 1.0, 1.0, 1.0, 0.600, 31
16, 1.0, 1.0, 1.0, 1.0, 0.600, 32
16, 1.0, 1.0, 1.0, 1.0, 0.600, 33
16, 1.0, 1.0, 1.0, 1.0, 0.600, 34
16, 1.0, 1.0, 1.0, 1.0, 0.600, 35
16, 1.0, 1.0, 1.0, 1.0, 0.600, 36
16, 1.0, 1.0, 1.0, 1.0, 0.600, 37
16, 1.0, 1.0, 1.0, 1.0, 0.600, 38
16, 1.0, 1.0, 1.0, 1.0, 0.600, 39
16, 1.0, 1.0, 1.0, 1.0, 0.600, 40
16, 1.0, 1.0, 1.0, 1.0, 0.600, 41
16, 1.0, 1.0, 1.0, 1.0, 0.600, 42
16, 1.0, 1.0, 1.0, 1.0, 0.600, 43
16, 1.0, 1.0, 1.0, 1.0, 0.600, 44
16, 1.0, 1.0, 1.0, 1.0, 0.600, 45
16, 1.0, 1.0, 1.0, 1.0, 0.600, 46
16, 1.0, 1.0, 1.0, 1.0, 0.600, 47
16, 1.0, 1.0, 1.0, 1.0, 0.600, 48
16, 1.0, 1.0, 1.0, 1.0, 0.600, 49
16, 1.0, 1.0, 1.0, 1.0, 0.600, 50
16, 1.0, 1.0, 1.0, 1.0, 0.625, 1
16, 1.0, 1.0, 1.0, 1.0, 0.625, 2
16, 1.0, 1.0, 1.0, 1.0, 0.625, 3
16, 1.0, 1.0, 1.0, 1.0, 0.625, 4
16, 1.0, 1.0, 1.0, 1.0, 0.625, 5
16, 1.0, 1.0, 1.0, 1.0, 0.625, 6
16, 1.0, 1.0, 1.0, 1.0, 0.625, 7
16, 1.0, 1.0, 1.0, 1.0, 0.625, 8
16, 1.0, 1.0, 1.0, 1.0, 0.625, 9
16, 1.0, 1.0, 1.0, 1.0, 0.625, 10
16, 1.0, 1.0, 1.0, 1.0, 0.625, 11
16, 1.0, 1.0, 1.0, 1.0, 0.625, 12
16, 1.0, 1.0, 1.0, 1.0, 0.625, 13
16, 1.0, 1.0, 1.0, 1.0, 0.625, 14
16, 1.0, 1.0, 1.0, 1.0, 0.625, 15
16, 1.0, 1.0, 1.0, 1.0, 0.625, 16
16, 1.0, 1.0, 1.0, 1.0, 0.625, 17
16, 1.0, 1.0, 1.0, 1.0, 0.625, 18
16, 1.0, 1.0, 1.0, 1.0, 0.625, 19
16, 1.0, 1.0, 1.0, 1.0, 0.625, 20
16, 1.0, 1.0, 1.0, 1.0, 0.625, 21
16, 1.0, 1.0, 1.0, 1.0, 0.625, 22
16, 1.0, 1.0, 1.0, 1.0, 0.625, 23
16, 1.0, 1.0, 1.0, 1.0, 0.625, 24
16, 1.0, 1.0, 1.0, 1.0, 0.625, 25
16, 1.0, 1.0, 1.0, 1.0, 0.625, 26
16, 1.0, 1.0, 1.0, 1.0, 0.625, 27
16, 1.0, 1.0, 1.0, 1.0, 0.625, 28
16, 1.0, 1.0, 1.0, 1.0, 0.625, 29
16, 1.0, 1.0, 1.0, 1.0, 0.625, 30
16, 1.0, 1.0, 1.0, 1.0, 0.625, 31
16, 1.0, 1.0, 1.0, 1.0, 0.625, 32
16, 1.0, 1.0, 1.0, 1.0, 0.625, 33
16, 1.0, 1.0, 1.0, 1.0, 0.625, 34
16, 1.0, 1.0, 1.0, 1.0, 0.625, 35
16, 1.0, 1.0, 1.0, 1.0, 0.625, 36
16, 1.0, 1.0, 1.0, 1.0, 0.625, 37
16, 1.0, 1.0, 1.0, 1.0, 0.625, 38
16, 1.0, 1.0, 1.0, 1.0, 0.625, 39
16, 1.0, 1.0, 1.0, 1.0, 0.625, 40
16, 1.0, 1.0, 1.0, 1.0, 0.625, 41
16, 1.0, 1.0, 1.0, 1.0, 0.625, 42
16, 1.0, 1.0, 1.0, 1.0, 0.625, 43
16, 1.0, 1.0, 1.0, 1.0, 0.625, 44
16, 1.0, 1.0, 1.0, 1.0, 0.625, 45
16, 1.0, 1.0, 1.0, 1.0, 0.625, 46
16, 1.0, 1.0, 1.0, 1.0, 0.625, 47
16, 1.0, 1.0, 1.0, 1.0, 0.625, 48
16, 1.0, 1.0, 1.0, 1.0, 0.625, 49
16, 1.0, 1.0, 1.0, 1.0, 0.625, 50
16, 1.0, 1.0, 1.0, 1.0, 0.675, 1
16, 1.0, 1.0, 1.0, 1.0, 0.675, 2
16, 1.0, 1.0, 1.0, 1.0, 0.675, 3
16, 1.0, 1.0, 1.0, 1.0, 0.675, 4
16, 1.0, 1.0, 1.0, 1.0, 0.675, 5
16, 1.0, 1.0, 1.0, 1.0, 0.675, 6
16, 1.0, 1.0, 1.0, 1.0, 0.675, 7
16, 1.0, 1.0, 1.0, 1.0, 0.675, 8
16, 1.0, 1.0, 1.0, 1.0, 0.675, 9
16, 1.0, 1.0, 1.0, 1.0, 0.675, 10
16, 1.0, 1.0, 1.0, 1.0, 0.675, 11
16, 1.0, 1.0, 1.0, 1.0, 0.675, 12
16, 1.0, 1.0, 1.0, 1.0, 0.675, 13
16, 1.0, 1.0, 1.0, 1.0, 0.675, 14
16, 1.0, 1.0, 1.0, 1.0, 0.675, 15
16, 1.0, 1.0, 1.0, 1.0, 0.675, 16
16, 1.0, 1.0, 1.0, 1.0, 0.675, 17
16, 1.0, 1.0, 1.0, 1.0, 0.675, 18
16, 1.0, 1.0, 1.0, 1.0, 0.675, 19
16, 1.0, 1.0, 1.0, 1.0, 0.675, 20
16, 1.0, 1.0, 1.0, 1.0, 0.675, 21
16, 1.0, 1.0, 1.0, 1.0, 0.675, 22
16, 1.0, 1.0, 1.0, 1.0, 0.675, 23
16, 1.0, 1.0, 1.0, 1.0, 0.675, 24
16, 1.0, 1.0, 1.0, 1.0, 0.675, 25
16, 1.0, 1.0, 1.0, 1.0, 0.675, 26
16, 1.0, 1.0, 1.0, 1.0, 0.675, 27
16, 1.0, 1.0, 1.0, 1.0, 0.675, 28
16, 1.0, 1.0, 1.0, 1.0, 0.675, 29
16, 1.0, 1.0, 1.0, 1.0, 0.675, 30
16, 1.0, 1.0, 1.0, 1.0, 0.675, 31
16, 1.0, 1.0, 1.0, 1.0, 0.675, 32
16, 1.0, 1.0, 1.0, 1.0, 0.675, 33
16, 1.0, 1.0, 1.0, 1.0, 0.675, 34
16, 1.0, 1.0, 1.0, 1.0, 0.675, 35
16, 1.0, 1.0, 1.0, 1.0, 0.675, 36
16, 1.0, 1.0, 1.0, 1.0, 0.675, 37
16, 1.0, 1.0, 1.0, 1.0, 0.675, 38
16, 1.0, 1.0, 1.0, 1.0, 0.675, 39
16, 1.0, 1.0, 1.0, 1.0, 0.675, 40
16, 1.0, 1.0, 1.0, 1.0, 0.675, 41
16, 1.0, 1.0, 1.0, 1.0, 0.675, 42
16, 1.0, 1.0, 1.0, 1.0, 0.675, 43
16, 1.0, 1.0, 1.0, 1.0, 0.675, 44
16, 1.0, 1.0, 1.0, 1.0, 0.675, 45
16, 1.0, 1.0, 1.0, 1.0, 0.675, 46
16, 1.0, 1.0, 1.0, 1.0, 0.675, 47
16, 1.0, 1.0, 1.0, 1.0, 0.675, 48
16, 1.0, 1.0, 1.0, 1.0, 0.675, 49
16, 1.0, 1.0, 1.0, 1.0, 0.675, 50
16, 1.0, 1.0, 1.0, 1.0, 0.700, 1
16, 1.0, 1.0, 1.0, 1.0, 0.700, 2
16, 1.0, 1.0, 1.0, 1.0, 0.700, 3
16, 1.0, 1.0, 1.0, 1.0, 0.700, 4
16, 1.0, 1.0, 1.0, 1.0, 0.700, 5
16, 1.0, 1.0, 1.0, 1.0, 0.700, 6
16, 1.0, 1.0, 1.0, 1.0, 0.700, 7
16, 1.0, 1.0, 1.0, 1.0, 0.700, 8
16, 1.0, 1.0, 1.0, 1.0, 0.700, 9
16, 1.0, 1.0, 1.0, 1.0, 0.700, 10
16, 1.0, 1.0, 1.0, 1.0, 0.700, 11
16, 1.0, 1.0, 1.0, 1.0, 0.700, 12
16, 1.0, 1.0, 1.0, 1.0, 0.700, 13
16, 1.0, 1.0, 1.0, 1.0, 0.700, 14
16, 1.0, 1.0, 1.0, 1.0, 0.700, 15
16, 1.0, 1.0, 1.0, 1.0, 0.700, 16
16, 1.0, 1.0, 1.0, 1.0, 0.700, 17
16, 1.0, 1.0, 1.0, 1.0, 0.700, 18
16, 1.0, 1.0, 1.0, 1.0, 0.700, 19
16, 1.0, 1.0, 1.0, 1.0, 0.700, 20
16, 1.0, 1.0, 1.0, 1.0, 0.700, 21
16, 1.0, 1.0, 1.0, 1.0, 0.700, 22
16, 1.0, 1.0, 1.0, 1.0, 0.700, 23
16, 1.0, 1.0, 1.0, 1.0, 0.700, 24
16, 1.0, 1.0, 1.0, 1.0, 0.700, 25
16, 1.0, 1.0, 1.0, 1.0, 0.700, 26
16, 1.0, 1.0, 1.0, 1.0, 0.700, 27
16, 1.0, 1.0, 1.0, 1.0, 0.700, 28
16, 1.0, 1.0, 1.0, 1.0, 0.700, 29
16, 1.0, 1.0, 1.0, 1.0, 0.700, 30
16, 1.0, 1.0, 1.0, 1.0, 0.700, 31
16, 1.0, 1.0, 1.0, 1.0, 0.700, 32
16, 1.0, 1.0, 1.0, 1.0, 0.700, 33
16, 1.0, 1.0, 1.0, 1.0, 0.700, 34
16, 1.0, 1.0, 1.0, 1.0, 0.700, 35
16, 1.0, 1.0, 1.0, 1.0, 0.700, 36
16, 1.0, 1.0, 1.0, 1.0, 0.700, 37
16, 1.0, 1.0, 1.0, 1.0, 0.700, 38
16, 1.0, 1.0, 1.0, 1.0, 0.700, 39
16, 1.0, 1.0, 1.0, 1.0, 0.700, 40
16, 1.0, 1.0, 1.0, 1.0, 0.700, 41
16, 1.0, 1.0, 1.0, 1.0, 0.700, 42
16, 1.0, 1.0, 1.0, 1.0, 0.700, 43
16, 1.0, 1.0, 1.0, 1.0, 0.700, 44
16, 1.0, 1.0, 1.0, 1.0, 0.700, 45
16, 1.0, 1.0, 1.0, 1.0, 0.700, 46
16, 1.0, 1.0, 1.0, 1.0, 0.700, 47
16, 1.0, 1.0, 1.0, 1.0, 0.700, 48
16, 1.0, 1.0, 1.0, 1.0, 0.700, 49
16, 1.0, 1.0, 1.0, 1.0, 0.700, 50
16, 1.0, 1.0, 1.0, 1.0, 0.800, 1
16, 1.0, 1.0, 1.0, 1.0, 0.800, 2
16, 1.0, 1.0, 1.0, 1.0, 0.800, 3
16, 1.0, 1.0, 1.0, 1.0, 0.800, 4
16, 1.0, 1.0, 1.0, 1.0, 0.800, 5
16, 1.0, 1.0, 1.0, 1.0, 0.800, 6
16, 1.0, 1.0, 1.0, 1.0, 0.800, 7
16, 1.0, 1.0, 1.0, 1.0, 0.800, 8
16, 1.0, 1.0, 1.0, 1.0, 0.800, 9
16, 1.0, 1.0, 1.0, 1.0, 0.800, 10
16, 1.0, 1.0, 1.0, 1.0, 0.800, 11
16, 1.0, 1.0, 1.0, 1.0, 0.800, 12
16, 1.0, 1.0, 1.0, 1.0, 0.800, 13
16, 1.0, 1.0, 1.0, 1.0, 0.800, 14
16, 1.0, 1.0, 1.0, 1.0, 0.800, 15
16, 1.0, 1.0, 1.0, 1.0, 0.800, 16
16, 1.0, 1.0, 1.0, 1.0, 0.800, 17
16, 1.0, 1.0, 1.0, 1.0, 0.800, 18
16, 1.0, 1.0, 1.0, 1.0, 0.800, 19
16, 1.0, 1.0, 1.0, 1.0, 0.800, 20
16, 1.0, 1.0, 1.0, 1.0, 0.800, 21
16, 1.0, 1.0, 1.0, 1.0, 0.800, 22
16, 1.0, 1.0, 1.0, 1.0, 0.800, 23
16, 1.0, 1.0, 1.0, 1.0, 0.800, 24
16, 1.0, 1.0, 1.0, 1.0, 0.800, 25
16, 1.0, 1.0, 1.0, 1.0, 0.800, 26
16, 1.0, 1.0, 1.0, 1.0, 0.800, 27
16, 1.0, 1.0, 1.0, 1.0, 0.800, 28
16, 1.0, 1.0, 1.0, 1.0, 0.800, 29
16, 1.0, 1.0, 1.0, 1.0, 0.800, 30
16, 1.0, 1.0, 1.0, 1.0, 0.800, 31
16, 1.0, 1.0, 1.0, 1.0, 0.800, 32
16, 1.0, 1.0, 1.0, 1.0, 0.800, 33
16, 1.0, 1.0, 1.0, 1.0, 0.800, 34
16, 1.0, 1.0, 1.0, 1.0, 0.800, 35
16, 1.0, 1.0, 1.0, 1.0, 0.800, 36
16, 1.0, 1.0, 1.0, 1.0, 0.800, 37
16, 1.0, 1.0, 1.0, 1.0, 0.800, 38
16, 1.0, 1.0, 1.0, 1.0, 0.800, 39
16, 1.0, 1.0, 1.0, 1.0, 0.800, 40
16, 1.0, 1.0, 1.0, 1.0, 0.800, 41
16, 1.0, 1.0, 1.0, 1.0, 0.800, 42
16, 1.0, 1.0, 1.0, 1.0, 0.800, 43
16, 1.0, 1.0, 1.0, 1.0, 0.800, 44
16, 1.0, 1.0, 1.0, 1.0, 0.800, 45
16, 1.0, 1.0, 1.0, 1.0, 0.800, 46
16, 1.0, 1.0, 1.0, 1.0, 0.800, 47
16, 1.0, 1.0, 1.0, 1.0, 0.800, 48
16, 1.0, 1.0, 1.0, 1.0, 0.800, 49
16, 1.0, 1.0, 1.0, 1.0, 0.800, 50
16, 1.0, 1.0, 1.0, 1.0, 0.900, 1
16, 1.0, 1.0, 1.0, 1.0, 0.900, 2
16, 1.0, 1.0, 1.0, 1.0, 0.900, 3
16, 1.0, 1.0, 1.0, 1.0, 0.900, 4
16, 1.0, 1.0, 1.0, 1.0, 0.900, 5
16, 1.0, 1.0, 1.0, 1.0, 0.900, 6
16, 1.0, 1.0, 1.0, 1.0, 0.900, 7
16, 1.0, 1.0, 1.0, 1.0, 0.900, 8
16, 1.0, 1.0, 1.0, 1.0, 0.900, 9
16, 1.0, 1.0, 1.0, 1.0, 0.900, 10
16, 1.0, 1.0, 1.0, 1.0, 0.900, 11
16, 1.0, 1.0, 1.0, 1.0, 0.900, 12
16, 1.0, 1.0, 1.0, 1.0, 0.900, 13
16, 1.0, 1.0, 1.0, 1.0, 0.900, 14
16, 1.0, 1.0, 1.0, 1.0, 0.900, 15
16, 1.0, 1.0, 1.0, 1.0, 0.900, 16
16, 1.0, 1.0, 1.0, 1.0, 0.900, 17
16, 1.0, 1.0, 1.0, 1.0, 0.900, 18
16, 1.0, 1.0, 1.0, 1.0, 0.900, 19
16, 1.0, 1.0, 1.0, 1.0, 0.900, 20
16, 1.0, 1.0, 1.0, 1.0, 0.900, 21
16, 1.0, 1.0, 1.0, 1.0, 0.900, 22
16, 1.0, 1.0, 1.0, 1.0, 0.900, 23
16, 1.0, 1.0, 1.0, 1.0, 0.900, 24
16, 1.0, 1.0, 1.0, 1.0, 0.900, 25
16, 1.0, 1.0, 1.0, 1.0, 0.900, 26
16, 1.0, 1.0, 1.0, 1.0, 0.900, 27
16, 1.0, 1.0, 1.0, 1.0, 0.900, 28
16, 1.0, 1.0, 1.0, 1.0, 0.900, 29
16, 1.0, 1.0, 1.0, 1.0, 0.900, 30
16, 1.0, 1.0, 1.0, 1.0, 0.900, 31
16, 1.0, 1.0, 1.0, 1.0, 0.900, 32
16, 1.0, 1.0, 1.0, 1.0, 0.900, 33
16, 1.0, 1.0, 1.0, 1.0, 0.900, 34
16, 1.0, 1.0, 1.0, 1.0, 0.900, 35
16, 1.0, 1.0, 1.0, 1.0, 0.900, 36
16, 1.0, 1.0, 1.0, 1.0, 0.900, 37
16, 1.0, 1.0, 1.0, 1.0, 0.900, 38
16, 1.0, 1.0, 1.0, 1.0, 0.900, 39
16, 1.0, 1.0, 1.0, 1.0, 0.900, 40
16, 1.0, 1.0, 1.0, 1.0, 0.900, 41
16, 1.0, 1.0, 1.0, 1.0, 0.900, 42
16, 1.0, 1.0, 1.0, 1.0, 0.900, 43
16, 1.0, 1.0, 1.0, 1.0, 0.900, 44
16, 1.0, 1.0, 1.0, 1.0, 0.900, 45
16, 1.0, 1.0, 1.0, 1.0, 0.900, 46
16, 1.0, 1.0, 1.0, 1.0, 0.900, 47
16, 1.0, 1.0, 1.0, 1.0, 0.900, 48
16, 1.0, 1.0, 1.0, 1.0, 0.900, 49
16, 1.0, 1.0, 1.0, 1.0, 0.900, 50
