25, 1.0, 1.0, 1.0, 1.0, 0.700, 1
25, 1.0, 1.0, 1.0, 1.0, 0.700, 2
25, 1.0, 1.0, 1.0, 1.0, 0.700, 3
25, 1.0, 1.0, 1.0, 1.0, 0.700, 4
25, 1.0, 1.0, 1.0, 1.0, 0.700, 5
25, 1.0, 1.0, 1.0, 1.0, 0.700, 6
25, 1.0, 1.0, 1.0, 1.0, 0.700, 7
25, 1.0, 1.0, 1.0, 1.0, 0.700, 8
25, 1.0, 1.0, 1.0, 1.0, 0.700, 9
25, 1.0, 1.0, 1.0, 1.0, 0.700, 10
25, 1.0, 1.0, 1.0, 1.0, 0.700, 11
25, 1.0, 1.0, 1.0, 1.0, 0.700, 12
25, 1.0, 1.0, 1.0, 1.0, 0.700, 13
25, 1.0, 1.0, 1.0, 1.0, 0.700, 14
25, 1.0, 1.0, 1.0, 1.0, 0.700, 15
25, 1.0, 1.0, 1.0, 1.0, 0.700, 16
25, 1.0, 1.0, 1.0, 1.0, 0.700, 17
25, 1.0, 1.0, 1.0, 1.0, 0.700, 18
25, 1.0, 1.0, 1.0, 1.0, 0.700, 19
25, 1.0, 1.0, 1.0, 1.0, 0.700, 20
25, 1.0, 1.0, 1.0, 1.0, 0.700, 21
25, 1.0, 1.0, 1.0, 1.0, 0.700, 22
25, 1.0, 1.0, 1.0, 1.0, 0.700, 23
25, 1.0, 1.0, 1.0, 1.0, 0.700, 24
25, 1.0, 1.0, 1.0, 1.0, 0.700, 25
25, 1.0, 1.0, 1.0, 1.0, 0.700, 26
25, 1.0, 1.0, 1.0, 1.0, 0.700, 27
25, 1.0, 1.0, 1.0, 1.0, 0.700, 28
25, 1.0, 1.0, 1.0, 1.0, 0.700, 29
25, 1.0, 1.0, 1.0, 1.0, 0.700, 30
25, 1.0, 1.0, 1.0, 1.0, 0.700, 31
25, 1.0, 1.0, 1.0, 1.0, 0.700, 32
25, 1.0, 1.0, 1.0, 1.0, 0.700, 33
25, 1.0, 1.0, 1.0, 1.0, 0.700, 34
25, 1.0, 1.0, 1.0, 1.0, 0.700, 35
25, 1.0, 1.0, 1.0, 1.0, 0.700, 36
25, 1.0, 1.0, 1.0, 1.0, 0.700, 37
25, 1.0, 1.0, 1.0, 1.0, 0.700, 38
25, 1.0, 1.0, 1.0, 1.0, 0.700, 39
25, 1.0, 1.0, 1.0, 1.0, 0.700, 40
25, 1.0, 1.0, 1.0, 1.0, 0.700, 41
25, 1.0, 1.0, 1.0, 1.0, 0.700, 42
25, 1.0, 1.0, 1.0, 1.0, 0.700, 43
25, 1.0, 1.0, 1.0, 1.0, 0.700, 44
25, 1.0, 1.0, 1.0, 1.0, 0.700, 45
25, 1.0, 1.0, 1.0, 1.0, 0.700, 46
25, 1.0, 1.0, 1.0, 1.0, 0.700, 47
25, 1.0, 1.0, 1.0, 1.0, 0.700, 48
25, 1.0, 1.0, 1.0, 1.0, 0.700, 49
25, 1.0, 1.0, 1.0, 1.0, 0.700, 50
26, 1.0, 1.0, 1.0, 1.0, 0.700, 1
26, 1.0, 1.0, 1.0, 1.0, 0.700, 2
26, 1.0, 1.0, 1.0, 1.0, 0.700, 3
26, 1.0, 1.0, 1.0, 1.0, 0.700, 4
26, 1.0, 1.0, 1.0, 1.0, 0.700, 5
26, 1.0, 1.0, 1.0, 1.0, 0.700, 6
26, 1.0, 1.0, 1.0, 1.0, 0.700, 7
26, 1.0, 1.0, 1.0, 1.0, 0.700, 8
26, 1.0, 1.0, 1.0, 1.0, 0.700, 9
26, 1.0, 1.0, 1.0, 1.0, 0.700, 10
26, 1.0, 1.0, 1.0, 1.0, 0.700, 11
26, 1.0, 1.0, 1.0, 1.0, 0.700, 12
26, 1.0, 1.0, 1.0, 1.0, 0.700, 13
26, 1.0, 1.0, 1.0, 1.0, 0.700, 14
26, 1.0, 1.0, 1.0, 1.0, 0.700, 15
26, 1.0, 1.0, 1.0, 1.0, 0.700, 16
26, 1.0, 1.0, 1.0, 1.0, 0.700, 17
26, 1.0, 1.0, 1.0, 1.0, 0.700, 18
26, 1.0, 1.0, 1.0, 1.0, 0.700, 19
26, 1.0, 1.0, 1.0, 1.0, 0.700, 20
26, 1.0, 1.0, 1.0, 1.0, 0.700, 21
26, 1.0, 1.0, 1.0, 1.0, 0.700, 22
26, 1.0, 1.0, 1.0, 1.0, 0.700, 23
26, 1.0, 1.0, 1.0, 1.0, 0.700, 24
26, 1.0, 1.0, 1.0, 1.0, 0.700, 25
26, 1.0, 1.0, 1.0, 1.0, 0.700, 26
26, 1.0, 1.0, 1.0, 1.0, 0.700, 27
26, 1.0, 1.0, 1.0, 1.0, 0.700, 28
26, 1.0, 1.0, 1.0, 1.0, 0.700, 29
26, 1.0, 1.0, 1.0, 1.0, 0.700, 30
26, 1.0, 1.0, 1.0, 1.0, 0.700, 31
26, 1.0, 1.0, 1.0, 1.0, 0.700, 32
26, 1.0, 1.0, 1.0, 1.0, 0.700, 33
26, 1.0, 1.0, 1.0, 1.0, 0.700, 34
26, 1.0, 1.0, 1.0, 1.0, 0.700, 35
26, 1.0, 1.0, 1.0, 1.0, 0.700, 36
26, 1.0, 1.0, 1.0, 1.0, 0.700, 37
26, 1.0, 1.0, 1.0, 1.0, 0.700, 38
26, 1.0, 1.0, 1.0, 1.0, 0.700, 39
26, 1.0, 1.0, 1.0, 1.0, 0.700, 40
26, 1.0, 1.0, 1.0, 1.0, 0.700, 41
26, 1.0, 1.0, 1.0, 1.0, 0.700, 42
26, 1.0, 1.0, 1.0, 1.0, 0.700, 43
26, 1.0, 1.0, 1.0, 1.0, 0.700, 44
26, 1.0, 1.0, 1.0, 1.0, 0.700, 45
26, 1.0, 1.0, 1.0, 1.0, 0.700, 46
26, 1.0, 1.0, 1.0, 1.0, 0.700, 47
26, 1.0, 1.0, 1.0, 1.0, 0.700, 48
26, 1.0, 1.0, 1.0, 1.0, 0.700, 49
26, 1.0, 1.0, 1.0, 1.0, 0.700, 50
27, 1.0, 1.0, 1.0, 1.0, 0.700, 1
27, 1.0, 1.0, 1.0, 1.0, 0.700, 2
27, 1.0, 1.0, 1.0, 1.0, 0.700, 3
27, 1.0, 1.0, 1.0, 1.0, 0.700, 4
27, 1.0, 1.0, 1.0, 1.0, 0.700, 5
27, 1.0, 1.0, 1.0, 1.0, 0.700, 6
27, 1.0, 1.0, 1.0, 1.0, 0.700, 7
27, 1.0, 1.0, 1.0, 1.0, 0.700, 8
27, 1.0, 1.0, 1.0, 1.0, 0.700, 9
27, 1.0, 1.0, 1.0, 1.0, 0.700, 10
27, 1.0, 1.0, 1.0, 1.0, 0.700, 11
27, 1.0, 1.0, 1.0, 1.0, 0.700, 12
27, 1.0, 1.0, 1.0, 1.0, 0.700, 13
27, 1.0, 1.0, 1.0, 1.0, 0.700, 14
27, 1.0, 1.0, 1.0, 1.0, 0.700, 15
27, 1.0, 1.0, 1.0, 1.0, 0.700, 16
27, 1.0, 1.0, 1.0, 1.0, 0.700, 17
27, 1.0, 1.0, 1.0, 1.0, 0.700, 18
27, 1.0, 1.0, 1.0, 1.0, 0.700, 19
27, 1.0, 1.0, 1.0, 1.0, 0.700, 20
27, 1.0, 1.0, 1.0, 1.0, 0.700, 21
27, 1.0, 1.0, 1.0, 1.0, 0.700, 22
27, 1.0, 1.0, 1.0, 1.0, 0.700, 23
27, 1.0, 1.0, 1.0, 1.0, 0.700, 24
27, 1.0, 1.0, 1.0, 1.0, 0.700, 25
27, 1.0, 1.0, 1.0, 1.0, 0.700, 26
27, 1.0, 1.0, 1.0, 1.0, 0.700, 27
27, 1.0, 1.0, 1.0, 1.0, 0.700, 28
27, 1.0, 1.0, 1.0, 1.0, 0.700, 29
27, 1.0, 1.0, 1.0, 1.0, 0.700, 30
27, 1.0, 1.0, 1.0, 1.0, 0.700, 31
27, 1.0, 1.0, 1.0, 1.0, 0.700, 32
27, 1.0, 1.0, 1.0, 1.0, 0.700, 33
27, 1.0, 1.0, 1.0, 1.0, 0.700, 34
27, 1.0, 1.0, 1.0, 1.0, 0.700, 35
27, 1.0, 1.0, 1.0, 1.0, 0.700, 36
27, 1.0, 1.0, 1.0, 1.0, 0.700, 37
27, 1.0, 1.0, 1.0, 1.0, 0.700, 38
27, 1.0, 1.0, 1.0, 1.0, 0.700, 39
27, 1.0, 1.0, 1.0, 1.0, 0.700, 40
27, 1.0, 1.0, 1.0, 1.0, 0.700, 41
27, 1.0, 1.0, 1.0, 1.0, 0.700, 42
27, 1.0, 1.0, 1.0, 1.0, 0.700, 43
27, 1.0, 1.0, 1.0, 1.0, 0.700, 44
27, 1.0, 1.0, 1.0, 1.0, 0.700, 45
27, 1.0, 1.0, 1.0, 1.0, 0.700, 46
27, 1.0, 1.0, 1.0, 1.0, 0.700, 47
27, 1.0, 1.0, 1.0, 1.0, 0.700, 48
27, 1.0, 1.0, 1.0, 1.0, 0.700, 49
27, 1.0, 1.0, 1.0, 1.0, 0.700, 50
28, 1.0, 1.0, 1.0, 1.0, 0.700, 1
28, 1.0, 1.0, 1.0, 1.0, 0.700, 2
28, 1.0, 1.0, 1.0, 1.0, 0.700, 3
28, 1.0, 1.0, 1.0, 1.0, 0.700, 4
28, 1.0, 1.0, 1.0, 1.0, 0.700, 5
28, 1.0, 1.0, 1.0, 1.0, 0.700, 6
28, 1.0, 1.0, 1.0, 1.0, 0.700, 7
28, 1.0, 1.0, 1.0, 1.0, 0.700, 8
28, 1.0, 1.0, 1.0, 1.0, 0.700, 9
28, 1.0, 1.0, 1.0, 1.0, 0.700, 10
28, 1.0, 1.0, 1.0, 1.0, 0.700, 11
28, 1.0, 1.0, 1.0, 1.0, 0.700, 12
28, 1.0, 1.0, 1.0, 1.0, 0.700, 13
28, 1.0, 1.0, 1.0, 1.0, 0.700, 14
28, 1.0, 1.0, 1.0, 1.0, 0.700, 15
28, 1.0, 1.0, 1.0, 1.0, 0.700, 16
28, 1.0, 1.0, 1.0, 1.0, 0.700, 17
28, 1.0, 1.0, 1.0, 1.0, 0.700, 18
28, 1.0, 1.0, 1.0, 1.0, 0.700, 19
28, 1.0, 1.0, 1.0, 1.0, 0.700, 20
28, 1.0, 1.0, 1.0, 1.0, 0.700, 21
28, 1.0, 1.0, 1.0, 1.0, 0.700, 22
28, 1.0, 1.0, 1.0, 1.0, 0.700, 23
28, 1.0, 1.0, 1.0, 1.0, 0.700, 24
28, 1.0, 1.0, 1.0, 1.0, 0.700, 25
28, 1.0, 1.0, 1.0, 1.0, 0.700, 26
28, 1.0, 1.0, 1.0, 1.0, 0.700, 27
28, 1.0, 1.0, 1.0, 1.0, 0.700, 28
28, 1.0, 1.0, 1.0, 1.0, 0.700, 29
28, 1.0, 1.0, 1.0, 1.0, 0.700, 30
28, 1.0, 1.0, 1.0, 1.0, 0.700, 31
28, 1.0, 1.0, 1.0, 1.0, 0.700, 32
28, 1.0, 1.0, 1.0, 1.0, 0.700, 33
28, 1.0, 1.0, 1.0, 1.0, 0.700, 34
28, 1.0, 1.0, 1.0, 1.0, 0.700, 35
28, 1.0, 1.0, 1.0, 1.0, 0.700, 36
28, 1.0, 1.0, 1.0, 1.0, 0.700, 37
28, 1.0, 1.0, 1.0, 1.0, 0.700, 38
28, 1.0, 1.0, 1.0, 1.0, 0.700, 39
28, 1.0, 1.0, 1.0, 1.0, 0.700, 40
28, 1.0, 1.0, 1.0, 1.0, 0.700, 41
28, 1.0, 1.0, 1.0, 1.0, 0.700, 42
28, 1.0, 1.0, 1.0, 1.0, 0.700, 43
28, 1.0, 1.0, 1.0, 1.0, 0.700, 44
28, 1.0, 1.0, 1.0, 1.0, 0.700, 45
28, 1.0, 1.0, 1.0, 1.0, 0.700, 46
28, 1.0, 1.0, 1.0, 1.0, 0.700, 47
28, 1.0, 1.0, 1.0, 1.0, 0.700, 48
28, 1.0, 1.0, 1.0, 1.0, 0.700, 49
28, 1.0, 1.0, 1.0, 1.0, 0.700, 50
29, 1.0, 1.0, 1.0, 1.0, 0.700, 1
29, 1.0, 1.0, 1.0, 1.0, 0.700, 2
29, 1.0, 1.0, 1.0, 1.0, 0.700, 3
29, 1.0, 1.0, 1.0, 1.0, 0.700, 4
29, 1.0, 1.0, 1.0, 1.0, 0.700, 5
29, 1.0, 1.0, 1.0, 1.0, 0.700, 6
29, 1.0, 1.0, 1.0, 1.0, 0.700, 7
29, 1.0, 1.0, 1.0, 1.0, 0.700, 8
29, 1.0, 1.0, 1.0, 1.0, 0.700, 9
29, 1.0, 1.0, 1.0, 1.0, 0.700, 10
29, 1.0, 1.0, 1.0, 1.0, 0.700, 11
29, 1.0, 1.0, 1.0, 1.0, 0.700, 12
29, 1.0, 1.0, 1.0, 1.0, 0.700, 13
29, 1.0, 1.0, 1.0, 1.0, 0.700, 14
29, 1.0, 1.0, 1.0, 1.0, 0.700, 15
29, 1.0, 1.0, 1.0, 1.0, 0.700, 16
29, 1.0, 1.0, 1.0, 1.0, 0.700, 17
29, 1.0, 1.0, 1.0, 1.0, 0.700, 18
29, 1.0, 1.0, 1.0, 1.0, 0.700, 19
29, 1.0, 1.0, 1.0, 1.0, 0.700, 20
29, 1.0, 1.0, 1.0, 1.0, 0.700, 21
29, 1.0, 1.0, 1.0, 1.0, 0.700, 22
29, 1.0, 1.0, 1.0, 1.0, 0.700, 23
29, 1.0, 1.0, 1.0, 1.0, 0.700, 24
29, 1.0, 1.0, 1.0, 1.0, 0.700, 25
29, 1.0, 1.0, 1.0, 1.0, 0.700, 26
29, 1.0, 1.0, 1.0, 1.0, 0.700, 27
29, 1.0, 1.0, 1.0, 1.0, 0.700, 28
29, 1.0, 1.0, 1.0, 1.0, 0.700, 29
29, 1.0, 1.0, 1.0, 1.0, 0.700, 30
29, 1.0, 1.0, 1.0, 1.0, 0.700, 31
29, 1.0, 1.0, 1.0, 1.0, 0.700, 32
29, 1.0, 1.0, 1.0, 1.0, 0.700, 33
29, 1.0, 1.0, 1.0, 1.0, 0.700, 34
29, 1.0, 1.0, 1.0, 1.0, 0.700, 35
29, 1.0, 1.0, 1.0, 1.0, 0.700, 36
29, 1.0, 1.0, 1.0, 1.0, 0.700, 37
29, 1.0, 1.0, 1.0, 1.0, 0.700, 38
29, 1.0, 1.0, 1.0, 1.0, 0.700, 39
29, 1.0, 1.0, 1.0, 1.0, 0.700, 40
29, 1.0, 1.0, 1.0, 1.0, 0.700, 41
29, 1.0, 1.0, 1.0, 1.0, 0.700, 42
29, 1.0, 1.0, 1.0, 1.0, 0.700, 43
29, 1.0, 1.0, 1.0, 1.0, 0.700, 44
29, 1.0, 1.0, 1.0, 1.0, 0.700, 45
29, 1.0, 1.0, 1.0, 1.0, 0.700, 46
29, 1.0, 1.0, 1.0, 1.0, 0.700, 47
29, 1.0, 1.0, 1.0, 1.0, 0.700, 48
29, 1.0, 1.0, 1.0, 1.0, 0.700, 49
29, 1.0, 1.0, 1.0, 1.0, 0.700, 50
30, 1.0, 1.0, 1.0, 1.0, 0.700, 1
30, 1.0, 1.0, 1.0, 1.0, 0.700, 2
30, 1.0, 1.0, 1.0, 1.0, 0.700, 3
30, 1.0, 1.0, 1.0, 1.0, 0.700, 4
30, 1.0, 1.0, 1.0, 1.0, 0.700, 5
30, 1.0, 1.0, 1.0, 1.0, 0.700, 6
30, 1.0, 1.0, 1.0, 1.0, 0.700, 7
30, 1.0, 1.0, 1.0, 1.0, 0.700, 8
30, 1.0, 1.0, 1.0, 1.0, 0.700, 9
30, 1.0, 1.0, 1.0, 1.0, 0.700, 10
30, 1.0, 1.0, 1.0, 1.0, 0.700, 11
30, 1.0, 1.0, 1.0, 1.0, 0.700, 12
30, 1.0, 1.0, 1.0, 1.0, 0.700, 13
30, 1.0, 1.0, 1.0, 1.0, 0.700, 14
30, 1.0, 1.0, 1.0, 1.0, 0.700, 15
30, 1.0, 1.0, 1.0, 1.0, 0.700, 16
30, 1.0, 1.0, 1.0, 1.0, 0.700, 17
30, 1.0, 1.0, 1.0, 1.0, 0.700, 18
30, 1.0, 1.0, 1.0, 1.0, 0.700, 19
30, 1.0, 1.0, 1.0, 1.0, 0.700, 20
30, 1.0, 1.0, 1.0, 1.0, 0.700, 21
30, 1.0, 1.0, 1.0, 1.0, 0.700, 22
30, 1.0, 1.0, 1.0, 1.0, 0.700, 23
30, 1.0, 1.0, 1.0, 1.0, 0.700, 24
30, 1.0, 1.0, 1.0, 1.0, 0.700, 25
30, 1.0, 1.0, 1.0, 1.0, 0.700, 26
30, 1.0, 1.0, 1.0, 1.0, 0.700, 27
30, 1.0, 1.0, 1.0, 1.0, 0.700, 28
30, 1.0, 1.0, 1.0, 1.0, 0.700, 29
30, 1.0, 1.0, 1.0, 1.0, 0.700, 30
30, 1.0, 1.0, 1.0, 1.0, 0.700, 31
30, 1.0, 1.0, 1.0, 1.0, 0.700, 32
30, 1.0, 1.0, 1.0, 1.0, 0.700, 33
30, 1.0, 1.0, 1.0, 1.0, 0.700, 34
30, 1.0, 1.0, 1.0, 1.0, 0.700, 35
30, 1.0, 1.0, 1.0, 1.0, 0.700, 36
30, 1.0, 1.0, 1.0, 1.0, 0.700, 37
30, 1.0, 1.0, 1.0, 1.0, 0.700, 38
30, 1.0, 1.0, 1.0, 1.0, 0.700, 39
30, 1.0, 1.0, 1.0, 1.0, 0.700, 40
30, 1.0, 1.0, 1.0, 1.0, 0.700, 41
30, 1.0, 1.0, 1.0, 1.0, 0.700, 42
30, 1.0, 1.0, 1.0, 1.0, 0.700, 43
30, 1.0, 1.0, 1.0, 1.0, 0.700, 44
30, 1.0, 1.0, 1.0, 1.0, 0.700, 45
30, 1.0, 1.0, 1.0, 1.0, 0.700, 46
30, 1.0, 1.0, 1.0, 1.0, 0.700, 47
30, 1.0, 1.0, 1.0, 1.0, 0.700, 48
30, 1.0, 1.0, 1.0, 1.0, 0.700, 49
30, 1.0, 1.0, 1.0, 1.0, 0.700, 50
31, 1.0, 1.0, 1.0, 1.0, 0.700, 1
31, 1.0, 1.0, 1.0, 1.0, 0.700, 2
31, 1.0, 1.0, 1.0, 1.0, 0.700, 3
31, 1.0, 1.0, 1.0, 1.0, 0.700, 4
31, 1.0, 1.0, 1.0, 1.0, 0.700, 5
31, 1.0, 1.0, 1.0, 1.0, 0.700, 6
31, 1.0, 1.0, 1.0, 1.0, 0.700, 7
31, 1.0, 1.0, 1.0, 1.0, 0.700, 8
31, 1.0, 1.0, 1.0, 1.0, 0.700, 9
31, 1.0, 1.0, 1.0, 1.0, 0.700, 10
31, 1.0, 1.0, 1.0, 1.0, 0.700, 11
31, 1.0, 1.0, 1.0, 1.0, 0.700, 12
31, 1.0, 1.0, 1.0, 1.0, 0.700, 13
31, 1.0, 1.0, 1.0, 1.0, 0.700, 14
31, 1.0, 1.0, 1.0, 1.0, 0.700, 15
31, 1.0, 1.0, 1.0, 1.0, 0.700, 16
31, 1.0, 1.0, 1.0, 1.0, 0.700, 17
31, 1.0, 1.0, 1.0, 1.0, 0.700, 18
31, 1.0, 1.0, 1.0, 1.0, 0.700, 19
31, 1.0, 1.0, 1.0, 1.0, 0.700, 20
31, 1.0, 1.0, 1.0, 1.0, 0.700, 21
31, 1.0, 1.0, 1.0, 1.0, 0.700, 22
31, 1.0, 1.0, 1.0, 1.0, 0.700, 23
31, 1.0, 1.0, 1.0, 1.0, 0.700, 24
31, 1.0, 1.0, 1.0, 1.0, 0.700, 25
31, 1.0, 1.0, 1.0, 1.0, 0.700, 26
31, 1.0, 1.0, 1.0, 1.0, 0.700, 27
31, 1.0, 1.0, 1.0, 1.0, 0.700, 28
31, 1.0, 1.0, 1.0, 1.0, 0.700, 29
31, 1.0, 1.0, 1.0, 1.0, 0.700, 30
31, 1.0, 1.0, 1.0, 1.0, 0.700, 31
31, 1.0, 1.0, 1.0, 1.0, 0.700, 32
31, 1.0, 1.0, 1.0, 1.0, 0.700, 33
31, 1.0, 1.0, 1.0, 1.0, 0.700, 34
31, 1.0, 1.0, 1.0, 1.0, 0.700, 35
31, 1.0, 1.0, 1.0, 1.0, 0.700, 36
31, 1.0, 1.0, 1.0, 1.0, 0.700, 37
31, 1.0, 1.0, 1.0, 1.0, 0.700, 38
31, 1.0, 1.0, 1.0, 1.0, 0.700, 39
31, 1.0, 1.0, 1.0, 1.0, 0.700, 40
31, 1.0, 1.0, 1.0, 1.0, 0.700, 41
31, 1.0, 1.0, 1.0, 1.0, 0.700, 42
31, 1.0, 1.0, 1.0, 1.0, 0.700, 43
31, 1.0, 1.0, 1.0, 1.0, 0.700, 44
31, 1.0, 1.0, 1.0, 1.0, 0.700, 45
31, 1.0, 1.0, 1.0, 1.0, 0.700, 46
31, 1.0, 1.0, 1.0, 1.0, 0.700, 47
31, 1.0, 1.0, 1.0, 1.0, 0.700, 48
31, 1.0, 1.0, 1.0, 1.0, 0.700, 49
31, 1.0, 1.0, 1.0, 1.0, 0.700, 50
32, 1.0, 1.0, 1.0, 1.0, 0.700, 1
32, 1.0, 1.0, 1.0, 1.0, 0.700, 2
32, 1.0, 1.0, 1.0, 1.0, 0.700, 3
32, 1.0, 1.0, 1.0, 1.0, 0.700, 4
32, 1.0, 1.0, 1.0, 1.0, 0.700, 5
32, 1.0, 1.0, 1.0, 1.0, 0.700, 6
32, 1.0, 1.0, 1.0, 1.0, 0.700, 7
32, 1.0, 1.0, 1.0, 1.0, 0.700, 8
32, 1.0, 1.0, 1.0, 1.0, 0.700, 9
32, 1.0, 1.0, 1.0, 1.0, 0.700, 10
32, 1.0, 1.0, 1.0, 1.0, 0.700, 11
32, 1.0, 1.0, 1.0, 1.0, 0.700, 12
32, 1.0, 1.0, 1.0, 1.0, 0.700, 13
32, 1.0, 1.0, 1.0, 1.0, 0.700, 14
32, 1.0, 1.0, 1.0, 1.0, 0.700, 15
32, 1.0, 1.0, 1.0, 1.0, 0.700, 16
32, 1.0, 1.0, 1.0, 1.0, 0.700, 17
32, 1.0, 1.0, 1.0, 1.0, 0.700, 18
32, 1.0, 1.0, 1.0, 1.0, 0.700, 19
32, 1.0, 1.0, 1.0, 1.0, 0.700, 20
32, 1.0, 1.0, 1.0, 1.0, 0.700, 21
32, 1.0, 1.0, 1.0, 1.0, 0.700, 22
32, 1.0, 1.0, 1.0, 1.0, 0.700, 23
32, 1.0, 1.0, 1.0, 1.0, 0.700, 24
32, 1.0, 1.0, 1.0, 1.0, 0.700, 25
32, 1.0, 1.0, 1.0, 1.0, 0.700, 26
32, 1.0, 1.0, 1.0, 1.0, 0.700, 27
32, 1.0, 1.0, 1.0, 1.0, 0.700, 28
32, 1.0, 1.0, 1.0, 1.0, 0.700, 29
32, 1.0, 1.0, 1.0, 1.0, 0.700, 30
32, 1.0, 1.0, 1.0, 1.0, 0.700, 31
32, 1.0, 1.0, 1.0, 1.0, 0.700, 32
32, 1.0, 1.0, 1.0, 1.0, 0.700, 33
32, 1.0, 1.0, 1.0, 1.0, 0.700, 34
32, 1.0, 1.0, 1.0, 1.0, 0.700, 35
32, 1.0, 1.0, 1.0, 1.0, 0.700, 36
32, 1.0, 1.0, 1.0, 1.0, 0.700, 37
32, 1.0, 1.0, 1.0, 1.0, 0.700, 38
32, 1.0, 1.0, 1.0, 1.0, 0.700, 39
32, 1.0, 1.0, 1.0, 1.0, 0.700, 40
32, 1.0, 1.0, 1.0, 1.0, 0.700, 41
32, 1.0, 1.0, 1.0, 1.0, 0.700, 42
32, 1.0, 1.0, 1.0, 1.0, 0.700, 43
32, 1.0, 1.0, 1.0, 1.0, 0.700, 44
32, 1.0, 1.0, 1.0, 1.0, 0.700, 45
32, 1.0, 1.0, 1.0, 1.0, 0.700, 46
32, 1.0, 1.0, 1.0, 1.0, 0.700, 47
32, 1.0, 1.0, 1.0, 1.0, 0.700, 48
32, 1.0, 1.0, 1.0, 1.0, 0.700, 49
32, 1.0, 1.0, 1.0, 1.0, 0.700, 50
28, 0.6, 1.0, 1.0, 1.0, 0.700, 1
28, 0.6, 1.0, 1.0, 1.0, 0.700, 2
28, 0.6, 1.0, 1.0, 1.0, 0.700, 3
28, 0.6, 1.0, 1.0, 1.0, 0.700, 4
28, 0.6, 1.0, 1.0, 1.0, 0.700, 5
28, 0.6, 1.0, 1.0, 1.0, 0.700, 6
28, 0.6, 1.0, 1.0, 1.0, 0.700, 7
28, 0.6, 1.0, 1.0, 1.0, 0.700, 8
28, 0.6, 1.0, 1.0, 1.0, 0.700, 9
28, 0.6, 1.0, 1.0, 1.0, 0.700, 10
28, 0.6, 1.0, 1.0, 1.0, 0.700, 11
28, 0.6, 1.0, 1.0, 1.0, 0.700, 12
28, 0.6, 1.0, 1.0, 1.0, 0.700, 13
28, 0.6, 1.0, 1.0, 1.0, 0.700, 14
28, 0.6, 1.0, 1.0, 1.0, 0.700, 15
28, 0.6, 1.0, 1.0, 1.0, 0.700, 16
28, 0.6, 1.0, 1.0, 1.0, 0.700, 17
28, 0.6, 1.0, 1.0, 1.0, 0.700, 18
28, 0.6, 1.0, 1.0, 1.0, 0.700, 19
28, 0.6, 1.0, 1.0, 1.0, 0.700, 20
28, 0.6, 1.0, 1.0, 1.0, 0.700, 21
28, 0.6, 1.0, 1.0, 1.0, 0.700, 22
28, 0.6, 1.0, 1.0, 1.0, 0.700, 23
28, 0.6, 1.0, 1.0, 1.0, 0.700, 24
28, 0.6, 1.0, 1.0, 1.0, 0.700, 25
28, 0.6, 1.0, 1.0, 1.0, 0.700, 26
28, 0.6, 1.0, 1.0, 1.0, 0.700, 27
28, 0.6, 1.0, 1.0, 1.0, 0.700, 28
28, 0.6, 1.0, 1.0, 1.0, 0.700, 29
28, 0.6, 1.0, 1.0, 1.0, 0.700, 30
28, 0.6, 1.0, 1.0, 1.0, 0.700, 31
28, 0.6, 1.0, 1.0, 1.0, 0.700, 32
28, 0.6, 1.0, 1.0, 1.0, 0.700, 33
28, 0.6, 1.0, 1.0, 1.0, 0.700, 34
28, 0.6, 1.0, 1.0, 1.0, 0.700, 35
28, 0.6, 1.0, 1.0, 1.0, 0.700, 36
28, 0.6, 1.0, 1.0, 1.0, 0.700, 37
28, 0.6, 1.0, 1.0, 1.0, 0.700, 38
28, 0.6, 1.0, 1.0, 1.0, 0.700, 39
28, 0.6, 1.0, 1.0, 1.0, 0.700, 40
28, 0.6, 1.0, 1.0, 1.0, 0.700, 41
28, 0.6, 1.0, 1.0, 1.0, 0.700, 42
28, 0.6, 1.0, 1.0, 1.0, 0.700, 43
28, 0.6, 1.0, 1.0, 1.0, 0.700, 44
28, 0.6, 1.0, 1.0, 1.0, 0.700, 45
28, 0.6, 1.0, 1.0, 1.0, 0.700, 46
28, 0.6, 1.0, 1.0, 1.0, 0.700, 47
28, 0.6, 1.0, 1.0, 1.0, 0.700, 48
28, 0.6, 1.0, 1.0, 1.0, 0.700, 49
28, 0.6, 1.0, 1.0, 1.0, 0.700, 50
28, 0.7, 1.0, 1.0, 1.0, 0.700, 1
28, 0.7, 1.0, 1.0, 1.0, 0.700, 2
28, 0.7, 1.0, 1.0, 1.0, 0.700, 3
28, 0.7, 1.0, 1.0, 1.0, 0.700, 4
28, 0.7, 1.0, 1.0, 1.0, 0.700, 5
28, 0.7, 1.0, 1.0, 1.0, 0.700, 6
28, 0.7, 1.0, 1.0, 1.0, 0.700, 7
28, 0.7, 1.0, 1.0, 1.0, 0.700, 8
28, 0.7, 1.0, 1.0, 1.0, 0.700, 9
28, 0.7, 1.0, 1.0, 1.0, 0.700, 10
28, 0.7, 1.0, 1.0, 1.0, 0.700, 11
28, 0.7, 1.0, 1.0, 1.0, 0.700, 12
28, 0.7, 1.0, 1.0, 1.0, 0.700, 13
28, 0.7, 1.0, 1.0, 1.0, 0.700, 14
28, 0.7, 1.0, 1.0, 1.0, 0.700, 15
28, 0.7, 1.0, 1.0, 1.0, 0.700, 16
28, 0.7, 1.0, 1.0, 1.0, 0.700, 17
28, 0.7, 1.0, 1.0, 1.0, 0.700, 18
28, 0.7, 1.0, 1.0, 1.0, 0.700, 19
28, 0.7, 1.0, 1.0, 1.0, 0.700, 20
28, 0.7, 1.0, 1.0, 1.0, 0.700, 21
28, 0.7, 1.0, 1.0, 1.0, 0.700, 22
28, 0.7, 1.0, 1.0, 1.0, 0.700, 23
28, 0.7, 1.0, 1.0, 1.0, 0.700, 24
28, 0.7, 1.0, 1.0, 1.0, 0.700, 25
28, 0.7, 1.0, 1.0, 1.0, 0.700, 26
28, 0.7, 1.0, 1.0, 1.0, 0.700, 27
28, 0.7, 1.0, 1.0, 1.0, 0.700, 28
28, 0.7, 1.0, 1.0, 1.0, 0.700, 29
28, 0.7, 1.0, 1.0, 1.0, 0.700, 30
28, 0.7, 1.0, 1.0, 1.0, 0.700, 31
28, 0.7, 1.0, 1.0, 1.0, 0.700, 32
28, 0.7, 1.0, 1.0, 1.0, 0.700, 33
28, 0.7, 1.0, 1.0, 1.0, 0.700, 34
28, 0.7, 1.0, 1.0, 1.0, 0.700, 35
28, 0.7, 1.0, 1.0, 1.0, 0.700, 36
28, 0.7, 1.0, 1.0, 1.0, 0.700, 37
28, 0.7, 1.0, 1.0, 1.0, 0.700, 38
28, 0.7, 1.0, 1.0, 1.0, 0.700, 39
28, 0.7, 1.0, 1.0, 1.0, 0.700, 40
28, 0.7, 1.0, 1.0, 1.0, 0.700, 41
28, 0.7, 1.0, 1.0, 1.0, 0.700, 42
28, 0.7, 1.0, 1.0, 1.0, 0.700, 43
28, 0.7, 1.0, 1.0, 1.0, 0.700, 44
28, 0.7, 1.0, 1.0, 1.0, 0.700, 45
28, 0.7, 1.0, 1.0, 1.0, 0.700, 46
28, 0.7, 1.0, 1.0, 1.0, 0.700, 47
28, 0.7, 1.0, 1.0, 1.0, 0.700, 48
28, 0.7, 1.0, 1.0, 1.0, 0.700, 49
28, 0.7, 1.0, 1.0, 1.0, 0.700, 50
28, 0.8, 1.0, 1.0, 1.0, 0.700, 1
28, 0.8, 1.0, 1.0, 1.0, 0.700, 2
28, 0.8, 1.0, 1.0, 1.0, 0.700, 3
28, 0.8, 1.0, 1.0, 1.0, 0.700, 4
28, 0.8, 1.0, 1.0, 1.0, 0.700, 5
28, 0.8, 1.0, 1.0, 1.0, 0.700, 6
28, 0.8, 1.0, 1.0, 1.0, 0.700, 7
28, 0.8, 1.0, 1.0, 1.0, 0.700, 8
28, 0.8, 1.0, 1.0, 1.0, 0.700, 9
28, 0.8, 1.0, 1.0, 1.0, 0.700, 10
28, 0.8, 1.0, 1.0, 1.0, 0.700, 11
28, 0.8, 1.0, 1.0, 1.0, 0.700, 12
28, 0.8, 1.0, 1.0, 1.0, 0.700, 13
28, 0.8, 1.0, 1.0, 1.0, 0.700, 14
28, 0.8, 1.0, 1.0, 1.0, 0.700, 15
28, 0.8, 1.0, 1.0, 1.0, 0.700, 16
28, 0.8, 1.0, 1.0, 1.0, 0.700, 17
28, 0.8, 1.0, 1.0, 1.0, 0.700, 18
28, 0.8, 1.0, 1.0, 1.0, 0.700, 19
28, 0.8, 1.0, 1.0, 1.0, 0.700, 20
28, 0.8, 1.0, 1.0, 1.0, 0.700, 21
28, 0.8, 1.0, 1.0, 1.0, 0.700, 22
28, 0.8, 1.0, 1.0, 1.0, 0.700, 23
28, 0.8, 1.0, 1.0, 1.0, 0.700, 24
28, 0.8, 1.0, 1.0, 1.0, 0.700, 25
28, 0.8, 1.0, 1.0, 1.0, 0.700, 26
28, 0.8, 1.0, 1.0, 1.0, 0.700, 27
28, 0.8, 1.0, 1.0, 1.0, 0.700, 28
28, 0.8, 1.0, 1.0, 1.0, 0.700, 29
28, 0.8, 1.0, 1.0, 1.0, 0.700, 30
28, 0.8, 1.0, 1.0, 1.0, 0.700, 31
28, 0.8, 1.0, 1.0, 1.0, 0.700, 32
28, 0.8, 1.0, 1.0, 1.0, 0.700, 33
28, 0.8, 1.0, 1.0, 1.0, 0.700, 34
28, 0.8, 1.0, 1.0, 1.0, 0.700, 35
28, 0.8, 1.0, 1.0, 1.0, 0.700, 36
28, 0.8, 1.0, 1.0, 1.0, 0.700, 37
28, 0.8, 1.0, 1.0, 1.0, 0.700, 38
28, 0.8, 1.0, 1.0, 1.0, 0.700, 39
28, 0.8, 1.0, 1.0, 1.0, 0.700, 40
28, 0.8, 1.0, 1.0, 1.0, 0.700, 41
28, 0.8, 1.0, 1.0, 1.0, 0.700, 42
28, 0.8, 1.0, 1.0, 1.0, 0.700, 43
28, 0.8, 1.0, 1.0, 1.0, 0.700, 44
28, 0.8, 1.0, 1.0, 1.0, 0.700, 45
28, 0.8, 1.0, 1.0, 1.0, 0.700, 46
28, 0.8, 1.0, 1.0, 1.0, 0.700, 47
28, 0.8, 1.0, 1.0, 1.0, 0.700, 48
28, 0.8, 1.0, 1.0, 1.0, 0.700, 49
28, 0.8, 1.0, 1.0, 1.0, 0.700, 50
28, 0.9, 1.0, 1.0, 1.0, 0.700, 1
28, 0.9, 1.0, 1.0, 1.0, 0.700, 2
28, 0.9, 1.0, 1.0, 1.0, 0.700, 3
28, 0.9, 1.0, 1.0, 1.0, 0.700, 4
28, 0.9, 1.0, 1.0, 1.0, 0.700, 5
28, 0.9, 1.0, 1.0, 1.0, 0.700, 6
28, 0.9, 1.0, 1.0, 1.0, 0.700, 7
28, 0.9, 1.0, 1.0, 1.0, 0.700, 8
28, 0.9, 1.0, 1.0, 1.0, 0.700, 9
28, 0.9, 1.0, 1.0, 1.0, 0.700, 10
28, 0.9, 1.0, 1.0, 1.0, 0.700, 11
28, 0.9, 1.0, 1.0, 1.0, 0.700, 12
28, 0.9, 1.0, 1.0, 1.0, 0.700, 13
28, 0.9, 1.0, 1.0, 1.0, 0.700, 14
28, 0.9, 1.0, 1.0, 1.0, 0.700, 15
28, 0.9, 1.0, 1.0, 1.0, 0.700, 16
28, 0.9, 1.0, 1.0, 1.0, 0.700, 17
28, 0.9, 1.0, 1.0, 1.0, 0.700, 18
28, 0.9, 1.0, 1.0, 1.0, 0.700, 19
28, 0.9, 1.0, 1.0, 1.0, 0.700, 20
28, 0.9, 1.0, 1.0, 1.0, 0.700, 21
28, 0.9, 1.0, 1.0, 1.0, 0.700, 22
28, 0.9, 1.0, 1.0, 1.0, 0.700, 23
28, 0.9, 1.0, 1.0, 1.0, 0.700, 24
28, 0.9, 1.0, 1.0, 1.0, 0.700, 25
28, 0.9, 1.0, 1.0, 1.0, 0.700, 26
28, 0.9, 1.0, 1.0, 1.0, 0.700, 27
28, 0.9, 1.0, 1.0, 1.0, 0.700, 28
28, 0.9, 1.0, 1.0, 1.0, 0.700, 29
28, 0.9, 1.0, 1.0, 1.0, 0.700, 30
28, 0.9, 1.0, 1.0, 1.0, 0.700, 31
28, 0.9, 1.0, 1.0, 1.0, 0.700, 32
28, 0.9, 1.0, 1.0, 1.0, 0.700, 33
28, 0.9, 1.0, 1.0, 1.0, 0.700, 34
28, 0.9, 1.0, 1.0, 1.0, 0.700, 35
28, 0.9, 1.0, 1.0, 1.0, 0.700, 36
28, 0.9, 1.0, 1.0, 1.0, 0.700, 37
28, 0.9, 1.0, 1.0, 1.0, 0.700, 38
28, 0.9, 1.0, 1.0, 1.0, 0.700, 39
28, 0.9, 1.0, 1.0, 1.0, 0.700, 40
28, 0.9, 1.0, 1.0, 1.0, 0.700, 41
28, 0.9, 1.0, 1.0, 1.0, 0.700, 42
28, 0.9, 1.0, 1.0, 1.0, 0.700, 43
28, 0.9, 1.0, 1.0, 1.0, 0.700, 44
28, 0.9, 1.0, 1.0, 1.0, 0.700, 45
28, 0.9, 1.0, 1.0, 1.0, 0.700, 46
28, 0.9, 1.0, 1.0, 1.0, 0.700, 47
28, 0.9, 1.0, 1.0, 1.0, 0.700, 48
28, 0.9, 1.0, 1.0, 1.0, 0.700, 49
28, 0.9, 1.0, 1.0, 1.0, 0.700, 50
28, 1.1, 1.0, 1.0, 1.0, 0.700, 1
28, 1.1, 1.0, 1.0, 1.0, 0.700, 2
28, 1.1, 1.0, 1.0, 1.0, 0.700, 3
28, 1.1, 1.0, 1.0, 1.0, 0.700, 4
28, 1.1, 1.0, 1.0, 1.0, 0.700, 5
28, 1.1, 1.0, 1.0, 1.0, 0.700, 6
28, 1.1, 1.0, 1.0, 1.0, 0.700, 7
28, 1.1, 1.0, 1.0, 1.0, 0.700, 8
28, 1.1, 1.0, 1.0, 1.0, 0.700, 9
28, 1.1, 1.0, 1.0, 1.0, 0.700, 10
28, 1.1, 1.0, 1.0, 1.0, 0.700, 11
28, 1.1, 1.0, 1.0, 1.0, 0.700, 12
28, 1.1, 1.0, 1.0, 1.0, 0.700, 13
28, 1.1, 1.0, 1.0, 1.0, 0.700, 14
28, 1.1, 1.0, 1.0, 1.0, 0.700, 15
28, 1.1, 1.0, 1.0, 1.0, 0.700, 16
28, 1.1, 1.0, 1.0, 1.0, 0.700, 17
28, 1.1, 1.0, 1.0, 1.0, 0.700, 18
28, 1.1, 1.0, 1.0, 1.0, 0.700, 19
28, 1.1, 1.0, 1.0, 1.0, 0.700, 20
28, 1.1, 1.0, 1.0, 1.0, 0.700, 21
28, 1.1, 1.0, 1.0, 1.0, 0.700, 22
28, 1.1, 1.0, 1.0, 1.0, 0.700, 23
28, 1.1, 1.0, 1.0, 1.0, 0.700, 24
28, 1.1, 1.0, 1.0, 1.0, 0.700, 25
28, 1.1, 1.0, 1.0, 1.0, 0.700, 26
28, 1.1, 1.0, 1.0, 1.0, 0.700, 27
28, 1.1, 1.0, 1.0, 1.0, 0.700, 28
28, 1.1, 1.0, 1.0, 1.0, 0.700, 29
28, 1.1, 1.0, 1.0, 1.0, 0.700, 30
28, 1.1, 1.0, 1.0, 1.0, 0.700, 31
28, 1.1, 1.0, 1.0, 1.0, 0.700, 32
28, 1.1, 1.0, 1.0, 1.0, 0.700, 33
28, 1.1, 1.0, 1.0, 1.0, 0.700, 34
28, 1.1, 1.0, 1.0, 1.0, 0.700, 35
28, 1.1, 1.0, 1.0, 1.0, 0.700, 36
28, 1.1, 1.0, 1.0, 1.0, 0.700, 37
28, 1.1, 1.0, 1.0, 1.0, 0.700, 38
28, 1.1, 1.0, 1.0, 1.0, 0.700, 39
28, 1.1, 1.0, 1.0, 1.0, 0.700, 40
28, 1.1, 1.0, 1.0, 1.0, 0.700, 41
28, 1.1, 1.0, 1.0, 1.0, 0.700, 42
28, 1.1, 1.0, 1.0, 1.0, 0.700, 43
28, 1.1, 1.0, 1.0, 1.0, 0.700, 44
28, 1.1, 1.0, 1.0, 1.0, 0.700, 45
28, 1.1, 1.0, 1.0, 1.0, 0.700, 46
28, 1.1, 1.0, 1.0, 1.0, 0.700, 47
28, 1.1, 1.0, 1.0, 1.0, 0.700, 48
28, 1.1, 1.0, 1.0, 1.0, 0.700, 49
28, 1.1, 1.0, 1.0, 1.0, 0.700, 50
28, 1.2, 1.0, 1.0, 1.0, 0.700, 1
28, 1.2, 1.0, 1.0, 1.0, 0.700, 2
28, 1.2, 1.0, 1.0, 1.0, 0.700, 3
28, 1.2, 1.0, 1.0, 1.0, 0.700, 4
28, 1.2, 1.0, 1.0, 1.0, 0.700, 5
28, 1.2, 1.0, 1.0, 1.0, 0.700, 6
28, 1.2, 1.0, 1.0, 1.0, 0.700, 7
28, 1.2, 1.0, 1.0, 1.0, 0.700, 8
28, 1.2, 1.0, 1.0, 1.0, 0.700, 9
28, 1.2, 1.0, 1.0, 1.0, 0.700, 10
28, 1.2, 1.0, 1.0, 1.0, 0.700, 11
28, 1.2, 1.0, 1.0, 1.0, 0.700, 12
28, 1.2, 1.0, 1.0, 1.0, 0.700, 13
28, 1.2, 1.0, 1.0, 1.0, 0.700, 14
28, 1.2, 1.0, 1.0, 1.0, 0.700, 15
28, 1.2, 1.0, 1.0, 1.0, 0.700, 16
28, 1.2, 1.0, 1.0, 1.0, 0.700, 17
28, 1.2, 1.0, 1.0, 1.0, 0.700, 18
28, 1.2, 1.0, 1.0, 1.0, 0.700, 19
28, 1.2, 1.0, 1.0, 1.0, 0.700, 20
28, 1.2, 1.0, 1.0, 1.0, 0.700, 21
28, 1.2, 1.0, 1.0, 1.0, 0.700, 22
28, 1.2, 1.0, 1.0, 1.0, 0.700, 23
28, 1.2, 1.0, 1.0, 1.0, 0.700, 24
28, 1.2, 1.0, 1.0, 1.0, 0.700, 25
28, 1.2, 1.0, 1.0, 1.0, 0.700, 26
28, 1.2, 1.0, 1.0, 1.0, 0.700, 27
28, 1.2, 1.0, 1.0, 1.0, 0.700, 28
28, 1.2, 1.0, 1.0, 1.0, 0.700, 29
28, 1.2, 1.0, 1.0, 1.0, 0.700, 30
28, 1.2, 1.0, 1.0, 1.0, 0.700, 31
28, 1.2, 1.0, 1.0, 1.0, 0.700, 32
28, 1.2, 1.0, 1.0, 1.0, 0.700, 33
28, 1.2, 1.0, 1.0, 1.0, 0.700, 34
28, 1.2, 1.0, 1.0, 1.0, 0.700, 35
28, 1.2, 1.0, 1.0, 1.0, 0.700, 36
28, 1.2, 1.0, 1.0, 1.0, 0.700, 37
28, 1.2, 1.0, 1.0, 1.0, 0.700, 38
28, 1.2, 1.0, 1.0, 1.0, 0.700, 39
28, 1.2, 1.0, 1.0, 1.0, 0.700, 40
28, 1.2, 1.0, 1.0, 1.0, 0.700, 41
28, 1.2, 1.0, 1.0, 1.0, 0.700, 42
28, 1.2, 1.0, 1.0, 1.0, 0.700, 43
28, 1.2, 1.0, 1.0, 1.0, 0.700, 44
28, 1.2, 1.0, 1.0, 1.0, 0.700, 45
28, 1.2, 1.0, 1.0, 1.0, 0.700, 46
28, 1.2, 1.0, 1.0, 1.0, 0.700, 47
28, 1.2, 1.0, 1.0, 1.0, 0.700, 48
28, 1.2, 1.0, 1.0, 1.0, 0.700, 49
28, 1.2, 1.0, 1.0, 1.0, 0.700, 50
28, 1.3, 1.0, 1.0, 1.0, 0.700, 1
28, 1.3, 1.0, 1.0, 1.0, 0.700, 2
28, 1.3, 1.0, 1.0, 1.0, 0.700, 3
28, 1.3, 1.0, 1.0, 1.0, 0.700, 4
28, 1.3, 1.0, 1.0, 1.0, 0.700, 5
28, 1.3, 1.0, 1.0, 1.0, 0.700, 6
28, 1.3, 1.0, 1.0, 1.0, 0.700, 7
28, 1.3, 1.0, 1.0, 1.0, 0.700, 8
28, 1.3, 1.0, 1.0, 1.0, 0.700, 9
28, 1.3, 1.0, 1.0, 1.0, 0.700, 10
28, 1.3, 1.0, 1.0, 1.0, 0.700, 11
28, 1.3, 1.0, 1.0, 1.0, 0.700, 12
28, 1.3, 1.0, 1.0, 1.0, 0.700, 13
28, 1.3, 1.0, 1.0, 1.0, 0.700, 14
28, 1.3, 1.0, 1.0, 1.0, 0.700, 15
28, 1.3, 1.0, 1.0, 1.0, 0.700, 16
28, 1.3, 1.0, 1.0, 1.0, 0.700, 17
28, 1.3, 1.0, 1.0, 1.0, 0.700, 18
28, 1.3, 1.0, 1.0, 1.0, 0.700, 19
28, 1.3, 1.0, 1.0, 1.0, 0.700, 20
28, 1.3, 1.0, 1.0, 1.0, 0.700, 21
28, 1.3, 1.0, 1.0, 1.0, 0.700, 22
28, 1.3, 1.0, 1.0, 1.0, 0.700, 23
28, 1.3, 1.0, 1.0, 1.0, 0.700, 24
28, 1.3, 1.0, 1.0, 1.0, 0.700, 25
28, 1.3, 1.0, 1.0, 1.0, 0.700, 26
28, 1.3, 1.0, 1.0, 1.0, 0.700, 27
28, 1.3, 1.0, 1.0, 1.0, 0.700, 28
28, 1.3, 1.0, 1.0, 1.0, 0.700, 29
28, 1.3, 1.0, 1.0, 1.0, 0.700, 30
28, 1.3, 1.0, 1.0, 1.0, 0.700, 31
28, 1.3, 1.0, 1.0, 1.0, 0.700, 32
28, 1.3, 1.0, 1.0, 1.0, 0.700, 33
28, 1.3, 1.0, 1.0, 1.0, 0.700, 34
28, 1.3, 1.0, 1.0, 1.0, 0.700, 35
28, 1.3, 1.0, 1.0, 1.0, 0.700, 36
28, 1.3, 1.0, 1.0, 1.0, 0.700, 37
28, 1.3, 1.0, 1.0, 1.0, 0.700, 38
28, 1.3, 1.0, 1.0, 1.0, 0.700, 39
28, 1.3, 1.0, 1.0, 1.0, 0.700, 40
28, 1.3, 1.0, 1.0, 1.0, 0.700, 41
28, 1.3, 1.0, 1.0, 1.0, 0.700, 42
28, 1.3, 1.0, 1.0, 1.0, 0.700, 43
28, 1.3, 1.0, 1.0, 1.0, 0.700, 44
28, 1.3, 1.0, 1.0, 1.0, 0.700, 45
28, 1.3, 1.0, 1.0, 1.0, 0.700, 46
28, 1.3, 1.0, 1.0, 1.0, 0.700, 47
28, 1.3, 1.0, 1.0, 1.0, 0.700, 48
28, 1.3, 1.0, 1.0, 1.0, 0.700, 49
28, 1.3, 1.0, 1.0, 1.0, 0.700, 50
28, 1.4, 1.0, 1.0, 1.0, 0.700, 1
28, 1.4, 1.0, 1.0, 1.0, 0.700, 2
28, 1.4, 1.0, 1.0, 1.0, 0.700, 3
28, 1.4, 1.0, 1.0, 1.0, 0.700, 4
28, 1.4, 1.0, 1.0, 1.0, 0.700, 5
28, 1.4, 1.0, 1.0, 1.0, 0.700, 6
28, 1.4, 1.0, 1.0, 1.0, 0.700, 7
28, 1.4, 1.0, 1.0, 1.0, 0.700, 8
28, 1.4, 1.0, 1.0, 1.0, 0.700, 9
28, 1.4, 1.0, 1.0, 1.0, 0.700, 10
28, 1.4, 1.0, 1.0, 1.0, 0.700, 11
28, 1.4, 1.0, 1.0, 1.0, 0.700, 12
28, 1.4, 1.0, 1.0, 1.0, 0.700, 13
28, 1.4, 1.0, 1.0, 1.0, 0.700, 14
28, 1.4, 1.0, 1.0, 1.0, 0.700, 15
28, 1.4, 1.0, 1.0, 1.0, 0.700, 16
28, 1.4, 1.0, 1.0, 1.0, 0.700, 17
28, 1.4, 1.0, 1.0, 1.0, 0.700, 18
28, 1.4, 1.0, 1.0, 1.0, 0.700, 19
28, 1.4, 1.0, 1.0, 1.0, 0.700, 20
28, 1.4, 1.0, 1.0, 1.0, 0.700, 21
28, 1.4, 1.0, 1.0, 1.0, 0.700, 22
28, 1.4, 1.0, 1.0, 1.0, 0.700, 23
28, 1.4, 1.0, 1.0, 1.0, 0.700, 24
28, 1.4, 1.0, 1.0, 1.0, 0.700, 25
28, 1.4, 1.0, 1.0, 1.0, 0.700, 26
28, 1.4, 1.0, 1.0, 1.0, 0.700, 27
28, 1.4, 1.0, 1.0, 1.0, 0.700, 28
28, 1.4, 1.0, 1.0, 1.0, 0.700, 29
28, 1.4, 1.0, 1.0, 1.0, 0.700, 30
28, 1.4, 1.0, 1.0, 1.0, 0.700, 31
28, 1.4, 1.0, 1.0, 1.0, 0.700, 32
28, 1.4, 1.0, 1.0, 1.0, 0.700, 33
28, 1.4, 1.0, 1.0, 1.0, 0.700, 34
28, 1.4, 1.0, 1.0, 1.0, 0.700, 35
28, 1.4, 1.0, 1.0, 1.0, 0.700, 36
28, 1.4, 1.0, 1.0, 1.0, 0.700, 37
28, 1.4, 1.0, 1.0, 1.0, 0.700, 38
28, 1.4, 1.0, 1.0, 1.0, 0.700, 39
28, 1.4, 1.0, 1.0, 1.0, 0.700, 40
28, 1.4, 1.0, 1.0, 1.0, 0.700, 41
28, 1.4, 1.0, 1.0, 1.0, 0.700, 42
28, 1.4, 1.0, 1.0, 1.0, 0.700, 43
28, 1.4, 1.0, 1.0, 1.0, 0.700, 44
28, 1.4, 1.0, 1.0, 1.0, 0.700, 45
28, 1.4, 1.0, 1.0, 1.0, 0.700, 46
28, 1.4, 1.0, 1.0, 1.0, 0.700, 47
28, 1.4, 1.0, 1.0, 1.0, 0.700, 48
28, 1.4, 1.0, 1.0, 1.0, 0.700, 49
28, 1.4, 1.0, 1.0, 1.0, 0.700, 50
28, 1.5, 1.0, 1.0, 1.0, 0.700, 1
28, 1.5, 1.0, 1.0, 1.0, 0.700, 2
28, 1.5, 1.0, 1.0, 1.0, 0.700, 3
28, 1.5, 1.0, 1.0, 1.0, 0.700, 4
28, 1.5, 1.0, 1.0, 1.0, 0.700, 5
28, 1.5, 1.0, 1.0, 1.0, 0.700, 6
28, 1.5, 1.0, 1.0, 1.0, 0.700, 7
28, 1.5, 1.0, 1.0, 1.0, 0.700, 8
28, 1.5, 1.0, 1.0, 1.0, 0.700, 9
28, 1.5, 1.0, 1.0, 1.0, 0.700, 10
28, 1.5, 1.0, 1.0, 1.0, 0.700, 11
28, 1.5, 1.0, 1.0, 1.0, 0.700, 12
28, 1.5, 1.0, 1.0, 1.0, 0.700, 13
28, 1.5, 1.0, 1.0, 1.0, 0.700, 14
28, 1.5, 1.0, 1.0, 1.0, 0.700, 15
28, 1.5, 1.0, 1.0, 1.0, 0.700, 16
28, 1.5, 1.0, 1.0, 1.0, 0.700, 17
28, 1.5, 1.0, 1.0, 1.0, 0.700, 18
28, 1.5, 1.0, 1.0, 1.0, 0.700, 19
28, 1.5, 1.0, 1.0, 1.0, 0.700, 20
28, 1.5, 1.0, 1.0, 1.0, 0.700, 21
28, 1.5, 1.0, 1.0, 1.0, 0.700, 22
28, 1.5, 1.0, 1.0, 1.0, 0.700, 23
28, 1.5, 1.0, 1.0, 1.0, 0.700, 24
28, 1.5, 1.0, 1.0, 1.0, 0.700, 25
28, 1.5, 1.0, 1.0, 1.0, 0.700, 26
28, 1.5, 1.0, 1.0, 1.0, 0.700, 27
28, 1.5, 1.0, 1.0, 1.0, 0.700, 28
28, 1.5, 1.0, 1.0, 1.0, 0.700, 29
28, 1.5, 1.0, 1.0, 1.0, 0.700, 30
28, 1.5, 1.0, 1.0, 1.0, 0.700, 31
28, 1.5, 1.0, 1.0, 1.0, 0.700, 32
28, 1.5, 1.0, 1.0, 1.0, 0.700, 33
28, 1.5, 1.0, 1.0, 1.0, 0.700, 34
28, 1.5, 1.0, 1.0, 1.0, 0.700, 35
28, 1.5, 1.0, 1.0, 1.0, 0.700, 36
28, 1.5, 1.0, 1.0, 1.0, 0.700, 37
28, 1.5, 1.0, 1.0, 1.0, 0.700, 38
28, 1.5, 1.0, 1.0, 1.0, 0.700, 39
28, 1.5, 1.0, 1.0, 1.0, 0.700, 40
28, 1.5, 1.0, 1.0, 1.0, 0.700, 41
28, 1.5, 1.0, 1.0, 1.0, 0.700, 42
28, 1.5, 1.0, 1.0, 1.0, 0.700, 43
28, 1.5, 1.0, 1.0, 1.0, 0.700, 44
28, 1.5, 1.0, 1.0, 1.0, 0.700, 45
28, 1.5, 1.0, 1.0, 1.0, 0.700, 46
28, 1.5, 1.0, 1.0, 1.0, 0.700, 47
28, 1.5, 1.0, 1.0, 1.0, 0.700, 48
28, 1.5, 1.0, 1.0, 1.0, 0.700, 49
28, 1.5, 1.0, 1.0, 1.0, 0.700, 50
28, 1.6, 1.0, 1.0, 1.0, 0.700, 1
28, 1.6, 1.0, 1.0, 1.0, 0.700, 2
28, 1.6, 1.0, 1.0, 1.0, 0.700, 3
28, 1.6, 1.0, 1.0, 1.0, 0.700, 4
28, 1.6, 1.0, 1.0, 1.0, 0.700, 5
28, 1.6, 1.0, 1.0, 1.0, 0.700, 6
28, 1.6, 1.0, 1.0, 1.0, 0.700, 7
28, 1.6, 1.0, 1.0, 1.0, 0.700, 8
28, 1.6, 1.0, 1.0, 1.0, 0.700, 9
28, 1.6, 1.0, 1.0, 1.0, 0.700, 10
28, 1.6, 1.0, 1.0, 1.0, 0.700, 11
28, 1.6, 1.0, 1.0, 1.0, 0.700, 12
28, 1.6, 1.0, 1.0, 1.0, 0.700, 13
28, 1.6, 1.0, 1.0, 1.0, 0.700, 14
28, 1.6, 1.0, 1.0, 1.0, 0.700, 15
28, 1.6, 1.0, 1.0, 1.0, 0.700, 16
28, 1.6, 1.0, 1.0, 1.0, 0.700, 17
28, 1.6, 1.0, 1.0, 1.0, 0.700, 18
28, 1.6, 1.0, 1.0, 1.0, 0.700, 19
28, 1.6, 1.0, 1.0, 1.0, 0.700, 20
28, 1.6, 1.0, 1.0, 1.0, 0.700, 21
28, 1.6, 1.0, 1.0, 1.0, 0.700, 22
28, 1.6, 1.0, 1.0, 1.0, 0.700, 23
28, 1.6, 1.0, 1.0, 1.0, 0.700, 24
28, 1.6, 1.0, 1.0, 1.0, 0.700, 25
28, 1.6, 1.0, 1.0, 1.0, 0.700, 26
28, 1.6, 1.0, 1.0, 1.0, 0.700, 27
28, 1.6, 1.0, 1.0, 1.0, 0.700, 28
28, 1.6, 1.0, 1.0, 1.0, 0.700, 29
28, 1.6, 1.0, 1.0, 1.0, 0.700, 30
28, 1.6, 1.0, 1.0, 1.0, 0.700, 31
28, 1.6, 1.0, 1.0, 1.0, 0.700, 32
28, 1.6, 1.0, 1.0, 1.0, 0.700, 33
28, 1.6, 1.0, 1.0, 1.0, 0.700, 34
28, 1.6, 1.0, 1.0, 1.0, 0.700, 35
28, 1.6, 1.0, 1.0, 1.0, 0.700, 36
28, 1.6, 1.0, 1.0, 1.0, 0.700, 37
28, 1.6, 1.0, 1.0, 1.0, 0.700, 38
28, 1.6, 1.0, 1.0, 1.0, 0.700, 39
28, 1.6, 1.0, 1.0, 1.0, 0.700, 40
28, 1.6, 1.0, 1.0, 1.0, 0.700, 41
28, 1.6, 1.0, 1.0, 1.0, 0.700, 42
28, 1.6, 1.0, 1.0, 1.0, 0.700, 43
28, 1.6, 1.0, 1.0, 1.0, 0.700, 44
28, 1.6, 1.0, 1.0, 1.0, 0.700, 45
28, 1.6, 1.0, 1.0, 1.0, 0.700, 46
28, 1.6, 1.0, 1.0, 1.0, 0.700, 47
28, 1.6, 1.0, 1.0, 1.0, 0.700, 48
28, 1.6, 1.0, 1.0, 1.0, 0.700, 49
28, 1.6, 1.0, 1.0, 1.0, 0.700, 50
28, 1.7, 1.0, 1.0, 1.0, 0.700, 1
28, 1.7, 1.0, 1.0, 1.0, 0.700, 2
28, 1.7, 1.0, 1.0, 1.0, 0.700, 3
28, 1.7, 1.0, 1.0, 1.0, 0.700, 4
28, 1.7, 1.0, 1.0, 1.0, 0.700, 5
28, 1.7, 1.0, 1.0, 1.0, 0.700, 6
28, 1.7, 1.0, 1.0, 1.0, 0.700, 7
28, 1.7, 1.0, 1.0, 1.0, 0.700, 8
28, 1.7, 1.0, 1.0, 1.0, 0.700, 9
28, 1.7, 1.0, 1.0, 1.0, 0.700, 10
28, 1.7, 1.0, 1.0, 1.0, 0.700, 11
28, 1.7, 1.0, 1.0, 1.0, 0.700, 12
28, 1.7, 1.0, 1.0, 1.0, 0.700, 13
28, 1.7, 1.0, 1.0, 1.0, 0.700, 14
28, 1.7, 1.0, 1.0, 1.0, 0.700, 15
28, 1.7, 1.0, 1.0, 1.0, 0.700, 16
28, 1.7, 1.0, 1.0, 1.0, 0.700, 17
28, 1.7, 1.0, 1.0, 1.0, 0.700, 18
28, 1.7, 1.0, 1.0, 1.0, 0.700, 19
28, 1.7, 1.0, 1.0, 1.0, 0.700, 20
28, 1.7, 1.0, 1.0, 1.0, 0.700, 21
28, 1.7, 1.0, 1.0, 1.0, 0.700, 22
28, 1.7, 1.0, 1.0, 1.0, 0.700, 23
28, 1.7, 1.0, 1.0, 1.0, 0.700, 24
28, 1.7, 1.0, 1.0, 1.0, 0.700, 25
28, 1.7, 1.0, 1.0, 1.0, 0.700, 26
28, 1.7, 1.0, 1.0, 1.0, 0.700, 27
28, 1.7, 1.0, 1.0, 1.0, 0.700, 28
28, 1.7, 1.0, 1.0, 1.0, 0.700, 29
28, 1.7, 1.0, 1.0, 1.0, 0.700, 30
28, 1.7, 1.0, 1.0, 1.0, 0.700, 31
28, 1.7, 1.0, 1.0, 1.0, 0.700, 32
28, 1.7, 1.0, 1.0, 1.0, 0.700, 33
28, 1.7, 1.0, 1.0, 1.0, 0.700, 34
28, 1.7, 1.0, 1.0, 1.0, 0.700, 35
28, 1.7, 1.0, 1.0, 1.0, 0.700, 36
28, 1.7, 1.0, 1.0, 1.0, 0.700, 37
28, 1.7, 1.0, 1.0, 1.0, 0.700, 38
28, 1.7, 1.0, 1.0, 1.0, 0.700, 39
28, 1.7, 1.0, 1.0, 1.0, 0.700, 40
28, 1.7, 1.0, 1.0, 1.0, 0.700, 41
28, 1.7, 1.0, 1.0, 1.0, 0.700, 42
28, 1.7, 1.0, 1.0, 1.0, 0.700, 43
28, 1.7, 1.0, 1.0, 1.0, 0.700, 44
28, 1.7, 1.0, 1.0, 1.0, 0.700, 45
28, 1.7, 1.0, 1.0, 1.0, 0.700, 46
28, 1.7, 1.0, 1.0, 1.0, 0.700, 47
28, 1.7, 1.0, 1.0, 1.0, 0.700, 48
28, 1.7, 1.0, 1.0, 1.0, 0.700, 49
28, 1.7, 1.0, 1.0, 1.0, 0.700, 50
28, 1.8, 1.0, 1.0, 1.0, 0.700, 1
28, 1.8, 1.0, 1.0, 1.0, 0.700, 2
28, 1.8, 1.0, 1.0, 1.0, 0.700, 3
28, 1.8, 1.0, 1.0, 1.0, 0.700, 4
28, 1.8, 1.0, 1.0, 1.0, 0.700, 5
28, 1.8, 1.0, 1.0, 1.0, 0.700, 6
28, 1.8, 1.0, 1.0, 1.0, 0.700, 7
28, 1.8, 1.0, 1.0, 1.0, 0.700, 8
28, 1.8, 1.0, 1.0, 1.0, 0.700, 9
28, 1.8, 1.0, 1.0, 1.0, 0.700, 10
28, 1.8, 1.0, 1.0, 1.0, 0.700, 11
28, 1.8, 1.0, 1.0, 1.0, 0.700, 12
28, 1.8, 1.0, 1.0, 1.0, 0.700, 13
28, 1.8, 1.0, 1.0, 1.0, 0.700, 14
28, 1.8, 1.0, 1.0, 1.0, 0.700, 15
28, 1.8, 1.0, 1.0, 1.0, 0.700, 16
28, 1.8, 1.0, 1.0, 1.0, 0.700, 17
28, 1.8, 1.0, 1.0, 1.0, 0.700, 18
28, 1.8, 1.0, 1.0, 1.0, 0.700, 19
28, 1.8, 1.0, 1.0, 1.0, 0.700, 20
28, 1.8, 1.0, 1.0, 1.0, 0.700, 21
28, 1.8, 1.0, 1.0, 1.0, 0.700, 22
28, 1.8, 1.0, 1.0, 1.0, 0.700, 23
28, 1.8, 1.0, 1.0, 1.0, 0.700, 24
28, 1.8, 1.0, 1.0, 1.0, 0.700, 25
28, 1.8, 1.0, 1.0, 1.0, 0.700, 26
28, 1.8, 1.0, 1.0, 1.0, 0.700, 27
28, 1.8, 1.0, 1.0, 1.0, 0.700, 28
28, 1.8, 1.0, 1.0, 1.0, 0.700, 29
28, 1.8, 1.0, 1.0, 1.0, 0.700, 30
28, 1.8, 1.0, 1.0, 1.0, 0.700, 31
28, 1.8, 1.0, 1.0, 1.0, 0.700, 32
28, 1.8, 1.0, 1.0, 1.0, 0.700, 33
28, 1.8, 1.0, 1.0, 1.0, 0.700, 34
28, 1.8, 1.0, 1.0, 1.0, 0.700, 35
28, 1.8, 1.0, 1.0, 1.0, 0.700, 36
28, 1.8, 1.0, 1.0, 1.0, 0.700, 37
28, 1.8, 1.0, 1.0, 1.0, 0.700, 38
28, 1.8, 1.0, 1.0, 1.0, 0.700, 39
28, 1.8, 1.0, 1.0, 1.0, 0.700, 40
28, 1.8, 1.0, 1.0, 1.0, 0.700, 41
28, 1.8, 1.0, 1.0, 1.0, 0.700, 42
28, 1.8, 1.0, 1.0, 1.0, 0.700, 43
28, 1.8, 1.0, 1.0, 1.0, 0.700, 44
28, 1.8, 1.0, 1.0, 1.0, 0.700, 45
28, 1.8, 1.0, 1.0, 1.0, 0.700, 46
28, 1.8, 1.0, 1.0, 1.0, 0.700, 47
28, 1.8, 1.0, 1.0, 1.0, 0.700, 48
28, 1.8, 1.0, 1.0, 1.0, 0.700, 49
28, 1.8, 1.0, 1.0, 1.0, 0.700, 50
28, 1.0, 0.4, 1.0, 1.0, 0.700, 1
28, 1.0, 0.4, 1.0, 1.0, 0.700, 2
28, 1.0, 0.4, 1.0, 1.0, 0.700, 3
28, 1.0, 0.4, 1.0, 1.0, 0.700, 4
28, 1.0, 0.4, 1.0, 1.0, 0.700, 5
28, 1.0, 0.4, 1.0, 1.0, 0.700, 6
28, 1.0, 0.4, 1.0, 1.0, 0.700, 7
28, 1.0, 0.4, 1.0, 1.0, 0.700, 8
28, 1.0, 0.4, 1.0, 1.0, 0.700, 9
28, 1.0, 0.4, 1.0, 1.0, 0.700, 10
28, 1.0, 0.4, 1.0, 1.0, 0.700, 11
28, 1.0, 0.4, 1.0, 1.0, 0.700, 12
28, 1.0, 0.4, 1.0, 1.0, 0.700, 13
28, 1.0, 0.4, 1.0, 1.0, 0.700, 14
28, 1.0, 0.4, 1.0, 1.0, 0.700, 15
28, 1.0, 0.4, 1.0, 1.0, 0.700, 16
28, 1.0, 0.4, 1.0, 1.0, 0.700, 17
28, 1.0, 0.4, 1.0, 1.0, 0.700, 18
28, 1.0, 0.4, 1.0, 1.0, 0.700, 19
28, 1.0, 0.4, 1.0, 1.0, 0.700, 20
28, 1.0, 0.4, 1.0, 1.0, 0.700, 21
28, 1.0, 0.4, 1.0, 1.0, 0.700, 22
28, 1.0, 0.4, 1.0, 1.0, 0.700, 23
28, 1.0, 0.4, 1.0, 1.0, 0.700, 24
28, 1.0, 0.4, 1.0, 1.0, 0.700, 25
28, 1.0, 0.4, 1.0, 1.0, 0.700, 26
28, 1.0, 0.4, 1.0, 1.0, 0.700, 27
28, 1.0, 0.4, 1.0, 1.0, 0.700, 28
28, 1.0, 0.4, 1.0, 1.0, 0.700, 29
28, 1.0, 0.4, 1.0, 1.0, 0.700, 30
28, 1.0, 0.4, 1.0, 1.0, 0.700, 31
28, 1.0, 0.4, 1.0, 1.0, 0.700, 32
28, 1.0, 0.4, 1.0, 1.0, 0.700, 33
28, 1.0, 0.4, 1.0, 1.0, 0.700, 34
28, 1.0, 0.4, 1.0, 1.0, 0.700, 35
28, 1.0, 0.4, 1.0, 1.0, 0.700, 36
28, 1.0, 0.4, 1.0, 1.0, 0.700, 37
28, 1.0, 0.4, 1.0, 1.0, 0.700, 38
28, 1.0, 0.4, 1.0, 1.0, 0.700, 39
28, 1.0, 0.4, 1.0, 1.0, 0.700, 40
28, 1.0, 0.4, 1.0, 1.0, 0.700, 41
28, 1.0, 0.4, 1.0, 1.0, 0.700, 42
28, 1.0, 0.4, 1.0, 1.0, 0.700, 43
28, 1.0, 0.4, 1.0, 1.0, 0.700, 44
28, 1.0, 0.4, 1.0, 1.0, 0.700, 45
28, 1.0, 0.4, 1.0, 1.0, 0.700, 46
28, 1.0, 0.4, 1.0, 1.0, 0.700, 47
28, 1.0, 0.4, 1.0, 1.0, 0.700, 48
28, 1.0, 0.4, 1.0, 1.0, 0.700, 49
28, 1.0, 0.4, 1.0, 1.0, 0.700, 50
28, 1.0, 0.5, 1.0, 1.0, 0.700, 1
28, 1.0, 0.5, 1.0, 1.0, 0.700, 2
28, 1.0, 0.5, 1.0, 1.0, 0.700, 3
28, 1.0, 0.5, 1.0, 1.0, 0.700, 4
28, 1.0, 0.5, 1.0, 1.0, 0.700, 5
28, 1.0, 0.5, 1.0, 1.0, 0.700, 6
28, 1.0, 0.5, 1.0, 1.0, 0.700, 7
28, 1.0, 0.5, 1.0, 1.0, 0.700, 8
28, 1.0, 0.5, 1.0, 1.0, 0.700, 9
28, 1.0, 0.5, 1.0, 1.0, 0.700, 10
28, 1.0, 0.5, 1.0, 1.0, 0.700, 11
28, 1.0, 0.5, 1.0, 1.0, 0.700, 12
28, 1.0, 0.5, 1.0, 1.0, 0.700, 13
28, 1.0, 0.5, 1.0, 1.0, 0.700, 14
28, 1.0, 0.5, 1.0, 1.0, 0.700, 15
28, 1.0, 0.5, 1.0, 1.0, 0.700, 16
28, 1.0, 0.5, 1.0, 1.0, 0.700, 17
28, 1.0, 0.5, 1.0, 1.0, 0.700, 18
28, 1.0, 0.5, 1.0, 1.0, 0.700, 19
28, 1.0, 0.5, 1.0, 1.0, 0.700, 20
28, 1.0, 0.5, 1.0, 1.0, 0.700, 21
28, 1.0, 0.5, 1.0, 1.0, 0.700, 22
28, 1.0, 0.5, 1.0, 1.0, 0.700, 23
28, 1.0, 0.5, 1.0, 1.0, 0.700, 24
28, 1.0, 0.5, 1.0, 1.0, 0.700, 25
28, 1.0, 0.5, 1.0, 1.0, 0.700, 26
28, 1.0, 0.5, 1.0, 1.0, 0.700, 27
28, 1.0, 0.5, 1.0, 1.0, 0.700, 28
28, 1.0, 0.5, 1.0, 1.0, 0.700, 29
28, 1.0, 0.5, 1.0, 1.0, 0.700, 30
28, 1.0, 0.5, 1.0, 1.0, 0.700, 31
28, 1.0, 0.5, 1.0, 1.0, 0.700, 32
28, 1.0, 0.5, 1.0, 1.0, 0.700, 33
28, 1.0, 0.5, 1.0, 1.0, 0.700, 34
28, 1.0, 0.5, 1.0, 1.0, 0.700, 35
28, 1.0, 0.5, 1.0, 1.0, 0.700, 36
28, 1.0, 0.5, 1.0, 1.0, 0.700, 37
28, 1.0, 0.5, 1.0, 1.0, 0.700, 38
28, 1.0, 0.5, 1.0, 1.0, 0.700, 39
28, 1.0, 0.5, 1.0, 1.0, 0.700, 40
28, 1.0, 0.5, 1.0, 1.0, 0.700, 41
28, 1.0, 0.5, 1.0, 1.0, 0.700, 42
28, 1.0, 0.5, 1.0, 1.0, 0.700, 43
28, 1.0, 0.5, 1.0, 1.0, 0.700, 44
28, 1.0, 0.5, 1.0, 1.0, 0.700, 45
28, 1.0, 0.5, 1.0, 1.0, 0.700, 46
28, 1.0, 0.5, 1.0, 1.0, 0.700, 47
28, 1.0, 0.5, 1.0, 1.0, 0.700, 48
28, 1.0, 0.5, 1.0, 1.0, 0.700, 49
28, 1.0, 0.5, 1.0, 1.0, 0.700, 50
28, 1.0, 0.6, 1.0, 1.0, 0.700, 1
28, 1.0, 0.6, 1.0, 1.0, 0.700, 2
28, 1.0, 0.6, 1.0, 1.0, 0.700, 3
28, 1.0, 0.6, 1.0, 1.0, 0.700, 4
28, 1.0, 0.6, 1.0, 1.0, 0.700, 5
28, 1.0, 0.6, 1.0, 1.0, 0.700, 6
28, 1.0, 0.6, 1.0, 1.0, 0.700, 7
28, 1.0, 0.6, 1.0, 1.0, 0.700, 8
28, 1.0, 0.6, 1.0, 1.0, 0.700, 9
28, 1.0, 0.6, 1.0, 1.0, 0.700, 10
28, 1.0, 0.6, 1.0, 1.0, 0.700, 11
28, 1.0, 0.6, 1.0, 1.0, 0.700, 12
28, 1.0, 0.6, 1.0, 1.0, 0.700, 13
28, 1.0, 0.6, 1.0, 1.0, 0.700, 14
28, 1.0, 0.6, 1.0, 1.0, 0.700, 15
28, 1.0, 0.6, 1.0, 1.0, 0.700, 16
28, 1.0, 0.6, 1.0, 1.0, 0.700, 17
28, 1.0, 0.6, 1.0, 1.0, 0.700, 18
28, 1.0, 0.6, 1.0, 1.0, 0.700, 19
28, 1.0, 0.6, 1.0, 1.0, 0.700, 20
28, 1.0, 0.6, 1.0, 1.0, 0.700, 21
28, 1.0, 0.6, 1.0, 1.0, 0.700, 22
28, 1.0, 0.6, 1.0, 1.0, 0.700, 23
28, 1.0, 0.6, 1.0, 1.0, 0.700, 24
28, 1.0, 0.6, 1.0, 1.0, 0.700, 25
28, 1.0, 0.6, 1.0, 1.0, 0.700, 26
28, 1.0, 0.6, 1.0, 1.0, 0.700, 27
28, 1.0, 0.6, 1.0, 1.0, 0.700, 28
28, 1.0, 0.6, 1.0, 1.0, 0.700, 29
28, 1.0, 0.6, 1.0, 1.0, 0.700, 30
28, 1.0, 0.6, 1.0, 1.0, 0.700, 31
28, 1.0, 0.6, 1.0, 1.0, 0.700, 32
28, 1.0, 0.6, 1.0, 1.0, 0.700, 33
28, 1.0, 0.6, 1.0, 1.0, 0.700, 34
28, 1.0, 0.6, 1.0, 1.0, 0.700, 35
28, 1.0, 0.6, 1.0, 1.0, 0.700, 36
28, 1.0, 0.6, 1.0, 1.0, 0.700, 37
28, 1.0, 0.6, 1.0, 1.0, 0.700, 38
28, 1.0, 0.6, 1.0, 1.0, 0.700, 39
28, 1.0, 0.6, 1.0, 1.0, 0.700, 40
28, 1.0, 0.6, 1.0, 1.0, 0.700, 41
28, 1.0, 0.6, 1.0, 1.0, 0.700, 42
28, 1.0, 0.6, 1.0, 1.0, 0.700, 43
28, 1.0, 0.6, 1.0, 1.0, 0.700, 44
28, 1.0, 0.6, 1.0, 1.0, 0.700, 45
28, 1.0, 0.6, 1.0, 1.0, 0.700, 46
28, 1.0, 0.6, 1.0, 1.0, 0.700, 47
28, 1.0, 0.6, 1.0, 1.0, 0.700, 48
28, 1.0, 0.6, 1.0, 1.0, 0.700, 49
28, 1.0, 0.6, 1.0, 1.0, 0.700, 50
28, 1.0, 0.7, 1.0, 1.0, 0.700, 1
28, 1.0, 0.7, 1.0, 1.0, 0.700, 2
28, 1.0, 0.7, 1.0, 1.0, 0.700, 3
28, 1.0, 0.7, 1.0, 1.0, 0.700, 4
28, 1.0, 0.7, 1.0, 1.0, 0.700, 5
28, 1.0, 0.7, 1.0, 1.0, 0.700, 6
28, 1.0, 0.7, 1.0, 1.0, 0.700, 7
28, 1.0, 0.7, 1.0, 1.0, 0.700, 8
28, 1.0, 0.7, 1.0, 1.0, 0.700, 9
28, 1.0, 0.7, 1.0, 1.0, 0.700, 10
28, 1.0, 0.7, 1.0, 1.0, 0.700, 11
28, 1.0, 0.7, 1.0, 1.0, 0.700, 12
28, 1.0, 0.7, 1.0, 1.0, 0.700, 13
28, 1.0, 0.7, 1.0, 1.0, 0.700, 14
28, 1.0, 0.7, 1.0, 1.0, 0.700, 15
28, 1.0, 0.7, 1.0, 1.0, 0.700, 16
28, 1.0, 0.7, 1.0, 1.0, 0.700, 17
28, 1.0, 0.7, 1.0, 1.0, 0.700, 18
28, 1.0, 0.7, 1.0, 1.0, 0.700, 19
28, 1.0, 0.7, 1.0, 1.0, 0.700, 20
28, 1.0, 0.7, 1.0, 1.0, 0.700, 21
28, 1.0, 0.7, 1.0, 1.0, 0.700, 22
28, 1.0, 0.7, 1.0, 1.0, 0.700, 23
28, 1.0, 0.7, 1.0, 1.0, 0.700, 24
28, 1.0, 0.7, 1.0, 1.0, 0.700, 25
28, 1.0, 0.7, 1.0, 1.0, 0.700, 26
28, 1.0, 0.7, 1.0, 1.0, 0.700, 27
28, 1.0, 0.7, 1.0, 1.0, 0.700, 28
28, 1.0, 0.7, 1.0, 1.0, 0.700, 29
28, 1.0, 0.7, 1.0, 1.0, 0.700, 30
28, 1.0, 0.7, 1.0, 1.0, 0.700, 31
28, 1.0, 0.7, 1.0, 1.0, 0.700, 32
28, 1.0, 0.7, 1.0, 1.0, 0.700, 33
28, 1.0, 0.7, 1.0, 1.0, 0.700, 34
28, 1.0, 0.7, 1.0, 1.0, 0.700, 35
28, 1.0, 0.7, 1.0, 1.0, 0.700, 36
28, 1.0, 0.7, 1.0, 1.0, 0.700, 37
28, 1.0, 0.7, 1.0, 1.0, 0.700, 38
28, 1.0, 0.7, 1.0, 1.0, 0.700, 39
28, 1.0, 0.7, 1.0, 1.0, 0.700, 40
28, 1.0, 0.7, 1.0, 1.0, 0.700, 41
28, 1.0, 0.7, 1.0, 1.0, 0.700, 42
28, 1.0, 0.7, 1.0, 1.0, 0.700, 43
28, 1.0, 0.7, 1.0, 1.0, 0.700, 44
28, 1.0, 0.7, 1.0, 1.0, 0.700, 45
28, 1.0, 0.7, 1.0, 1.0, 0.700, 46
28, 1.0, 0.7, 1.0, 1.0, 0.700, 47
28, 1.0, 0.7, 1.0, 1.0, 0.700, 48
28, 1.0, 0.7, 1.0, 1.0, 0.700, 49
28, 1.0, 0.7, 1.0, 1.0, 0.700, 50
28, 1.0, 0.8, 1.0, 1.0, 0.700, 1
28, 1.0, 0.8, 1.0, 1.0, 0.700, 2
28, 1.0, 0.8, 1.0, 1.0, 0.700, 3
28, 1.0, 0.8, 1.0, 1.0, 0.700, 4
28, 1.0, 0.8, 1.0, 1.0, 0.700, 5
28, 1.0, 0.8, 1.0, 1.0, 0.700, 6
28, 1.0, 0.8, 1.0, 1.0, 0.700, 7
28, 1.0, 0.8, 1.0, 1.0, 0.700, 8
28, 1.0, 0.8, 1.0, 1.0, 0.700, 9
28, 1.0, 0.8, 1.0, 1.0, 0.700, 10
28, 1.0, 0.8, 1.0, 1.0, 0.700, 11
28, 1.0, 0.8, 1.0, 1.0, 0.700, 12
28, 1.0, 0.8, 1.0, 1.0, 0.700, 13
28, 1.0, 0.8, 1.0, 1.0, 0.700, 14
28, 1.0, 0.8, 1.0, 1.0, 0.700, 15
28, 1.0, 0.8, 1.0, 1.0, 0.700, 16
28, 1.0, 0.8, 1.0, 1.0, 0.700, 17
28, 1.0, 0.8, 1.0, 1.0, 0.700, 18
28, 1.0, 0.8, 1.0, 1.0, 0.700, 19
28, 1.0, 0.8, 1.0, 1.0, 0.700, 20
28, 1.0, 0.8, 1.0, 1.0, 0.700, 21
28, 1.0, 0.8, 1.0, 1.0, 0.700, 22
28, 1.0, 0.8, 1.0, 1.0, 0.700, 23
28, 1.0, 0.8, 1.0, 1.0, 0.700, 24
28, 1.0, 0.8, 1.0, 1.0, 0.700, 25
28, 1.0, 0.8, 1.0, 1.0, 0.700, 26
28, 1.0, 0.8, 1.0, 1.0, 0.700, 27
28, 1.0, 0.8, 1.0, 1.0, 0.700, 28
28, 1.0, 0.8, 1.0, 1.0, 0.700, 29
28, 1.0, 0.8, 1.0, 1.0, 0.700, 30
28, 1.0, 0.8, 1.0, 1.0, 0.700, 31
28, 1.0, 0.8, 1.0, 1.0, 0.700, 32
28, 1.0, 0.8, 1.0, 1.0, 0.700, 33
28, 1.0, 0.8, 1.0, 1.0, 0.700, 34
28, 1.0, 0.8, 1.0, 1.0, 0.700, 35
28, 1.0, 0.8, 1.0, 1.0, 0.700, 36
28, 1.0, 0.8, 1.0, 1.0, 0.700, 37
28, 1.0, 0.8, 1.0, 1.0, 0.700, 38
28, 1.0, 0.8, 1.0, 1.0, 0.700, 39
28, 1.0, 0.8, 1.0, 1.0, 0.700, 40
28, 1.0, 0.8, 1.0, 1.0, 0.700, 41
28, 1.0, 0.8, 1.0, 1.0, 0.700, 42
28, 1.0, 0.8, 1.0, 1.0, 0.700, 43
28, 1.0, 0.8, 1.0, 1.0, 0.700, 44
28, 1.0, 0.8, 1.0, 1.0, 0.700, 45
28, 1.0, 0.8, 1.0, 1.0, 0.700, 46
28, 1.0, 0.8, 1.0, 1.0, 0.700, 47
28, 1.0, 0.8, 1.0, 1.0, 0.700, 48
28, 1.0, 0.8, 1.0, 1.0, 0.700, 49
28, 1.0, 0.8, 1.0, 1.0, 0.700, 50
28, 1.0, 0.9, 1.0, 1.0, 0.700, 1
28, 1.0, 0.9, 1.0, 1.0, 0.700, 2
28, 1.0, 0.9, 1.0, 1.0, 0.700, 3
28, 1.0, 0.9, 1.0, 1.0, 0.700, 4
28, 1.0, 0.9, 1.0, 1.0, 0.700, 5
28, 1.0, 0.9, 1.0, 1.0, 0.700, 6
28, 1.0, 0.9, 1.0, 1.0, 0.700, 7
28, 1.0, 0.9, 1.0, 1.0, 0.700, 8
28, 1.0, 0.9, 1.0, 1.0, 0.700, 9
28, 1.0, 0.9, 1.0, 1.0, 0.700, 10
28, 1.0, 0.9, 1.0, 1.0, 0.700, 11
28, 1.0, 0.9, 1.0, 1.0, 0.700, 12
28, 1.0, 0.9, 1.0, 1.0, 0.700, 13
28, 1.0, 0.9, 1.0, 1.0, 0.700, 14
28, 1.0, 0.9, 1.0, 1.0, 0.700, 15
28, 1.0, 0.9, 1.0, 1.0, 0.700, 16
28, 1.0, 0.9, 1.0, 1.0, 0.700, 17
28, 1.0, 0.9, 1.0, 1.0, 0.700, 18
28, 1.0, 0.9, 1.0, 1.0, 0.700, 19
28, 1.0, 0.9, 1.0, 1.0, 0.700, 20
28, 1.0, 0.9, 1.0, 1.0, 0.700, 21
28, 1.0, 0.9, 1.0, 1.0, 0.700, 22
28, 1.0, 0.9, 1.0, 1.0, 0.700, 23
28, 1.0, 0.9, 1.0, 1.0, 0.700, 24
28, 1.0, 0.9, 1.0, 1.0, 0.700, 25
28, 1.0, 0.9, 1.0, 1.0, 0.700, 26
28, 1.0, 0.9, 1.0, 1.0, 0.700, 27
28, 1.0, 0.9, 1.0, 1.0, 0.700, 28
28, 1.0, 0.9, 1.0, 1.0, 0.700, 29
28, 1.0, 0.9, 1.0, 1.0, 0.700, 30
28, 1.0, 0.9, 1.0, 1.0, 0.700, 31
28, 1.0, 0.9, 1.0, 1.0, 0.700, 32
28, 1.0, 0.9, 1.0, 1.0, 0.700, 33
28, 1.0, 0.9, 1.0, 1.0, 0.700, 34
28, 1.0, 0.9, 1.0, 1.0, 0.700, 35
28, 1.0, 0.9, 1.0, 1.0, 0.700, 36
28, 1.0, 0.9, 1.0, 1.0, 0.700, 37
28, 1.0, 0.9, 1.0, 1.0, 0.700, 38
28, 1.0, 0.9, 1.0, 1.0, 0.700, 39
28, 1.0, 0.9, 1.0, 1.0, 0.700, 40
28, 1.0, 0.9, 1.0, 1.0, 0.700, 41
28, 1.0, 0.9, 1.0, 1.0, 0.700, 42
28, 1.0, 0.9, 1.0, 1.0, 0.700, 43
28, 1.0, 0.9, 1.0, 1.0, 0.700, 44
28, 1.0, 0.9, 1.0, 1.0, 0.700, 45
28, 1.0, 0.9, 1.0, 1.0, 0.700, 46
28, 1.0, 0.9, 1.0, 1.0, 0.700, 47
28, 1.0, 0.9, 1.0, 1.0, 0.700, 48
28, 1.0, 0.9, 1.0, 1.0, 0.700, 49
28, 1.0, 0.9, 1.0, 1.0, 0.700, 50
28, 1.0, 1.1, 1.0, 1.0, 0.700, 1
28, 1.0, 1.1, 1.0, 1.0, 0.700, 2
28, 1.0, 1.1, 1.0, 1.0, 0.700, 3
28, 1.0, 1.1, 1.0, 1.0, 0.700, 4
28, 1.0, 1.1, 1.0, 1.0, 0.700, 5
28, 1.0, 1.1, 1.0, 1.0, 0.700, 6
28, 1.0, 1.1, 1.0, 1.0, 0.700, 7
28, 1.0, 1.1, 1.0, 1.0, 0.700, 8
28, 1.0, 1.1, 1.0, 1.0, 0.700, 9
28, 1.0, 1.1, 1.0, 1.0, 0.700, 10
28, 1.0, 1.1, 1.0, 1.0, 0.700, 11
28, 1.0, 1.1, 1.0, 1.0, 0.700, 12
28, 1.0, 1.1, 1.0, 1.0, 0.700, 13
28, 1.0, 1.1, 1.0, 1.0, 0.700, 14
28, 1.0, 1.1, 1.0, 1.0, 0.700, 15
28, 1.0, 1.1, 1.0, 1.0, 0.700, 16
28, 1.0, 1.1, 1.0, 1.0, 0.700, 17
28, 1.0, 1.1, 1.0, 1.0, 0.700, 18
28, 1.0, 1.1, 1.0, 1.0, 0.700, 19
28, 1.0, 1.1, 1.0, 1.0, 0.700, 20
28, 1.0, 1.1, 1.0, 1.0, 0.700, 21
28, 1.0, 1.1, 1.0, 1.0, 0.700, 22
28, 1.0, 1.1, 1.0, 1.0, 0.700, 23
28, 1.0, 1.1, 1.0, 1.0, 0.700, 24
28, 1.0, 1.1, 1.0, 1.0, 0.700, 25
28, 1.0, 1.1, 1.0, 1.0, 0.700, 26
28, 1.0, 1.1, 1.0, 1.0, 0.700, 27
28, 1.0, 1.1, 1.0, 1.0, 0.700, 28
28, 1.0, 1.1, 1.0, 1.0, 0.700, 29
28, 1.0, 1.1, 1.0, 1.0, 0.700, 30
28, 1.0, 1.1, 1.0, 1.0, 0.700, 31
28, 1.0, 1.1, 1.0, 1.0, 0.700, 32
28, 1.0, 1.1, 1.0, 1.0, 0.700, 33
28, 1.0, 1.1, 1.0, 1.0, 0.700, 34
28, 1.0, 1.1, 1.0, 1.0, 0.700, 35
28, 1.0, 1.1, 1.0, 1.0, 0.700, 36
28, 1.0, 1.1, 1.0, 1.0, 0.700, 37
28, 1.0, 1.1, 1.0, 1.0, 0.700, 38
28, 1.0, 1.1, 1.0, 1.0, 0.700, 39
28, 1.0, 1.1, 1.0, 1.0, 0.700, 40
28, 1.0, 1.1, 1.0, 1.0, 0.700, 41
28, 1.0, 1.1, 1.0, 1.0, 0.700, 42
28, 1.0, 1.1, 1.0, 1.0, 0.700, 43
28, 1.0, 1.1, 1.0, 1.0, 0.700, 44
28, 1.0, 1.1, 1.0, 1.0, 0.700, 45
28, 1.0, 1.1, 1.0, 1.0, 0.700, 46
28, 1.0, 1.1, 1.0, 1.0, 0.700, 47
28, 1.0, 1.1, 1.0, 1.0, 0.700, 48
28, 1.0, 1.1, 1.0, 1.0, 0.700, 49
28, 1.0, 1.1, 1.0, 1.0, 0.700, 50
28, 1.0, 1.2, 1.0, 1.0, 0.700, 1
28, 1.0, 1.2, 1.0, 1.0, 0.700, 2
28, 1.0, 1.2, 1.0, 1.0, 0.700, 3
28, 1.0, 1.2, 1.0, 1.0, 0.700, 4
28, 1.0, 1.2, 1.0, 1.0, 0.700, 5
28, 1.0, 1.2, 1.0, 1.0, 0.700, 6
28, 1.0, 1.2, 1.0, 1.0, 0.700, 7
28, 1.0, 1.2, 1.0, 1.0, 0.700, 8
28, 1.0, 1.2, 1.0, 1.0, 0.700, 9
28, 1.0, 1.2, 1.0, 1.0, 0.700, 10
28, 1.0, 1.2, 1.0, 1.0, 0.700, 11
28, 1.0, 1.2, 1.0, 1.0, 0.700, 12
28, 1.0, 1.2, 1.0, 1.0, 0.700, 13
28, 1.0, 1.2, 1.0, 1.0, 0.700, 14
28, 1.0, 1.2, 1.0, 1.0, 0.700, 15
28, 1.0, 1.2, 1.0, 1.0, 0.700, 16
28, 1.0, 1.2, 1.0, 1.0, 0.700, 17
28, 1.0, 1.2, 1.0, 1.0, 0.700, 18
28, 1.0, 1.2, 1.0, 1.0, 0.700, 19
28, 1.0, 1.2, 1.0, 1.0, 0.700, 20
28, 1.0, 1.2, 1.0, 1.0, 0.700, 21
28, 1.0, 1.2, 1.0, 1.0, 0.700, 22
28, 1.0, 1.2, 1.0, 1.0, 0.700, 23
28, 1.0, 1.2, 1.0, 1.0, 0.700, 24
28, 1.0, 1.2, 1.0, 1.0, 0.700, 25
28, 1.0, 1.2, 1.0, 1.0, 0.700, 26
28, 1.0, 1.2, 1.0, 1.0, 0.700, 27
28, 1.0, 1.2, 1.0, 1.0, 0.700, 28
28, 1.0, 1.2, 1.0, 1.0, 0.700, 29
28, 1.0, 1.2, 1.0, 1.0, 0.700, 30
28, 1.0, 1.2, 1.0, 1.0, 0.700, 31
28, 1.0, 1.2, 1.0, 1.0, 0.700, 32
28, 1.0, 1.2, 1.0, 1.0, 0.700, 33
28, 1.0, 1.2, 1.0, 1.0, 0.700, 34
28, 1.0, 1.2, 1.0, 1.0, 0.700, 35
28, 1.0, 1.2, 1.0, 1.0, 0.700, 36
28, 1.0, 1.2, 1.0, 1.0, 0.700, 37
28, 1.0, 1.2, 1.0, 1.0, 0.700, 38
28, 1.0, 1.2, 1.0, 1.0, 0.700, 39
28, 1.0, 1.2, 1.0, 1.0, 0.700, 40
28, 1.0, 1.2, 1.0, 1.0, 0.700, 41
28, 1.0, 1.2, 1.0, 1.0, 0.700, 42
28, 1.0, 1.2, 1.0, 1.0, 0.700, 43
28, 1.0, 1.2, 1.0, 1.0, 0.700, 44
28, 1.0, 1.2, 1.0, 1.0, 0.700, 45
28, 1.0, 1.2, 1.0, 1.0, 0.700, 46
28, 1.0, 1.2, 1.0, 1.0, 0.700, 47
28, 1.0, 1.2, 1.0, 1.0, 0.700, 48
28, 1.0, 1.2, 1.0, 1.0, 0.700, 49
28, 1.0, 1.2, 1.0, 1.0, 0.700, 50
28, 1.0, 1.3, 1.0, 1.0, 0.700, 1
28, 1.0, 1.3, 1.0, 1.0, 0.700, 2
28, 1.0, 1.3, 1.0, 1.0, 0.700, 3
28, 1.0, 1.3, 1.0, 1.0, 0.700, 4
28, 1.0, 1.3, 1.0, 1.0, 0.700, 5
28, 1.0, 1.3, 1.0, 1.0, 0.700, 6
28, 1.0, 1.3, 1.0, 1.0, 0.700, 7
28, 1.0, 1.3, 1.0, 1.0, 0.700, 8
28, 1.0, 1.3, 1.0, 1.0, 0.700, 9
28, 1.0, 1.3, 1.0, 1.0, 0.700, 10
28, 1.0, 1.3, 1.0, 1.0, 0.700, 11
28, 1.0, 1.3, 1.0, 1.0, 0.700, 12
28, 1.0, 1.3, 1.0, 1.0, 0.700, 13
28, 1.0, 1.3, 1.0, 1.0, 0.700, 14
28, 1.0, 1.3, 1.0, 1.0, 0.700, 15
28, 1.0, 1.3, 1.0, 1.0, 0.700, 16
28, 1.0, 1.3, 1.0, 1.0, 0.700, 17
28, 1.0, 1.3, 1.0, 1.0, 0.700, 18
28, 1.0, 1.3, 1.0, 1.0, 0.700, 19
28, 1.0, 1.3, 1.0, 1.0, 0.700, 20
28, 1.0, 1.3, 1.0, 1.0, 0.700, 21
28, 1.0, 1.3, 1.0, 1.0, 0.700, 22
28, 1.0, 1.3, 1.0, 1.0, 0.700, 23
28, 1.0, 1.3, 1.0, 1.0, 0.700, 24
28, 1.0, 1.3, 1.0, 1.0, 0.700, 25
28, 1.0, 1.3, 1.0, 1.0, 0.700, 26
28, 1.0, 1.3, 1.0, 1.0, 0.700, 27
28, 1.0, 1.3, 1.0, 1.0, 0.700, 28
28, 1.0, 1.3, 1.0, 1.0, 0.700, 29
28, 1.0, 1.3, 1.0, 1.0, 0.700, 30
28, 1.0, 1.3, 1.0, 1.0, 0.700, 31
28, 1.0, 1.3, 1.0, 1.0, 0.700, 32
28, 1.0, 1.3, 1.0, 1.0, 0.700, 33
28, 1.0, 1.3, 1.0, 1.0, 0.700, 34
28, 1.0, 1.3, 1.0, 1.0, 0.700, 35
28, 1.0, 1.3, 1.0, 1.0, 0.700, 36
28, 1.0, 1.3, 1.0, 1.0, 0.700, 37
28, 1.0, 1.3, 1.0, 1.0, 0.700, 38
28, 1.0, 1.3, 1.0, 1.0, 0.700, 39
28, 1.0, 1.3, 1.0, 1.0, 0.700, 40
28, 1.0, 1.3, 1.0, 1.0, 0.700, 41
28, 1.0, 1.3, 1.0, 1.0, 0.700, 42
28, 1.0, 1.3, 1.0, 1.0, 0.700, 43
28, 1.0, 1.3, 1.0, 1.0, 0.700, 44
28, 1.0, 1.3, 1.0, 1.0, 0.700, 45
28, 1.0, 1.3, 1.0, 1.0, 0.700, 46
28, 1.0, 1.3, 1.0, 1.0, 0.700, 47
28, 1.0, 1.3, 1.0, 1.0, 0.700, 48
28, 1.0, 1.3, 1.0, 1.0, 0.700, 49
28, 1.0, 1.3, 1.0, 1.0, 0.700, 50
28, 1.0, 1.0, 0.5, 1.0, 0.700, 1
28, 1.0, 1.0, 0.5, 1.0, 0.700, 2
28, 1.0, 1.0, 0.5, 1.0, 0.700, 3
28, 1.0, 1.0, 0.5, 1.0, 0.700, 4
28, 1.0, 1.0, 0.5, 1.0, 0.700, 5
28, 1.0, 1.0, 0.5, 1.0, 0.700, 6
28, 1.0, 1.0, 0.5, 1.0, 0.700, 7
28, 1.0, 1.0, 0.5, 1.0, 0.700, 8
28, 1.0, 1.0, 0.5, 1.0, 0.700, 9
28, 1.0, 1.0, 0.5, 1.0, 0.700, 10
28, 1.0, 1.0, 0.5, 1.0, 0.700, 11
28, 1.0, 1.0, 0.5, 1.0, 0.700, 12
28, 1.0, 1.0, 0.5, 1.0, 0.700, 13
28, 1.0, 1.0, 0.5, 1.0, 0.700, 14
28, 1.0, 1.0, 0.5, 1.0, 0.700, 15
28, 1.0, 1.0, 0.5, 1.0, 0.700, 16
28, 1.0, 1.0, 0.5, 1.0, 0.700, 17
28, 1.0, 1.0, 0.5, 1.0, 0.700, 18
28, 1.0, 1.0, 0.5, 1.0, 0.700, 19
28, 1.0, 1.0, 0.5, 1.0, 0.700, 20
28, 1.0, 1.0, 0.5, 1.0, 0.700, 21
28, 1.0, 1.0, 0.5, 1.0, 0.700, 22
28, 1.0, 1.0, 0.5, 1.0, 0.700, 23
28, 1.0, 1.0, 0.5, 1.0, 0.700, 24
28, 1.0, 1.0, 0.5, 1.0, 0.700, 25
28, 1.0, 1.0, 0.5, 1.0, 0.700, 26
28, 1.0, 1.0, 0.5, 1.0, 0.700, 27
28, 1.0, 1.0, 0.5, 1.0, 0.700, 28
28, 1.0, 1.0, 0.5, 1.0, 0.700, 29
28, 1.0, 1.0, 0.5, 1.0, 0.700, 30
28, 1.0, 1.0, 0.5, 1.0, 0.700, 31
28, 1.0, 1.0, 0.5, 1.0, 0.700, 32
28, 1.0, 1.0, 0.5, 1.0, 0.700, 33
28, 1.0, 1.0, 0.5, 1.0, 0.700, 34
28, 1.0, 1.0, 0.5, 1.0, 0.700, 35
28, 1.0, 1.0, 0.5, 1.0, 0.700, 36
28, 1.0, 1.0, 0.5, 1.0, 0.700, 37
28, 1.0, 1.0, 0.5, 1.0, 0.700, 38
28, 1.0, 1.0, 0.5, 1.0, 0.700, 39
28, 1.0, 1.0, 0.5, 1.0, 0.700, 40
28, 1.0, 1.0, 0.5, 1.0, 0.700, 41
28, 1.0, 1.0, 0.5, 1.0, 0.700, 42
28, 1.0, 1.0, 0.5, 1.0, 0.700, 43
28, 1.0, 1.0, 0.5, 1.0, 0.700, 44
28, 1.0, 1.0, 0.5, 1.0, 0.700, 45
28, 1.0, 1.0, 0.5, 1.0, 0.700, 46
28, 1.0, 1.0, 0.5, 1.0, 0.700, 47
28, 1.0, 1.0, 0.5, 1.0, 0.700, 48
28, 1.0, 1.0, 0.5, 1.0, 0.700, 49
28, 1.0, 1.0, 0.5, 1.0, 0.700, 50
28, 1.0, 1.0, 0.6, 1.0, 0.700, 1
28, 1.0, 1.0, 0.6, 1.0, 0.700, 2
28, 1.0, 1.0, 0.6, 1.0, 0.700, 3
28, 1.0, 1.0, 0.6, 1.0, 0.700, 4
28, 1.0, 1.0, 0.6, 1.0, 0.700, 5
28, 1.0, 1.0, 0.6, 1.0, 0.700, 6
28, 1.0, 1.0, 0.6, 1.0, 0.700, 7
28, 1.0, 1.0, 0.6, 1.0, 0.700, 8
28, 1.0, 1.0, 0.6, 1.0, 0.700, 9
28, 1.0, 1.0, 0.6, 1.0, 0.700, 10
28, 1.0, 1.0, 0.6, 1.0, 0.700, 11
28, 1.0, 1.0, 0.6, 1.0, 0.700, 12
28, 1.0, 1.0, 0.6, 1.0, 0.700, 13
28, 1.0, 1.0, 0.6, 1.0, 0.700, 14
28, 1.0, 1.0, 0.6, 1.0, 0.700, 15
28, 1.0, 1.0, 0.6, 1.0, 0.700, 16
28, 1.0, 1.0, 0.6, 1.0, 0.700, 17
28, 1.0, 1.0, 0.6, 1.0, 0.700, 18
28, 1.0, 1.0, 0.6, 1.0, 0.700, 19
28, 1.0, 1.0, 0.6, 1.0, 0.700, 20
28, 1.0, 1.0, 0.6, 1.0, 0.700, 21
28, 1.0, 1.0, 0.6, 1.0, 0.700, 22
28, 1.0, 1.0, 0.6, 1.0, 0.700, 23
28, 1.0, 1.0, 0.6, 1.0, 0.700, 24
28, 1.0, 1.0, 0.6, 1.0, 0.700, 25
28, 1.0, 1.0, 0.6, 1.0, 0.700, 26
28, 1.0, 1.0, 0.6, 1.0, 0.700, 27
28, 1.0, 1.0, 0.6, 1.0, 0.700, 28
28, 1.0, 1.0, 0.6, 1.0, 0.700, 29
28, 1.0, 1.0, 0.6, 1.0, 0.700, 30
28, 1.0, 1.0, 0.6, 1.0, 0.700, 31
28, 1.0, 1.0, 0.6, 1.0, 0.700, 32
28, 1.0, 1.0, 0.6, 1.0, 0.700, 33
28, 1.0, 1.0, 0.6, 1.0, 0.700, 34
28, 1.0, 1.0, 0.6, 1.0, 0.700, 35
28, 1.0, 1.0, 0.6, 1.0, 0.700, 36
28, 1.0, 1.0, 0.6, 1.0, 0.700, 37
28, 1.0, 1.0, 0.6, 1.0, 0.700, 38
28, 1.0, 1.0, 0.6, 1.0, 0.700, 39
28, 1.0, 1.0, 0.6, 1.0, 0.700, 40
28, 1.0, 1.0, 0.6, 1.0, 0.700, 41
28, 1.0, 1.0, 0.6, 1.0, 0.700, 42
28, 1.0, 1.0, 0.6, 1.0, 0.700, 43
28, 1.0, 1.0, 0.6, 1.0, 0.700, 44
28, 1.0, 1.0, 0.6, 1.0, 0.700, 45
28, 1.0, 1.0, 0.6, 1.0, 0.700, 46
28, 1.0, 1.0, 0.6, 1.0, 0.700, 47
28, 1.0, 1.0, 0.6, 1.0, 0.700, 48
28, 1.0, 1.0, 0.6, 1.0, 0.700, 49
28, 1.0, 1.0, 0.6, 1.0, 0.700, 50
28, 1.0, 1.0, 0.7, 1.0, 0.700, 1
28, 1.0, 1.0, 0.7, 1.0, 0.700, 2
28, 1.0, 1.0, 0.7, 1.0, 0.700, 3
28, 1.0, 1.0, 0.7, 1.0, 0.700, 4
28, 1.0, 1.0, 0.7, 1.0, 0.700, 5
28, 1.0, 1.0, 0.7, 1.0, 0.700, 6
28, 1.0, 1.0, 0.7, 1.0, 0.700, 7
28, 1.0, 1.0, 0.7, 1.0, 0.700, 8
28, 1.0, 1.0, 0.7, 1.0, 0.700, 9
28, 1.0, 1.0, 0.7, 1.0, 0.700, 10
28, 1.0, 1.0, 0.7, 1.0, 0.700, 11
28, 1.0, 1.0, 0.7, 1.0, 0.700, 12
28, 1.0, 1.0, 0.7, 1.0, 0.700, 13
28, 1.0, 1.0, 0.7, 1.0, 0.700, 14
28, 1.0, 1.0, 0.7, 1.0, 0.700, 15
28, 1.0, 1.0, 0.7, 1.0, 0.700, 16
28, 1.0, 1.0, 0.7, 1.0, 0.700, 17
28, 1.0, 1.0, 0.7, 1.0, 0.700, 18
28, 1.0, 1.0, 0.7, 1.0, 0.700, 19
28, 1.0, 1.0, 0.7, 1.0, 0.700, 20
28, 1.0, 1.0, 0.7, 1.0, 0.700, 21
28, 1.0, 1.0, 0.7, 1.0, 0.700, 22
28, 1.0, 1.0, 0.7, 1.0, 0.700, 23
28, 1.0, 1.0, 0.7, 1.0, 0.700, 24
28, 1.0, 1.0, 0.7, 1.0, 0.700, 25
28, 1.0, 1.0, 0.7, 1.0, 0.700, 26
28, 1.0, 1.0, 0.7, 1.0, 0.700, 27
28, 1.0, 1.0, 0.7, 1.0, 0.700, 28
28, 1.0, 1.0, 0.7, 1.0, 0.700, 29
28, 1.0, 1.0, 0.7, 1.0, 0.700, 30
28, 1.0, 1.0, 0.7, 1.0, 0.700, 31
28, 1.0, 1.0, 0.7, 1.0, 0.700, 32
28, 1.0, 1.0, 0.7, 1.0, 0.700, 33
28, 1.0, 1.0, 0.7, 1.0, 0.700, 34
28, 1.0, 1.0, 0.7, 1.0, 0.700, 35
28, 1.0, 1.0, 0.7, 1.0, 0.700, 36
28, 1.0, 1.0, 0.7, 1.0, 0.700, 37
28, 1.0, 1.0, 0.7, 1.0, 0.700, 38
28, 1.0, 1.0, 0.7, 1.0, 0.700, 39
28, 1.0, 1.0, 0.7, 1.0, 0.700, 40
28, 1.0, 1.0, 0.7, 1.0, 0.700, 41
28, 1.0, 1.0, 0.7, 1.0, 0.700, 42
28, 1.0, 1.0, 0.7, 1.0, 0.700, 43
28, 1.0, 1.0, 0.7, 1.0, 0.700, 44
28, 1.0, 1.0, 0.7, 1.0, 0.700, 45
28, 1.0, 1.0, 0.7, 1.0, 0.700, 46
28, 1.0, 1.0, 0.7, 1.0, 0.700, 47
28, 1.0, 1.0, 0.7, 1.0, 0.700, 48
28, 1.0, 1.0, 0.7, 1.0, 0.700, 49
28, 1.0, 1.0, 0.7, 1.0, 0.700, 50
28, 1.0, 1.0, 0.8, 1.0, 0.700, 1
28, 1.0, 1.0, 0.8, 1.0, 0.700, 2
28, 1.0, 1.0, 0.8, 1.0, 0.700, 3
28, 1.0, 1.0, 0.8, 1.0, 0.700, 4
28, 1.0, 1.0, 0.8, 1.0, 0.700, 5
28, 1.0, 1.0, 0.8, 1.0, 0.700, 6
28, 1.0, 1.0, 0.8, 1.0, 0.700, 7
28, 1.0, 1.0, 0.8, 1.0, 0.700, 8
28, 1.0, 1.0, 0.8, 1.0, 0.700, 9
28, 1.0, 1.0, 0.8, 1.0, 0.700, 10
28, 1.0, 1.0, 0.8, 1.0, 0.700, 11
28, 1.0, 1.0, 0.8, 1.0, 0.700, 12
28, 1.0, 1.0, 0.8, 1.0, 0.700, 13
28, 1.0, 1.0, 0.8, 1.0, 0.700, 14
28, 1.0, 1.0, 0.8, 1.0, 0.700, 15
28, 1.0, 1.0, 0.8, 1.0, 0.700, 16
28, 1.0, 1.0, 0.8, 1.0, 0.700, 17
28, 1.0, 1.0, 0.8, 1.0, 0.700, 18
28, 1.0, 1.0, 0.8, 1.0, 0.700, 19
28, 1.0, 1.0, 0.8, 1.0, 0.700, 20
28, 1.0, 1.0, 0.8, 1.0, 0.700, 21
28, 1.0, 1.0, 0.8, 1.0, 0.700, 22
28, 1.0, 1.0, 0.8, 1.0, 0.700, 23
28, 1.0, 1.0, 0.8, 1.0, 0.700, 24
28, 1.0, 1.0, 0.8, 1.0, 0.700, 25
28, 1.0, 1.0, 0.8, 1.0, 0.700, 26
28, 1.0, 1.0, 0.8, 1.0, 0.700, 27
28, 1.0, 1.0, 0.8, 1.0, 0.700, 28
28, 1.0, 1.0, 0.8, 1.0, 0.700, 29
28, 1.0, 1.0, 0.8, 1.0, 0.700, 30
28, 1.0, 1.0, 0.8, 1.0, 0.700, 31
28, 1.0, 1.0, 0.8, 1.0, 0.700, 32
28, 1.0, 1.0, 0.8, 1.0, 0.700, 33
28, 1.0, 1.0, 0.8, 1.0, 0.700, 34
28, 1.0, 1.0, 0.8, 1.0, 0.700, 35
28, 1.0, 1.0, 0.8, 1.0, 0.700, 36
28, 1.0, 1.0, 0.8, 1.0, 0.700, 37
28, 1.0, 1.0, 0.8, 1.0, 0.700, 38
28, 1.0, 1.0, 0.8, 1.0, 0.700, 39
28, 1.0, 1.0, 0.8, 1.0, 0.700, 40
28, 1.0, 1.0, 0.8, 1.0, 0.700, 41
28, 1.0, 1.0, 0.8, 1.0, 0.700, 42
28, 1.0, 1.0, 0.8, 1.0, 0.700, 43
28, 1.0, 1.0, 0.8, 1.0, 0.700, 44
28, 1.0, 1.0, 0.8, 1.0, 0.700, 45
28, 1.0, 1.0, 0.8, 1.0, 0.700, 46
28, 1.0, 1.0, 0.8, 1.0, 0.700, 47
28, 1.0, 1.0, 0.8, 1.0, 0.700, 48
28, 1.0, 1.0, 0.8, 1.0, 0.700, 49
28, 1.0, 1.0, 0.8, 1.0, 0.700, 50
28, 1.0, 1.0, 0.9, 1.0, 0.700, 1
28, 1.0, 1.0, 0.9, 1.0, 0.700, 2
28, 1.0, 1.0, 0.9, 1.0, 0.700, 3
28, 1.0, 1.0, 0.9, 1.0, 0.700, 4
28, 1.0, 1.0, 0.9, 1.0, 0.700, 5
28, 1.0, 1.0, 0.9, 1.0, 0.700, 6
28, 1.0, 1.0, 0.9, 1.0, 0.700, 7
28, 1.0, 1.0, 0.9, 1.0, 0.700, 8
28, 1.0, 1.0, 0.9, 1.0, 0.700, 9
28, 1.0, 1.0, 0.9, 1.0, 0.700, 10
28, 1.0, 1.0, 0.9, 1.0, 0.700, 11
28, 1.0, 1.0, 0.9, 1.0, 0.700, 12
28, 1.0, 1.0, 0.9, 1.0, 0.700, 13
28, 1.0, 1.0, 0.9, 1.0, 0.700, 14
28, 1.0, 1.0, 0.9, 1.0, 0.700, 15
28, 1.0, 1.0, 0.9, 1.0, 0.700, 16
28, 1.0, 1.0, 0.9, 1.0, 0.700, 17
28, 1.0, 1.0, 0.9, 1.0, 0.700, 18
28, 1.0, 1.0, 0.9, 1.0, 0.700, 19
28, 1.0, 1.0, 0.9, 1.0, 0.700, 20
28, 1.0, 1.0, 0.9, 1.0, 0.700, 21
28, 1.0, 1.0, 0.9, 1.0, 0.700, 22
28, 1.0, 1.0, 0.9, 1.0, 0.700, 23
28, 1.0, 1.0, 0.9, 1.0, 0.700, 24
28, 1.0, 1.0, 0.9, 1.0, 0.700, 25
28, 1.0, 1.0, 0.9, 1.0, 0.700, 26
28, 1.0, 1.0, 0.9, 1.0, 0.700, 27
28, 1.0, 1.0, 0.9, 1.0, 0.700, 28
28, 1.0, 1.0, 0.9, 1.0, 0.700, 29
28, 1.0, 1.0, 0.9, 1.0, 0.700, 30
28, 1.0, 1.0, 0.9, 1.0, 0.700, 31
28, 1.0, 1.0, 0.9, 1.0, 0.700, 32
28, 1.0, 1.0, 0.9, 1.0, 0.700, 33
28, 1.0, 1.0, 0.9, 1.0, 0.700, 34
28, 1.0, 1.0, 0.9, 1.0, 0.700, 35
28, 1.0, 1.0, 0.9, 1.0, 0.700, 36
28, 1.0, 1.0, 0.9, 1.0, 0.700, 37
28, 1.0, 1.0, 0.9, 1.0, 0.700, 38
28, 1.0, 1.0, 0.9, 1.0, 0.700, 39
28, 1.0, 1.0, 0.9, 1.0, 0.700, 40
28, 1.0, 1.0, 0.9, 1.0, 0.700, 41
28, 1.0, 1.0, 0.9, 1.0, 0.700, 42
28, 1.0, 1.0, 0.9, 1.0, 0.700, 43
28, 1.0, 1.0, 0.9, 1.0, 0.700, 44
28, 1.0, 1.0, 0.9, 1.0, 0.700, 45
28, 1.0, 1.0, 0.9, 1.0, 0.700, 46
28, 1.0, 1.0, 0.9, 1.0, 0.700, 47
28, 1.0, 1.0, 0.9, 1.0, 0.700, 48
28, 1.0, 1.0, 0.9, 1.0, 0.700, 49
28, 1.0, 1.0, 0.9, 1.0, 0.700, 50
28, 1.0, 1.0, 1.1, 1.0, 0.700, 1
28, 1.0, 1.0, 1.1, 1.0, 0.700, 2
28, 1.0, 1.0, 1.1, 1.0, 0.700, 3
28, 1.0, 1.0, 1.1, 1.0, 0.700, 4
28, 1.0, 1.0, 1.1, 1.0, 0.700, 5
28, 1.0, 1.0, 1.1, 1.0, 0.700, 6
28, 1.0, 1.0, 1.1, 1.0, 0.700, 7
28, 1.0, 1.0, 1.1, 1.0, 0.700, 8
28, 1.0, 1.0, 1.1, 1.0, 0.700, 9
28, 1.0, 1.0, 1.1, 1.0, 0.700, 10
28, 1.0, 1.0, 1.1, 1.0, 0.700, 11
28, 1.0, 1.0, 1.1, 1.0, 0.700, 12
28, 1.0, 1.0, 1.1, 1.0, 0.700, 13
28, 1.0, 1.0, 1.1, 1.0, 0.700, 14
28, 1.0, 1.0, 1.1, 1.0, 0.700, 15
28, 1.0, 1.0, 1.1, 1.0, 0.700, 16
28, 1.0, 1.0, 1.1, 1.0, 0.700, 17
28, 1.0, 1.0, 1.1, 1.0, 0.700, 18
28, 1.0, 1.0, 1.1, 1.0, 0.700, 19
28, 1.0, 1.0, 1.1, 1.0, 0.700, 20
28, 1.0, 1.0, 1.1, 1.0, 0.700, 21
28, 1.0, 1.0, 1.1, 1.0, 0.700, 22
28, 1.0, 1.0, 1.1, 1.0, 0.700, 23
28, 1.0, 1.0, 1.1, 1.0, 0.700, 24
28, 1.0, 1.0, 1.1, 1.0, 0.700, 25
28, 1.0, 1.0, 1.1, 1.0, 0.700, 26
28, 1.0, 1.0, 1.1, 1.0, 0.700, 27
28, 1.0, 1.0, 1.1, 1.0, 0.700, 28
28, 1.0, 1.0, 1.1, 1.0, 0.700, 29
28, 1.0, 1.0, 1.1, 1.0, 0.700, 30
28, 1.0, 1.0, 1.1, 1.0, 0.700, 31
28, 1.0, 1.0, 1.1, 1.0, 0.700, 32
28, 1.0, 1.0, 1.1, 1.0, 0.700, 33
28, 1.0, 1.0, 1.1, 1.0, 0.700, 34
28, 1.0, 1.0, 1.1, 1.0, 0.700, 35
28, 1.0, 1.0, 1.1, 1.0, 0.700, 36
28, 1.0, 1.0, 1.1, 1.0, 0.700, 37
28, 1.0, 1.0, 1.1, 1.0, 0.700, 38
28, 1.0, 1.0, 1.1, 1.0, 0.700, 39
28, 1.0, 1.0, 1.1, 1.0, 0.700, 40
28, 1.0, 1.0, 1.1, 1.0, 0.700, 41
28, 1.0, 1.0, 1.1, 1.0, 0.700, 42
28, 1.0, 1.0, 1.1, 1.0, 0.700, 43
28, 1.0, 1.0, 1.1, 1.0, 0.700, 44
28, 1.0, 1.0, 1.1, 1.0, 0.700, 45
28, 1.0, 1.0, 1.1, 1.0, 0.700, 46
28, 1.0, 1.0, 1.1, 1.0, 0.700, 47
28, 1.0, 1.0, 1.1, 1.0, 0.700, 48
28, 1.0, 1.0, 1.1, 1.0, 0.700, 49
28, 1.0, 1.0, 1.1, 1.0, 0.700, 50
28, 1.0, 1.0, 1.2, 1.0, 0.700, 1
28, 1.0, 1.0, 1.2, 1.0, 0.700, 2
28, 1.0, 1.0, 1.2, 1.0, 0.700, 3
28, 1.0, 1.0, 1.2, 1.0, 0.700, 4
28, 1.0, 1.0, 1.2, 1.0, 0.700, 5
28, 1.0, 1.0, 1.2, 1.0, 0.700, 6
28, 1.0, 1.0, 1.2, 1.0, 0.700, 7
28, 1.0, 1.0, 1.2, 1.0, 0.700, 8
28, 1.0, 1.0, 1.2, 1.0, 0.700, 9
28, 1.0, 1.0, 1.2, 1.0, 0.700, 10
28, 1.0, 1.0, 1.2, 1.0, 0.700, 11
28, 1.0, 1.0, 1.2, 1.0, 0.700, 12
28, 1.0, 1.0, 1.2, 1.0, 0.700, 13
28, 1.0, 1.0, 1.2, 1.0, 0.700, 14
28, 1.0, 1.0, 1.2, 1.0, 0.700, 15
28, 1.0, 1.0, 1.2, 1.0, 0.700, 16
28, 1.0, 1.0, 1.2, 1.0, 0.700, 17
28, 1.0, 1.0, 1.2, 1.0, 0.700, 18
28, 1.0, 1.0, 1.2, 1.0, 0.700, 19
28, 1.0, 1.0, 1.2, 1.0, 0.700, 20
28, 1.0, 1.0, 1.2, 1.0, 0.700, 21
28, 1.0, 1.0, 1.2, 1.0, 0.700, 22
28, 1.0, 1.0, 1.2, 1.0, 0.700, 23
28, 1.0, 1.0, 1.2, 1.0, 0.700, 24
28, 1.0, 1.0, 1.2, 1.0, 0.700, 25
28, 1.0, 1.0, 1.2, 1.0, 0.700, 26
28, 1.0, 1.0, 1.2, 1.0, 0.700, 27
28, 1.0, 1.0, 1.2, 1.0, 0.700, 28
28, 1.0, 1.0, 1.2, 1.0, 0.700, 29
28, 1.0, 1.0, 1.2, 1.0, 0.700, 30
28, 1.0, 1.0, 1.2, 1.0, 0.700, 31
28, 1.0, 1.0, 1.2, 1.0, 0.700, 32
28, 1.0, 1.0, 1.2, 1.0, 0.700, 33
28, 1.0, 1.0, 1.2, 1.0, 0.700, 34
28, 1.0, 1.0, 1.2, 1.0, 0.700, 35
28, 1.0, 1.0, 1.2, 1.0, 0.700, 36
28, 1.0, 1.0, 1.2, 1.0, 0.700, 37
28, 1.0, 1.0, 1.2, 1.0, 0.700, 38
28, 1.0, 1.0, 1.2, 1.0, 0.700, 39
28, 1.0, 1.0, 1.2, 1.0, 0.700, 40
28, 1.0, 1.0, 1.2, 1.0, 0.700, 41
28, 1.0, 1.0, 1.2, 1.0, 0.700, 42
28, 1.0, 1.0, 1.2, 1.0, 0.700, 43
28, 1.0, 1.0, 1.2, 1.0, 0.700, 44
28, 1.0, 1.0, 1.2, 1.0, 0.700, 45
28, 1.0, 1.0, 1.2, 1.0, 0.700, 46
28, 1.0, 1.0, 1.2, 1.0, 0.700, 47
28, 1.0, 1.0, 1.2, 1.0, 0.700, 48
28, 1.0, 1.0, 1.2, 1.0, 0.700, 49
28, 1.0, 1.0, 1.2, 1.0, 0.700, 50
28, 1.0, 1.0, 1.0, 0.5, 0.700, 1
28, 1.0, 1.0, 1.0, 0.5, 0.700, 2
28, 1.0, 1.0, 1.0, 0.5, 0.700, 3
28, 1.0, 1.0, 1.0, 0.5, 0.700, 4
28, 1.0, 1.0, 1.0, 0.5, 0.700, 5
28, 1.0, 1.0, 1.0, 0.5, 0.700, 6
28, 1.0, 1.0, 1.0, 0.5, 0.700, 7
28, 1.0, 1.0, 1.0, 0.5, 0.700, 8
28, 1.0, 1.0, 1.0, 0.5, 0.700, 9
28, 1.0, 1.0, 1.0, 0.5, 0.700, 10
28, 1.0, 1.0, 1.0, 0.5, 0.700, 11
28, 1.0, 1.0, 1.0, 0.5, 0.700, 12
28, 1.0, 1.0, 1.0, 0.5, 0.700, 13
28, 1.0, 1.0, 1.0, 0.5, 0.700, 14
28, 1.0, 1.0, 1.0, 0.5, 0.700, 15
28, 1.0, 1.0, 1.0, 0.5, 0.700, 16
28, 1.0, 1.0, 1.0, 0.5, 0.700, 17
28, 1.0, 1.0, 1.0, 0.5, 0.700, 18
28, 1.0, 1.0, 1.0, 0.5, 0.700, 19
28, 1.0, 1.0, 1.0, 0.5, 0.700, 20
28, 1.0, 1.0, 1.0, 0.5, 0.700, 21
28, 1.0, 1.0, 1.0, 0.5, 0.700, 22
28, 1.0, 1.0, 1.0, 0.5, 0.700, 23
28, 1.0, 1.0, 1.0, 0.5, 0.700, 24
28, 1.0, 1.0, 1.0, 0.5, 0.700, 25
28, 1.0, 1.0, 1.0, 0.5, 0.700, 26
28, 1.0, 1.0, 1.0, 0.5, 0.700, 27
28, 1.0, 1.0, 1.0, 0.5, 0.700, 28
28, 1.0, 1.0, 1.0, 0.5, 0.700, 29
28, 1.0, 1.0, 1.0, 0.5, 0.700, 30
28, 1.0, 1.0, 1.0, 0.5, 0.700, 31
28, 1.0, 1.0, 1.0, 0.5, 0.700, 32
28, 1.0, 1.0, 1.0, 0.5, 0.700, 33
28, 1.0, 1.0, 1.0, 0.5, 0.700, 34
28, 1.0, 1.0, 1.0, 0.5, 0.700, 35
28, 1.0, 1.0, 1.0, 0.5, 0.700, 36
28, 1.0, 1.0, 1.0, 0.5, 0.700, 37
28, 1.0, 1.0, 1.0, 0.5, 0.700, 38
28, 1.0, 1.0, 1.0, 0.5, 0.700, 39
28, 1.0, 1.0, 1.0, 0.5, 0.700, 40
28, 1.0, 1.0, 1.0, 0.5, 0.700, 41
28, 1.0, 1.0, 1.0, 0.5, 0.700, 42
28, 1.0, 1.0, 1.0, 0.5, 0.700, 43
28, 1.0, 1.0, 1.0, 0.5, 0.700, 44
28, 1.0, 1.0, 1.0, 0.5, 0.700, 45
28, 1.0, 1.0, 1.0, 0.5, 0.700, 46
28, 1.0, 1.0, 1.0, 0.5, 0.700, 47
28, 1.0, 1.0, 1.0, 0.5, 0.700, 48
28, 1.0, 1.0, 1.0, 0.5, 0.700, 49
28, 1.0, 1.0, 1.0, 0.5, 0.700, 50
28, 1.0, 1.0, 1.0, 0.6, 0.700, 1
28, 1.0, 1.0, 1.0, 0.6, 0.700, 2
28, 1.0, 1.0, 1.0, 0.6, 0.700, 3
28, 1.0, 1.0, 1.0, 0.6, 0.700, 4
28, 1.0, 1.0, 1.0, 0.6, 0.700, 5
28, 1.0, 1.0, 1.0, 0.6, 0.700, 6
28, 1.0, 1.0, 1.0, 0.6, 0.700, 7
28, 1.0, 1.0, 1.0, 0.6, 0.700, 8
28, 1.0, 1.0, 1.0, 0.6, 0.700, 9
28, 1.0, 1.0, 1.0, 0.6, 0.700, 10
28, 1.0, 1.0, 1.0, 0.6, 0.700, 11
28, 1.0, 1.0, 1.0, 0.6, 0.700, 12
28, 1.0, 1.0, 1.0, 0.6, 0.700, 13
28, 1.0, 1.0, 1.0, 0.6, 0.700, 14
28, 1.0, 1.0, 1.0, 0.6, 0.700, 15
28, 1.0, 1.0, 1.0, 0.6, 0.700, 16
28, 1.0, 1.0, 1.0, 0.6, 0.700, 17
28, 1.0, 1.0, 1.0, 0.6, 0.700, 18
28, 1.0, 1.0, 1.0, 0.6, 0.700, 19
28, 1.0, 1.0, 1.0, 0.6, 0.700, 20
28, 1.0, 1.0, 1.0, 0.6, 0.700, 21
28, 1.0, 1.0, 1.0, 0.6, 0.700, 22
28, 1.0, 1.0, 1.0, 0.6, 0.700, 23
28, 1.0, 1.0, 1.0, 0.6, 0.700, 24
28, 1.0, 1.0, 1.0, 0.6, 0.700, 25
28, 1.0, 1.0, 1.0, 0.6, 0.700, 26
28, 1.0, 1.0, 1.0, 0.6, 0.700, 27
28, 1.0, 1.0, 1.0, 0.6, 0.700, 28
28, 1.0, 1.0, 1.0, 0.6, 0.700, 29
28, 1.0, 1.0, 1.0, 0.6, 0.700, 30
28, 1.0, 1.0, 1.0, 0.6, 0.700, 31
28, 1.0, 1.0, 1.0, 0.6, 0.700, 32
28, 1.0, 1.0, 1.0, 0.6, 0.700, 33
28, 1.0, 1.0, 1.0, 0.6, 0.700, 34
28, 1.0, 1.0, 1.0, 0.6, 0.700, 35
28, 1.0, 1.0, 1.0, 0.6, 0.700, 36
28, 1.0, 1.0, 1.0, 0.6, 0.700, 37
28, 1.0, 1.0, 1.0, 0.6, 0.700, 38
28, 1.0, 1.0, 1.0, 0.6, 0.700, 39
28, 1.0, 1.0, 1.0, 0.6, 0.700, 40
28, 1.0, 1.0, 1.0, 0.6, 0.700, 41
28, 1.0, 1.0, 1.0, 0.6, 0.700, 42
28, 1.0, 1.0, 1.0, 0.6, 0.700, 43
28, 1.0, 1.0, 1.0, 0.6, 0.700, 44
28, 1.0, 1.0, 1.0, 0.6, 0.700, 45
28, 1.0, 1.0, 1.0, 0.6, 0.700, 46
28, 1.0, 1.0, 1.0, 0.6, 0.700, 47
28, 1.0, 1.0, 1.0, 0.6, 0.700, 48
28, 1.0, 1.0, 1.0, 0.6, 0.700, 49
28, 1.0, 1.0, 1.0, 0.6, 0.700, 50
28, 1.0, 1.0, 1.0, 0.7, 0.700, 1
28, 1.0, 1.0, 1.0, 0.7, 0.700, 2
28, 1.0, 1.0, 1.0, 0.7, 0.700, 3
28, 1.0, 1.0, 1.0, 0.7, 0.700, 4
28, 1.0, 1.0, 1.0, 0.7, 0.700, 5
28, 1.0, 1.0, 1.0, 0.7, 0.700, 6
28, 1.0, 1.0, 1.0, 0.7, 0.700, 7
28, 1.0, 1.0, 1.0, 0.7, 0.700, 8
28, 1.0, 1.0, 1.0, 0.7, 0.700, 9
28, 1.0, 1.0, 1.0, 0.7, 0.700, 10
28, 1.0, 1.0, 1.0, 0.7, 0.700, 11
28, 1.0, 1.0, 1.0, 0.7, 0.700, 12
28, 1.0, 1.0, 1.0, 0.7, 0.700, 13
28, 1.0, 1.0, 1.0, 0.7, 0.700, 14
28, 1.0, 1.0, 1.0, 0.7, 0.700, 15
28, 1.0, 1.0, 1.0, 0.7, 0.700, 16
28, 1.0, 1.0, 1.0, 0.7, 0.700, 17
28, 1.0, 1.0, 1.0, 0.7, 0.700, 18
28, 1.0, 1.0, 1.0, 0.7, 0.700, 19
28, 1.0, 1.0, 1.0, 0.7, 0.700, 20
28, 1.0, 1.0, 1.0, 0.7, 0.700, 21
28, 1.0, 1.0, 1.0, 0.7, 0.700, 22
28, 1.0, 1.0, 1.0, 0.7, 0.700, 23
28, 1.0, 1.0, 1.0, 0.7, 0.700, 24
28, 1.0, 1.0, 1.0, 0.7, 0.700, 25
28, 1.0, 1.0, 1.0, 0.7, 0.700, 26
28, 1.0, 1.0, 1.0, 0.7, 0.700, 27
28, 1.0, 1.0, 1.0, 0.7, 0.700, 28
28, 1.0, 1.0, 1.0, 0.7, 0.700, 29
28, 1.0, 1.0, 1.0, 0.7, 0.700, 30
28, 1.0, 1.0, 1.0, 0.7, 0.700, 31
28, 1.0, 1.0, 1.0, 0.7, 0.700, 32
28, 1.0, 1.0, 1.0, 0.7, 0.700, 33
28, 1.0, 1.0, 1.0, 0.7, 0.700, 34
28, 1.0, 1.0, 1.0, 0.7, 0.700, 35
28, 1.0, 1.0, 1.0, 0.7, 0.700, 36
28, 1.0, 1.0, 1.0, 0.7, 0.700, 37
28, 1.0, 1.0, 1.0, 0.7, 0.700, 38
28, 1.0, 1.0, 1.0, 0.7, 0.700, 39
28, 1.0, 1.0, 1.0, 0.7, 0.700, 40
28, 1.0, 1.0, 1.0, 0.7, 0.700, 41
28, 1.0, 1.0, 1.0, 0.7, 0.700, 42
28, 1.0, 1.0, 1.0, 0.7, 0.700, 43
28, 1.0, 1.0, 1.0, 0.7, 0.700, 44
28, 1.0, 1.0, 1.0, 0.7, 0.700, 45
28, 1.0, 1.0, 1.0, 0.7, 0.700, 46
28, 1.0, 1.0, 1.0, 0.7, 0.700, 47
28, 1.0, 1.0, 1.0, 0.7, 0.700, 48
28, 1.0, 1.0, 1.0, 0.7, 0.700, 49
28, 1.0, 1.0, 1.0, 0.7, 0.700, 50
28, 1.0, 1.0, 1.0, 0.8, 0.700, 1
28, 1.0, 1.0, 1.0, 0.8, 0.700, 2
28, 1.0, 1.0, 1.0, 0.8, 0.700, 3
28, 1.0, 1.0, 1.0, 0.8, 0.700, 4
28, 1.0, 1.0, 1.0, 0.8, 0.700, 5
28, 1.0, 1.0, 1.0, 0.8, 0.700, 6
28, 1.0, 1.0, 1.0, 0.8, 0.700, 7
28, 1.0, 1.0, 1.0, 0.8, 0.700, 8
28, 1.0, 1.0, 1.0, 0.8, 0.700, 9
28, 1.0, 1.0, 1.0, 0.8, 0.700, 10
28, 1.0, 1.0, 1.0, 0.8, 0.700, 11
28, 1.0, 1.0, 1.0, 0.8, 0.700, 12
28, 1.0, 1.0, 1.0, 0.8, 0.700, 13
28, 1.0, 1.0, 1.0, 0.8, 0.700, 14
28, 1.0, 1.0, 1.0, 0.8, 0.700, 15
28, 1.0, 1.0, 1.0, 0.8, 0.700, 16
28, 1.0, 1.0, 1.0, 0.8, 0.700, 17
28, 1.0, 1.0, 1.0, 0.8, 0.700, 18
28, 1.0, 1.0, 1.0, 0.8, 0.700, 19
28, 1.0, 1.0, 1.0, 0.8, 0.700, 20
28, 1.0, 1.0, 1.0, 0.8, 0.700, 21
28, 1.0, 1.0, 1.0, 0.8, 0.700, 22
28, 1.0, 1.0, 1.0, 0.8, 0.700, 23
28, 1.0, 1.0, 1.0, 0.8, 0.700, 24
28, 1.0, 1.0, 1.0, 0.8, 0.700, 25
28, 1.0, 1.0, 1.0, 0.8, 0.700, 26
28, 1.0, 1.0, 1.0, 0.8, 0.700, 27
28, 1.0, 1.0, 1.0, 0.8, 0.700, 28
28, 1.0, 1.0, 1.0, 0.8, 0.700, 29
28, 1.0, 1.0, 1.0, 0.8, 0.700, 30
28, 1.0, 1.0, 1.0, 0.8, 0.700, 31
28, 1.0, 1.0, 1.0, 0.8, 0.700, 32
28, 1.0, 1.0, 1.0, 0.8, 0.700, 33
28, 1.0, 1.0, 1.0, 0.8, 0.700, 34
28, 1.0, 1.0, 1.0, 0.8, 0.700, 35
28, 1.0, 1.0, 1.0, 0.8, 0.700, 36
28, 1.0, 1.0, 1.0, 0.8, 0.700, 37
28, 1.0, 1.0, 1.0, 0.8, 0.700, 38
28, 1.0, 1.0, 1.0, 0.8, 0.700, 39
28, 1.0, 1.0, 1.0, 0.8, 0.700, 40
28, 1.0, 1.0, 1.0, 0.8, 0.700, 41
28, 1.0, 1.0, 1.0, 0.8, 0.700, 42
28, 1.0, 1.0, 1.0, 0.8, 0.700, 43
28, 1.0, 1.0, 1.0, 0.8, 0.700, 44
28, 1.0, 1.0, 1.0, 0.8, 0.700, 45
28, 1.0, 1.0, 1.0, 0.8, 0.700, 46
28, 1.0, 1.0, 1.0, 0.8, 0.700, 47
28, 1.0, 1.0, 1.0, 0.8, 0.700, 48
28, 1.0, 1.0, 1.0, 0.8, 0.700, 49
28, 1.0, 1.0, 1.0, 0.8, 0.700, 50
28, 1.0, 1.0, 1.0, 0.9, 0.700, 1
28, 1.0, 1.0, 1.0, 0.9, 0.700, 2
28, 1.0, 1.0, 1.0, 0.9, 0.700, 3
28, 1.0, 1.0, 1.0, 0.9, 0.700, 4
28, 1.0, 1.0, 1.0, 0.9, 0.700, 5
28, 1.0, 1.0, 1.0, 0.9, 0.700, 6
28, 1.0, 1.0, 1.0, 0.9, 0.700, 7
28, 1.0, 1.0, 1.0, 0.9, 0.700, 8
28, 1.0, 1.0, 1.0, 0.9, 0.700, 9
28, 1.0, 1.0, 1.0, 0.9, 0.700, 10
28, 1.0, 1.0, 1.0, 0.9, 0.700, 11
28, 1.0, 1.0, 1.0, 0.9, 0.700, 12
28, 1.0, 1.0, 1.0, 0.9, 0.700, 13
28, 1.0, 1.0, 1.0, 0.9, 0.700, 14
28, 1.0, 1.0, 1.0, 0.9, 0.700, 15
28, 1.0, 1.0, 1.0, 0.9, 0.700, 16
28, 1.0, 1.0, 1.0, 0.9, 0.700, 17
28, 1.0, 1.0, 1.0, 0.9, 0.700, 18
28, 1.0, 1.0, 1.0, 0.9, 0.700, 19
28, 1.0, 1.0, 1.0, 0.9, 0.700, 20
28, 1.0, 1.0, 1.0, 0.9, 0.700, 21
28, 1.0, 1.0, 1.0, 0.9, 0.700, 22
28, 1.0, 1.0, 1.0, 0.9, 0.700, 23
28, 1.0, 1.0, 1.0, 0.9, 0.700, 24
28, 1.0, 1.0, 1.0, 0.9, 0.700, 25
28, 1.0, 1.0, 1.0, 0.9, 0.700, 26
28, 1.0, 1.0, 1.0, 0.9, 0.700, 27
28, 1.0, 1.0, 1.0, 0.9, 0.700, 28
28, 1.0, 1.0, 1.0, 0.9, 0.700, 29
28, 1.0, 1.0, 1.0, 0.9, 0.700, 30
28, 1.0, 1.0, 1.0, 0.9, 0.700, 31
28, 1.0, 1.0, 1.0, 0.9, 0.700, 32
28, 1.0, 1.0, 1.0, 0.9, 0.700, 33
28, 1.0, 1.0, 1.0, 0.9, 0.700, 34
28, 1.0, 1.0, 1.0, 0.9, 0.700, 35
28, 1.0, 1.0, 1.0, 0.9, 0.700, 36
28, 1.0, 1.0, 1.0, 0.9, 0.700, 37
28, 1.0, 1.0, 1.0, 0.9, 0.700, 38
28, 1.0, 1.0, 1.0, 0.9, 0.700, 39
28, 1.0, 1.0, 1.0, 0.9, 0.700, 40
28, 1.0, 1.0, 1.0, 0.9, 0.700, 41
28, 1.0, 1.0, 1.0, 0.9, 0.700, 42
28, 1.0, 1.0, 1.0, 0.9, 0.700, 43
28, 1.0, 1.0, 1.0, 0.9, 0.700, 44
28, 1.0, 1.0, 1.0, 0.9, 0.700, 45
28, 1.0, 1.0, 1.0, 0.9, 0.700, 46
28, 1.0, 1.0, 1.0, 0.9, 0.700, 47
28, 1.0, 1.0, 1.0, 0.9, 0.700, 48
28, 1.0, 1.0, 1.0, 0.9, 0.700, 49
28, 1.0, 1.0, 1.0, 0.9, 0.700, 50
28, 1.0, 1.0, 1.0, 1.1, 0.700, 1
28, 1.0, 1.0, 1.0, 1.1, 0.700, 2
28, 1.0, 1.0, 1.0, 1.1, 0.700, 3
28, 1.0, 1.0, 1.0, 1.1, 0.700, 4
28, 1.0, 1.0, 1.0, 1.1, 0.700, 5
28, 1.0, 1.0, 1.0, 1.1, 0.700, 6
28, 1.0, 1.0, 1.0, 1.1, 0.700, 7
28, 1.0, 1.0, 1.0, 1.1, 0.700, 8
28, 1.0, 1.0, 1.0, 1.1, 0.700, 9
28, 1.0, 1.0, 1.0, 1.1, 0.700, 10
28, 1.0, 1.0, 1.0, 1.1, 0.700, 11
28, 1.0, 1.0, 1.0, 1.1, 0.700, 12
28, 1.0, 1.0, 1.0, 1.1, 0.700, 13
28, 1.0, 1.0, 1.0, 1.1, 0.700, 14
28, 1.0, 1.0, 1.0, 1.1, 0.700, 15
28, 1.0, 1.0, 1.0, 1.1, 0.700, 16
28, 1.0, 1.0, 1.0, 1.1, 0.700, 17
28, 1.0, 1.0, 1.0, 1.1, 0.700, 18
28, 1.0, 1.0, 1.0, 1.1, 0.700, 19
28, 1.0, 1.0, 1.0, 1.1, 0.700, 20
28, 1.0, 1.0, 1.0, 1.1, 0.700, 21
28, 1.0, 1.0, 1.0, 1.1, 0.700, 22
28, 1.0, 1.0, 1.0, 1.1, 0.700, 23
28, 1.0, 1.0, 1.0, 1.1, 0.700, 24
28, 1.0, 1.0, 1.0, 1.1, 0.700, 25
28, 1.0, 1.0, 1.0, 1.1, 0.700, 26
28, 1.0, 1.0, 1.0, 1.1, 0.700, 27
28, 1.0, 1.0, 1.0, 1.1, 0.700, 28
28, 1.0, 1.0, 1.0, 1.1, 0.700, 29
28, 1.0, 1.0, 1.0, 1.1, 0.700, 30
28, 1.0, 1.0, 1.0, 1.1, 0.700, 31
28, 1.0, 1.0, 1.0, 1.1, 0.700, 32
28, 1.0, 1.0, 1.0, 1.1, 0.700, 33
28, 1.0, 1.0, 1.0, 1.1, 0.700, 34
28, 1.0, 1.0, 1.0, 1.1, 0.700, 35
28, 1.0, 1.0, 1.0, 1.1, 0.700, 36
28, 1.0, 1.0, 1.0, 1.1, 0.700, 37
28, 1.0, 1.0, 1.0, 1.1, 0.700, 38
28, 1.0, 1.0, 1.0, 1.1, 0.700, 39
28, 1.0, 1.0, 1.0, 1.1, 0.700, 40
28, 1.0, 1.0, 1.0, 1.1, 0.700, 41
28, 1.0, 1.0, 1.0, 1.1, 0.700, 42
28, 1.0, 1.0, 1.0, 1.1, 0.700, 43
28, 1.0, 1.0, 1.0, 1.1, 0.700, 44
28, 1.0, 1.0, 1.0, 1.1, 0.700, 45
28, 1.0, 1.0, 1.0, 1.1, 0.700, 46
28, 1.0, 1.0, 1.0, 1.1, 0.700, 47
28, 1.0, 1.0, 1.0, 1.1, 0.700, 48
28, 1.0, 1.0, 1.0, 1.1, 0.700, 49
28, 1.0, 1.0, 1.0, 1.1, 0.700, 50
28, 1.0, 1.0, 1.0, 1.2, 0.700, 1
28, 1.0, 1.0, 1.0, 1.2, 0.700, 2
28, 1.0, 1.0, 1.0, 1.2, 0.700, 3
28, 1.0, 1.0, 1.0, 1.2, 0.700, 4
28, 1.0, 1.0, 1.0, 1.2, 0.700, 5
28, 1.0, 1.0, 1.0, 1.2, 0.700, 6
28, 1.0, 1.0, 1.0, 1.2, 0.700, 7
28, 1.0, 1.0, 1.0, 1.2, 0.700, 8
28, 1.0, 1.0, 1.0, 1.2, 0.700, 9
28, 1.0, 1.0, 1.0, 1.2, 0.700, 10
28, 1.0, 1.0, 1.0, 1.2, 0.700, 11
28, 1.0, 1.0, 1.0, 1.2, 0.700, 12
28, 1.0, 1.0, 1.0, 1.2, 0.700, 13
28, 1.0, 1.0, 1.0, 1.2, 0.700, 14
28, 1.0, 1.0, 1.0, 1.2, 0.700, 15
28, 1.0, 1.0, 1.0, 1.2, 0.700, 16
28, 1.0, 1.0, 1.0, 1.2, 0.700, 17
28, 1.0, 1.0, 1.0, 1.2, 0.700, 18
28, 1.0, 1.0, 1.0, 1.2, 0.700, 19
28, 1.0, 1.0, 1.0, 1.2, 0.700, 20
28, 1.0, 1.0, 1.0, 1.2, 0.700, 21
28, 1.0, 1.0, 1.0, 1.2, 0.700, 22
28, 1.0, 1.0, 1.0, 1.2, 0.700, 23
28, 1.0, 1.0, 1.0, 1.2, 0.700, 24
28, 1.0, 1.0, 1.0, 1.2, 0.700, 25
28, 1.0, 1.0, 1.0, 1.2, 0.700, 26
28, 1.0, 1.0, 1.0, 1.2, 0.700, 27
28, 1.0, 1.0, 1.0, 1.2, 0.700, 28
28, 1.0, 1.0, 1.0, 1.2, 0.700, 29
28, 1.0, 1.0, 1.0, 1.2, 0.700, 30
28, 1.0, 1.0, 1.0, 1.2, 0.700, 31
28, 1.0, 1.0, 1.0, 1.2, 0.700, 32
28, 1.0, 1.0, 1.0, 1.2, 0.700, 33
28, 1.0, 1.0, 1.0, 1.2, 0.700, 34
28, 1.0, 1.0, 1.0, 1.2, 0.700, 35
28, 1.0, 1.0, 1.0, 1.2, 0.700, 36
28, 1.0, 1.0, 1.0, 1.2, 0.700, 37
28, 1.0, 1.0, 1.0, 1.2, 0.700, 38
28, 1.0, 1.0, 1.0, 1.2, 0.700, 39
28, 1.0, 1.0, 1.0, 1.2, 0.700, 40
28, 1.0, 1.0, 1.0, 1.2, 0.700, 41
28, 1.0, 1.0, 1.0, 1.2, 0.700, 42
28, 1.0, 1.0, 1.0, 1.2, 0.700, 43
28, 1.0, 1.0, 1.0, 1.2, 0.700, 44
28, 1.0, 1.0, 1.0, 1.2, 0.700, 45
28, 1.0, 1.0, 1.0, 1.2, 0.700, 46
28, 1.0, 1.0, 1.0, 1.2, 0.700, 47
28, 1.0, 1.0, 1.0, 1.2, 0.700, 48
28, 1.0, 1.0, 1.0, 1.2, 0.700, 49
28, 1.0, 1.0, 1.0, 1.2, 0.700, 50
28, 1.0, 1.0, 0.5, 0.5, 0.700, 1
28, 1.0, 1.0, 0.5, 0.5, 0.700, 2
28, 1.0, 1.0, 0.5, 0.5, 0.700, 3
28, 1.0, 1.0, 0.5, 0.5, 0.700, 4
28, 1.0, 1.0, 0.5, 0.5, 0.700, 5
28, 1.0, 1.0, 0.5, 0.5, 0.700, 6
28, 1.0, 1.0, 0.5, 0.5, 0.700, 7
28, 1.0, 1.0, 0.5, 0.5, 0.700, 8
28, 1.0, 1.0, 0.5, 0.5, 0.700, 9
28, 1.0, 1.0, 0.5, 0.5, 0.700, 10
28, 1.0, 1.0, 0.5, 0.5, 0.700, 11
28, 1.0, 1.0, 0.5, 0.5, 0.700, 12
28, 1.0, 1.0, 0.5, 0.5, 0.700, 13
28, 1.0, 1.0, 0.5, 0.5, 0.700, 14
28, 1.0, 1.0, 0.5, 0.5, 0.700, 15
28, 1.0, 1.0, 0.5, 0.5, 0.700, 16
28, 1.0, 1.0, 0.5, 0.5, 0.700, 17
28, 1.0, 1.0, 0.5, 0.5, 0.700, 18
28, 1.0, 1.0, 0.5, 0.5, 0.700, 19
28, 1.0, 1.0, 0.5, 0.5, 0.700, 20
28, 1.0, 1.0, 0.5, 0.5, 0.700, 21
28, 1.0, 1.0, 0.5, 0.5, 0.700, 22
28, 1.0, 1.0, 0.5, 0.5, 0.700, 23
28, 1.0, 1.0, 0.5, 0.5, 0.700, 24
28, 1.0, 1.0, 0.5, 0.5, 0.700, 25
28, 1.0, 1.0, 0.5, 0.5, 0.700, 26
28, 1.0, 1.0, 0.5, 0.5, 0.700, 27
28, 1.0, 1.0, 0.5, 0.5, 0.700, 28
28, 1.0, 1.0, 0.5, 0.5, 0.700, 29
28, 1.0, 1.0, 0.5, 0.5, 0.700, 30
28, 1.0, 1.0, 0.5, 0.5, 0.700, 31
28, 1.0, 1.0, 0.5, 0.5, 0.700, 32
28, 1.0, 1.0, 0.5, 0.5, 0.700, 33
28, 1.0, 1.0, 0.5, 0.5, 0.700, 34
28, 1.0, 1.0, 0.5, 0.5, 0.700, 35
28, 1.0, 1.0, 0.5, 0.5, 0.700, 36
28, 1.0, 1.0, 0.5, 0.5, 0.700, 37
28, 1.0, 1.0, 0.5, 0.5, 0.700, 38
28, 1.0, 1.0, 0.5, 0.5, 0.700, 39
28, 1.0, 1.0, 0.5, 0.5, 0.700, 40
28, 1.0, 1.0, 0.5, 0.5, 0.700, 41
28, 1.0, 1.0, 0.5, 0.5, 0.700, 42
28, 1.0, 1.0, 0.5, 0.5, 0.700, 43
28, 1.0, 1.0, 0.5, 0.5, 0.700, 44
28, 1.0, 1.0, 0.5, 0.5, 0.700, 45
28, 1.0, 1.0, 0.5, 0.5, 0.700, 46
28, 1.0, 1.0, 0.5, 0.5, 0.700, 47
28, 1.0, 1.0, 0.5, 0.5, 0.700, 48
28, 1.0, 1.0, 0.5, 0.5, 0.700, 49
28, 1.0, 1.0, 0.5, 0.5, 0.700, 50
28, 1.0, 1.0, 0.6, 0.6, 0.700, 1
28, 1.0, 1.0, 0.6, 0.6, 0.700, 2
28, 1.0, 1.0, 0.6, 0.6, 0.700, 3
28, 1.0, 1.0, 0.6, 0.6, 0.700, 4
28, 1.0, 1.0, 0.6, 0.6, 0.700, 5
28, 1.0, 1.0, 0.6, 0.6, 0.700, 6
28, 1.0, 1.0, 0.6, 0.6, 0.700, 7
28, 1.0, 1.0, 0.6, 0.6, 0.700, 8
28, 1.0, 1.0, 0.6, 0.6, 0.700, 9
28, 1.0, 1.0, 0.6, 0.6, 0.700, 10
28, 1.0, 1.0, 0.6, 0.6, 0.700, 11
28, 1.0, 1.0, 0.6, 0.6, 0.700, 12
28, 1.0, 1.0, 0.6, 0.6, 0.700, 13
28, 1.0, 1.0, 0.6, 0.6, 0.700, 14
28, 1.0, 1.0, 0.6, 0.6, 0.700, 15
28, 1.0, 1.0, 0.6, 0.6, 0.700, 16
28, 1.0, 1.0, 0.6, 0.6, 0.700, 17
28, 1.0, 1.0, 0.6, 0.6, 0.700, 18
28, 1.0, 1.0, 0.6, 0.6, 0.700, 19
28, 1.0, 1.0, 0.6, 0.6, 0.700, 20
28, 1.0, 1.0, 0.6, 0.6, 0.700, 21
28, 1.0, 1.0, 0.6, 0.6, 0.700, 22
28, 1.0, 1.0, 0.6, 0.6, 0.700, 23
28, 1.0, 1.0, 0.6, 0.6, 0.700, 24
28, 1.0, 1.0, 0.6, 0.6, 0.700, 25
28, 1.0, 1.0, 0.6, 0.6, 0.700, 26
28, 1.0, 1.0, 0.6, 0.6, 0.700, 27
28, 1.0, 1.0, 0.6, 0.6, 0.700, 28
28, 1.0, 1.0, 0.6, 0.6, 0.700, 29
28, 1.0, 1.0, 0.6, 0.6, 0.700, 30
28, 1.0, 1.0, 0.6, 0.6, 0.700, 31
28, 1.0, 1.0, 0.6, 0.6, 0.700, 32
28, 1.0, 1.0, 0.6, 0.6, 0.700, 33
28, 1.0, 1.0, 0.6, 0.6, 0.700, 34
28, 1.0, 1.0, 0.6, 0.6, 0.700, 35
28, 1.0, 1.0, 0.6, 0.6, 0.700, 36
28, 1.0, 1.0, 0.6, 0.6, 0.700, 37
28, 1.0, 1.0, 0.6, 0.6, 0.700, 38
28, 1.0, 1.0, 0.6, 0.6, 0.700, 39
28, 1.0, 1.0, 0.6, 0.6, 0.700, 40
28, 1.0, 1.0, 0.6, 0.6, 0.700, 41
28, 1.0, 1.0, 0.6, 0.6, 0.700, 42
28, 1.0, 1.0, 0.6, 0.6, 0.700, 43
28, 1.0, 1.0, 0.6, 0.6, 0.700, 44
28, 1.0, 1.0, 0.6, 0.6, 0.700, 45
28, 1.0, 1.0, 0.6, 0.6, 0.700, 46
28, 1.0, 1.0, 0.6, 0.6, 0.700, 47
28, 1.0, 1.0, 0.6, 0.6, 0.700, 48
28, 1.0, 1.0, 0.6, 0.6, 0.700, 49
28, 1.0, 1.0, 0.6, 0.6, 0.700, 50
28, 1.0, 1.0, 0.7, 0.7, 0.700, 1
28, 1.0, 1.0, 0.7, 0.7, 0.700, 2
28, 1.0, 1.0, 0.7, 0.7, 0.700, 3
28, 1.0, 1.0, 0.7, 0.7, 0.700, 4
28, 1.0, 1.0, 0.7, 0.7, 0.700, 5
28, 1.0, 1.0, 0.7, 0.7, 0.700, 6
28, 1.0, 1.0, 0.7, 0.7, 0.700, 7
28, 1.0, 1.0, 0.7, 0.7, 0.700, 8
28, 1.0, 1.0, 0.7, 0.7, 0.700, 9
28, 1.0, 1.0, 0.7, 0.7, 0.700, 10
28, 1.0, 1.0, 0.7, 0.7, 0.700, 11
28, 1.0, 1.0, 0.7, 0.7, 0.700, 12
28, 1.0, 1.0, 0.7, 0.7, 0.700, 13
28, 1.0, 1.0, 0.7, 0.7, 0.700, 14
28, 1.0, 1.0, 0.7, 0.7, 0.700, 15
28, 1.0, 1.0, 0.7, 0.7, 0.700, 16
28, 1.0, 1.0, 0.7, 0.7, 0.700, 17
28, 1.0, 1.0, 0.7, 0.7, 0.700, 18
28, 1.0, 1.0, 0.7, 0.7, 0.700, 19
28, 1.0, 1.0, 0.7, 0.7, 0.700, 20
28, 1.0, 1.0, 0.7, 0.7, 0.700, 21
28, 1.0, 1.0, 0.7, 0.7, 0.700, 22
28, 1.0, 1.0, 0.7, 0.7, 0.700, 23
28, 1.0, 1.0, 0.7, 0.7, 0.700, 24
28, 1.0, 1.0, 0.7, 0.7, 0.700, 25
28, 1.0, 1.0, 0.7, 0.7, 0.700, 26
28, 1.0, 1.0, 0.7, 0.7, 0.700, 27
28, 1.0, 1.0, 0.7, 0.7, 0.700, 28
28, 1.0, 1.0, 0.7, 0.7, 0.700, 29
28, 1.0, 1.0, 0.7, 0.7, 0.700, 30
28, 1.0, 1.0, 0.7, 0.7, 0.700, 31
28, 1.0, 1.0, 0.7, 0.7, 0.700, 32
28, 1.0, 1.0, 0.7, 0.7, 0.700, 33
28, 1.0, 1.0, 0.7, 0.7, 0.700, 34
28, 1.0, 1.0, 0.7, 0.7, 0.700, 35
28, 1.0, 1.0, 0.7, 0.7, 0.700, 36
28, 1.0, 1.0, 0.7, 0.7, 0.700, 37
28, 1.0, 1.0, 0.7, 0.7, 0.700, 38
28, 1.0, 1.0, 0.7, 0.7, 0.700, 39
28, 1.0, 1.0, 0.7, 0.7, 0.700, 40
28, 1.0, 1.0, 0.7, 0.7, 0.700, 41
28, 1.0, 1.0, 0.7, 0.7, 0.700, 42
28, 1.0, 1.0, 0.7, 0.7, 0.700, 43
28, 1.0, 1.0, 0.7, 0.7, 0.700, 44
28, 1.0, 1.0, 0.7, 0.7, 0.700, 45
28, 1.0, 1.0, 0.7, 0.7, 0.700, 46
28, 1.0, 1.0, 0.7, 0.7, 0.700, 47
28, 1.0, 1.0, 0.7, 0.7, 0.700, 48
28, 1.0, 1.0, 0.7, 0.7, 0.700, 49
28, 1.0, 1.0, 0.7, 0.7, 0.700, 50
28, 1.0, 1.0, 0.8, 0.8, 0.700, 1
28, 1.0, 1.0, 0.8, 0.8, 0.700, 2
28, 1.0, 1.0, 0.8, 0.8, 0.700, 3
28, 1.0, 1.0, 0.8, 0.8, 0.700, 4
28, 1.0, 1.0, 0.8, 0.8, 0.700, 5
28, 1.0, 1.0, 0.8, 0.8, 0.700, 6
28, 1.0, 1.0, 0.8, 0.8, 0.700, 7
28, 1.0, 1.0, 0.8, 0.8, 0.700, 8
28, 1.0, 1.0, 0.8, 0.8, 0.700, 9
28, 1.0, 1.0, 0.8, 0.8, 0.700, 10
28, 1.0, 1.0, 0.8, 0.8, 0.700, 11
28, 1.0, 1.0, 0.8, 0.8, 0.700, 12
28, 1.0, 1.0, 0.8, 0.8, 0.700, 13
28, 1.0, 1.0, 0.8, 0.8, 0.700, 14
28, 1.0, 1.0, 0.8, 0.8, 0.700, 15
28, 1.0, 1.0, 0.8, 0.8, 0.700, 16
28, 1.0, 1.0, 0.8, 0.8, 0.700, 17
28, 1.0, 1.0, 0.8, 0.8, 0.700, 18
28, 1.0, 1.0, 0.8, 0.8, 0.700, 19
28, 1.0, 1.0, 0.8, 0.8, 0.700, 20
28, 1.0, 1.0, 0.8, 0.8, 0.700, 21
28, 1.0, 1.0, 0.8, 0.8, 0.700, 22
28, 1.0, 1.0, 0.8, 0.8, 0.700, 23
28, 1.0, 1.0, 0.8, 0.8, 0.700, 24
28, 1.0, 1.0, 0.8, 0.8, 0.700, 25
28, 1.0, 1.0, 0.8, 0.8, 0.700, 26
28, 1.0, 1.0, 0.8, 0.8, 0.700, 27
28, 1.0, 1.0, 0.8, 0.8, 0.700, 28
28, 1.0, 1.0, 0.8, 0.8, 0.700, 29
28, 1.0, 1.0, 0.8, 0.8, 0.700, 30
28, 1.0, 1.0, 0.8, 0.8, 0.700, 31
28, 1.0, 1.0, 0.8, 0.8, 0.700, 32
28, 1.0, 1.0, 0.8, 0.8, 0.700, 33
28, 1.0, 1.0, 0.8, 0.8, 0.700, 34
28, 1.0, 1.0, 0.8, 0.8, 0.700, 35
28, 1.0, 1.0, 0.8, 0.8, 0.700, 36
28, 1.0, 1.0, 0.8, 0.8, 0.700, 37
28, 1.0, 1.0, 0.8, 0.8, 0.700, 38
28, 1.0, 1.0, 0.8, 0.8, 0.700, 39
28, 1.0, 1.0, 0.8, 0.8, 0.700, 40
28, 1.0, 1.0, 0.8, 0.8, 0.700, 41
28, 1.0, 1.0, 0.8, 0.8, 0.700, 42
28, 1.0, 1.0, 0.8, 0.8, 0.700, 43
28, 1.0, 1.0, 0.8, 0.8, 0.700, 44
28, 1.0, 1.0, 0.8, 0.8, 0.700, 45
28, 1.0, 1.0, 0.8, 0.8, 0.700, 46
28, 1.0, 1.0, 0.8, 0.8, 0.700, 47
28, 1.0, 1.0, 0.8, 0.8, 0.700, 48
28, 1.0, 1.0, 0.8, 0.8, 0.700, 49
28, 1.0, 1.0, 0.8, 0.8, 0.700, 50
28, 1.0, 1.0, 0.9, 0.9, 0.700, 1
28, 1.0, 1.0, 0.9, 0.9, 0.700, 2
28, 1.0, 1.0, 0.9, 0.9, 0.700, 3
28, 1.0, 1.0, 0.9, 0.9, 0.700, 4
28, 1.0, 1.0, 0.9, 0.9, 0.700, 5
28, 1.0, 1.0, 0.9, 0.9, 0.700, 6
28, 1.0, 1.0, 0.9, 0.9, 0.700, 7
28, 1.0, 1.0, 0.9, 0.9, 0.700, 8
28, 1.0, 1.0, 0.9, 0.9, 0.700, 9
28, 1.0, 1.0, 0.9, 0.9, 0.700, 10
28, 1.0, 1.0, 0.9, 0.9, 0.700, 11
28, 1.0, 1.0, 0.9, 0.9, 0.700, 12
28, 1.0, 1.0, 0.9, 0.9, 0.700, 13
28, 1.0, 1.0, 0.9, 0.9, 0.700, 14
28, 1.0, 1.0, 0.9, 0.9, 0.700, 15
28, 1.0, 1.0, 0.9, 0.9, 0.700, 16
28, 1.0, 1.0, 0.9, 0.9, 0.700, 17
28, 1.0, 1.0, 0.9, 0.9, 0.700, 18
28, 1.0, 1.0, 0.9, 0.9, 0.700, 19
28, 1.0, 1.0, 0.9, 0.9, 0.700, 20
28, 1.0, 1.0, 0.9, 0.9, 0.700, 21
28, 1.0, 1.0, 0.9, 0.9, 0.700, 22
28, 1.0, 1.0, 0.9, 0.9, 0.700, 23
28, 1.0, 1.0, 0.9, 0.9, 0.700, 24
28, 1.0, 1.0, 0.9, 0.9, 0.700, 25
28, 1.0, 1.0, 0.9, 0.9, 0.700, 26
28, 1.0, 1.0, 0.9, 0.9, 0.700, 27
28, 1.0, 1.0, 0.9, 0.9, 0.700, 28
28, 1.0, 1.0, 0.9, 0.9, 0.700, 29
28, 1.0, 1.0, 0.9, 0.9, 0.700, 30
28, 1.0, 1.0, 0.9, 0.9, 0.700, 31
28, 1.0, 1.0, 0.9, 0.9, 0.700, 32
28, 1.0, 1.0, 0.9, 0.9, 0.700, 33
28, 1.0, 1.0, 0.9, 0.9, 0.700, 34
28, 1.0, 1.0, 0.9, 0.9, 0.700, 35
28, 1.0, 1.0, 0.9, 0.9, 0.700, 36
28, 1.0, 1.0, 0.9, 0.9, 0.700, 37
28, 1.0, 1.0, 0.9, 0.9, 0.700, 38
28, 1.0, 1.0, 0.9, 0.9, 0.700, 39
28, 1.0, 1.0, 0.9, 0.9, 0.700, 40
28, 1.0, 1.0, 0.9, 0.9, 0.700, 41
28, 1.0, 1.0, 0.9, 0.9, 0.700, 42
28, 1.0, 1.0, 0.9, 0.9, 0.700, 43
28, 1.0, 1.0, 0.9, 0.9, 0.700, 44
28, 1.0, 1.0, 0.9, 0.9, 0.700, 45
28, 1.0, 1.0, 0.9, 0.9, 0.700, 46
28, 1.0, 1.0, 0.9, 0.9, 0.700, 47
28, 1.0, 1.0, 0.9, 0.9, 0.700, 48
28, 1.0, 1.0, 0.9, 0.9, 0.700, 49
28, 1.0, 1.0, 0.9, 0.9, 0.700, 50
28, 1.0, 1.0, 1.1, 1.1, 0.700, 1
28, 1.0, 1.0, 1.1, 1.1, 0.700, 2
28, 1.0, 1.0, 1.1, 1.1, 0.700, 3
28, 1.0, 1.0, 1.1, 1.1, 0.700, 4
28, 1.0, 1.0, 1.1, 1.1, 0.700, 5
28, 1.0, 1.0, 1.1, 1.1, 0.700, 6
28, 1.0, 1.0, 1.1, 1.1, 0.700, 7
28, 1.0, 1.0, 1.1, 1.1, 0.700, 8
28, 1.0, 1.0, 1.1, 1.1, 0.700, 9
28, 1.0, 1.0, 1.1, 1.1, 0.700, 10
28, 1.0, 1.0, 1.1, 1.1, 0.700, 11
28, 1.0, 1.0, 1.1, 1.1, 0.700, 12
28, 1.0, 1.0, 1.1, 1.1, 0.700, 13
28, 1.0, 1.0, 1.1, 1.1, 0.700, 14
28, 1.0, 1.0, 1.1, 1.1, 0.700, 15
28, 1.0, 1.0, 1.1, 1.1, 0.700, 16
28, 1.0, 1.0, 1.1, 1.1, 0.700, 17
28, 1.0, 1.0, 1.1, 1.1, 0.700, 18
28, 1.0, 1.0, 1.1, 1.1, 0.700, 19
28, 1.0, 1.0, 1.1, 1.1, 0.700, 20
28, 1.0, 1.0, 1.1, 1.1, 0.700, 21
28, 1.0, 1.0, 1.1, 1.1, 0.700, 22
28, 1.0, 1.0, 1.1, 1.1, 0.700, 23
28, 1.0, 1.0, 1.1, 1.1, 0.700, 24
28, 1.0, 1.0, 1.1, 1.1, 0.700, 25
28, 1.0, 1.0, 1.1, 1.1, 0.700, 26
28, 1.0, 1.0, 1.1, 1.1, 0.700, 27
28, 1.0, 1.0, 1.1, 1.1, 0.700, 28
28, 1.0, 1.0, 1.1, 1.1, 0.700, 29
28, 1.0, 1.0, 1.1, 1.1, 0.700, 30
28, 1.0, 1.0, 1.1, 1.1, 0.700, 31
28, 1.0, 1.0, 1.1, 1.1, 0.700, 32
28, 1.0, 1.0, 1.1, 1.1, 0.700, 33
28, 1.0, 1.0, 1.1, 1.1, 0.700, 34
28, 1.0, 1.0, 1.1, 1.1, 0.700, 35
28, 1.0, 1.0, 1.1, 1.1, 0.700, 36
28, 1.0, 1.0, 1.1, 1.1, 0.700, 37
28, 1.0, 1.0, 1.1, 1.1, 0.700, 38
28, 1.0, 1.0, 1.1, 1.1, 0.700, 39
28, 1.0, 1.0, 1.1, 1.1, 0.700, 40
28, 1.0, 1.0, 1.1, 1.1, 0.700, 41
28, 1.0, 1.0, 1.1, 1.1, 0.700, 42
28, 1.0, 1.0, 1.1, 1.1, 0.700, 43
28, 1.0, 1.0, 1.1, 1.1, 0.700, 44
28, 1.0, 1.0, 1.1, 1.1, 0.700, 45
28, 1.0, 1.0, 1.1, 1.1, 0.700, 46
28, 1.0, 1.0, 1.1, 1.1, 0.700, 47
28, 1.0, 1.0, 1.1, 1.1, 0.700, 48
28, 1.0, 1.0, 1.1, 1.1, 0.700, 49
28, 1.0, 1.0, 1.1, 1.1, 0.700, 50
28, 1.0, 1.0, 1.2, 1.2, 0.700, 1
28, 1.0, 1.0, 1.2, 1.2, 0.700, 2
28, 1.0, 1.0, 1.2, 1.2, 0.700, 3
28, 1.0, 1.0, 1.2, 1.2, 0.700, 4
28, 1.0, 1.0, 1.2, 1.2, 0.700, 5
28, 1.0, 1.0, 1.2, 1.2, 0.700, 6
28, 1.0, 1.0, 1.2, 1.2, 0.700, 7
28, 1.0, 1.0, 1.2, 1.2, 0.700, 8
28, 1.0, 1.0, 1.2, 1.2, 0.700, 9
28, 1.0, 1.0, 1.2, 1.2, 0.700, 10
28, 1.0, 1.0, 1.2, 1.2, 0.700, 11
28, 1.0, 1.0, 1.2, 1.2, 0.700, 12
28, 1.0, 1.0, 1.2, 1.2, 0.700, 13
28, 1.0, 1.0, 1.2, 1.2, 0.700, 14
28, 1.0, 1.0, 1.2, 1.2, 0.700, 15
28, 1.0, 1.0, 1.2, 1.2, 0.700, 16
28, 1.0, 1.0, 1.2, 1.2, 0.700, 17
28, 1.0, 1.0, 1.2, 1.2, 0.700, 18
28, 1.0, 1.0, 1.2, 1.2, 0.700, 19
28, 1.0, 1.0, 1.2, 1.2, 0.700, 20
28, 1.0, 1.0, 1.2, 1.2, 0.700, 21
28, 1.0, 1.0, 1.2, 1.2, 0.700, 22
28, 1.0, 1.0, 1.2, 1.2, 0.700, 23
28, 1.0, 1.0, 1.2, 1.2, 0.700, 24
28, 1.0, 1.0, 1.2, 1.2, 0.700, 25
28, 1.0, 1.0, 1.2, 1.2, 0.700, 26
28, 1.0, 1.0, 1.2, 1.2, 0.700, 27
28, 1.0, 1.0, 1.2, 1.2, 0.700, 28
28, 1.0, 1.0, 1.2, 1.2, 0.700, 29
28, 1.0, 1.0, 1.2, 1.2, 0.700, 30
28, 1.0, 1.0, 1.2, 1.2, 0.700, 31
28, 1.0, 1.0, 1.2, 1.2, 0.700, 32
28, 1.0, 1.0, 1.2, 1.2, 0.700, 33
28, 1.0, 1.0, 1.2, 1.2, 0.700, 34
28, 1.0, 1.0, 1.2, 1.2, 0.700, 35
28, 1.0, 1.0, 1.2, 1.2, 0.700, 36
28, 1.0, 1.0, 1.2, 1.2, 0.700, 37
28, 1.0, 1.0, 1.2, 1.2, 0.700, 38
28, 1.0, 1.0, 1.2, 1.2, 0.700, 39
28, 1.0, 1.0, 1.2, 1.2, 0.700, 40
28, 1.0, 1.0, 1.2, 1.2, 0.700, 41
28, 1.0, 1.0, 1.2, 1.2, 0.700, 42
28, 1.0, 1.0, 1.2, 1.2, 0.700, 43
28, 1.0, 1.0, 1.2, 1.2, 0.700, 44
28, 1.0, 1.0, 1.2, 1.2, 0.700, 45
28, 1.0, 1.0, 1.2, 1.2, 0.700, 46
28, 1.0, 1.0, 1.2, 1.2, 0.700, 47
28, 1.0, 1.0, 1.2, 1.2, 0.700, 48
28, 1.0, 1.0, 1.2, 1.2, 0.700, 49
28, 1.0, 1.0, 1.2, 1.2, 0.700, 50
28, 1.0, 1.0, 1.0, 1.0, 0.550, 1
28, 1.0, 1.0, 1.0, 1.0, 0.550, 2
28, 1.0, 1.0, 1.0, 1.0, 0.550, 3
28, 1.0, 1.0, 1.0, 1.0, 0.550, 4
28, 1.0, 1.0, 1.0, 1.0, 0.550, 5
28, 1.0, 1.0, 1.0, 1.0, 0.550, 6
28, 1.0, 1.0, 1.0, 1.0, 0.550, 7
28, 1.0, 1.0, 1.0, 1.0, 0.550, 8
28, 1.0, 1.0, 1.0, 1.0, 0.550, 9
28, 1.0, 1.0, 1.0, 1.0, 0.550, 10
28, 1.0, 1.0, 1.0, 1.0, 0.550, 11
28, 1.0, 1.0, 1.0, 1.0, 0.550, 12
28, 1.0, 1.0, 1.0, 1.0, 0.550, 13
28, 1.0, 1.0, 1.0, 1.0, 0.550, 14
28, 1.0, 1.0, 1.0, 1.0, 0.550, 15
28, 1.0, 1.0, 1.0, 1.0, 0.550, 16
28, 1.0, 1.0, 1.0, 1.0, 0.550, 17
28, 1.0, 1.0, 1.0, 1.0, 0.550, 18
28, 1.0, 1.0, 1.0, 1.0, 0.550, 19
28, 1.0, 1.0, 1.0, 1.0, 0.550, 20
28, 1.0, 1.0, 1.0, 1.0, 0.550, 21
28, 1.0, 1.0, 1.0, 1.0, 0.550, 22
28, 1.0, 1.0, 1.0, 1.0, 0.550, 23
28, 1.0, 1.0, 1.0, 1.0, 0.550, 24
28, 1.0, 1.0, 1.0, 1.0, 0.550, 25
28, 1.0, 1.0, 1.0, 1.0, 0.550, 26
28, 1.0, 1.0, 1.0, 1.0, 0.550, 27
28, 1.0, 1.0, 1.0, 1.0, 0.550, 28
28, 1.0, 1.0, 1.0, 1.0, 0.550, 29
28, 1.0, 1.0, 1.0, 1.0, 0.550, 30
28, 1.0, 1.0, 1.0, 1.0, 0.550, 31
28, 1.0, 1.0, 1.0, 1.0, 0.550, 32
28, 1.0, 1.0, 1.0, 1.0, 0.550, 33
28, 1.0, 1.0, 1.0, 1.0, 0.550, 34
28, 1.0, 1.0, 1.0, 1.0, 0.550, 35
28, 1.0, 1.0, 1.0, 1.0, 0.550, 36
28, 1.0, 1.0, 1.0, 1.0, 0.550, 37
28, 1.0, 1.0, 1.0, 1.0, 0.550, 38
28, 1.0, 1.0, 1.0, 1.0, 0.550, 39
28, 1.0, 1.0, 1.0, 1.0, 0.550, 40
28, 1.0, 1.0, 1.0, 1.0, 0.550, 41
28, 1.0, 1.0, 1.0, 1.0, 0.550, 42
28, 1.0, 1.0, 1.0, 1.0, 0.550, 43
28, 1.0, 1.0, 1.0, 1.0, 0.550, 44
28, 1.0, 1.0, 1.0, 1.0, 0.550, 45
28, 1.0, 1.0, 1.0, 1.0, 0.550, 46
28, 1.0, 1.0, 1.0, 1.0, 0.550, 47
28, 1.0, 1.0, 1.0, 1.0, 0.550, 48
28, 1.0, 1.0, 1.0, 1.0, 0.550, 49
28, 1.0, 1.0, 1.0, 1.0, 0.550, 50
28, 1.0, 1.0, 1.0, 1.0, 0.600, 1
28, 1.0, 1.0, 1.0, 1.0, 0.600, 2
28, 1.0, 1.0, 1.0, 1.0, 0.600, 3
28, 1.0, 1.0, 1.0, 1.0, 0.600, 4
28, 1.0, 1.0, 1.0, 1.0, 0.600, 5
28, 1.0, 1.0, 1.0, 1.0, 0.600, 6
28, 1.0, 1.0, 1.0, 1.0, 0.600, 7
28, 1.0, 1.0, 1.0, 1.0, 0.600, 8
28, 1.0, 1.0, 1.0, 1.0, 0.600, 9
28, 1.0, 1.0, 1.0, 1.0, 0.600, 10
28, 1.0, 1.0, 1.0, 1.0, 0.600, 11
28, 1.0, 1.0, 1.0, 1.0, 0.600, 12
28, 1.0, 1.0, 1.0, 1.0, 0.600, 13
28, 1.0, 1.0, 1.0, 1.0, 0.600, 14
28, 1.0, 1.0, 1.0, 1.0, 0.600, 15
28, 1.0, 1.0, 1.0, 1.0, 0.600, 16
28, 1.0, 1.0, 1.0, 1.0, 0.600, 17
28, 1.0, 1.0, 1.0, 1.0, 0.600, 18
28, 1.0, 1.0, 1.0, 1.0, 0.600, 19
28, 1.0, 1.0, 1.0, 1.0, 0.600, 20
28, 1.0, 1.0, 1.0, 1.0, 0.600, 21
28, 1.0, 1.0, 1.0, 1.0, 0.600, 22
28, 1.0, 1.0, 1.0, 1.0, 0.600, 23
28, 1.0, 1.0, 1.0, 1.0, 0.600, 24
28, 1.0, 1.0, 1.0, 1.0, 0.600, 25
28, 1.0, 1.0, 1.0, 1.0, 0.600, 26
28, 1.0, 1.0, 1.0, 1.0, 0.600, 27
28, 1.0, 1.0, 1.0, 1.0, 0.600, 28
28, 1.0, 1.0, 1.0, 1.0, 0.600, 29
28, 1.0, 1.0, 1.0, 1.0, 0.600, 30
28, 1.0, 1.0, 1.0, 1.0, 0.600, 31
28, 1.0, 1.0, 1.0, 1.0, 0.600, 32
28, 1.0, 1.0, 1.0, 1.0, 0.600, 33
28, 1.0, 1.0, 1.0, 1.0, 0.600, 34
28, 1.0, 1.0, 1.0, 1.0, 0.600, 35
28, 1.0, 1.0, 1.0, 1.0, 0.600, 36
28, 1.0, 1.0, 1.0, 1.0, 0.600, 37
28, 1.0, 1.0, 1.0, 1.0, 0.600, 38
28, 1.0, 1.0, 1.0, 1.0, 0.600, 39
28, 1.0, 1.0, 1.0, 1.0, 0.600, 40
28, 1.0, 1.0, 1.0, 1.0, 0.600, 41
28, 1.0, 1.0, 1.0, 1.0, 0.600, 42
28, 1.0, 1.0, 1.0, 1.0, 0.600, 43
28, 1.0, 1.0, 1.0, 1.0, 0.600, 44
28, 1.0, 1.0, 1.0, 1.0, 0.600, 45
28, 1.0, 1.0, 1.0, 1.0, 0.600, 46
28, 1.0, 1.0, 1.0, 1.0, 0.600, 47
28, 1.0, 1.0, 1.0, 1.0, 0.600, 48
28, 1.0, 1.0, 1.0, 1.0, 0.600, 49
28, 1.0, 1.0, 1.0, 1.0, 0.600, 50
28, 1.0, 1.0, 1.0, 1.0, 0.650, 1
28, 1.0, 1.0, 1.0, 1.0, 0.650, 2
28, 1.0, 1.0, 1.0, 1.0, 0.650, 3
28, 1.0, 1.0, 1.0, 1.0, 0.650, 4
28, 1.0, 1.0, 1.0, 1.0, 0.650, 5
28, 1.0, 1.0, 1.0, 1.0, 0.650, 6
28, 1.0, 1.0, 1.0, 1.0, 0.650, 7
28, 1.0, 1.0, 1.0, 1.0, 0.650, 8
28, 1.0, 1.0, 1.0, 1.0, 0.650, 9
28, 1.0, 1.0, 1.0, 1.0, 0.650, 10
28, 1.0, 1.0, 1.0, 1.0, 0.650, 11
28, 1.0, 1.0, 1.0, 1.0, 0.650, 12
28, 1.0, 1.0, 1.0, 1.0, 0.650, 13
28, 1.0, 1.0, 1.0, 1.0, 0.650, 14
28, 1.0, 1.0, 1.0, 1.0, 0.650, 15
28, 1.0, 1.0, 1.0, 1.0, 0.650, 16
28, 1.0, 1.0, 1.0, 1.0, 0.650, 17
28, 1.0, 1.0, 1.0, 1.0, 0.650, 18
28, 1.0, 1.0, 1.0, 1.0, 0.650, 19
28, 1.0, 1.0, 1.0, 1.0, 0.650, 20
28, 1.0, 1.0, 1.0, 1.0, 0.650, 21
28, 1.0, 1.0, 1.0, 1.0, 0.650, 22
28, 1.0, 1.0, 1.0, 1.0, 0.650, 23
28, 1.0, 1.0, 1.0, 1.0, 0.650, 24
28, 1.0, 1.0, 1.0, 1.0, 0.650, 25
28, 1.0, 1.0, 1.0, 1.0, 0.650, 26
28, 1.0, 1.0, 1.0, 1.0, 0.650, 27
28, 1.0, 1.0, 1.0, 1.0, 0.650, 28
28, 1.0, 1.0, 1.0, 1.0, 0.650, 29
28, 1.0, 1.0, 1.0, 1.0, 0.650, 30
28, 1.0, 1.0, 1.0, 1.0, 0.650, 31
28, 1.0, 1.0, 1.0, 1.0, 0.650, 32
28, 1.0, 1.0, 1.0, 1.0, 0.650, 33
28, 1.0, 1.0, 1.0, 1.0, 0.650, 34
28, 1.0, 1.0, 1.0, 1.0, 0.650, 35
28, 1.0, 1.0, 1.0, 1.0, 0.650, 36
28, 1.0, 1.0, 1.0, 1.0, 0.650, 37
28, 1.0, 1.0, 1.0, 1.0, 0.650, 38
28, 1.0, 1.0, 1.0, 1.0, 0.650, 39
28, 1.0, 1.0, 1.0, 1.0, 0.650, 40
28, 1.0, 1.0, 1.0, 1.0, 0.650, 41
28, 1.0, 1.0, 1.0, 1.0, 0.650, 42
28, 1.0, 1.0, 1.0, 1.0, 0.650, 43
28, 1.0, 1.0, 1.0, 1.0, 0.650, 44
28, 1.0, 1.0, 1.0, 1.0, 0.650, 45
28, 1.0, 1.0, 1.0, 1.0, 0.650, 46
28, 1.0, 1.0, 1.0, 1.0, 0.650, 47
28, 1.0, 1.0, 1.0, 1.0, 0.650, 48
28, 1.0, 1.0, 1.0, 1.0, 0.650, 49
28, 1.0, 1.0, 1.0, 1.0, 0.650, 50
28, 1.0, 1.0, 1.0, 1.0, 0.675, 1
28, 1.0, 1.0, 1.0, 1.0, 0.675, 2
28, 1.0, 1.0, 1.0, 1.0, 0.675, 3
28, 1.0, 1.0, 1.0, 1.0, 0.675, 4
28, 1.0, 1.0, 1.0, 1.0, 0.675, 5
28, 1.0, 1.0, 1.0, 1.0, 0.675, 6
28, 1.0, 1.0, 1.0, 1.0, 0.675, 7
28, 1.0, 1.0, 1.0, 1.0, 0.675, 8
28, 1.0, 1.0, 1.0, 1.0, 0.675, 9
28, 1.0, 1.0, 1.0, 1.0, 0.675, 10
28, 1.0, 1.0, 1.0, 1.0, 0.675, 11
28, 1.0, 1.0, 1.0, 1.0, 0.675, 12
28, 1.0, 1.0, 1.0, 1.0, 0.675, 13
28, 1.0, 1.0, 1.0, 1.0, 0.675, 14
28, 1.0, 1.0, 1.0, 1.0, 0.675, 15
28, 1.0, 1.0, 1.0, 1.0, 0.675, 16
28, 1.0, 1.0, 1.0, 1.0, 0.675, 17
28, 1.0, 1.0, 1.0, 1.0, 0.675, 18
28, 1.0, 1.0, 1.0, 1.0, 0.675, 19
28, 1.0, 1.0, 1.0, 1.0, 0.675, 20
28, 1.0, 1.0, 1.0, 1.0, 0.675, 21
28, 1.0, 1.0, 1.0, 1.0, 0.675, 22
28, 1.0, 1.0, 1.0, 1.0, 0.675, 23
28, 1.0, 1.0, 1.0, 1.0, 0.675, 24
28, 1.0, 1.0, 1.0, 1.0, 0.675, 25
28, 1.0, 1.0, 1.0, 1.0, 0.675, 26
28, 1.0, 1.0, 1.0, 1.0, 0.675, 27
28, 1.0, 1.0, 1.0, 1.0, 0.675, 28
28, 1.0, 1.0, 1.0, 1.0, 0.675, 29
28, 1.0, 1.0, 1.0, 1.0, 0.675, 30
28, 1.0, 1.0, 1.0, 1.0, 0.675, 31
28, 1.0, 1.0, 1.0, 1.0, 0.675, 32
28, 1.0, 1.0, 1.0, 1.0, 0.675, 33
28, 1.0, 1.0, 1.0, 1.0, 0.675, 34
28, 1.0, 1.0, 1.0, 1.0, 0.675, 35
28, 1.0, 1.0, 1.0, 1.0, 0.675, 36
28, 1.0, 1.0, 1.0, 1.0, 0.675, 37
28, 1.0, 1.0, 1.0, 1.0, 0.675, 38
28, 1.0, 1.0, 1.0, 1.0, 0.675, 39
28, 1.0, 1.0, 1.0, 1.0, 0.675, 40
28, 1.0, 1.0, 1.0, 1.0, 0.675, 41
28, 1.0, 1.0, 1.0, 1.0, 0.675, 42
28, 1.0, 1.0, 1.0, 1.0, 0.675, 43
28, 1.0, 1.0, 1.0, 1.0, 0.675, 44
28, 1.0, 1.0, 1.0, 1.0, 0.675, 45
28, 1.0, 1.0, 1.0, 1.0, 0.675, 46
28, 1.0, 1.0, 1.0, 1.0, 0.675, 47
28, 1.0, 1.0, 1.0, 1.0, 0.675, 48
28, 1.0, 1.0, 1.0, 1.0, 0.675, 49
28, 1.0, 1.0, 1.0, 1.0, 0.675, 50
28, 1.0, 1.0, 1.0, 1.0, 0.725, 1
28, 1.0, 1.0, 1.0, 1.0, 0.725, 2
28, 1.0, 1.0, 1.0, 1.0, 0.725, 3
28, 1.0, 1.0, 1.0, 1.0, 0.725, 4
28, 1.0, 1.0, 1.0, 1.0, 0.725, 5
28, 1.0, 1.0, 1.0, 1.0, 0.725, 6
28, 1.0, 1.0, 1.0, 1.0, 0.725, 7
28, 1.0, 1.0, 1.0, 1.0, 0.725, 8
28, 1.0, 1.0, 1.0, 1.0, 0.725, 9
28, 1.0, 1.0, 1.0, 1.0, 0.725, 10
28, 1.0, 1.0, 1.0, 1.0, 0.725, 11
28, 1.0, 1.0, 1.0, 1.0, 0.725, 12
28, 1.0, 1.0, 1.0, 1.0, 0.725, 13
28, 1.0, 1.0, 1.0, 1.0, 0.725, 14
28, 1.0, 1.0, 1.0, 1.0, 0.725, 15
28, 1.0, 1.0, 1.0, 1.0, 0.725, 16
28, 1.0, 1.0, 1.0, 1.0, 0.725, 17
28, 1.0, 1.0, 1.0, 1.0, 0.725, 18
28, 1.0, 1.0, 1.0, 1.0, 0.725, 19
28, 1.0, 1.0, 1.0, 1.0, 0.725, 20
28, 1.0, 1.0, 1.0, 1.0, 0.725, 21
28, 1.0, 1.0, 1.0, 1.0, 0.725, 22
28, 1.0, 1.0, 1.0, 1.0, 0.725, 23
28, 1.0, 1.0, 1.0, 1.0, 0.725, 24
28, 1.0, 1.0, 1.0, 1.0, 0.725, 25
28, 1.0, 1.0, 1.0, 1.0, 0.725, 26
28, 1.0, 1.0, 1.0, 1.0, 0.725, 27
28, 1.0, 1.0, 1.0, 1.0, 0.725, 28
28, 1.0, 1.0, 1.0, 1.0, 0.725, 29
28, 1.0, 1.0, 1.0, 1.0, 0.725, 30
28, 1.0, 1.0, 1.0, 1.0, 0.725, 31
28, 1.0, 1.0, 1.0, 1.0, 0.725, 32
28, 1.0, 1.0, 1.0, 1.0, 0.725, 33
28, 1.0, 1.0, 1.0, 1.0, 0.725, 34
28, 1.0, 1.0, 1.0, 1.0, 0.725, 35
28, 1.0, 1.0, 1.0, 1.0, 0.725, 36
28, 1.0, 1.0, 1.0, 1.0, 0.725, 37
28, 1.0, 1.0, 1.0, 1.0, 0.725, 38
28, 1.0, 1.0, 1.0, 1.0, 0.725, 39
28, 1.0, 1.0, 1.0, 1.0, 0.725, 40
28, 1.0, 1.0, 1.0, 1.0, 0.725, 41
28, 1.0, 1.0, 1.0, 1.0, 0.725, 42
28, 1.0, 1.0, 1.0, 1.0, 0.725, 43
28, 1.0, 1.0, 1.0, 1.0, 0.725, 44
28, 1.0, 1.0, 1.0, 1.0, 0.725, 45
28, 1.0, 1.0, 1.0, 1.0, 0.725, 46
28, 1.0, 1.0, 1.0, 1.0, 0.725, 47
28, 1.0, 1.0, 1.0, 1.0, 0.725, 48
28, 1.0, 1.0, 1.0, 1.0, 0.725, 49
28, 1.0, 1.0, 1.0, 1.0, 0.725, 50
28, 1.0, 1.0, 1.0, 1.0, 0.750, 1
28, 1.0, 1.0, 1.0, 1.0, 0.750, 2
28, 1.0, 1.0, 1.0, 1.0, 0.750, 3
28, 1.0, 1.0, 1.0, 1.0, 0.750, 4
28, 1.0, 1.0, 1.0, 1.0, 0.750, 5
28, 1.0, 1.0, 1.0, 1.0, 0.750, 6
28, 1.0, 1.0, 1.0, 1.0, 0.750, 7
28, 1.0, 1.0, 1.0, 1.0, 0.750, 8
28, 1.0, 1.0, 1.0, 1.0, 0.750, 9
28, 1.0, 1.0, 1.0, 1.0, 0.750, 10
28, 1.0, 1.0, 1.0, 1.0, 0.750, 11
28, 1.0, 1.0, 1.0, 1.0, 0.750, 12
28, 1.0, 1.0, 1.0, 1.0, 0.750, 13
28, 1.0, 1.0, 1.0, 1.0, 0.750, 14
28, 1.0, 1.0, 1.0, 1.0, 0.750, 15
28, 1.0, 1.0, 1.0, 1.0, 0.750, 16
28, 1.0, 1.0, 1.0, 1.0, 0.750, 17
28, 1.0, 1.0, 1.0, 1.0, 0.750, 18
28, 1.0, 1.0, 1.0, 1.0, 0.750, 19
28, 1.0, 1.0, 1.0, 1.0, 0.750, 20
28, 1.0, 1.0, 1.0, 1.0, 0.750, 21
28, 1.0, 1.0, 1.0, 1.0, 0.750, 22
28, 1.0, 1.0, 1.0, 1.0, 0.750, 23
28, 1.0, 1.0, 1.0, 1.0, 0.750, 24
28, 1.0, 1.0, 1.0, 1.0, 0.750, 25
28, 1.0, 1.0, 1.0, 1.0, 0.750, 26
28, 1.0, 1.0, 1.0, 1.0, 0.750, 27
28, 1.0, 1.0, 1.0, 1.0, 0.750, 28
28, 1.0, 1.0, 1.0, 1.0, 0.750, 29
28, 1.0, 1.0, 1.0, 1.0, 0.750, 30
28, 1.0, 1.0, 1.0, 1.0, 0.750, 31
28, 1.0, 1.0, 1.0, 1.0, 0.750, 32
28, 1.0, 1.0, 1.0, 1.0, 0.750, 33
28, 1.0, 1.0, 1.0, 1.0, 0.750, 34
28, 1.0, 1.0, 1.0, 1.0, 0.750, 35
28, 1.0, 1.0, 1.0, 1.0, 0.750, 36
28, 1.0, 1.0, 1.0, 1.0, 0.750, 37
28, 1.0, 1.0, 1.0, 1.0, 0.750, 38
28, 1.0, 1.0, 1.0, 1.0, 0.750, 39
28, 1.0, 1.0, 1.0, 1.0, 0.750, 40
28, 1.0, 1.0, 1.0, 1.0, 0.750, 41
28, 1.0, 1.0, 1.0, 1.0, 0.750, 42
28, 1.0, 1.0, 1.0, 1.0, 0.750, 43
28, 1.0, 1.0, 1.0, 1.0, 0.750, 44
28, 1.0, 1.0, 1.0, 1.0, 0.750, 45
28, 1.0, 1.0, 1.0, 1.0, 0.750, 46
28, 1.0, 1.0, 1.0, 1.0, 0.750, 47
28, 1.0, 1.0, 1.0, 1.0, 0.750, 48
28, 1.0, 1.0, 1.0, 1.0, 0.750, 49
28, 1.0, 1.0, 1.0, 1.0, 0.750, 50
28, 1.0, 1.0, 1.0, 1.0, 0.800, 1
28, 1.0, 1.0, 1.0, 1.0, 0.800, 2
28, 1.0, 1.0, 1.0, 1.0, 0.800, 3
28, 1.0, 1.0, 1.0, 1.0, 0.800, 4
28, 1.0, 1.0, 1.0, 1.0, 0.800, 5
28, 1.0, 1.0, 1.0, 1.0, 0.800, 6
28, 1.0, 1.0, 1.0, 1.0, 0.800, 7
28, 1.0, 1.0, 1.0, 1.0, 0.800, 8
28, 1.0, 1.0, 1.0, 1.0, 0.800, 9
28, 1.0, 1.0, 1.0, 1.0, 0.800, 10
28, 1.0, 1.0, 1.0, 1.0, 0.800, 11
28, 1.0, 1.0, 1.0, 1.0, 0.800, 12
28, 1.0, 1.0, 1.0, 1.0, 0.800, 13
28, 1.0, 1.0, 1.0, 1.0, 0.800, 14
28, 1.0, 1.0, 1.0, 1.0, 0.800, 15
28, 1.0, 1.0, 1.0, 1.0, 0.800, 16
28, 1.0, 1.0, 1.0, 1.0, 0.800, 17
28, 1.0, 1.0, 1.0, 1.0, 0.800, 18
28, 1.0, 1.0, 1.0, 1.0, 0.800, 19
28, 1.0, 1.0, 1.0, 1.0, 0.800, 20
28, 1.0, 1.0, 1.0, 1.0, 0.800, 21
28, 1.0, 1.0, 1.0, 1.0, 0.800, 22
28, 1.0, 1.0, 1.0, 1.0, 0.800, 23
28, 1.0, 1.0, 1.0, 1.0, 0.800, 24
28, 1.0, 1.0, 1.0, 1.0, 0.800, 25
28, 1.0, 1.0, 1.0, 1.0, 0.800, 26
28, 1.0, 1.0, 1.0, 1.0, 0.800, 27
28, 1.0, 1.0, 1.0, 1.0, 0.800, 28
28, 1.0, 1.0, 1.0, 1.0, 0.800, 29
28, 1.0, 1.0, 1.0, 1.0, 0.800, 30
28, 1.0, 1.0, 1.0, 1.0, 0.800, 31
28, 1.0, 1.0, 1.0, 1.0, 0.800, 32
28, 1.0, 1.0, 1.0, 1.0, 0.800, 33
28, 1.0, 1.0, 1.0, 1.0, 0.800, 34
28, 1.0, 1.0, 1.0, 1.0, 0.800, 35
28, 1.0, 1.0, 1.0, 1.0, 0.800, 36
28, 1.0, 1.0, 1.0, 1.0, 0.800, 37
28, 1.0, 1.0, 1.0, 1.0, 0.800, 38
28, 1.0, 1.0, 1.0, 1.0, 0.800, 39
28, 1.0, 1.0, 1.0, 1.0, 0.800, 40
28, 1.0, 1.0, 1.0, 1.0, 0.800, 41
28, 1.0, 1.0, 1.0, 1.0, 0.800, 42
28, 1.0, 1.0, 1.0, 1.0, 0.800, 43
28, 1.0, 1.0, 1.0, 1.0, 0.800, 44
28, 1.0, 1.0, 1.0, 1.0, 0.800, 45
28, 1.0, 1.0, 1.0, 1.0, 0.800, 46
28, 1.0, 1.0, 1.0, 1.0, 0.800, 47
28, 1.0, 1.0, 1.0, 1.0, 0.800, 48
28, 1.0, 1.0, 1.0, 1.0, 0.800, 49
28, 1.0, 1.0, 1.0, 1.0, 0.800, 50
28, 1.0, 1.0, 1.0, 1.0, 0.900, 1
28, 1.0, 1.0, 1.0, 1.0, 0.900, 2
28, 1.0, 1.0, 1.0, 1.0, 0.900, 3
28, 1.0, 1.0, 1.0, 1.0, 0.900, 4
28, 1.0, 1.0, 1.0, 1.0, 0.900, 5
28, 1.0, 1.0, 1.0, 1.0, 0.900, 6
28, 1.0, 1.0, 1.0, 1.0, 0.900, 7
28, 1.0, 1.0, 1.0, 1.0, 0.900, 8
28, 1.0, 1.0, 1.0, 1.0, 0.900, 9
28, 1.0, 1.0, 1.0, 1.0, 0.900, 10
28, 1.0, 1.0, 1.0, 1.0, 0.900, 11
28, 1.0, 1.0, 1.0, 1.0, 0.900, 12
28, 1.0, 1.0, 1.0, 1.0, 0.900, 13
28, 1.0, 1.0, 1.0, 1.0, 0.900, 14
28, 1.0, 1.0, 1.0, 1.0, 0.900, 15
28, 1.0, 1.0, 1.0, 1.0, 0.900, 16
28, 1.0, 1.0, 1.0, 1.0, 0.900, 17
28, 1.0, 1.0, 1.0, 1.0, 0.900, 18
28, 1.0, 1.0, 1.0, 1.0, 0.900, 19
28, 1.0, 1.0, 1.0, 1.0, 0.900, 20
28, 1.0, 1.0, 1.0, 1.0, 0.900, 21
28, 1.0, 1.0, 1.0, 1.0, 0.900, 22
28, 1.0, 1.0, 1.0, 1.0, 0.900, 23
28, 1.0, 1.0, 1.0, 1.0, 0.900, 24
28, 1.0, 1.0, 1.0, 1.0, 0.900, 25
28, 1.0, 1.0, 1.0, 1.0, 0.900, 26
28, 1.0, 1.0, 1.0, 1.0, 0.900, 27
28, 1.0, 1.0, 1.0, 1.0, 0.900, 28
28, 1.0, 1.0, 1.0, 1.0, 0.900, 29
28, 1.0, 1.0, 1.0, 1.0, 0.900, 30
28, 1.0, 1.0, 1.0, 1.0, 0.900, 31
28, 1.0, 1.0, 1.0, 1.0, 0.900, 32
28, 1.0, 1.0, 1.0, 1.0, 0.900, 33
28, 1.0, 1.0, 1.0, 1.0, 0.900, 34
28, 1.0, 1.0, 1.0, 1.0, 0.900, 35
28, 1.0, 1.0, 1.0, 1.0, 0.900, 36
28, 1.0, 1.0, 1.0, 1.0, 0.900, 37
28, 1.0, 1.0, 1.0, 1.0, 0.900, 38
28, 1.0, 1.0, 1.0, 1.0, 0.900, 39
28, 1.0, 1.0, 1.0, 1.0, 0.900, 40
28, 1.0, 1.0, 1.0, 1.0, 0.900, 41
28, 1.0, 1.0, 1.0, 1.0, 0.900, 42
28, 1.0, 1.0, 1.0, 1.0, 0.900, 43
28, 1.0, 1.0, 1.0, 1.0, 0.900, 44
28, 1.0, 1.0, 1.0, 1.0, 0.900, 45
28, 1.0, 1.0, 1.0, 1.0, 0.900, 46
28, 1.0, 1.0, 1.0, 1.0, 0.900, 47
28, 1.0, 1.0, 1.0, 1.0, 0.900, 48
28, 1.0, 1.0, 1.0, 1.0, 0.900, 49
28, 1.0, 1.0, 1.0, 1.0, 0.900, 50
