17, 1.0, 1.0, 1.0, 1.0, 0.600, 1
17, 1.0, 1.0, 1.0, 1.0, 0.600, 2
17, 1.0, 1.0, 1.0, 1.0, 0.600, 3
17, 1.0, 1.0, 1.0, 1.0, 0.600, 4
17, 1.0, 1.0, 1.0, 1.0, 0.600, 5
17, 1.0, 1.0, 1.0, 1.0, 0.600, 6
17, 1.0, 1.0, 1.0, 1.0, 0.600, 7
17, 1.0, 1.0, 1.0, 1.0, 0.600, 8
17, 1.0, 1.0, 1.0, 1.0, 0.600, 9
17, 1.0, 1.0, 1.0, 1.0, 0.600, 10
17, 1.0, 1.0, 1.0, 1.0, 0.600, 11
17, 1.0, 1.0, 1.0, 1.0, 0.600, 12
17, 1.0, 1.0, 1.0, 1.0, 0.600, 13
17, 1.0, 1.0, 1.0, 1.0, 0.600, 14
17, 1.0, 1.0, 1.0, 1.0, 0.600, 15
17, 1.0, 1.0, 1.0, 1.0, 0.600, 16
17, 1.0, 1.0, 1.0, 1.0, 0.600, 17
17, 1.0, 1.0, 1.0, 1.0, 0.600, 18
17, 1.0, 1.0, 1.0, 1.0, 0.600, 19
17, 1.0, 1.0, 1.0, 1.0, 0.600, 20
17, 1.0, 1.0, 1.0, 1.0, 0.600, 21
17, 1.0, 1.0, 1.0, 1.0, 0.600, 22
17, 1.0, 1.0, 1.0, 1.0, 0.600, 23
17, 1.0, 1.0, 1.0, 1.0, 0.600, 24
17, 1.0, 1.0, 1.0, 1.0, 0.600, 25
17, 1.0, 1.0, 1.0, 1.0, 0.600, 26
17, 1.0, 1.0, 1.0, 1.0, 0.600, 27
17, 1.0, 1.0, 1.0, 1.0, 0.600, 28
17, 1.0, 1.0, 1.0, 1.0, 0.600, 29
17, 1.0, 1.0, 1.0, 1.0, 0.600, 30
17, 1.0, 1.0, 1.0, 1.0, 0.600, 31
17, 1.0, 1.0, 1.0, 1.0, 0.600, 32
17, 1.0, 1.0, 1.0, 1.0, 0.600, 33
17, 1.0, 1.0, 1.0, 1.0, 0.600, 34
17, 1.0, 1.0, 1.0, 1.0, 0.600, 35
17, 1.0, 1.0, 1.0, 1.0, 0.600, 36
17, 1.0, 1.0, 1.0, 1.0, 0.600, 37
17, 1.0, 1.0, 1.0, 1.0, 0.600, 38
17, 1.0, 1.0, 1.0, 1.0, 0.600, 39
17, 1.0, 1.0, 1.0, 1.0, 0.600, 40
17, 1.0, 1.0, 1.0, 1.0, 0.600, 41
17, 1.0, 1.0, 1.0, 1.0, 0.600, 42
17, 1.0, 1.0, 1.0, 1.0, 0.600, 43
17, 1.0, 1.0, 1.0, 1.0, 0.600, 44
17, 1.0, 1.0, 1.0, 1.0, 0.600, 45
17, 1.0, 1.0, 1.0, 1.0, 0.600, 46
17, 1.0, 1.0, 1.0, 1.0, 0.600, 47
17, 1.0, 1.0, 1.0, 1.0, 0.600, 48
17, 1.0, 1.0, 1.0, 1.0, 0.600, 49
17, 1.0, 1.0, 1.0, 1.0, 0.600, 50
18, 1.0, 1.0, 1.0, 1.0, 0.600, 1
18, 1.0, 1.0, 1.0, 1.0, 0.600, 2
18, 1.0, 1.0, 1.0, 1.0, 0.600, 3
18, 1.0, 1.0, 1.0, 1.0, 0.600, 4
18, 1.0, 1.0, 1.0, 1.0, 0.600, 5
18, 1.0, 1.0, 1.0, 1.0, 0.600, 6
18, 1.0, 1.0, 1.0, 1.0, 0.600, 7
18, 1.0, 1.0, 1.0, 1.0, 0.600, 8
18, 1.0, 1.0, 1.0, 1.0, 0.600, 9
18, 1.0, 1.0, 1.0, 1.0, 0.600, 10
18, 1.0, 1.0, 1.0, 1.0, 0.600, 11
18, 1.0, 1.0, 1.0, 1.0, 0.600, 12
18, 1.0, 1.0, 1.0, 1.0, 0.600, 13
18, 1.0, 1.0, 1.0, 1.0, 0.600, 14
18, 1.0, 1.0, 1.0, 1.0, 0.600, 15
18, 1.0, 1.0, 1.0, 1.0, 0.600, 16
18, 1.0, 1.0, 1.0, 1.0, 0.600, 17
18, 1.0, 1.0, 1.0, 1.0, 0.600, 18
18, 1.0, 1.0, 1.0, 1.0, 0.600, 19
18, 1.0, 1.0, 1.0, 1.0, 0.600, 20
18, 1.0, 1.0, 1.0, 1.0, 0.600, 21
18, 1.0, 1.0, 1.0, 1.0, 0.600, 22
18, 1.0, 1.0, 1.0, 1.0, 0.600, 23
18, 1.0, 1.0, 1.0, 1.0, 0.600, 24
18, 1.0, 1.0, 1.0, 1.0, 0.600, 25
18, 1.0, 1.0, 1.0, 1.0, 0.600, 26
18, 1.0, 1.0, 1.0, 1.0, 0.600, 27
18, 1.0, 1.0, 1.0, 1.0, 0.600, 28
18, 1.0, 1.0, 1.0, 1.0, 0.600, 29
18, 1.0, 1.0, 1.0, 1.0, 0.600, 30
18, 1.0, 1.0, 1.0, 1.0, 0.600, 31
18, 1.0, 1.0, 1.0, 1.0, 0.600, 32
18, 1.0, 1.0, 1.0, 1.0, 0.600, 33
18, 1.0, 1.0, 1.0, 1.0, 0.600, 34
18, 1.0, 1.0, 1.0, 1.0, 0.600, 35
18, 1.0, 1.0, 1.0, 1.0, 0.600, 36
18, 1.0, 1.0, 1.0, 1.0, 0.600, 37
18, 1.0, 1.0, 1.0, 1.0, 0.600, 38
18, 1.0, 1.0, 1.0, 1.0, 0.600, 39
18, 1.0, 1.0, 1.0, 1.0, 0.600, 40
18, 1.0, 1.0, 1.0, 1.0, 0.600, 41
18, 1.0, 1.0, 1.0, 1.0, 0.600, 42
18, 1.0, 1.0, 1.0, 1.0, 0.600, 43
18, 1.0, 1.0, 1.0, 1.0, 0.600, 44
18, 1.0, 1.0, 1.0, 1.0, 0.600, 45
18, 1.0, 1.0, 1.0, 1.0, 0.600, 46
18, 1.0, 1.0, 1.0, 1.0, 0.600, 47
18, 1.0, 1.0, 1.0, 1.0, 0.600, 48
18, 1.0, 1.0, 1.0, 1.0, 0.600, 49
18, 1.0, 1.0, 1.0, 1.0, 0.600, 50
19, 1.0, 1.0, 1.0, 1.0, 0.600, 1
19, 1.0, 1.0, 1.0, 1.0, 0.600, 2
19, 1.0, 1.0, 1.0, 1.0, 0.600, 3
19, 1.0, 1.0, 1.0, 1.0, 0.600, 4
19, 1.0, 1.0, 1.0, 1.0, 0.600, 5
19, 1.0, 1.0, 1.0, 1.0, 0.600, 6
19, 1.0, 1.0, 1.0, 1.0, 0.600, 7
19, 1.0, 1.0, 1.0, 1.0, 0.600, 8
19, 1.0, 1.0, 1.0, 1.0, 0.600, 9
19, 1.0, 1.0, 1.0, 1.0, 0.600, 10
19, 1.0, 1.0, 1.0, 1.0, 0.600, 11
19, 1.0, 1.0, 1.0, 1.0, 0.600, 12
19, 1.0, 1.0, 1.0, 1.0, 0.600, 13
19, 1.0, 1.0, 1.0, 1.0, 0.600, 14
19, 1.0, 1.0, 1.0, 1.0, 0.600, 15
19, 1.0, 1.0, 1.0, 1.0, 0.600, 16
19, 1.0, 1.0, 1.0, 1.0, 0.600, 17
19, 1.0, 1.0, 1.0, 1.0, 0.600, 18
19, 1.0, 1.0, 1.0, 1.0, 0.600, 19
19, 1.0, 1.0, 1.0, 1.0, 0.600, 20
19, 1.0, 1.0, 1.0, 1.0, 0.600, 21
19, 1.0, 1.0, 1.0, 1.0, 0.600, 22
19, 1.0, 1.0, 1.0, 1.0, 0.600, 23
19, 1.0, 1.0, 1.0, 1.0, 0.600, 24
19, 1.0, 1.0, 1.0, 1.0, 0.600, 25
19, 1.0, 1.0, 1.0, 1.0, 0.600, 26
19, 1.0, 1.0, 1.0, 1.0, 0.600, 27
19, 1.0, 1.0, 1.0, 1.0, 0.600, 28
19, 1.0, 1.0, 1.0, 1.0, 0.600, 29
19, 1.0, 1.0, 1.0, 1.0, 0.600, 30
19, 1.0, 1.0, 1.0, 1.0, 0.600, 31
19, 1.0, 1.0, 1.0, 1.0, 0.600, 32
19, 1.0, 1.0, 1.0, 1.0, 0.600, 33
19, 1.0, 1.0, 1.0, 1.0, 0.600, 34
19, 1.0, 1.0, 1.0, 1.0, 0.600, 35
19, 1.0, 1.0, 1.0, 1.0, 0.600, 36
19, 1.0, 1.0, 1.0, 1.0, 0.600, 37
19, 1.0, 1.0, 1.0, 1.0, 0.600, 38
19, 1.0, 1.0, 1.0, 1.0, 0.600, 39
19, 1.0, 1.0, 1.0, 1.0, 0.600, 40
19, 1.0, 1.0, 1.0, 1.0, 0.600, 41
19, 1.0, 1.0, 1.0, 1.0, 0.600, 42
19, 1.0, 1.0, 1.0, 1.0, 0.600, 43
19, 1.0, 1.0, 1.0, 1.0, 0.600, 44
19, 1.0, 1.0, 1.0, 1.0, 0.600, 45
19, 1.0, 1.0, 1.0, 1.0, 0.600, 46
19, 1.0, 1.0, 1.0, 1.0, 0.600, 47
19, 1.0, 1.0, 1.0, 1.0, 0.600, 48
19, 1.0, 1.0, 1.0, 1.0, 0.600, 49
19, 1.0, 1.0, 1.0, 1.0, 0.600, 50
20, 1.0, 1.0, 1.0, 1.0, 0.600, 1
20, 1.0, 1.0, 1.0, 1.0, 0.600, 2
20, 1.0, 1.0, 1.0, 1.0, 0.600, 3
20, 1.0, 1.0, 1.0, 1.0, 0.600, 4
20, 1.0, 1.0, 1.0, 1.0, 0.600, 5
20, 1.0, 1.0, 1.0, 1.0, 0.600, 6
20, 1.0, 1.0, 1.0, 1.0, 0.600, 7
20, 1.0, 1.0, 1.0, 1.0, 0.600, 8
20, 1.0, 1.0, 1.0, 1.0, 0.600, 9
20, 1.0, 1.0, 1.0, 1.0, 0.600, 10
20, 1.0, 1.0, 1.0, 1.0, 0.600, 11
20, 1.0, 1.0, 1.0, 1.0, 0.600, 12
20, 1.0, 1.0, 1.0, 1.0, 0.600, 13
20, 1.0, 1.0, 1.0, 1.0, 0.600, 14
20, 1.0, 1.0, 1.0, 1.0, 0.600, 15
20, 1.0, 1.0, 1.0, 1.0, 0.600, 16
20, 1.0, 1.0, 1.0, 1.0, 0.600, 17
20, 1.0, 1.0, 1.0, 1.0, 0.600, 18
20, 1.0, 1.0, 1.0, 1.0, 0.600, 19
20, 1.0, 1.0, 1.0, 1.0, 0.600, 20
20, 1.0, 1.0, 1.0, 1.0, 0.600, 21
20, 1.0, 1.0, 1.0, 1.0, 0.600, 22
20, 1.0, 1.0, 1.0, 1.0, 0.600, 23
20, 1.0, 1.0, 1.0, 1.0, 0.600, 24
20, 1.0, 1.0, 1.0, 1.0, 0.600, 25
20, 1.0, 1.0, 1.0, 1.0, 0.600, 26
20, 1.0, 1.0, 1.0, 1.0, 0.600, 27
20, 1.0, 1.0, 1.0, 1.0, 0.600, 28
20, 1.0, 1.0, 1.0, 1.0, 0.600, 29
20, 1.0, 1.0, 1.0, 1.0, 0.600, 30
20, 1.0, 1.0, 1.0, 1.0, 0.600, 31
20, 1.0, 1.0, 1.0, 1.0, 0.600, 32
20, 1.0, 1.0, 1.0, 1.0, 0.600, 33
20, 1.0, 1.0, 1.0, 1.0, 0.600, 34
20, 1.0, 1.0, 1.0, 1.0, 0.600, 35
20, 1.0, 1.0, 1.0, 1.0, 0.600, 36
20, 1.0, 1.0, 1.0, 1.0, 0.600, 37
20, 1.0, 1.0, 1.0, 1.0, 0.600, 38
20, 1.0, 1.0, 1.0, 1.0, 0.600, 39
20, 1.0, 1.0, 1.0, 1.0, 0.600, 40
20, 1.0, 1.0, 1.0, 1.0, 0.600, 41
20, 1.0, 1.0, 1.0, 1.0, 0.600, 42
20, 1.0, 1.0, 1.0, 1.0, 0.600, 43
20, 1.0, 1.0, 1.0, 1.0, 0.600, 44
20, 1.0, 1.0, 1.0, 1.0, 0.600, 45
20, 1.0, 1.0, 1.0, 1.0, 0.600, 46
20, 1.0, 1.0, 1.0, 1.0, 0.600, 47
20, 1.0, 1.0, 1.0, 1.0, 0.600, 48
20, 1.0, 1.0, 1.0, 1.0, 0.600, 49
20, 1.0, 1.0, 1.0, 1.0, 0.600, 50
21, 1.0, 1.0, 1.0, 1.0, 0.600, 1
21, 1.0, 1.0, 1.0, 1.0, 0.600, 2
21, 1.0, 1.0, 1.0, 1.0, 0.600, 3
21, 1.0, 1.0, 1.0, 1.0, 0.600, 4
21, 1.0, 1.0, 1.0, 1.0, 0.600, 5
21, 1.0, 1.0, 1.0, 1.0, 0.600, 6
21, 1.0, 1.0, 1.0, 1.0, 0.600, 7
21, 1.0, 1.0, 1.0, 1.0, 0.600, 8
21, 1.0, 1.0, 1.0, 1.0, 0.600, 9
21, 1.0, 1.0, 1.0, 1.0, 0.600, 10
21, 1.0, 1.0, 1.0, 1.0, 0.600, 11
21, 1.0, 1.0, 1.0, 1.0, 0.600, 12
21, 1.0, 1.0, 1.0, 1.0, 0.600, 13
21, 1.0, 1.0, 1.0, 1.0, 0.600, 14
21, 1.0, 1.0, 1.0, 1.0, 0.600, 15
21, 1.0, 1.0, 1.0, 1.0, 0.600, 16
21, 1.0, 1.0, 1.0, 1.0, 0.600, 17
21, 1.0, 1.0, 1.0, 1.0, 0.600, 18
21, 1.0, 1.0, 1.0, 1.0, 0.600, 19
21, 1.0, 1.0, 1.0, 1.0, 0.600, 20
21, 1.0, 1.0, 1.0, 1.0, 0.600, 21
21, 1.0, 1.0, 1.0, 1.0, 0.600, 22
21, 1.0, 1.0, 1.0, 1.0, 0.600, 23
21, 1.0, 1.0, 1.0, 1.0, 0.600, 24
21, 1.0, 1.0, 1.0, 1.0, 0.600, 25
21, 1.0, 1.0, 1.0, 1.0, 0.600, 26
21, 1.0, 1.0, 1.0, 1.0, 0.600, 27
21, 1.0, 1.0, 1.0, 1.0, 0.600, 28
21, 1.0, 1.0, 1.0, 1.0, 0.600, 29
21, 1.0, 1.0, 1.0, 1.0, 0.600, 30
21, 1.0, 1.0, 1.0, 1.0, 0.600, 31
21, 1.0, 1.0, 1.0, 1.0, 0.600, 32
21, 1.0, 1.0, 1.0, 1.0, 0.600, 33
21, 1.0, 1.0, 1.0, 1.0, 0.600, 34
21, 1.0, 1.0, 1.0, 1.0, 0.600, 35
21, 1.0, 1.0, 1.0, 1.0, 0.600, 36
21, 1.0, 1.0, 1.0, 1.0, 0.600, 37
21, 1.0, 1.0, 1.0, 1.0, 0.600, 38
21, 1.0, 1.0, 1.0, 1.0, 0.600, 39
21, 1.0, 1.0, 1.0, 1.0, 0.600, 40
21, 1.0, 1.0, 1.0, 1.0, 0.600, 41
21, 1.0, 1.0, 1.0, 1.0, 0.600, 42
21, 1.0, 1.0, 1.0, 1.0, 0.600, 43
21, 1.0, 1.0, 1.0, 1.0, 0.600, 44
21, 1.0, 1.0, 1.0, 1.0, 0.600, 45
21, 1.0, 1.0, 1.0, 1.0, 0.600, 46
21, 1.0, 1.0, 1.0, 1.0, 0.600, 47
21, 1.0, 1.0, 1.0, 1.0, 0.600, 48
21, 1.0, 1.0, 1.0, 1.0, 0.600, 49
21, 1.0, 1.0, 1.0, 1.0, 0.600, 50
22, 1.0, 1.0, 1.0, 1.0, 0.600, 1
22, 1.0, 1.0, 1.0, 1.0, 0.600, 2
22, 1.0, 1.0, 1.0, 1.0, 0.600, 3
22, 1.0, 1.0, 1.0, 1.0, 0.600, 4
22, 1.0, 1.0, 1.0, 1.0, 0.600, 5
22, 1.0, 1.0, 1.0, 1.0, 0.600, 6
22, 1.0, 1.0, 1.0, 1.0, 0.600, 7
22, 1.0, 1.0, 1.0, 1.0, 0.600, 8
22, 1.0, 1.0, 1.0, 1.0, 0.600, 9
22, 1.0, 1.0, 1.0, 1.0, 0.600, 10
22, 1.0, 1.0, 1.0, 1.0, 0.600, 11
22, 1.0, 1.0, 1.0, 1.0, 0.600, 12
22, 1.0, 1.0, 1.0, 1.0, 0.600, 13
22, 1.0, 1.0, 1.0, 1.0, 0.600, 14
22, 1.0, 1.0, 1.0, 1.0, 0.600, 15
22, 1.0, 1.0, 1.0, 1.0, 0.600, 16
22, 1.0, 1.0, 1.0, 1.0, 0.600, 17
22, 1.0, 1.0, 1.0, 1.0, 0.600, 18
22, 1.0, 1.0, 1.0, 1.0, 0.600, 19
22, 1.0, 1.0, 1.0, 1.0, 0.600, 20
22, 1.0, 1.0, 1.0, 1.0, 0.600, 21
22, 1.0, 1.0, 1.0, 1.0, 0.600, 22
22, 1.0, 1.0, 1.0, 1.0, 0.600, 23
22, 1.0, 1.0, 1.0, 1.0, 0.600, 24
22, 1.0, 1.0, 1.0, 1.0, 0.600, 25
22, 1.0, 1.0, 1.0, 1.0, 0.600, 26
22, 1.0, 1.0, 1.0, 1.0, 0.600, 27
22, 1.0, 1.0, 1.0, 1.0, 0.600, 28
22, 1.0, 1.0, 1.0, 1.0, 0.600, 29
22, 1.0, 1.0, 1.0, 1.0, 0.600, 30
22, 1.0, 1.0, 1.0, 1.0, 0.600, 31
22, 1.0, 1.0, 1.0, 1.0, 0.600, 32
22, 1.0, 1.0, 1.0, 1.0, 0.600, 33
22, 1.0, 1.0, 1.0, 1.0, 0.600, 34
22, 1.0, 1.0, 1.0, 1.0, 0.600, 35
22, 1.0, 1.0, 1.0, 1.0, 0.600, 36
22, 1.0, 1.0, 1.0, 1.0, 0.600, 37
22, 1.0, 1.0, 1.0, 1.0, 0.600, 38
22, 1.0, 1.0, 1.0, 1.0, 0.600, 39
22, 1.0, 1.0, 1.0, 1.0, 0.600, 40
22, 1.0, 1.0, 1.0, 1.0, 0.600, 41
22, 1.0, 1.0, 1.0, 1.0, 0.600, 42
22, 1.0, 1.0, 1.0, 1.0, 0.600, 43
22, 1.0, 1.0, 1.0, 1.0, 0.600, 44
22, 1.0, 1.0, 1.0, 1.0, 0.600, 45
22, 1.0, 1.0, 1.0, 1.0, 0.600, 46
22, 1.0, 1.0, 1.0, 1.0, 0.600, 47
22, 1.0, 1.0, 1.0, 1.0, 0.600, 48
22, 1.0, 1.0, 1.0, 1.0, 0.600, 49
22, 1.0, 1.0, 1.0, 1.0, 0.600, 50
23, 1.0, 1.0, 1.0, 1.0, 0.600, 1
23, 1.0, 1.0, 1.0, 1.0, 0.600, 2
23, 1.0, 1.0, 1.0, 1.0, 0.600, 3
23, 1.0, 1.0, 1.0, 1.0, 0.600, 4
23, 1.0, 1.0, 1.0, 1.0, 0.600, 5
23, 1.0, 1.0, 1.0, 1.0, 0.600, 6
23, 1.0, 1.0, 1.0, 1.0, 0.600, 7
23, 1.0, 1.0, 1.0, 1.0, 0.600, 8
23, 1.0, 1.0, 1.0, 1.0, 0.600, 9
23, 1.0, 1.0, 1.0, 1.0, 0.600, 10
23, 1.0, 1.0, 1.0, 1.0, 0.600, 11
23, 1.0, 1.0, 1.0, 1.0, 0.600, 12
23, 1.0, 1.0, 1.0, 1.0, 0.600, 13
23, 1.0, 1.0, 1.0, 1.0, 0.600, 14
23, 1.0, 1.0, 1.0, 1.0, 0.600, 15
23, 1.0, 1.0, 1.0, 1.0, 0.600, 16
23, 1.0, 1.0, 1.0, 1.0, 0.600, 17
23, 1.0, 1.0, 1.0, 1.0, 0.600, 18
23, 1.0, 1.0, 1.0, 1.0, 0.600, 19
23, 1.0, 1.0, 1.0, 1.0, 0.600, 20
23, 1.0, 1.0, 1.0, 1.0, 0.600, 21
23, 1.0, 1.0, 1.0, 1.0, 0.600, 22
23, 1.0, 1.0, 1.0, 1.0, 0.600, 23
23, 1.0, 1.0, 1.0, 1.0, 0.600, 24
23, 1.0, 1.0, 1.0, 1.0, 0.600, 25
23, 1.0, 1.0, 1.0, 1.0, 0.600, 26
23, 1.0, 1.0, 1.0, 1.0, 0.600, 27
23, 1.0, 1.0, 1.0, 1.0, 0.600, 28
23, 1.0, 1.0, 1.0, 1.0, 0.600, 29
23, 1.0, 1.0, 1.0, 1.0, 0.600, 30
23, 1.0, 1.0, 1.0, 1.0, 0.600, 31
23, 1.0, 1.0, 1.0, 1.0, 0.600, 32
23, 1.0, 1.0, 1.0, 1.0, 0.600, 33
23, 1.0, 1.0, 1.0, 1.0, 0.600, 34
23, 1.0, 1.0, 1.0, 1.0, 0.600, 35
23, 1.0, 1.0, 1.0, 1.0, 0.600, 36
23, 1.0, 1.0, 1.0, 1.0, 0.600, 37
23, 1.0, 1.0, 1.0, 1.0, 0.600, 38
23, 1.0, 1.0, 1.0, 1.0, 0.600, 39
23, 1.0, 1.0, 1.0, 1.0, 0.600, 40
23, 1.0, 1.0, 1.0, 1.0, 0.600, 41
23, 1.0, 1.0, 1.0, 1.0, 0.600, 42
23, 1.0, 1.0, 1.0, 1.0, 0.600, 43
23, 1.0, 1.0, 1.0, 1.0, 0.600, 44
23, 1.0, 1.0, 1.0, 1.0, 0.600, 45
23, 1.0, 1.0, 1.0, 1.0, 0.600, 46
23, 1.0, 1.0, 1.0, 1.0, 0.600, 47
23, 1.0, 1.0, 1.0, 1.0, 0.600, 48
23, 1.0, 1.0, 1.0, 1.0, 0.600, 49
23, 1.0, 1.0, 1.0, 1.0, 0.600, 50
24, 1.0, 1.0, 1.0, 1.0, 0.600, 1
24, 1.0, 1.0, 1.0, 1.0, 0.600, 2
24, 1.0, 1.0, 1.0, 1.0, 0.600, 3
24, 1.0, 1.0, 1.0, 1.0, 0.600, 4
24, 1.0, 1.0, 1.0, 1.0, 0.600, 5
24, 1.0, 1.0, 1.0, 1.0, 0.600, 6
24, 1.0, 1.0, 1.0, 1.0, 0.600, 7
24, 1.0, 1.0, 1.0, 1.0, 0.600, 8
24, 1.0, 1.0, 1.0, 1.0, 0.600, 9
24, 1.0, 1.0, 1.0, 1.0, 0.600, 10
24, 1.0, 1.0, 1.0, 1.0, 0.600, 11
24, 1.0, 1.0, 1.0, 1.0, 0.600, 12
24, 1.0, 1.0, 1.0, 1.0, 0.600, 13
24, 1.0, 1.0, 1.0, 1.0, 0.600, 14
24, 1.0, 1.0, 1.0, 1.0, 0.600, 15
24, 1.0, 1.0, 1.0, 1.0, 0.600, 16
24, 1.0, 1.0, 1.0, 1.0, 0.600, 17
24, 1.0, 1.0, 1.0, 1.0, 0.600, 18
24, 1.0, 1.0, 1.0, 1.0, 0.600, 19
24, 1.0, 1.0, 1.0, 1.0, 0.600, 20
24, 1.0, 1.0, 1.0, 1.0, 0.600, 21
24, 1.0, 1.0, 1.0, 1.0, 0.600, 22
24, 1.0, 1.0, 1.0, 1.0, 0.600, 23
24, 1.0, 1.0, 1.0, 1.0, 0.600, 24
24, 1.0, 1.0, 1.0, 1.0, 0.600, 25
24, 1.0, 1.0, 1.0, 1.0, 0.600, 26
24, 1.0, 1.0, 1.0, 1.0, 0.600, 27
24, 1.0, 1.0, 1.0, 1.0, 0.600, 28
24, 1.0, 1.0, 1.0, 1.0, 0.600, 29
24, 1.0, 1.0, 1.0, 1.0, 0.600, 30
24, 1.0, 1.0, 1.0, 1.0, 0.600, 31
24, 1.0, 1.0, 1.0, 1.0, 0.600, 32
24, 1.0, 1.0, 1.0, 1.0, 0.600, 33
24, 1.0, 1.0, 1.0, 1.0, 0.600, 34
24, 1.0, 1.0, 1.0, 1.0, 0.600, 35
24, 1.0, 1.0, 1.0, 1.0, 0.600, 36
24, 1.0, 1.0, 1.0, 1.0, 0.600, 37
24, 1.0, 1.0, 1.0, 1.0, 0.600, 38
24, 1.0, 1.0, 1.0, 1.0, 0.600, 39
24, 1.0, 1.0, 1.0, 1.0, 0.600, 40
24, 1.0, 1.0, 1.0, 1.0, 0.600, 41
24, 1.0, 1.0, 1.0, 1.0, 0.600, 42
24, 1.0, 1.0, 1.0, 1.0, 0.600, 43
24, 1.0, 1.0, 1.0, 1.0, 0.600, 44
24, 1.0, 1.0, 1.0, 1.0, 0.600, 45
24, 1.0, 1.0, 1.0, 1.0, 0.600, 46
24, 1.0, 1.0, 1.0, 1.0, 0.600, 47
24, 1.0, 1.0, 1.0, 1.0, 0.600, 48
24, 1.0, 1.0, 1.0, 1.0, 0.600, 49
24, 1.0, 1.0, 1.0, 1.0, 0.600, 50
20, 0.6, 1.0, 1.0, 1.0, 0.600, 1
20, 0.6, 1.0, 1.0, 1.0, 0.600, 2
20, 0.6, 1.0, 1.0, 1.0, 0.600, 3
20, 0.6, 1.0, 1.0, 1.0, 0.600, 4
20, 0.6, 1.0, 1.0, 1.0, 0.600, 5
20, 0.6, 1.0, 1.0, 1.0, 0.600, 6
20, 0.6, 1.0, 1.0, 1.0, 0.600, 7
20, 0.6, 1.0, 1.0, 1.0, 0.600, 8
20, 0.6, 1.0, 1.0, 1.0, 0.600, 9
20, 0.6, 1.0, 1.0, 1.0, 0.600, 10
20, 0.6, 1.0, 1.0, 1.0, 0.600, 11
20, 0.6, 1.0, 1.0, 1.0, 0.600, 12
20, 0.6, 1.0, 1.0, 1.0, 0.600, 13
20, 0.6, 1.0, 1.0, 1.0, 0.600, 14
20, 0.6, 1.0, 1.0, 1.0, 0.600, 15
20, 0.6, 1.0, 1.0, 1.0, 0.600, 16
20, 0.6, 1.0, 1.0, 1.0, 0.600, 17
20, 0.6, 1.0, 1.0, 1.0, 0.600, 18
20, 0.6, 1.0, 1.0, 1.0, 0.600, 19
20, 0.6, 1.0, 1.0, 1.0, 0.600, 20
20, 0.6, 1.0, 1.0, 1.0, 0.600, 21
20, 0.6, 1.0, 1.0, 1.0, 0.600, 22
20, 0.6, 1.0, 1.0, 1.0, 0.600, 23
20, 0.6, 1.0, 1.0, 1.0, 0.600, 24
20, 0.6, 1.0, 1.0, 1.0, 0.600, 25
20, 0.6, 1.0, 1.0, 1.0, 0.600, 26
20, 0.6, 1.0, 1.0, 1.0, 0.600, 27
20, 0.6, 1.0, 1.0, 1.0, 0.600, 28
20, 0.6, 1.0, 1.0, 1.0, 0.600, 29
20, 0.6, 1.0, 1.0, 1.0, 0.600, 30
20, 0.6, 1.0, 1.0, 1.0, 0.600, 31
20, 0.6, 1.0, 1.0, 1.0, 0.600, 32
20, 0.6, 1.0, 1.0, 1.0, 0.600, 33
20, 0.6, 1.0, 1.0, 1.0, 0.600, 34
20, 0.6, 1.0, 1.0, 1.0, 0.600, 35
20, 0.6, 1.0, 1.0, 1.0, 0.600, 36
20, 0.6, 1.0, 1.0, 1.0, 0.600, 37
20, 0.6, 1.0, 1.0, 1.0, 0.600, 38
20, 0.6, 1.0, 1.0, 1.0, 0.600, 39
20, 0.6, 1.0, 1.0, 1.0, 0.600, 40
20, 0.6, 1.0, 1.0, 1.0, 0.600, 41
20, 0.6, 1.0, 1.0, 1.0, 0.600, 42
20, 0.6, 1.0, 1.0, 1.0, 0.600, 43
20, 0.6, 1.0, 1.0, 1.0, 0.600, 44
20, 0.6, 1.0, 1.0, 1.0, 0.600, 45
20, 0.6, 1.0, 1.0, 1.0, 0.600, 46
20, 0.6, 1.0, 1.0, 1.0, 0.600, 47
20, 0.6, 1.0, 1.0, 1.0, 0.600, 48
20, 0.6, 1.0, 1.0, 1.0, 0.600, 49
20, 0.6, 1.0, 1.0, 1.0, 0.600, 50
20, 0.7, 1.0, 1.0, 1.0, 0.600, 1
20, 0.7, 1.0, 1.0, 1.0, 0.600, 2
20, 0.7, 1.0, 1.0, 1.0, 0.600, 3
20, 0.7, 1.0, 1.0, 1.0, 0.600, 4
20, 0.7, 1.0, 1.0, 1.0, 0.600, 5
20, 0.7, 1.0, 1.0, 1.0, 0.600, 6
20, 0.7, 1.0, 1.0, 1.0, 0.600, 7
20, 0.7, 1.0, 1.0, 1.0, 0.600, 8
20, 0.7, 1.0, 1.0, 1.0, 0.600, 9
20, 0.7, 1.0, 1.0, 1.0, 0.600, 10
20, 0.7, 1.0, 1.0, 1.0, 0.600, 11
20, 0.7, 1.0, 1.0, 1.0, 0.600, 12
20, 0.7, 1.0, 1.0, 1.0, 0.600, 13
20, 0.7, 1.0, 1.0, 1.0, 0.600, 14
20, 0.7, 1.0, 1.0, 1.0, 0.600, 15
20, 0.7, 1.0, 1.0, 1.0, 0.600, 16
20, 0.7, 1.0, 1.0, 1.0, 0.600, 17
20, 0.7, 1.0, 1.0, 1.0, 0.600, 18
20, 0.7, 1.0, 1.0, 1.0, 0.600, 19
20, 0.7, 1.0, 1.0, 1.0, 0.600, 20
20, 0.7, 1.0, 1.0, 1.0, 0.600, 21
20, 0.7, 1.0, 1.0, 1.0, 0.600, 22
20, 0.7, 1.0, 1.0, 1.0, 0.600, 23
20, 0.7, 1.0, 1.0, 1.0, 0.600, 24
20, 0.7, 1.0, 1.0, 1.0, 0.600, 25
20, 0.7, 1.0, 1.0, 1.0, 0.600, 26
20, 0.7, 1.0, 1.0, 1.0, 0.600, 27
20, 0.7, 1.0, 1.0, 1.0, 0.600, 28
20, 0.7, 1.0, 1.0, 1.0, 0.600, 29
20, 0.7, 1.0, 1.0, 1.0, 0.600, 30
20, 0.7, 1.0, 1.0, 1.0, 0.600, 31
20, 0.7, 1.0, 1.0, 1.0, 0.600, 32
20, 0.7, 1.0, 1.0, 1.0, 0.600, 33
20, 0.7, 1.0, 1.0, 1.0, 0.600, 34
20, 0.7, 1.0, 1.0, 1.0, 0.600, 35
20, 0.7, 1.0, 1.0, 1.0, 0.600, 36
20, 0.7, 1.0, 1.0, 1.0, 0.600, 37
20, 0.7, 1.0, 1.0, 1.0, 0.600, 38
20, 0.7, 1.0, 1.0, 1.0, 0.600, 39
20, 0.7, 1.0, 1.0, 1.0, 0.600, 40
20, 0.7, 1.0, 1.0, 1.0, 0.600, 41
20, 0.7, 1.0, 1.0, 1.0, 0.600, 42
20, 0.7, 1.0, 1.0, 1.0, 0.600, 43
20, 0.7, 1.0, 1.0, 1.0, 0.600, 44
20, 0.7, 1.0, 1.0, 1.0, 0.600, 45
20, 0.7, 1.0, 1.0, 1.0, 0.600, 46
20, 0.7, 1.0, 1.0, 1.0, 0.600, 47
20, 0.7, 1.0, 1.0, 1.0, 0.600, 48
20, 0.7, 1.0, 1.0, 1.0, 0.600, 49
20, 0.7, 1.0, 1.0, 1.0, 0.600, 50
20, 0.8, 1.0, 1.0, 1.0, 0.600, 1
20, 0.8, 1.0, 1.0, 1.0, 0.600, 2
20, 0.8, 1.0, 1.0, 1.0, 0.600, 3
20, 0.8, 1.0, 1.0, 1.0, 0.600, 4
20, 0.8, 1.0, 1.0, 1.0, 0.600, 5
20, 0.8, 1.0, 1.0, 1.0, 0.600, 6
20, 0.8, 1.0, 1.0, 1.0, 0.600, 7
20, 0.8, 1.0, 1.0, 1.0, 0.600, 8
20, 0.8, 1.0, 1.0, 1.0, 0.600, 9
20, 0.8, 1.0, 1.0, 1.0, 0.600, 10
20, 0.8, 1.0, 1.0, 1.0, 0.600, 11
20, 0.8, 1.0, 1.0, 1.0, 0.600, 12
20, 0.8, 1.0, 1.0, 1.0, 0.600, 13
20, 0.8, 1.0, 1.0, 1.0, 0.600, 14
20, 0.8, 1.0, 1.0, 1.0, 0.600, 15
20, 0.8, 1.0, 1.0, 1.0, 0.600, 16
20, 0.8, 1.0, 1.0, 1.0, 0.600, 17
20, 0.8, 1.0, 1.0, 1.0, 0.600, 18
20, 0.8, 1.0, 1.0, 1.0, 0.600, 19
20, 0.8, 1.0, 1.0, 1.0, 0.600, 20
20, 0.8, 1.0, 1.0, 1.0, 0.600, 21
20, 0.8, 1.0, 1.0, 1.0, 0.600, 22
20, 0.8, 1.0, 1.0, 1.0, 0.600, 23
20, 0.8, 1.0, 1.0, 1.0, 0.600, 24
20, 0.8, 1.0, 1.0, 1.0, 0.600, 25
20, 0.8, 1.0, 1.0, 1.0, 0.600, 26
20, 0.8, 1.0, 1.0, 1.0, 0.600, 27
20, 0.8, 1.0, 1.0, 1.0, 0.600, 28
20, 0.8, 1.0, 1.0, 1.0, 0.600, 29
20, 0.8, 1.0, 1.0, 1.0, 0.600, 30
20, 0.8, 1.0, 1.0, 1.0, 0.600, 31
20, 0.8, 1.0, 1.0, 1.0, 0.600, 32
20, 0.8, 1.0, 1.0, 1.0, 0.600, 33
20, 0.8, 1.0, 1.0, 1.0, 0.600, 34
20, 0.8, 1.0, 1.0, 1.0, 0.600, 35
20, 0.8, 1.0, 1.0, 1.0, 0.600, 36
20, 0.8, 1.0, 1.0, 1.0, 0.600, 37
20, 0.8, 1.0, 1.0, 1.0, 0.600, 38
20, 0.8, 1.0, 1.0, 1.0, 0.600, 39
20, 0.8, 1.0, 1.0, 1.0, 0.600, 40
20, 0.8, 1.0, 1.0, 1.0, 0.600, 41
20, 0.8, 1.0, 1.0, 1.0, 0.600, 42
20, 0.8, 1.0, 1.0, 1.0, 0.600, 43
20, 0.8, 1.0, 1.0, 1.0, 0.600, 44
20, 0.8, 1.0, 1.0, 1.0, 0.600, 45
20, 0.8, 1.0, 1.0, 1.0, 0.600, 46
20, 0.8, 1.0, 1.0, 1.0, 0.600, 47
20, 0.8, 1.0, 1.0, 1.0, 0.600, 48
20, 0.8, 1.0, 1.0, 1.0, 0.600, 49
20, 0.8, 1.0, 1.0, 1.0, 0.600, 50
20, 0.9, 1.0, 1.0, 1.0, 0.600, 1
20, 0.9, 1.0, 1.0, 1.0, 0.600, 2
20, 0.9, 1.0, 1.0, 1.0, 0.600, 3
20, 0.9, 1.0, 1.0, 1.0, 0.600, 4
20, 0.9, 1.0, 1.0, 1.0, 0.600, 5
20, 0.9, 1.0, 1.0, 1.0, 0.600, 6
20, 0.9, 1.0, 1.0, 1.0, 0.600, 7
20, 0.9, 1.0, 1.0, 1.0, 0.600, 8
20, 0.9, 1.0, 1.0, 1.0, 0.600, 9
20, 0.9, 1.0, 1.0, 1.0, 0.600, 10
20, 0.9, 1.0, 1.0, 1.0, 0.600, 11
20, 0.9, 1.0, 1.0, 1.0, 0.600, 12
20, 0.9, 1.0, 1.0, 1.0, 0.600, 13
20, 0.9, 1.0, 1.0, 1.0, 0.600, 14
20, 0.9, 1.0, 1.0, 1.0, 0.600, 15
20, 0.9, 1.0, 1.0, 1.0, 0.600, 16
20, 0.9, 1.0, 1.0, 1.0, 0.600, 17
20, 0.9, 1.0, 1.0, 1.0, 0.600, 18
20, 0.9, 1.0, 1.0, 1.0, 0.600, 19
20, 0.9, 1.0, 1.0, 1.0, 0.600, 20
20, 0.9, 1.0, 1.0, 1.0, 0.600, 21
20, 0.9, 1.0, 1.0, 1.0, 0.600, 22
20, 0.9, 1.0, 1.0, 1.0, 0.600, 23
20, 0.9, 1.0, 1.0, 1.0, 0.600, 24
20, 0.9, 1.0, 1.0, 1.0, 0.600, 25
20, 0.9, 1.0, 1.0, 1.0, 0.600, 26
20, 0.9, 1.0, 1.0, 1.0, 0.600, 27
20, 0.9, 1.0, 1.0, 1.0, 0.600, 28
20, 0.9, 1.0, 1.0, 1.0, 0.600, 29
20, 0.9, 1.0, 1.0, 1.0, 0.600, 30
20, 0.9, 1.0, 1.0, 1.0, 0.600, 31
20, 0.9, 1.0, 1.0, 1.0, 0.600, 32
20, 0.9, 1.0, 1.0, 1.0, 0.600, 33
20, 0.9, 1.0, 1.0, 1.0, 0.600, 34
20, 0.9, 1.0, 1.0, 1.0, 0.600, 35
20, 0.9, 1.0, 1.0, 1.0, 0.600, 36
20, 0.9, 1.0, 1.0, 1.0, 0.600, 37
20, 0.9, 1.0, 1.0, 1.0, 0.600, 38
20, 0.9, 1.0, 1.0, 1.0, 0.600, 39
20, 0.9, 1.0, 1.0, 1.0, 0.600, 40
20, 0.9, 1.0, 1.0, 1.0, 0.600, 41
20, 0.9, 1.0, 1.0, 1.0, 0.600, 42
20, 0.9, 1.0, 1.0, 1.0, 0.600, 43
20, 0.9, 1.0, 1.0, 1.0, 0.600, 44
20, 0.9, 1.0, 1.0, 1.0, 0.600, 45
20, 0.9, 1.0, 1.0, 1.0, 0.600, 46
20, 0.9, 1.0, 1.0, 1.0, 0.600, 47
20, 0.9, 1.0, 1.0, 1.0, 0.600, 48
20, 0.9, 1.0, 1.0, 1.0, 0.600, 49
20, 0.9, 1.0, 1.0, 1.0, 0.600, 50
20, 1.1, 1.0, 1.0, 1.0, 0.600, 1
20, 1.1, 1.0, 1.0, 1.0, 0.600, 2
20, 1.1, 1.0, 1.0, 1.0, 0.600, 3
20, 1.1, 1.0, 1.0, 1.0, 0.600, 4
20, 1.1, 1.0, 1.0, 1.0, 0.600, 5
20, 1.1, 1.0, 1.0, 1.0, 0.600, 6
20, 1.1, 1.0, 1.0, 1.0, 0.600, 7
20, 1.1, 1.0, 1.0, 1.0, 0.600, 8
20, 1.1, 1.0, 1.0, 1.0, 0.600, 9
20, 1.1, 1.0, 1.0, 1.0, 0.600, 10
20, 1.1, 1.0, 1.0, 1.0, 0.600, 11
20, 1.1, 1.0, 1.0, 1.0, 0.600, 12
20, 1.1, 1.0, 1.0, 1.0, 0.600, 13
20, 1.1, 1.0, 1.0, 1.0, 0.600, 14
20, 1.1, 1.0, 1.0, 1.0, 0.600, 15
20, 1.1, 1.0, 1.0, 1.0, 0.600, 16
20, 1.1, 1.0, 1.0, 1.0, 0.600, 17
20, 1.1, 1.0, 1.0, 1.0, 0.600, 18
20, 1.1, 1.0, 1.0, 1.0, 0.600, 19
20, 1.1, 1.0, 1.0, 1.0, 0.600, 20
20, 1.1, 1.0, 1.0, 1.0, 0.600, 21
20, 1.1, 1.0, 1.0, 1.0, 0.600, 22
20, 1.1, 1.0, 1.0, 1.0, 0.600, 23
20, 1.1, 1.0, 1.0, 1.0, 0.600, 24
20, 1.1, 1.0, 1.0, 1.0, 0.600, 25
20, 1.1, 1.0, 1.0, 1.0, 0.600, 26
20, 1.1, 1.0, 1.0, 1.0, 0.600, 27
20, 1.1, 1.0, 1.0, 1.0, 0.600, 28
20, 1.1, 1.0, 1.0, 1.0, 0.600, 29
20, 1.1, 1.0, 1.0, 1.0, 0.600, 30
20, 1.1, 1.0, 1.0, 1.0, 0.600, 31
20, 1.1, 1.0, 1.0, 1.0, 0.600, 32
20, 1.1, 1.0, 1.0, 1.0, 0.600, 33
20, 1.1, 1.0, 1.0, 1.0, 0.600, 34
20, 1.1, 1.0, 1.0, 1.0, 0.600, 35
20, 1.1, 1.0, 1.0, 1.0, 0.600, 36
20, 1.1, 1.0, 1.0, 1.0, 0.600, 37
20, 1.1, 1.0, 1.0, 1.0, 0.600, 38
20, 1.1, 1.0, 1.0, 1.0, 0.600, 39
20, 1.1, 1.0, 1.0, 1.0, 0.600, 40
20, 1.1, 1.0, 1.0, 1.0, 0.600, 41
20, 1.1, 1.0, 1.0, 1.0, 0.600, 42
20, 1.1, 1.0, 1.0, 1.0, 0.600, 43
20, 1.1, 1.0, 1.0, 1.0, 0.600, 44
20, 1.1, 1.0, 1.0, 1.0, 0.600, 45
20, 1.1, 1.0, 1.0, 1.0, 0.600, 46
20, 1.1, 1.0, 1.0, 1.0, 0.600, 47
20, 1.1, 1.0, 1.0, 1.0, 0.600, 48
20, 1.1, 1.0, 1.0, 1.0, 0.600, 49
20, 1.1, 1.0, 1.0, 1.0, 0.600, 50
20, 1.2, 1.0, 1.0, 1.0, 0.600, 1
20, 1.2, 1.0, 1.0, 1.0, 0.600, 2
20, 1.2, 1.0, 1.0, 1.0, 0.600, 3
20, 1.2, 1.0, 1.0, 1.0, 0.600, 4
20, 1.2, 1.0, 1.0, 1.0, 0.600, 5
20, 1.2, 1.0, 1.0, 1.0, 0.600, 6
20, 1.2, 1.0, 1.0, 1.0, 0.600, 7
20, 1.2, 1.0, 1.0, 1.0, 0.600, 8
20, 1.2, 1.0, 1.0, 1.0, 0.600, 9
20, 1.2, 1.0, 1.0, 1.0, 0.600, 10
20, 1.2, 1.0, 1.0, 1.0, 0.600, 11
20, 1.2, 1.0, 1.0, 1.0, 0.600, 12
20, 1.2, 1.0, 1.0, 1.0, 0.600, 13
20, 1.2, 1.0, 1.0, 1.0, 0.600, 14
20, 1.2, 1.0, 1.0, 1.0, 0.600, 15
20, 1.2, 1.0, 1.0, 1.0, 0.600, 16
20, 1.2, 1.0, 1.0, 1.0, 0.600, 17
20, 1.2, 1.0, 1.0, 1.0, 0.600, 18
20, 1.2, 1.0, 1.0, 1.0, 0.600, 19
20, 1.2, 1.0, 1.0, 1.0, 0.600, 20
20, 1.2, 1.0, 1.0, 1.0, 0.600, 21
20, 1.2, 1.0, 1.0, 1.0, 0.600, 22
20, 1.2, 1.0, 1.0, 1.0, 0.600, 23
20, 1.2, 1.0, 1.0, 1.0, 0.600, 24
20, 1.2, 1.0, 1.0, 1.0, 0.600, 25
20, 1.2, 1.0, 1.0, 1.0, 0.600, 26
20, 1.2, 1.0, 1.0, 1.0, 0.600, 27
20, 1.2, 1.0, 1.0, 1.0, 0.600, 28
20, 1.2, 1.0, 1.0, 1.0, 0.600, 29
20, 1.2, 1.0, 1.0, 1.0, 0.600, 30
20, 1.2, 1.0, 1.0, 1.0, 0.600, 31
20, 1.2, 1.0, 1.0, 1.0, 0.600, 32
20, 1.2, 1.0, 1.0, 1.0, 0.600, 33
20, 1.2, 1.0, 1.0, 1.0, 0.600, 34
20, 1.2, 1.0, 1.0, 1.0, 0.600, 35
20, 1.2, 1.0, 1.0, 1.0, 0.600, 36
20, 1.2, 1.0, 1.0, 1.0, 0.600, 37
20, 1.2, 1.0, 1.0, 1.0, 0.600, 38
20, 1.2, 1.0, 1.0, 1.0, 0.600, 39
20, 1.2, 1.0, 1.0, 1.0, 0.600, 40
20, 1.2, 1.0, 1.0, 1.0, 0.600, 41
20, 1.2, 1.0, 1.0, 1.0, 0.600, 42
20, 1.2, 1.0, 1.0, 1.0, 0.600, 43
20, 1.2, 1.0, 1.0, 1.0, 0.600, 44
20, 1.2, 1.0, 1.0, 1.0, 0.600, 45
20, 1.2, 1.0, 1.0, 1.0, 0.600, 46
20, 1.2, 1.0, 1.0, 1.0, 0.600, 47
20, 1.2, 1.0, 1.0, 1.0, 0.600, 48
20, 1.2, 1.0, 1.0, 1.0, 0.600, 49
20, 1.2, 1.0, 1.0, 1.0, 0.600, 50
20, 1.3, 1.0, 1.0, 1.0, 0.600, 1
20, 1.3, 1.0, 1.0, 1.0, 0.600, 2
20, 1.3, 1.0, 1.0, 1.0, 0.600, 3
20, 1.3, 1.0, 1.0, 1.0, 0.600, 4
20, 1.3, 1.0, 1.0, 1.0, 0.600, 5
20, 1.3, 1.0, 1.0, 1.0, 0.600, 6
20, 1.3, 1.0, 1.0, 1.0, 0.600, 7
20, 1.3, 1.0, 1.0, 1.0, 0.600, 8
20, 1.3, 1.0, 1.0, 1.0, 0.600, 9
20, 1.3, 1.0, 1.0, 1.0, 0.600, 10
20, 1.3, 1.0, 1.0, 1.0, 0.600, 11
20, 1.3, 1.0, 1.0, 1.0, 0.600, 12
20, 1.3, 1.0, 1.0, 1.0, 0.600, 13
20, 1.3, 1.0, 1.0, 1.0, 0.600, 14
20, 1.3, 1.0, 1.0, 1.0, 0.600, 15
20, 1.3, 1.0, 1.0, 1.0, 0.600, 16
20, 1.3, 1.0, 1.0, 1.0, 0.600, 17
20, 1.3, 1.0, 1.0, 1.0, 0.600, 18
20, 1.3, 1.0, 1.0, 1.0, 0.600, 19
20, 1.3, 1.0, 1.0, 1.0, 0.600, 20
20, 1.3, 1.0, 1.0, 1.0, 0.600, 21
20, 1.3, 1.0, 1.0, 1.0, 0.600, 22
20, 1.3, 1.0, 1.0, 1.0, 0.600, 23
20, 1.3, 1.0, 1.0, 1.0, 0.600, 24
20, 1.3, 1.0, 1.0, 1.0, 0.600, 25
20, 1.3, 1.0, 1.0, 1.0, 0.600, 26
20, 1.3, 1.0, 1.0, 1.0, 0.600, 27
20, 1.3, 1.0, 1.0, 1.0, 0.600, 28
20, 1.3, 1.0, 1.0, 1.0, 0.600, 29
20, 1.3, 1.0, 1.0, 1.0, 0.600, 30
20, 1.3, 1.0, 1.0, 1.0, 0.600, 31
20, 1.3, 1.0, 1.0, 1.0, 0.600, 32
20, 1.3, 1.0, 1.0, 1.0, 0.600, 33
20, 1.3, 1.0, 1.0, 1.0, 0.600, 34
20, 1.3, 1.0, 1.0, 1.0, 0.600, 35
20, 1.3, 1.0, 1.0, 1.0, 0.600, 36
20, 1.3, 1.0, 1.0, 1.0, 0.600, 37
20, 1.3, 1.0, 1.0, 1.0, 0.600, 38
20, 1.3, 1.0, 1.0, 1.0, 0.600, 39
20, 1.3, 1.0, 1.0, 1.0, 0.600, 40
20, 1.3, 1.0, 1.0, 1.0, 0.600, 41
20, 1.3, 1.0, 1.0, 1.0, 0.600, 42
20, 1.3, 1.0, 1.0, 1.0, 0.600, 43
20, 1.3, 1.0, 1.0, 1.0, 0.600, 44
20, 1.3, 1.0, 1.0, 1.0, 0.600, 45
20, 1.3, 1.0, 1.0, 1.0, 0.600, 46
20, 1.3, 1.0, 1.0, 1.0, 0.600, 47
20, 1.3, 1.0, 1.0, 1.0, 0.600, 48
20, 1.3, 1.0, 1.0, 1.0, 0.600, 49
20, 1.3, 1.0, 1.0, 1.0, 0.600, 50
20, 1.4, 1.0, 1.0, 1.0, 0.600, 1
20, 1.4, 1.0, 1.0, 1.0, 0.600, 2
20, 1.4, 1.0, 1.0, 1.0, 0.600, 3
20, 1.4, 1.0, 1.0, 1.0, 0.600, 4
20, 1.4, 1.0, 1.0, 1.0, 0.600, 5
20, 1.4, 1.0, 1.0, 1.0, 0.600, 6
20, 1.4, 1.0, 1.0, 1.0, 0.600, 7
20, 1.4, 1.0, 1.0, 1.0, 0.600, 8
20, 1.4, 1.0, 1.0, 1.0, 0.600, 9
20, 1.4, 1.0, 1.0, 1.0, 0.600, 10
20, 1.4, 1.0, 1.0, 1.0, 0.600, 11
20, 1.4, 1.0, 1.0, 1.0, 0.600, 12
20, 1.4, 1.0, 1.0, 1.0, 0.600, 13
20, 1.4, 1.0, 1.0, 1.0, 0.600, 14
20, 1.4, 1.0, 1.0, 1.0, 0.600, 15
20, 1.4, 1.0, 1.0, 1.0, 0.600, 16
20, 1.4, 1.0, 1.0, 1.0, 0.600, 17
20, 1.4, 1.0, 1.0, 1.0, 0.600, 18
20, 1.4, 1.0, 1.0, 1.0, 0.600, 19
20, 1.4, 1.0, 1.0, 1.0, 0.600, 20
20, 1.4, 1.0, 1.0, 1.0, 0.600, 21
20, 1.4, 1.0, 1.0, 1.0, 0.600, 22
20, 1.4, 1.0, 1.0, 1.0, 0.600, 23
20, 1.4, 1.0, 1.0, 1.0, 0.600, 24
20, 1.4, 1.0, 1.0, 1.0, 0.600, 25
20, 1.4, 1.0, 1.0, 1.0, 0.600, 26
20, 1.4, 1.0, 1.0, 1.0, 0.600, 27
20, 1.4, 1.0, 1.0, 1.0, 0.600, 28
20, 1.4, 1.0, 1.0, 1.0, 0.600, 29
20, 1.4, 1.0, 1.0, 1.0, 0.600, 30
20, 1.4, 1.0, 1.0, 1.0, 0.600, 31
20, 1.4, 1.0, 1.0, 1.0, 0.600, 32
20, 1.4, 1.0, 1.0, 1.0, 0.600, 33
20, 1.4, 1.0, 1.0, 1.0, 0.600, 34
20, 1.4, 1.0, 1.0, 1.0, 0.600, 35
20, 1.4, 1.0, 1.0, 1.0, 0.600, 36
20, 1.4, 1.0, 1.0, 1.0, 0.600, 37
20, 1.4, 1.0, 1.0, 1.0, 0.600, 38
20, 1.4, 1.0, 1.0, 1.0, 0.600, 39
20, 1.4, 1.0, 1.0, 1.0, 0.600, 40
20, 1.4, 1.0, 1.0, 1.0, 0.600, 41
20, 1.4, 1.0, 1.0, 1.0, 0.600, 42
20, 1.4, 1.0, 1.0, 1.0, 0.600, 43
20, 1.4, 1.0, 1.0, 1.0, 0.600, 44
20, 1.4, 1.0, 1.0, 1.0, 0.600, 45
20, 1.4, 1.0, 1.0, 1.0, 0.600, 46
20, 1.4, 1.0, 1.0, 1.0, 0.600, 47
20, 1.4, 1.0, 1.0, 1.0, 0.600, 48
20, 1.4, 1.0, 1.0, 1.0, 0.600, 49
20, 1.4, 1.0, 1.0, 1.0, 0.600, 50
20, 1.5, 1.0, 1.0, 1.0, 0.600, 1
20, 1.5, 1.0, 1.0, 1.0, 0.600, 2
20, 1.5, 1.0, 1.0, 1.0, 0.600, 3
20, 1.5, 1.0, 1.0, 1.0, 0.600, 4
20, 1.5, 1.0, 1.0, 1.0, 0.600, 5
20, 1.5, 1.0, 1.0, 1.0, 0.600, 6
20, 1.5, 1.0, 1.0, 1.0, 0.600, 7
20, 1.5, 1.0, 1.0, 1.0, 0.600, 8
20, 1.5, 1.0, 1.0, 1.0, 0.600, 9
20, 1.5, 1.0, 1.0, 1.0, 0.600, 10
20, 1.5, 1.0, 1.0, 1.0, 0.600, 11
20, 1.5, 1.0, 1.0, 1.0, 0.600, 12
20, 1.5, 1.0, 1.0, 1.0, 0.600, 13
20, 1.5, 1.0, 1.0, 1.0, 0.600, 14
20, 1.5, 1.0, 1.0, 1.0, 0.600, 15
20, 1.5, 1.0, 1.0, 1.0, 0.600, 16
20, 1.5, 1.0, 1.0, 1.0, 0.600, 17
20, 1.5, 1.0, 1.0, 1.0, 0.600, 18
20, 1.5, 1.0, 1.0, 1.0, 0.600, 19
20, 1.5, 1.0, 1.0, 1.0, 0.600, 20
20, 1.5, 1.0, 1.0, 1.0, 0.600, 21
20, 1.5, 1.0, 1.0, 1.0, 0.600, 22
20, 1.5, 1.0, 1.0, 1.0, 0.600, 23
20, 1.5, 1.0, 1.0, 1.0, 0.600, 24
20, 1.5, 1.0, 1.0, 1.0, 0.600, 25
20, 1.5, 1.0, 1.0, 1.0, 0.600, 26
20, 1.5, 1.0, 1.0, 1.0, 0.600, 27
20, 1.5, 1.0, 1.0, 1.0, 0.600, 28
20, 1.5, 1.0, 1.0, 1.0, 0.600, 29
20, 1.5, 1.0, 1.0, 1.0, 0.600, 30
20, 1.5, 1.0, 1.0, 1.0, 0.600, 31
20, 1.5, 1.0, 1.0, 1.0, 0.600, 32
20, 1.5, 1.0, 1.0, 1.0, 0.600, 33
20, 1.5, 1.0, 1.0, 1.0, 0.600, 34
20, 1.5, 1.0, 1.0, 1.0, 0.600, 35
20, 1.5, 1.0, 1.0, 1.0, 0.600, 36
20, 1.5, 1.0, 1.0, 1.0, 0.600, 37
20, 1.5, 1.0, 1.0, 1.0, 0.600, 38
20, 1.5, 1.0, 1.0, 1.0, 0.600, 39
20, 1.5, 1.0, 1.0, 1.0, 0.600, 40
20, 1.5, 1.0, 1.0, 1.0, 0.600, 41
20, 1.5, 1.0, 1.0, 1.0, 0.600, 42
20, 1.5, 1.0, 1.0, 1.0, 0.600, 43
20, 1.5, 1.0, 1.0, 1.0, 0.600, 44
20, 1.5, 1.0, 1.0, 1.0, 0.600, 45
20, 1.5, 1.0, 1.0, 1.0, 0.600, 46
20, 1.5, 1.0, 1.0, 1.0, 0.600, 47
20, 1.5, 1.0, 1.0, 1.0, 0.600, 48
20, 1.5, 1.0, 1.0, 1.0, 0.600, 49
20, 1.5, 1.0, 1.0, 1.0, 0.600, 50
20, 1.6, 1.0, 1.0, 1.0, 0.600, 1
20, 1.6, 1.0, 1.0, 1.0, 0.600, 2
20, 1.6, 1.0, 1.0, 1.0, 0.600, 3
20, 1.6, 1.0, 1.0, 1.0, 0.600, 4
20, 1.6, 1.0, 1.0, 1.0, 0.600, 5
20, 1.6, 1.0, 1.0, 1.0, 0.600, 6
20, 1.6, 1.0, 1.0, 1.0, 0.600, 7
20, 1.6, 1.0, 1.0, 1.0, 0.600, 8
20, 1.6, 1.0, 1.0, 1.0, 0.600, 9
20, 1.6, 1.0, 1.0, 1.0, 0.600, 10
20, 1.6, 1.0, 1.0, 1.0, 0.600, 11
20, 1.6, 1.0, 1.0, 1.0, 0.600, 12
20, 1.6, 1.0, 1.0, 1.0, 0.600, 13
20, 1.6, 1.0, 1.0, 1.0, 0.600, 14
20, 1.6, 1.0, 1.0, 1.0, 0.600, 15
20, 1.6, 1.0, 1.0, 1.0, 0.600, 16
20, 1.6, 1.0, 1.0, 1.0, 0.600, 17
20, 1.6, 1.0, 1.0, 1.0, 0.600, 18
20, 1.6, 1.0, 1.0, 1.0, 0.600, 19
20, 1.6, 1.0, 1.0, 1.0, 0.600, 20
20, 1.6, 1.0, 1.0, 1.0, 0.600, 21
20, 1.6, 1.0, 1.0, 1.0, 0.600, 22
20, 1.6, 1.0, 1.0, 1.0, 0.600, 23
20, 1.6, 1.0, 1.0, 1.0, 0.600, 24
20, 1.6, 1.0, 1.0, 1.0, 0.600, 25
20, 1.6, 1.0, 1.0, 1.0, 0.600, 26
20, 1.6, 1.0, 1.0, 1.0, 0.600, 27
20, 1.6, 1.0, 1.0, 1.0, 0.600, 28
20, 1.6, 1.0, 1.0, 1.0, 0.600, 29
20, 1.6, 1.0, 1.0, 1.0, 0.600, 30
20, 1.6, 1.0, 1.0, 1.0, 0.600, 31
20, 1.6, 1.0, 1.0, 1.0, 0.600, 32
20, 1.6, 1.0, 1.0, 1.0, 0.600, 33
20, 1.6, 1.0, 1.0, 1.0, 0.600, 34
20, 1.6, 1.0, 1.0, 1.0, 0.600, 35
20, 1.6, 1.0, 1.0, 1.0, 0.600, 36
20, 1.6, 1.0, 1.0, 1.0, 0.600, 37
20, 1.6, 1.0, 1.0, 1.0, 0.600, 38
20, 1.6, 1.0, 1.0, 1.0, 0.600, 39
20, 1.6, 1.0, 1.0, 1.0, 0.600, 40
20, 1.6, 1.0, 1.0, 1.0, 0.600, 41
20, 1.6, 1.0, 1.0, 1.0, 0.600, 42
20, 1.6, 1.0, 1.0, 1.0, 0.600, 43
20, 1.6, 1.0, 1.0, 1.0, 0.600, 44
20, 1.6, 1.0, 1.0, 1.0, 0.600, 45
20, 1.6, 1.0, 1.0, 1.0, 0.600, 46
20, 1.6, 1.0, 1.0, 1.0, 0.600, 47
20, 1.6, 1.0, 1.0, 1.0, 0.600, 48
20, 1.6, 1.0, 1.0, 1.0, 0.600, 49
20, 1.6, 1.0, 1.0, 1.0, 0.600, 50
20, 1.7, 1.0, 1.0, 1.0, 0.600, 1
20, 1.7, 1.0, 1.0, 1.0, 0.600, 2
20, 1.7, 1.0, 1.0, 1.0, 0.600, 3
20, 1.7, 1.0, 1.0, 1.0, 0.600, 4
20, 1.7, 1.0, 1.0, 1.0, 0.600, 5
20, 1.7, 1.0, 1.0, 1.0, 0.600, 6
20, 1.7, 1.0, 1.0, 1.0, 0.600, 7
20, 1.7, 1.0, 1.0, 1.0, 0.600, 8
20, 1.7, 1.0, 1.0, 1.0, 0.600, 9
20, 1.7, 1.0, 1.0, 1.0, 0.600, 10
20, 1.7, 1.0, 1.0, 1.0, 0.600, 11
20, 1.7, 1.0, 1.0, 1.0, 0.600, 12
20, 1.7, 1.0, 1.0, 1.0, 0.600, 13
20, 1.7, 1.0, 1.0, 1.0, 0.600, 14
20, 1.7, 1.0, 1.0, 1.0, 0.600, 15
20, 1.7, 1.0, 1.0, 1.0, 0.600, 16
20, 1.7, 1.0, 1.0, 1.0, 0.600, 17
20, 1.7, 1.0, 1.0, 1.0, 0.600, 18
20, 1.7, 1.0, 1.0, 1.0, 0.600, 19
20, 1.7, 1.0, 1.0, 1.0, 0.600, 20
20, 1.7, 1.0, 1.0, 1.0, 0.600, 21
20, 1.7, 1.0, 1.0, 1.0, 0.600, 22
20, 1.7, 1.0, 1.0, 1.0, 0.600, 23
20, 1.7, 1.0, 1.0, 1.0, 0.600, 24
20, 1.7, 1.0, 1.0, 1.0, 0.600, 25
20, 1.7, 1.0, 1.0, 1.0, 0.600, 26
20, 1.7, 1.0, 1.0, 1.0, 0.600, 27
20, 1.7, 1.0, 1.0, 1.0, 0.600, 28
20, 1.7, 1.0, 1.0, 1.0, 0.600, 29
20, 1.7, 1.0, 1.0, 1.0, 0.600, 30
20, 1.7, 1.0, 1.0, 1.0, 0.600, 31
20, 1.7, 1.0, 1.0, 1.0, 0.600, 32
20, 1.7, 1.0, 1.0, 1.0, 0.600, 33
20, 1.7, 1.0, 1.0, 1.0, 0.600, 34
20, 1.7, 1.0, 1.0, 1.0, 0.600, 35
20, 1.7, 1.0, 1.0, 1.0, 0.600, 36
20, 1.7, 1.0, 1.0, 1.0, 0.600, 37
20, 1.7, 1.0, 1.0, 1.0, 0.600, 38
20, 1.7, 1.0, 1.0, 1.0, 0.600, 39
20, 1.7, 1.0, 1.0, 1.0, 0.600, 40
20, 1.7, 1.0, 1.0, 1.0, 0.600, 41
20, 1.7, 1.0, 1.0, 1.0, 0.600, 42
20, 1.7, 1.0, 1.0, 1.0, 0.600, 43
20, 1.7, 1.0, 1.0, 1.0, 0.600, 44
20, 1.7, 1.0, 1.0, 1.0, 0.600, 45
20, 1.7, 1.0, 1.0, 1.0, 0.600, 46
20, 1.7, 1.0, 1.0, 1.0, 0.600, 47
20, 1.7, 1.0, 1.0, 1.0, 0.600, 48
20, 1.7, 1.0, 1.0, 1.0, 0.600, 49
20, 1.7, 1.0, 1.0, 1.0, 0.600, 50
20, 1.8, 1.0, 1.0, 1.0, 0.600, 1
20, 1.8, 1.0, 1.0, 1.0, 0.600, 2
20, 1.8, 1.0, 1.0, 1.0, 0.600, 3
20, 1.8, 1.0, 1.0, 1.0, 0.600, 4
20, 1.8, 1.0, 1.0, 1.0, 0.600, 5
20, 1.8, 1.0, 1.0, 1.0, 0.600, 6
20, 1.8, 1.0, 1.0, 1.0, 0.600, 7
20, 1.8, 1.0, 1.0, 1.0, 0.600, 8
20, 1.8, 1.0, 1.0, 1.0, 0.600, 9
20, 1.8, 1.0, 1.0, 1.0, 0.600, 10
20, 1.8, 1.0, 1.0, 1.0, 0.600, 11
20, 1.8, 1.0, 1.0, 1.0, 0.600, 12
20, 1.8, 1.0, 1.0, 1.0, 0.600, 13
20, 1.8, 1.0, 1.0, 1.0, 0.600, 14
20, 1.8, 1.0, 1.0, 1.0, 0.600, 15
20, 1.8, 1.0, 1.0, 1.0, 0.600, 16
20, 1.8, 1.0, 1.0, 1.0, 0.600, 17
20, 1.8, 1.0, 1.0, 1.0, 0.600, 18
20, 1.8, 1.0, 1.0, 1.0, 0.600, 19
20, 1.8, 1.0, 1.0, 1.0, 0.600, 20
20, 1.8, 1.0, 1.0, 1.0, 0.600, 21
20, 1.8, 1.0, 1.0, 1.0, 0.600, 22
20, 1.8, 1.0, 1.0, 1.0, 0.600, 23
20, 1.8, 1.0, 1.0, 1.0, 0.600, 24
20, 1.8, 1.0, 1.0, 1.0, 0.600, 25
20, 1.8, 1.0, 1.0, 1.0, 0.600, 26
20, 1.8, 1.0, 1.0, 1.0, 0.600, 27
20, 1.8, 1.0, 1.0, 1.0, 0.600, 28
20, 1.8, 1.0, 1.0, 1.0, 0.600, 29
20, 1.8, 1.0, 1.0, 1.0, 0.600, 30
20, 1.8, 1.0, 1.0, 1.0, 0.600, 31
20, 1.8, 1.0, 1.0, 1.0, 0.600, 32
20, 1.8, 1.0, 1.0, 1.0, 0.600, 33
20, 1.8, 1.0, 1.0, 1.0, 0.600, 34
20, 1.8, 1.0, 1.0, 1.0, 0.600, 35
20, 1.8, 1.0, 1.0, 1.0, 0.600, 36
20, 1.8, 1.0, 1.0, 1.0, 0.600, 37
20, 1.8, 1.0, 1.0, 1.0, 0.600, 38
20, 1.8, 1.0, 1.0, 1.0, 0.600, 39
20, 1.8, 1.0, 1.0, 1.0, 0.600, 40
20, 1.8, 1.0, 1.0, 1.0, 0.600, 41
20, 1.8, 1.0, 1.0, 1.0, 0.600, 42
20, 1.8, 1.0, 1.0, 1.0, 0.600, 43
20, 1.8, 1.0, 1.0, 1.0, 0.600, 44
20, 1.8, 1.0, 1.0, 1.0, 0.600, 45
20, 1.8, 1.0, 1.0, 1.0, 0.600, 46
20, 1.8, 1.0, 1.0, 1.0, 0.600, 47
20, 1.8, 1.0, 1.0, 1.0, 0.600, 48
20, 1.8, 1.0, 1.0, 1.0, 0.600, 49
20, 1.8, 1.0, 1.0, 1.0, 0.600, 50
20, 1.0, 0.4, 1.0, 1.0, 0.600, 1
20, 1.0, 0.4, 1.0, 1.0, 0.600, 2
20, 1.0, 0.4, 1.0, 1.0, 0.600, 3
20, 1.0, 0.4, 1.0, 1.0, 0.600, 4
20, 1.0, 0.4, 1.0, 1.0, 0.600, 5
20, 1.0, 0.4, 1.0, 1.0, 0.600, 6
20, 1.0, 0.4, 1.0, 1.0, 0.600, 7
20, 1.0, 0.4, 1.0, 1.0, 0.600, 8
20, 1.0, 0.4, 1.0, 1.0, 0.600, 9
20, 1.0, 0.4, 1.0, 1.0, 0.600, 10
20, 1.0, 0.4, 1.0, 1.0, 0.600, 11
20, 1.0, 0.4, 1.0, 1.0, 0.600, 12
20, 1.0, 0.4, 1.0, 1.0, 0.600, 13
20, 1.0, 0.4, 1.0, 1.0, 0.600, 14
20, 1.0, 0.4, 1.0, 1.0, 0.600, 15
20, 1.0, 0.4, 1.0, 1.0, 0.600, 16
20, 1.0, 0.4, 1.0, 1.0, 0.600, 17
20, 1.0, 0.4, 1.0, 1.0, 0.600, 18
20, 1.0, 0.4, 1.0, 1.0, 0.600, 19
20, 1.0, 0.4, 1.0, 1.0, 0.600, 20
20, 1.0, 0.4, 1.0, 1.0, 0.600, 21
20, 1.0, 0.4, 1.0, 1.0, 0.600, 22
20, 1.0, 0.4, 1.0, 1.0, 0.600, 23
20, 1.0, 0.4, 1.0, 1.0, 0.600, 24
20, 1.0, 0.4, 1.0, 1.0, 0.600, 25
20, 1.0, 0.4, 1.0, 1.0, 0.600, 26
20, 1.0, 0.4, 1.0, 1.0, 0.600, 27
20, 1.0, 0.4, 1.0, 1.0, 0.600, 28
20, 1.0, 0.4, 1.0, 1.0, 0.600, 29
20, 1.0, 0.4, 1.0, 1.0, 0.600, 30
20, 1.0, 0.4, 1.0, 1.0, 0.600, 31
20, 1.0, 0.4, 1.0, 1.0, 0.600, 32
20, 1.0, 0.4, 1.0, 1.0, 0.600, 33
20, 1.0, 0.4, 1.0, 1.0, 0.600, 34
20, 1.0, 0.4, 1.0, 1.0, 0.600, 35
20, 1.0, 0.4, 1.0, 1.0, 0.600, 36
20, 1.0, 0.4, 1.0, 1.0, 0.600, 37
20, 1.0, 0.4, 1.0, 1.0, 0.600, 38
20, 1.0, 0.4, 1.0, 1.0, 0.600, 39
20, 1.0, 0.4, 1.0, 1.0, 0.600, 40
20, 1.0, 0.4, 1.0, 1.0, 0.600, 41
20, 1.0, 0.4, 1.0, 1.0, 0.600, 42
20, 1.0, 0.4, 1.0, 1.0, 0.600, 43
20, 1.0, 0.4, 1.0, 1.0, 0.600, 44
20, 1.0, 0.4, 1.0, 1.0, 0.600, 45
20, 1.0, 0.4, 1.0, 1.0, 0.600, 46
20, 1.0, 0.4, 1.0, 1.0, 0.600, 47
20, 1.0, 0.4, 1.0, 1.0, 0.600, 48
20, 1.0, 0.4, 1.0, 1.0, 0.600, 49
20, 1.0, 0.4, 1.0, 1.0, 0.600, 50
20, 1.0, 0.5, 1.0, 1.0, 0.600, 1
20, 1.0, 0.5, 1.0, 1.0, 0.600, 2
20, 1.0, 0.5, 1.0, 1.0, 0.600, 3
20, 1.0, 0.5, 1.0, 1.0, 0.600, 4
20, 1.0, 0.5, 1.0, 1.0, 0.600, 5
20, 1.0, 0.5, 1.0, 1.0, 0.600, 6
20, 1.0, 0.5, 1.0, 1.0, 0.600, 7
20, 1.0, 0.5, 1.0, 1.0, 0.600, 8
20, 1.0, 0.5, 1.0, 1.0, 0.600, 9
20, 1.0, 0.5, 1.0, 1.0, 0.600, 10
20, 1.0, 0.5, 1.0, 1.0, 0.600, 11
20, 1.0, 0.5, 1.0, 1.0, 0.600, 12
20, 1.0, 0.5, 1.0, 1.0, 0.600, 13
20, 1.0, 0.5, 1.0, 1.0, 0.600, 14
20, 1.0, 0.5, 1.0, 1.0, 0.600, 15
20, 1.0, 0.5, 1.0, 1.0, 0.600, 16
20, 1.0, 0.5, 1.0, 1.0, 0.600, 17
20, 1.0, 0.5, 1.0, 1.0, 0.600, 18
20, 1.0, 0.5, 1.0, 1.0, 0.600, 19
20, 1.0, 0.5, 1.0, 1.0, 0.600, 20
20, 1.0, 0.5, 1.0, 1.0, 0.600, 21
20, 1.0, 0.5, 1.0, 1.0, 0.600, 22
20, 1.0, 0.5, 1.0, 1.0, 0.600, 23
20, 1.0, 0.5, 1.0, 1.0, 0.600, 24
20, 1.0, 0.5, 1.0, 1.0, 0.600, 25
20, 1.0, 0.5, 1.0, 1.0, 0.600, 26
20, 1.0, 0.5, 1.0, 1.0, 0.600, 27
20, 1.0, 0.5, 1.0, 1.0, 0.600, 28
20, 1.0, 0.5, 1.0, 1.0, 0.600, 29
20, 1.0, 0.5, 1.0, 1.0, 0.600, 30
20, 1.0, 0.5, 1.0, 1.0, 0.600, 31
20, 1.0, 0.5, 1.0, 1.0, 0.600, 32
20, 1.0, 0.5, 1.0, 1.0, 0.600, 33
20, 1.0, 0.5, 1.0, 1.0, 0.600, 34
20, 1.0, 0.5, 1.0, 1.0, 0.600, 35
20, 1.0, 0.5, 1.0, 1.0, 0.600, 36
20, 1.0, 0.5, 1.0, 1.0, 0.600, 37
20, 1.0, 0.5, 1.0, 1.0, 0.600, 38
20, 1.0, 0.5, 1.0, 1.0, 0.600, 39
20, 1.0, 0.5, 1.0, 1.0, 0.600, 40
20, 1.0, 0.5, 1.0, 1.0, 0.600, 41
20, 1.0, 0.5, 1.0, 1.0, 0.600, 42
20, 1.0, 0.5, 1.0, 1.0, 0.600, 43
20, 1.0, 0.5, 1.0, 1.0, 0.600, 44
20, 1.0, 0.5, 1.0, 1.0, 0.600, 45
20, 1.0, 0.5, 1.0, 1.0, 0.600, 46
20, 1.0, 0.5, 1.0, 1.0, 0.600, 47
20, 1.0, 0.5, 1.0, 1.0, 0.600, 48
20, 1.0, 0.5, 1.0, 1.0, 0.600, 49
20, 1.0, 0.5, 1.0, 1.0, 0.600, 50
20, 1.0, 0.6, 1.0, 1.0, 0.600, 1
20, 1.0, 0.6, 1.0, 1.0, 0.600, 2
20, 1.0, 0.6, 1.0, 1.0, 0.600, 3
20, 1.0, 0.6, 1.0, 1.0, 0.600, 4
20, 1.0, 0.6, 1.0, 1.0, 0.600, 5
20, 1.0, 0.6, 1.0, 1.0, 0.600, 6
20, 1.0, 0.6, 1.0, 1.0, 0.600, 7
20, 1.0, 0.6, 1.0, 1.0, 0.600, 8
20, 1.0, 0.6, 1.0, 1.0, 0.600, 9
20, 1.0, 0.6, 1.0, 1.0, 0.600, 10
20, 1.0, 0.6, 1.0, 1.0, 0.600, 11
20, 1.0, 0.6, 1.0, 1.0, 0.600, 12
20, 1.0, 0.6, 1.0, 1.0, 0.600, 13
20, 1.0, 0.6, 1.0, 1.0, 0.600, 14
20, 1.0, 0.6, 1.0, 1.0, 0.600, 15
20, 1.0, 0.6, 1.0, 1.0, 0.600, 16
20, 1.0, 0.6, 1.0, 1.0, 0.600, 17
20, 1.0, 0.6, 1.0, 1.0, 0.600, 18
20, 1.0, 0.6, 1.0, 1.0, 0.600, 19
20, 1.0, 0.6, 1.0, 1.0, 0.600, 20
20, 1.0, 0.6, 1.0, 1.0, 0.600, 21
20, 1.0, 0.6, 1.0, 1.0, 0.600, 22
20, 1.0, 0.6, 1.0, 1.0, 0.600, 23
20, 1.0, 0.6, 1.0, 1.0, 0.600, 24
20, 1.0, 0.6, 1.0, 1.0, 0.600, 25
20, 1.0, 0.6, 1.0, 1.0, 0.600, 26
20, 1.0, 0.6, 1.0, 1.0, 0.600, 27
20, 1.0, 0.6, 1.0, 1.0, 0.600, 28
20, 1.0, 0.6, 1.0, 1.0, 0.600, 29
20, 1.0, 0.6, 1.0, 1.0, 0.600, 30
20, 1.0, 0.6, 1.0, 1.0, 0.600, 31
20, 1.0, 0.6, 1.0, 1.0, 0.600, 32
20, 1.0, 0.6, 1.0, 1.0, 0.600, 33
20, 1.0, 0.6, 1.0, 1.0, 0.600, 34
20, 1.0, 0.6, 1.0, 1.0, 0.600, 35
20, 1.0, 0.6, 1.0, 1.0, 0.600, 36
20, 1.0, 0.6, 1.0, 1.0, 0.600, 37
20, 1.0, 0.6, 1.0, 1.0, 0.600, 38
20, 1.0, 0.6, 1.0, 1.0, 0.600, 39
20, 1.0, 0.6, 1.0, 1.0, 0.600, 40
20, 1.0, 0.6, 1.0, 1.0, 0.600, 41
20, 1.0, 0.6, 1.0, 1.0, 0.600, 42
20, 1.0, 0.6, 1.0, 1.0, 0.600, 43
20, 1.0, 0.6, 1.0, 1.0, 0.600, 44
20, 1.0, 0.6, 1.0, 1.0, 0.600, 45
20, 1.0, 0.6, 1.0, 1.0, 0.600, 46
20, 1.0, 0.6, 1.0, 1.0, 0.600, 47
20, 1.0, 0.6, 1.0, 1.0, 0.600, 48
20, 1.0, 0.6, 1.0, 1.0, 0.600, 49
20, 1.0, 0.6, 1.0, 1.0, 0.600, 50
20, 1.0, 0.7, 1.0, 1.0, 0.600, 1
20, 1.0, 0.7, 1.0, 1.0, 0.600, 2
20, 1.0, 0.7, 1.0, 1.0, 0.600, 3
20, 1.0, 0.7, 1.0, 1.0, 0.600, 4
20, 1.0, 0.7, 1.0, 1.0, 0.600, 5
20, 1.0, 0.7, 1.0, 1.0, 0.600, 6
20, 1.0, 0.7, 1.0, 1.0, 0.600, 7
20, 1.0, 0.7, 1.0, 1.0, 0.600, 8
20, 1.0, 0.7, 1.0, 1.0, 0.600, 9
20, 1.0, 0.7, 1.0, 1.0, 0.600, 10
20, 1.0, 0.7, 1.0, 1.0, 0.600, 11
20, 1.0, 0.7, 1.0, 1.0, 0.600, 12
20, 1.0, 0.7, 1.0, 1.0, 0.600, 13
20, 1.0, 0.7, 1.0, 1.0, 0.600, 14
20, 1.0, 0.7, 1.0, 1.0, 0.600, 15
20, 1.0, 0.7, 1.0, 1.0, 0.600, 16
20, 1.0, 0.7, 1.0, 1.0, 0.600, 17
20, 1.0, 0.7, 1.0, 1.0, 0.600, 18
20, 1.0, 0.7, 1.0, 1.0, 0.600, 19
20, 1.0, 0.7, 1.0, 1.0, 0.600, 20
20, 1.0, 0.7, 1.0, 1.0, 0.600, 21
20, 1.0, 0.7, 1.0, 1.0, 0.600, 22
20, 1.0, 0.7, 1.0, 1.0, 0.600, 23
20, 1.0, 0.7, 1.0, 1.0, 0.600, 24
20, 1.0, 0.7, 1.0, 1.0, 0.600, 25
20, 1.0, 0.7, 1.0, 1.0, 0.600, 26
20, 1.0, 0.7, 1.0, 1.0, 0.600, 27
20, 1.0, 0.7, 1.0, 1.0, 0.600, 28
20, 1.0, 0.7, 1.0, 1.0, 0.600, 29
20, 1.0, 0.7, 1.0, 1.0, 0.600, 30
20, 1.0, 0.7, 1.0, 1.0, 0.600, 31
20, 1.0, 0.7, 1.0, 1.0, 0.600, 32
20, 1.0, 0.7, 1.0, 1.0, 0.600, 33
20, 1.0, 0.7, 1.0, 1.0, 0.600, 34
20, 1.0, 0.7, 1.0, 1.0, 0.600, 35
20, 1.0, 0.7, 1.0, 1.0, 0.600, 36
20, 1.0, 0.7, 1.0, 1.0, 0.600, 37
20, 1.0, 0.7, 1.0, 1.0, 0.600, 38
20, 1.0, 0.7, 1.0, 1.0, 0.600, 39
20, 1.0, 0.7, 1.0, 1.0, 0.600, 40
20, 1.0, 0.7, 1.0, 1.0, 0.600, 41
20, 1.0, 0.7, 1.0, 1.0, 0.600, 42
20, 1.0, 0.7, 1.0, 1.0, 0.600, 43
20, 1.0, 0.7, 1.0, 1.0, 0.600, 44
20, 1.0, 0.7, 1.0, 1.0, 0.600, 45
20, 1.0, 0.7, 1.0, 1.0, 0.600, 46
20, 1.0, 0.7, 1.0, 1.0, 0.600, 47
20, 1.0, 0.7, 1.0, 1.0, 0.600, 48
20, 1.0, 0.7, 1.0, 1.0, 0.600, 49
20, 1.0, 0.7, 1.0, 1.0, 0.600, 50
20, 1.0, 0.8, 1.0, 1.0, 0.600, 1
20, 1.0, 0.8, 1.0, 1.0, 0.600, 2
20, 1.0, 0.8, 1.0, 1.0, 0.600, 3
20, 1.0, 0.8, 1.0, 1.0, 0.600, 4
20, 1.0, 0.8, 1.0, 1.0, 0.600, 5
20, 1.0, 0.8, 1.0, 1.0, 0.600, 6
20, 1.0, 0.8, 1.0, 1.0, 0.600, 7
20, 1.0, 0.8, 1.0, 1.0, 0.600, 8
20, 1.0, 0.8, 1.0, 1.0, 0.600, 9
20, 1.0, 0.8, 1.0, 1.0, 0.600, 10
20, 1.0, 0.8, 1.0, 1.0, 0.600, 11
20, 1.0, 0.8, 1.0, 1.0, 0.600, 12
20, 1.0, 0.8, 1.0, 1.0, 0.600, 13
20, 1.0, 0.8, 1.0, 1.0, 0.600, 14
20, 1.0, 0.8, 1.0, 1.0, 0.600, 15
20, 1.0, 0.8, 1.0, 1.0, 0.600, 16
20, 1.0, 0.8, 1.0, 1.0, 0.600, 17
20, 1.0, 0.8, 1.0, 1.0, 0.600, 18
20, 1.0, 0.8, 1.0, 1.0, 0.600, 19
20, 1.0, 0.8, 1.0, 1.0, 0.600, 20
20, 1.0, 0.8, 1.0, 1.0, 0.600, 21
20, 1.0, 0.8, 1.0, 1.0, 0.600, 22
20, 1.0, 0.8, 1.0, 1.0, 0.600, 23
20, 1.0, 0.8, 1.0, 1.0, 0.600, 24
20, 1.0, 0.8, 1.0, 1.0, 0.600, 25
20, 1.0, 0.8, 1.0, 1.0, 0.600, 26
20, 1.0, 0.8, 1.0, 1.0, 0.600, 27
20, 1.0, 0.8, 1.0, 1.0, 0.600, 28
20, 1.0, 0.8, 1.0, 1.0, 0.600, 29
20, 1.0, 0.8, 1.0, 1.0, 0.600, 30
20, 1.0, 0.8, 1.0, 1.0, 0.600, 31
20, 1.0, 0.8, 1.0, 1.0, 0.600, 32
20, 1.0, 0.8, 1.0, 1.0, 0.600, 33
20, 1.0, 0.8, 1.0, 1.0, 0.600, 34
20, 1.0, 0.8, 1.0, 1.0, 0.600, 35
20, 1.0, 0.8, 1.0, 1.0, 0.600, 36
20, 1.0, 0.8, 1.0, 1.0, 0.600, 37
20, 1.0, 0.8, 1.0, 1.0, 0.600, 38
20, 1.0, 0.8, 1.0, 1.0, 0.600, 39
20, 1.0, 0.8, 1.0, 1.0, 0.600, 40
20, 1.0, 0.8, 1.0, 1.0, 0.600, 41
20, 1.0, 0.8, 1.0, 1.0, 0.600, 42
20, 1.0, 0.8, 1.0, 1.0, 0.600, 43
20, 1.0, 0.8, 1.0, 1.0, 0.600, 44
20, 1.0, 0.8, 1.0, 1.0, 0.600, 45
20, 1.0, 0.8, 1.0, 1.0, 0.600, 46
20, 1.0, 0.8, 1.0, 1.0, 0.600, 47
20, 1.0, 0.8, 1.0, 1.0, 0.600, 48
20, 1.0, 0.8, 1.0, 1.0, 0.600, 49
20, 1.0, 0.8, 1.0, 1.0, 0.600, 50
20, 1.0, 0.9, 1.0, 1.0, 0.600, 1
20, 1.0, 0.9, 1.0, 1.0, 0.600, 2
20, 1.0, 0.9, 1.0, 1.0, 0.600, 3
20, 1.0, 0.9, 1.0, 1.0, 0.600, 4
20, 1.0, 0.9, 1.0, 1.0, 0.600, 5
20, 1.0, 0.9, 1.0, 1.0, 0.600, 6
20, 1.0, 0.9, 1.0, 1.0, 0.600, 7
20, 1.0, 0.9, 1.0, 1.0, 0.600, 8
20, 1.0, 0.9, 1.0, 1.0, 0.600, 9
20, 1.0, 0.9, 1.0, 1.0, 0.600, 10
20, 1.0, 0.9, 1.0, 1.0, 0.600, 11
20, 1.0, 0.9, 1.0, 1.0, 0.600, 12
20, 1.0, 0.9, 1.0, 1.0, 0.600, 13
20, 1.0, 0.9, 1.0, 1.0, 0.600, 14
20, 1.0, 0.9, 1.0, 1.0, 0.600, 15
20, 1.0, 0.9, 1.0, 1.0, 0.600, 16
20, 1.0, 0.9, 1.0, 1.0, 0.600, 17
20, 1.0, 0.9, 1.0, 1.0, 0.600, 18
20, 1.0, 0.9, 1.0, 1.0, 0.600, 19
20, 1.0, 0.9, 1.0, 1.0, 0.600, 20
20, 1.0, 0.9, 1.0, 1.0, 0.600, 21
20, 1.0, 0.9, 1.0, 1.0, 0.600, 22
20, 1.0, 0.9, 1.0, 1.0, 0.600, 23
20, 1.0, 0.9, 1.0, 1.0, 0.600, 24
20, 1.0, 0.9, 1.0, 1.0, 0.600, 25
20, 1.0, 0.9, 1.0, 1.0, 0.600, 26
20, 1.0, 0.9, 1.0, 1.0, 0.600, 27
20, 1.0, 0.9, 1.0, 1.0, 0.600, 28
20, 1.0, 0.9, 1.0, 1.0, 0.600, 29
20, 1.0, 0.9, 1.0, 1.0, 0.600, 30
20, 1.0, 0.9, 1.0, 1.0, 0.600, 31
20, 1.0, 0.9, 1.0, 1.0, 0.600, 32
20, 1.0, 0.9, 1.0, 1.0, 0.600, 33
20, 1.0, 0.9, 1.0, 1.0, 0.600, 34
20, 1.0, 0.9, 1.0, 1.0, 0.600, 35
20, 1.0, 0.9, 1.0, 1.0, 0.600, 36
20, 1.0, 0.9, 1.0, 1.0, 0.600, 37
20, 1.0, 0.9, 1.0, 1.0, 0.600, 38
20, 1.0, 0.9, 1.0, 1.0, 0.600, 39
20, 1.0, 0.9, 1.0, 1.0, 0.600, 40
20, 1.0, 0.9, 1.0, 1.0, 0.600, 41
20, 1.0, 0.9, 1.0, 1.0, 0.600, 42
20, 1.0, 0.9, 1.0, 1.0, 0.600, 43
20, 1.0, 0.9, 1.0, 1.0, 0.600, 44
20, 1.0, 0.9, 1.0, 1.0, 0.600, 45
20, 1.0, 0.9, 1.0, 1.0, 0.600, 46
20, 1.0, 0.9, 1.0, 1.0, 0.600, 47
20, 1.0, 0.9, 1.0, 1.0, 0.600, 48
20, 1.0, 0.9, 1.0, 1.0, 0.600, 49
20, 1.0, 0.9, 1.0, 1.0, 0.600, 50
20, 1.0, 1.1, 1.0, 1.0, 0.600, 1
20, 1.0, 1.1, 1.0, 1.0, 0.600, 2
20, 1.0, 1.1, 1.0, 1.0, 0.600, 3
20, 1.0, 1.1, 1.0, 1.0, 0.600, 4
20, 1.0, 1.1, 1.0, 1.0, 0.600, 5
20, 1.0, 1.1, 1.0, 1.0, 0.600, 6
20, 1.0, 1.1, 1.0, 1.0, 0.600, 7
20, 1.0, 1.1, 1.0, 1.0, 0.600, 8
20, 1.0, 1.1, 1.0, 1.0, 0.600, 9
20, 1.0, 1.1, 1.0, 1.0, 0.600, 10
20, 1.0, 1.1, 1.0, 1.0, 0.600, 11
20, 1.0, 1.1, 1.0, 1.0, 0.600, 12
20, 1.0, 1.1, 1.0, 1.0, 0.600, 13
20, 1.0, 1.1, 1.0, 1.0, 0.600, 14
20, 1.0, 1.1, 1.0, 1.0, 0.600, 15
20, 1.0, 1.1, 1.0, 1.0, 0.600, 16
20, 1.0, 1.1, 1.0, 1.0, 0.600, 17
20, 1.0, 1.1, 1.0, 1.0, 0.600, 18
20, 1.0, 1.1, 1.0, 1.0, 0.600, 19
20, 1.0, 1.1, 1.0, 1.0, 0.600, 20
20, 1.0, 1.1, 1.0, 1.0, 0.600, 21
20, 1.0, 1.1, 1.0, 1.0, 0.600, 22
20, 1.0, 1.1, 1.0, 1.0, 0.600, 23
20, 1.0, 1.1, 1.0, 1.0, 0.600, 24
20, 1.0, 1.1, 1.0, 1.0, 0.600, 25
20, 1.0, 1.1, 1.0, 1.0, 0.600, 26
20, 1.0, 1.1, 1.0, 1.0, 0.600, 27
20, 1.0, 1.1, 1.0, 1.0, 0.600, 28
20, 1.0, 1.1, 1.0, 1.0, 0.600, 29
20, 1.0, 1.1, 1.0, 1.0, 0.600, 30
20, 1.0, 1.1, 1.0, 1.0, 0.600, 31
20, 1.0, 1.1, 1.0, 1.0, 0.600, 32
20, 1.0, 1.1, 1.0, 1.0, 0.600, 33
20, 1.0, 1.1, 1.0, 1.0, 0.600, 34
20, 1.0, 1.1, 1.0, 1.0, 0.600, 35
20, 1.0, 1.1, 1.0, 1.0, 0.600, 36
20, 1.0, 1.1, 1.0, 1.0, 0.600, 37
20, 1.0, 1.1, 1.0, 1.0, 0.600, 38
20, 1.0, 1.1, 1.0, 1.0, 0.600, 39
20, 1.0, 1.1, 1.0, 1.0, 0.600, 40
20, 1.0, 1.1, 1.0, 1.0, 0.600, 41
20, 1.0, 1.1, 1.0, 1.0, 0.600, 42
20, 1.0, 1.1, 1.0, 1.0, 0.600, 43
20, 1.0, 1.1, 1.0, 1.0, 0.600, 44
20, 1.0, 1.1, 1.0, 1.0, 0.600, 45
20, 1.0, 1.1, 1.0, 1.0, 0.600, 46
20, 1.0, 1.1, 1.0, 1.0, 0.600, 47
20, 1.0, 1.1, 1.0, 1.0, 0.600, 48
20, 1.0, 1.1, 1.0, 1.0, 0.600, 49
20, 1.0, 1.1, 1.0, 1.0, 0.600, 50
20, 1.0, 1.2, 1.0, 1.0, 0.600, 1
20, 1.0, 1.2, 1.0, 1.0, 0.600, 2
20, 1.0, 1.2, 1.0, 1.0, 0.600, 3
20, 1.0, 1.2, 1.0, 1.0, 0.600, 4
20, 1.0, 1.2, 1.0, 1.0, 0.600, 5
20, 1.0, 1.2, 1.0, 1.0, 0.600, 6
20, 1.0, 1.2, 1.0, 1.0, 0.600, 7
20, 1.0, 1.2, 1.0, 1.0, 0.600, 8
20, 1.0, 1.2, 1.0, 1.0, 0.600, 9
20, 1.0, 1.2, 1.0, 1.0, 0.600, 10
20, 1.0, 1.2, 1.0, 1.0, 0.600, 11
20, 1.0, 1.2, 1.0, 1.0, 0.600, 12
20, 1.0, 1.2, 1.0, 1.0, 0.600, 13
20, 1.0, 1.2, 1.0, 1.0, 0.600, 14
20, 1.0, 1.2, 1.0, 1.0, 0.600, 15
20, 1.0, 1.2, 1.0, 1.0, 0.600, 16
20, 1.0, 1.2, 1.0, 1.0, 0.600, 17
20, 1.0, 1.2, 1.0, 1.0, 0.600, 18
20, 1.0, 1.2, 1.0, 1.0, 0.600, 19
20, 1.0, 1.2, 1.0, 1.0, 0.600, 20
20, 1.0, 1.2, 1.0, 1.0, 0.600, 21
20, 1.0, 1.2, 1.0, 1.0, 0.600, 22
20, 1.0, 1.2, 1.0, 1.0, 0.600, 23
20, 1.0, 1.2, 1.0, 1.0, 0.600, 24
20, 1.0, 1.2, 1.0, 1.0, 0.600, 25
20, 1.0, 1.2, 1.0, 1.0, 0.600, 26
20, 1.0, 1.2, 1.0, 1.0, 0.600, 27
20, 1.0, 1.2, 1.0, 1.0, 0.600, 28
20, 1.0, 1.2, 1.0, 1.0, 0.600, 29
20, 1.0, 1.2, 1.0, 1.0, 0.600, 30
20, 1.0, 1.2, 1.0, 1.0, 0.600, 31
20, 1.0, 1.2, 1.0, 1.0, 0.600, 32
20, 1.0, 1.2, 1.0, 1.0, 0.600, 33
20, 1.0, 1.2, 1.0, 1.0, 0.600, 34
20, 1.0, 1.2, 1.0, 1.0, 0.600, 35
20, 1.0, 1.2, 1.0, 1.0, 0.600, 36
20, 1.0, 1.2, 1.0, 1.0, 0.600, 37
20, 1.0, 1.2, 1.0, 1.0, 0.600, 38
20, 1.0, 1.2, 1.0, 1.0, 0.600, 39
20, 1.0, 1.2, 1.0, 1.0, 0.600, 40
20, 1.0, 1.2, 1.0, 1.0, 0.600, 41
20, 1.0, 1.2, 1.0, 1.0, 0.600, 42
20, 1.0, 1.2, 1.0, 1.0, 0.600, 43
20, 1.0, 1.2, 1.0, 1.0, 0.600, 44
20, 1.0, 1.2, 1.0, 1.0, 0.600, 45
20, 1.0, 1.2, 1.0, 1.0, 0.600, 46
20, 1.0, 1.2, 1.0, 1.0, 0.600, 47
20, 1.0, 1.2, 1.0, 1.0, 0.600, 48
20, 1.0, 1.2, 1.0, 1.0, 0.600, 49
20, 1.0, 1.2, 1.0, 1.0, 0.600, 50
20, 1.0, 1.3, 1.0, 1.0, 0.600, 1
20, 1.0, 1.3, 1.0, 1.0, 0.600, 2
20, 1.0, 1.3, 1.0, 1.0, 0.600, 3
20, 1.0, 1.3, 1.0, 1.0, 0.600, 4
20, 1.0, 1.3, 1.0, 1.0, 0.600, 5
20, 1.0, 1.3, 1.0, 1.0, 0.600, 6
20, 1.0, 1.3, 1.0, 1.0, 0.600, 7
20, 1.0, 1.3, 1.0, 1.0, 0.600, 8
20, 1.0, 1.3, 1.0, 1.0, 0.600, 9
20, 1.0, 1.3, 1.0, 1.0, 0.600, 10
20, 1.0, 1.3, 1.0, 1.0, 0.600, 11
20, 1.0, 1.3, 1.0, 1.0, 0.600, 12
20, 1.0, 1.3, 1.0, 1.0, 0.600, 13
20, 1.0, 1.3, 1.0, 1.0, 0.600, 14
20, 1.0, 1.3, 1.0, 1.0, 0.600, 15
20, 1.0, 1.3, 1.0, 1.0, 0.600, 16
20, 1.0, 1.3, 1.0, 1.0, 0.600, 17
20, 1.0, 1.3, 1.0, 1.0, 0.600, 18
20, 1.0, 1.3, 1.0, 1.0, 0.600, 19
20, 1.0, 1.3, 1.0, 1.0, 0.600, 20
20, 1.0, 1.3, 1.0, 1.0, 0.600, 21
20, 1.0, 1.3, 1.0, 1.0, 0.600, 22
20, 1.0, 1.3, 1.0, 1.0, 0.600, 23
20, 1.0, 1.3, 1.0, 1.0, 0.600, 24
20, 1.0, 1.3, 1.0, 1.0, 0.600, 25
20, 1.0, 1.3, 1.0, 1.0, 0.600, 26
20, 1.0, 1.3, 1.0, 1.0, 0.600, 27
20, 1.0, 1.3, 1.0, 1.0, 0.600, 28
20, 1.0, 1.3, 1.0, 1.0, 0.600, 29
20, 1.0, 1.3, 1.0, 1.0, 0.600, 30
20, 1.0, 1.3, 1.0, 1.0, 0.600, 31
20, 1.0, 1.3, 1.0, 1.0, 0.600, 32
20, 1.0, 1.3, 1.0, 1.0, 0.600, 33
20, 1.0, 1.3, 1.0, 1.0, 0.600, 34
20, 1.0, 1.3, 1.0, 1.0, 0.600, 35
20, 1.0, 1.3, 1.0, 1.0, 0.600, 36
20, 1.0, 1.3, 1.0, 1.0, 0.600, 37
20, 1.0, 1.3, 1.0, 1.0, 0.600, 38
20, 1.0, 1.3, 1.0, 1.0, 0.600, 39
20, 1.0, 1.3, 1.0, 1.0, 0.600, 40
20, 1.0, 1.3, 1.0, 1.0, 0.600, 41
20, 1.0, 1.3, 1.0, 1.0, 0.600, 42
20, 1.0, 1.3, 1.0, 1.0, 0.600, 43
20, 1.0, 1.3, 1.0, 1.0, 0.600, 44
20, 1.0, 1.3, 1.0, 1.0, 0.600, 45
20, 1.0, 1.3, 1.0, 1.0, 0.600, 46
20, 1.0, 1.3, 1.0, 1.0, 0.600, 47
20, 1.0, 1.3, 1.0, 1.0, 0.600, 48
20, 1.0, 1.3, 1.0, 1.0, 0.600, 49
20, 1.0, 1.3, 1.0, 1.0, 0.600, 50
20, 1.0, 1.0, 0.5, 1.0, 0.600, 1
20, 1.0, 1.0, 0.5, 1.0, 0.600, 2
20, 1.0, 1.0, 0.5, 1.0, 0.600, 3
20, 1.0, 1.0, 0.5, 1.0, 0.600, 4
20, 1.0, 1.0, 0.5, 1.0, 0.600, 5
20, 1.0, 1.0, 0.5, 1.0, 0.600, 6
20, 1.0, 1.0, 0.5, 1.0, 0.600, 7
20, 1.0, 1.0, 0.5, 1.0, 0.600, 8
20, 1.0, 1.0, 0.5, 1.0, 0.600, 9
20, 1.0, 1.0, 0.5, 1.0, 0.600, 10
20, 1.0, 1.0, 0.5, 1.0, 0.600, 11
20, 1.0, 1.0, 0.5, 1.0, 0.600, 12
20, 1.0, 1.0, 0.5, 1.0, 0.600, 13
20, 1.0, 1.0, 0.5, 1.0, 0.600, 14
20, 1.0, 1.0, 0.5, 1.0, 0.600, 15
20, 1.0, 1.0, 0.5, 1.0, 0.600, 16
20, 1.0, 1.0, 0.5, 1.0, 0.600, 17
20, 1.0, 1.0, 0.5, 1.0, 0.600, 18
20, 1.0, 1.0, 0.5, 1.0, 0.600, 19
20, 1.0, 1.0, 0.5, 1.0, 0.600, 20
20, 1.0, 1.0, 0.5, 1.0, 0.600, 21
20, 1.0, 1.0, 0.5, 1.0, 0.600, 22
20, 1.0, 1.0, 0.5, 1.0, 0.600, 23
20, 1.0, 1.0, 0.5, 1.0, 0.600, 24
20, 1.0, 1.0, 0.5, 1.0, 0.600, 25
20, 1.0, 1.0, 0.5, 1.0, 0.600, 26
20, 1.0, 1.0, 0.5, 1.0, 0.600, 27
20, 1.0, 1.0, 0.5, 1.0, 0.600, 28
20, 1.0, 1.0, 0.5, 1.0, 0.600, 29
20, 1.0, 1.0, 0.5, 1.0, 0.600, 30
20, 1.0, 1.0, 0.5, 1.0, 0.600, 31
20, 1.0, 1.0, 0.5, 1.0, 0.600, 32
20, 1.0, 1.0, 0.5, 1.0, 0.600, 33
20, 1.0, 1.0, 0.5, 1.0, 0.600, 34
20, 1.0, 1.0, 0.5, 1.0, 0.600, 35
20, 1.0, 1.0, 0.5, 1.0, 0.600, 36
20, 1.0, 1.0, 0.5, 1.0, 0.600, 37
20, 1.0, 1.0, 0.5, 1.0, 0.600, 38
20, 1.0, 1.0, 0.5, 1.0, 0.600, 39
20, 1.0, 1.0, 0.5, 1.0, 0.600, 40
20, 1.0, 1.0, 0.5, 1.0, 0.600, 41
20, 1.0, 1.0, 0.5, 1.0, 0.600, 42
20, 1.0, 1.0, 0.5, 1.0, 0.600, 43
20, 1.0, 1.0, 0.5, 1.0, 0.600, 44
20, 1.0, 1.0, 0.5, 1.0, 0.600, 45
20, 1.0, 1.0, 0.5, 1.0, 0.600, 46
20, 1.0, 1.0, 0.5, 1.0, 0.600, 47
20, 1.0, 1.0, 0.5, 1.0, 0.600, 48
20, 1.0, 1.0, 0.5, 1.0, 0.600, 49
20, 1.0, 1.0, 0.5, 1.0, 0.600, 50
20, 1.0, 1.0, 0.6, 1.0, 0.600, 1
20, 1.0, 1.0, 0.6, 1.0, 0.600, 2
20, 1.0, 1.0, 0.6, 1.0, 0.600, 3
20, 1.0, 1.0, 0.6, 1.0, 0.600, 4
20, 1.0, 1.0, 0.6, 1.0, 0.600, 5
20, 1.0, 1.0, 0.6, 1.0, 0.600, 6
20, 1.0, 1.0, 0.6, 1.0, 0.600, 7
20, 1.0, 1.0, 0.6, 1.0, 0.600, 8
20, 1.0, 1.0, 0.6, 1.0, 0.600, 9
20, 1.0, 1.0, 0.6, 1.0, 0.600, 10
20, 1.0, 1.0, 0.6, 1.0, 0.600, 11
20, 1.0, 1.0, 0.6, 1.0, 0.600, 12
20, 1.0, 1.0, 0.6, 1.0, 0.600, 13
20, 1.0, 1.0, 0.6, 1.0, 0.600, 14
20, 1.0, 1.0, 0.6, 1.0, 0.600, 15
20, 1.0, 1.0, 0.6, 1.0, 0.600, 16
20, 1.0, 1.0, 0.6, 1.0, 0.600, 17
20, 1.0, 1.0, 0.6, 1.0, 0.600, 18
20, 1.0, 1.0, 0.6, 1.0, 0.600, 19
20, 1.0, 1.0, 0.6, 1.0, 0.600, 20
20, 1.0, 1.0, 0.6, 1.0, 0.600, 21
20, 1.0, 1.0, 0.6, 1.0, 0.600, 22
20, 1.0, 1.0, 0.6, 1.0, 0.600, 23
20, 1.0, 1.0, 0.6, 1.0, 0.600, 24
20, 1.0, 1.0, 0.6, 1.0, 0.600, 25
20, 1.0, 1.0, 0.6, 1.0, 0.600, 26
20, 1.0, 1.0, 0.6, 1.0, 0.600, 27
20, 1.0, 1.0, 0.6, 1.0, 0.600, 28
20, 1.0, 1.0, 0.6, 1.0, 0.600, 29
20, 1.0, 1.0, 0.6, 1.0, 0.600, 30
20, 1.0, 1.0, 0.6, 1.0, 0.600, 31
20, 1.0, 1.0, 0.6, 1.0, 0.600, 32
20, 1.0, 1.0, 0.6, 1.0, 0.600, 33
20, 1.0, 1.0, 0.6, 1.0, 0.600, 34
20, 1.0, 1.0, 0.6, 1.0, 0.600, 35
20, 1.0, 1.0, 0.6, 1.0, 0.600, 36
20, 1.0, 1.0, 0.6, 1.0, 0.600, 37
20, 1.0, 1.0, 0.6, 1.0, 0.600, 38
20, 1.0, 1.0, 0.6, 1.0, 0.600, 39
20, 1.0, 1.0, 0.6, 1.0, 0.600, 40
20, 1.0, 1.0, 0.6, 1.0, 0.600, 41
20, 1.0, 1.0, 0.6, 1.0, 0.600, 42
20, 1.0, 1.0, 0.6, 1.0, 0.600, 43
20, 1.0, 1.0, 0.6, 1.0, 0.600, 44
20, 1.0, 1.0, 0.6, 1.0, 0.600, 45
20, 1.0, 1.0, 0.6, 1.0, 0.600, 46
20, 1.0, 1.0, 0.6, 1.0, 0.600, 47
20, 1.0, 1.0, 0.6, 1.0, 0.600, 48
20, 1.0, 1.0, 0.6, 1.0, 0.600, 49
20, 1.0, 1.0, 0.6, 1.0, 0.600, 50
20, 1.0, 1.0, 0.7, 1.0, 0.600, 1
20, 1.0, 1.0, 0.7, 1.0, 0.600, 2
20, 1.0, 1.0, 0.7, 1.0, 0.600, 3
20, 1.0, 1.0, 0.7, 1.0, 0.600, 4
20, 1.0, 1.0, 0.7, 1.0, 0.600, 5
20, 1.0, 1.0, 0.7, 1.0, 0.600, 6
20, 1.0, 1.0, 0.7, 1.0, 0.600, 7
20, 1.0, 1.0, 0.7, 1.0, 0.600, 8
20, 1.0, 1.0, 0.7, 1.0, 0.600, 9
20, 1.0, 1.0, 0.7, 1.0, 0.600, 10
20, 1.0, 1.0, 0.7, 1.0, 0.600, 11
20, 1.0, 1.0, 0.7, 1.0, 0.600, 12
20, 1.0, 1.0, 0.7, 1.0, 0.600, 13
20, 1.0, 1.0, 0.7, 1.0, 0.600, 14
20, 1.0, 1.0, 0.7, 1.0, 0.600, 15
20, 1.0, 1.0, 0.7, 1.0, 0.600, 16
20, 1.0, 1.0, 0.7, 1.0, 0.600, 17
20, 1.0, 1.0, 0.7, 1.0, 0.600, 18
20, 1.0, 1.0, 0.7, 1.0, 0.600, 19
20, 1.0, 1.0, 0.7, 1.0, 0.600, 20
20, 1.0, 1.0, 0.7, 1.0, 0.600, 21
20, 1.0, 1.0, 0.7, 1.0, 0.600, 22
20, 1.0, 1.0, 0.7, 1.0, 0.600, 23
20, 1.0, 1.0, 0.7, 1.0, 0.600, 24
20, 1.0, 1.0, 0.7, 1.0, 0.600, 25
20, 1.0, 1.0, 0.7, 1.0, 0.600, 26
20, 1.0, 1.0, 0.7, 1.0, 0.600, 27
20, 1.0, 1.0, 0.7, 1.0, 0.600, 28
20, 1.0, 1.0, 0.7, 1.0, 0.600, 29
20, 1.0, 1.0, 0.7, 1.0, 0.600, 30
20, 1.0, 1.0, 0.7, 1.0, 0.600, 31
20, 1.0, 1.0, 0.7, 1.0, 0.600, 32
20, 1.0, 1.0, 0.7, 1.0, 0.600, 33
20, 1.0, 1.0, 0.7, 1.0, 0.600, 34
20, 1.0, 1.0, 0.7, 1.0, 0.600, 35
20, 1.0, 1.0, 0.7, 1.0, 0.600, 36
20, 1.0, 1.0, 0.7, 1.0, 0.600, 37
20, 1.0, 1.0, 0.7, 1.0, 0.600, 38
20, 1.0, 1.0, 0.7, 1.0, 0.600, 39
20, 1.0, 1.0, 0.7, 1.0, 0.600, 40
20, 1.0, 1.0, 0.7, 1.0, 0.600, 41
20, 1.0, 1.0, 0.7, 1.0, 0.600, 42
20, 1.0, 1.0, 0.7, 1.0, 0.600, 43
20, 1.0, 1.0, 0.7, 1.0, 0.600, 44
20, 1.0, 1.0, 0.7, 1.0, 0.600, 45
20, 1.0, 1.0, 0.7, 1.0, 0.600, 46
20, 1.0, 1.0, 0.7, 1.0, 0.600, 47
20, 1.0, 1.0, 0.7, 1.0, 0.600, 48
20, 1.0, 1.0, 0.7, 1.0, 0.600, 49
20, 1.0, 1.0, 0.7, 1.0, 0.600, 50
20, 1.0, 1.0, 0.8, 1.0, 0.600, 1
20, 1.0, 1.0, 0.8, 1.0, 0.600, 2
20, 1.0, 1.0, 0.8, 1.0, 0.600, 3
20, 1.0, 1.0, 0.8, 1.0, 0.600, 4
20, 1.0, 1.0, 0.8, 1.0, 0.600, 5
20, 1.0, 1.0, 0.8, 1.0, 0.600, 6
20, 1.0, 1.0, 0.8, 1.0, 0.600, 7
20, 1.0, 1.0, 0.8, 1.0, 0.600, 8
20, 1.0, 1.0, 0.8, 1.0, 0.600, 9
20, 1.0, 1.0, 0.8, 1.0, 0.600, 10
20, 1.0, 1.0, 0.8, 1.0, 0.600, 11
20, 1.0, 1.0, 0.8, 1.0, 0.600, 12
20, 1.0, 1.0, 0.8, 1.0, 0.600, 13
20, 1.0, 1.0, 0.8, 1.0, 0.600, 14
20, 1.0, 1.0, 0.8, 1.0, 0.600, 15
20, 1.0, 1.0, 0.8, 1.0, 0.600, 16
20, 1.0, 1.0, 0.8, 1.0, 0.600, 17
20, 1.0, 1.0, 0.8, 1.0, 0.600, 18
20, 1.0, 1.0, 0.8, 1.0, 0.600, 19
20, 1.0, 1.0, 0.8, 1.0, 0.600, 20
20, 1.0, 1.0, 0.8, 1.0, 0.600, 21
20, 1.0, 1.0, 0.8, 1.0, 0.600, 22
20, 1.0, 1.0, 0.8, 1.0, 0.600, 23
20, 1.0, 1.0, 0.8, 1.0, 0.600, 24
20, 1.0, 1.0, 0.8, 1.0, 0.600, 25
20, 1.0, 1.0, 0.8, 1.0, 0.600, 26
20, 1.0, 1.0, 0.8, 1.0, 0.600, 27
20, 1.0, 1.0, 0.8, 1.0, 0.600, 28
20, 1.0, 1.0, 0.8, 1.0, 0.600, 29
20, 1.0, 1.0, 0.8, 1.0, 0.600, 30
20, 1.0, 1.0, 0.8, 1.0, 0.600, 31
20, 1.0, 1.0, 0.8, 1.0, 0.600, 32
20, 1.0, 1.0, 0.8, 1.0, 0.600, 33
20, 1.0, 1.0, 0.8, 1.0, 0.600, 34
20, 1.0, 1.0, 0.8, 1.0, 0.600, 35
20, 1.0, 1.0, 0.8, 1.0, 0.600, 36
20, 1.0, 1.0, 0.8, 1.0, 0.600, 37
20, 1.0, 1.0, 0.8, 1.0, 0.600, 38
20, 1.0, 1.0, 0.8, 1.0, 0.600, 39
20, 1.0, 1.0, 0.8, 1.0, 0.600, 40
20, 1.0, 1.0, 0.8, 1.0, 0.600, 41
20, 1.0, 1.0, 0.8, 1.0, 0.600, 42
20, 1.0, 1.0, 0.8, 1.0, 0.600, 43
20, 1.0, 1.0, 0.8, 1.0, 0.600, 44
20, 1.0, 1.0, 0.8, 1.0, 0.600, 45
20, 1.0, 1.0, 0.8, 1.0, 0.600, 46
20, 1.0, 1.0, 0.8, 1.0, 0.600, 47
20, 1.0, 1.0, 0.8, 1.0, 0.600, 48
20, 1.0, 1.0, 0.8, 1.0, 0.600, 49
20, 1.0, 1.0, 0.8, 1.0, 0.600, 50
20, 1.0, 1.0, 0.9, 1.0, 0.600, 1
20, 1.0, 1.0, 0.9, 1.0, 0.600, 2
20, 1.0, 1.0, 0.9, 1.0, 0.600, 3
20, 1.0, 1.0, 0.9, 1.0, 0.600, 4
20, 1.0, 1.0, 0.9, 1.0, 0.600, 5
20, 1.0, 1.0, 0.9, 1.0, 0.600, 6
20, 1.0, 1.0, 0.9, 1.0, 0.600, 7
20, 1.0, 1.0, 0.9, 1.0, 0.600, 8
20, 1.0, 1.0, 0.9, 1.0, 0.600, 9
20, 1.0, 1.0, 0.9, 1.0, 0.600, 10
20, 1.0, 1.0, 0.9, 1.0, 0.600, 11
20, 1.0, 1.0, 0.9, 1.0, 0.600, 12
20, 1.0, 1.0, 0.9, 1.0, 0.600, 13
20, 1.0, 1.0, 0.9, 1.0, 0.600, 14
20, 1.0, 1.0, 0.9, 1.0, 0.600, 15
20, 1.0, 1.0, 0.9, 1.0, 0.600, 16
20, 1.0, 1.0, 0.9, 1.0, 0.600, 17
20, 1.0, 1.0, 0.9, 1.0, 0.600, 18
20, 1.0, 1.0, 0.9, 1.0, 0.600, 19
20, 1.0, 1.0, 0.9, 1.0, 0.600, 20
20, 1.0, 1.0, 0.9, 1.0, 0.600, 21
20, 1.0, 1.0, 0.9, 1.0, 0.600, 22
20, 1.0, 1.0, 0.9, 1.0, 0.600, 23
20, 1.0, 1.0, 0.9, 1.0, 0.600, 24
20, 1.0, 1.0, 0.9, 1.0, 0.600, 25
20, 1.0, 1.0, 0.9, 1.0, 0.600, 26
20, 1.0, 1.0, 0.9, 1.0, 0.600, 27
20, 1.0, 1.0, 0.9, 1.0, 0.600, 28
20, 1.0, 1.0, 0.9, 1.0, 0.600, 29
20, 1.0, 1.0, 0.9, 1.0, 0.600, 30
20, 1.0, 1.0, 0.9, 1.0, 0.600, 31
20, 1.0, 1.0, 0.9, 1.0, 0.600, 32
20, 1.0, 1.0, 0.9, 1.0, 0.600, 33
20, 1.0, 1.0, 0.9, 1.0, 0.600, 34
20, 1.0, 1.0, 0.9, 1.0, 0.600, 35
20, 1.0, 1.0, 0.9, 1.0, 0.600, 36
20, 1.0, 1.0, 0.9, 1.0, 0.600, 37
20, 1.0, 1.0, 0.9, 1.0, 0.600, 38
20, 1.0, 1.0, 0.9, 1.0, 0.600, 39
20, 1.0, 1.0, 0.9, 1.0, 0.600, 40
20, 1.0, 1.0, 0.9, 1.0, 0.600, 41
20, 1.0, 1.0, 0.9, 1.0, 0.600, 42
20, 1.0, 1.0, 0.9, 1.0, 0.600, 43
20, 1.0, 1.0, 0.9, 1.0, 0.600, 44
20, 1.0, 1.0, 0.9, 1.0, 0.600, 45
20, 1.0, 1.0, 0.9, 1.0, 0.600, 46
20, 1.0, 1.0, 0.9, 1.0, 0.600, 47
20, 1.0, 1.0, 0.9, 1.0, 0.600, 48
20, 1.0, 1.0, 0.9, 1.0, 0.600, 49
20, 1.0, 1.0, 0.9, 1.0, 0.600, 50
20, 1.0, 1.0, 1.1, 1.0, 0.600, 1
20, 1.0, 1.0, 1.1, 1.0, 0.600, 2
20, 1.0, 1.0, 1.1, 1.0, 0.600, 3
20, 1.0, 1.0, 1.1, 1.0, 0.600, 4
20, 1.0, 1.0, 1.1, 1.0, 0.600, 5
20, 1.0, 1.0, 1.1, 1.0, 0.600, 6
20, 1.0, 1.0, 1.1, 1.0, 0.600, 7
20, 1.0, 1.0, 1.1, 1.0, 0.600, 8
20, 1.0, 1.0, 1.1, 1.0, 0.600, 9
20, 1.0, 1.0, 1.1, 1.0, 0.600, 10
20, 1.0, 1.0, 1.1, 1.0, 0.600, 11
20, 1.0, 1.0, 1.1, 1.0, 0.600, 12
20, 1.0, 1.0, 1.1, 1.0, 0.600, 13
20, 1.0, 1.0, 1.1, 1.0, 0.600, 14
20, 1.0, 1.0, 1.1, 1.0, 0.600, 15
20, 1.0, 1.0, 1.1, 1.0, 0.600, 16
20, 1.0, 1.0, 1.1, 1.0, 0.600, 17
20, 1.0, 1.0, 1.1, 1.0, 0.600, 18
20, 1.0, 1.0, 1.1, 1.0, 0.600, 19
20, 1.0, 1.0, 1.1, 1.0, 0.600, 20
20, 1.0, 1.0, 1.1, 1.0, 0.600, 21
20, 1.0, 1.0, 1.1, 1.0, 0.600, 22
20, 1.0, 1.0, 1.1, 1.0, 0.600, 23
20, 1.0, 1.0, 1.1, 1.0, 0.600, 24
20, 1.0, 1.0, 1.1, 1.0, 0.600, 25
20, 1.0, 1.0, 1.1, 1.0, 0.600, 26
20, 1.0, 1.0, 1.1, 1.0, 0.600, 27
20, 1.0, 1.0, 1.1, 1.0, 0.600, 28
20, 1.0, 1.0, 1.1, 1.0, 0.600, 29
20, 1.0, 1.0, 1.1, 1.0, 0.600, 30
20, 1.0, 1.0, 1.1, 1.0, 0.600, 31
20, 1.0, 1.0, 1.1, 1.0, 0.600, 32
20, 1.0, 1.0, 1.1, 1.0, 0.600, 33
20, 1.0, 1.0, 1.1, 1.0, 0.600, 34
20, 1.0, 1.0, 1.1, 1.0, 0.600, 35
20, 1.0, 1.0, 1.1, 1.0, 0.600, 36
20, 1.0, 1.0, 1.1, 1.0, 0.600, 37
20, 1.0, 1.0, 1.1, 1.0, 0.600, 38
20, 1.0, 1.0, 1.1, 1.0, 0.600, 39
20, 1.0, 1.0, 1.1, 1.0, 0.600, 40
20, 1.0, 1.0, 1.1, 1.0, 0.600, 41
20, 1.0, 1.0, 1.1, 1.0, 0.600, 42
20, 1.0, 1.0, 1.1, 1.0, 0.600, 43
20, 1.0, 1.0, 1.1, 1.0, 0.600, 44
20, 1.0, 1.0, 1.1, 1.0, 0.600, 45
20, 1.0, 1.0, 1.1, 1.0, 0.600, 46
20, 1.0, 1.0, 1.1, 1.0, 0.600, 47
20, 1.0, 1.0, 1.1, 1.0, 0.600, 48
20, 1.0, 1.0, 1.1, 1.0, 0.600, 49
20, 1.0, 1.0, 1.1, 1.0, 0.600, 50
20, 1.0, 1.0, 1.2, 1.0, 0.600, 1
20, 1.0, 1.0, 1.2, 1.0, 0.600, 2
20, 1.0, 1.0, 1.2, 1.0, 0.600, 3
20, 1.0, 1.0, 1.2, 1.0, 0.600, 4
20, 1.0, 1.0, 1.2, 1.0, 0.600, 5
20, 1.0, 1.0, 1.2, 1.0, 0.600, 6
20, 1.0, 1.0, 1.2, 1.0, 0.600, 7
20, 1.0, 1.0, 1.2, 1.0, 0.600, 8
20, 1.0, 1.0, 1.2, 1.0, 0.600, 9
20, 1.0, 1.0, 1.2, 1.0, 0.600, 10
20, 1.0, 1.0, 1.2, 1.0, 0.600, 11
20, 1.0, 1.0, 1.2, 1.0, 0.600, 12
20, 1.0, 1.0, 1.2, 1.0, 0.600, 13
20, 1.0, 1.0, 1.2, 1.0, 0.600, 14
20, 1.0, 1.0, 1.2, 1.0, 0.600, 15
20, 1.0, 1.0, 1.2, 1.0, 0.600, 16
20, 1.0, 1.0, 1.2, 1.0, 0.600, 17
20, 1.0, 1.0, 1.2, 1.0, 0.600, 18
20, 1.0, 1.0, 1.2, 1.0, 0.600, 19
20, 1.0, 1.0, 1.2, 1.0, 0.600, 20
20, 1.0, 1.0, 1.2, 1.0, 0.600, 21
20, 1.0, 1.0, 1.2, 1.0, 0.600, 22
20, 1.0, 1.0, 1.2, 1.0, 0.600, 23
20, 1.0, 1.0, 1.2, 1.0, 0.600, 24
20, 1.0, 1.0, 1.2, 1.0, 0.600, 25
20, 1.0, 1.0, 1.2, 1.0, 0.600, 26
20, 1.0, 1.0, 1.2, 1.0, 0.600, 27
20, 1.0, 1.0, 1.2, 1.0, 0.600, 28
20, 1.0, 1.0, 1.2, 1.0, 0.600, 29
20, 1.0, 1.0, 1.2, 1.0, 0.600, 30
20, 1.0, 1.0, 1.2, 1.0, 0.600, 31
20, 1.0, 1.0, 1.2, 1.0, 0.600, 32
20, 1.0, 1.0, 1.2, 1.0, 0.600, 33
20, 1.0, 1.0, 1.2, 1.0, 0.600, 34
20, 1.0, 1.0, 1.2, 1.0, 0.600, 35
20, 1.0, 1.0, 1.2, 1.0, 0.600, 36
20, 1.0, 1.0, 1.2, 1.0, 0.600, 37
20, 1.0, 1.0, 1.2, 1.0, 0.600, 38
20, 1.0, 1.0, 1.2, 1.0, 0.600, 39
20, 1.0, 1.0, 1.2, 1.0, 0.600, 40
20, 1.0, 1.0, 1.2, 1.0, 0.600, 41
20, 1.0, 1.0, 1.2, 1.0, 0.600, 42
20, 1.0, 1.0, 1.2, 1.0, 0.600, 43
20, 1.0, 1.0, 1.2, 1.0, 0.600, 44
20, 1.0, 1.0, 1.2, 1.0, 0.600, 45
20, 1.0, 1.0, 1.2, 1.0, 0.600, 46
20, 1.0, 1.0, 1.2, 1.0, 0.600, 47
20, 1.0, 1.0, 1.2, 1.0, 0.600, 48
20, 1.0, 1.0, 1.2, 1.0, 0.600, 49
20, 1.0, 1.0, 1.2, 1.0, 0.600, 50
20, 1.0, 1.0, 1.0, 0.5, 0.600, 1
20, 1.0, 1.0, 1.0, 0.5, 0.600, 2
20, 1.0, 1.0, 1.0, 0.5, 0.600, 3
20, 1.0, 1.0, 1.0, 0.5, 0.600, 4
20, 1.0, 1.0, 1.0, 0.5, 0.600, 5
20, 1.0, 1.0, 1.0, 0.5, 0.600, 6
20, 1.0, 1.0, 1.0, 0.5, 0.600, 7
20, 1.0, 1.0, 1.0, 0.5, 0.600, 8
20, 1.0, 1.0, 1.0, 0.5, 0.600, 9
20, 1.0, 1.0, 1.0, 0.5, 0.600, 10
20, 1.0, 1.0, 1.0, 0.5, 0.600, 11
20, 1.0, 1.0, 1.0, 0.5, 0.600, 12
20, 1.0, 1.0, 1.0, 0.5, 0.600, 13
20, 1.0, 1.0, 1.0, 0.5, 0.600, 14
20, 1.0, 1.0, 1.0, 0.5, 0.600, 15
20, 1.0, 1.0, 1.0, 0.5, 0.600, 16
20, 1.0, 1.0, 1.0, 0.5, 0.600, 17
20, 1.0, 1.0, 1.0, 0.5, 0.600, 18
20, 1.0, 1.0, 1.0, 0.5, 0.600, 19
20, 1.0, 1.0, 1.0, 0.5, 0.600, 20
20, 1.0, 1.0, 1.0, 0.5, 0.600, 21
20, 1.0, 1.0, 1.0, 0.5, 0.600, 22
20, 1.0, 1.0, 1.0, 0.5, 0.600, 23
20, 1.0, 1.0, 1.0, 0.5, 0.600, 24
20, 1.0, 1.0, 1.0, 0.5, 0.600, 25
20, 1.0, 1.0, 1.0, 0.5, 0.600, 26
20, 1.0, 1.0, 1.0, 0.5, 0.600, 27
20, 1.0, 1.0, 1.0, 0.5, 0.600, 28
20, 1.0, 1.0, 1.0, 0.5, 0.600, 29
20, 1.0, 1.0, 1.0, 0.5, 0.600, 30
20, 1.0, 1.0, 1.0, 0.5, 0.600, 31
20, 1.0, 1.0, 1.0, 0.5, 0.600, 32
20, 1.0, 1.0, 1.0, 0.5, 0.600, 33
20, 1.0, 1.0, 1.0, 0.5, 0.600, 34
20, 1.0, 1.0, 1.0, 0.5, 0.600, 35
20, 1.0, 1.0, 1.0, 0.5, 0.600, 36
20, 1.0, 1.0, 1.0, 0.5, 0.600, 37
20, 1.0, 1.0, 1.0, 0.5, 0.600, 38
20, 1.0, 1.0, 1.0, 0.5, 0.600, 39
20, 1.0, 1.0, 1.0, 0.5, 0.600, 40
20, 1.0, 1.0, 1.0, 0.5, 0.600, 41
20, 1.0, 1.0, 1.0, 0.5, 0.600, 42
20, 1.0, 1.0, 1.0, 0.5, 0.600, 43
20, 1.0, 1.0, 1.0, 0.5, 0.600, 44
20, 1.0, 1.0, 1.0, 0.5, 0.600, 45
20, 1.0, 1.0, 1.0, 0.5, 0.600, 46
20, 1.0, 1.0, 1.0, 0.5, 0.600, 47
20, 1.0, 1.0, 1.0, 0.5, 0.600, 48
20, 1.0, 1.0, 1.0, 0.5, 0.600, 49
20, 1.0, 1.0, 1.0, 0.5, 0.600, 50
20, 1.0, 1.0, 1.0, 0.6, 0.600, 1
20, 1.0, 1.0, 1.0, 0.6, 0.600, 2
20, 1.0, 1.0, 1.0, 0.6, 0.600, 3
20, 1.0, 1.0, 1.0, 0.6, 0.600, 4
20, 1.0, 1.0, 1.0, 0.6, 0.600, 5
20, 1.0, 1.0, 1.0, 0.6, 0.600, 6
20, 1.0, 1.0, 1.0, 0.6, 0.600, 7
20, 1.0, 1.0, 1.0, 0.6, 0.600, 8
20, 1.0, 1.0, 1.0, 0.6, 0.600, 9
20, 1.0, 1.0, 1.0, 0.6, 0.600, 10
20, 1.0, 1.0, 1.0, 0.6, 0.600, 11
20, 1.0, 1.0, 1.0, 0.6, 0.600, 12
20, 1.0, 1.0, 1.0, 0.6, 0.600, 13
20, 1.0, 1.0, 1.0, 0.6, 0.600, 14
20, 1.0, 1.0, 1.0, 0.6, 0.600, 15
20, 1.0, 1.0, 1.0, 0.6, 0.600, 16
20, 1.0, 1.0, 1.0, 0.6, 0.600, 17
20, 1.0, 1.0, 1.0, 0.6, 0.600, 18
20, 1.0, 1.0, 1.0, 0.6, 0.600, 19
20, 1.0, 1.0, 1.0, 0.6, 0.600, 20
20, 1.0, 1.0, 1.0, 0.6, 0.600, 21
20, 1.0, 1.0, 1.0, 0.6, 0.600, 22
20, 1.0, 1.0, 1.0, 0.6, 0.600, 23
20, 1.0, 1.0, 1.0, 0.6, 0.600, 24
20, 1.0, 1.0, 1.0, 0.6, 0.600, 25
20, 1.0, 1.0, 1.0, 0.6, 0.600, 26
20, 1.0, 1.0, 1.0, 0.6, 0.600, 27
20, 1.0, 1.0, 1.0, 0.6, 0.600, 28
20, 1.0, 1.0, 1.0, 0.6, 0.600, 29
20, 1.0, 1.0, 1.0, 0.6, 0.600, 30
20, 1.0, 1.0, 1.0, 0.6, 0.600, 31
20, 1.0, 1.0, 1.0, 0.6, 0.600, 32
20, 1.0, 1.0, 1.0, 0.6, 0.600, 33
20, 1.0, 1.0, 1.0, 0.6, 0.600, 34
20, 1.0, 1.0, 1.0, 0.6, 0.600, 35
20, 1.0, 1.0, 1.0, 0.6, 0.600, 36
20, 1.0, 1.0, 1.0, 0.6, 0.600, 37
20, 1.0, 1.0, 1.0, 0.6, 0.600, 38
20, 1.0, 1.0, 1.0, 0.6, 0.600, 39
20, 1.0, 1.0, 1.0, 0.6, 0.600, 40
20, 1.0, 1.0, 1.0, 0.6, 0.600, 41
20, 1.0, 1.0, 1.0, 0.6, 0.600, 42
20, 1.0, 1.0, 1.0, 0.6, 0.600, 43
20, 1.0, 1.0, 1.0, 0.6, 0.600, 44
20, 1.0, 1.0, 1.0, 0.6, 0.600, 45
20, 1.0, 1.0, 1.0, 0.6, 0.600, 46
20, 1.0, 1.0, 1.0, 0.6, 0.600, 47
20, 1.0, 1.0, 1.0, 0.6, 0.600, 48
20, 1.0, 1.0, 1.0, 0.6, 0.600, 49
20, 1.0, 1.0, 1.0, 0.6, 0.600, 50
20, 1.0, 1.0, 1.0, 0.7, 0.600, 1
20, 1.0, 1.0, 1.0, 0.7, 0.600, 2
20, 1.0, 1.0, 1.0, 0.7, 0.600, 3
20, 1.0, 1.0, 1.0, 0.7, 0.600, 4
20, 1.0, 1.0, 1.0, 0.7, 0.600, 5
20, 1.0, 1.0, 1.0, 0.7, 0.600, 6
20, 1.0, 1.0, 1.0, 0.7, 0.600, 7
20, 1.0, 1.0, 1.0, 0.7, 0.600, 8
20, 1.0, 1.0, 1.0, 0.7, 0.600, 9
20, 1.0, 1.0, 1.0, 0.7, 0.600, 10
20, 1.0, 1.0, 1.0, 0.7, 0.600, 11
20, 1.0, 1.0, 1.0, 0.7, 0.600, 12
20, 1.0, 1.0, 1.0, 0.7, 0.600, 13
20, 1.0, 1.0, 1.0, 0.7, 0.600, 14
20, 1.0, 1.0, 1.0, 0.7, 0.600, 15
20, 1.0, 1.0, 1.0, 0.7, 0.600, 16
20, 1.0, 1.0, 1.0, 0.7, 0.600, 17
20, 1.0, 1.0, 1.0, 0.7, 0.600, 18
20, 1.0, 1.0, 1.0, 0.7, 0.600, 19
20, 1.0, 1.0, 1.0, 0.7, 0.600, 20
20, 1.0, 1.0, 1.0, 0.7, 0.600, 21
20, 1.0, 1.0, 1.0, 0.7, 0.600, 22
20, 1.0, 1.0, 1.0, 0.7, 0.600, 23
20, 1.0, 1.0, 1.0, 0.7, 0.600, 24
20, 1.0, 1.0, 1.0, 0.7, 0.600, 25
20, 1.0, 1.0, 1.0, 0.7, 0.600, 26
20, 1.0, 1.0, 1.0, 0.7, 0.600, 27
20, 1.0, 1.0, 1.0, 0.7, 0.600, 28
20, 1.0, 1.0, 1.0, 0.7, 0.600, 29
20, 1.0, 1.0, 1.0, 0.7, 0.600, 30
20, 1.0, 1.0, 1.0, 0.7, 0.600, 31
20, 1.0, 1.0, 1.0, 0.7, 0.600, 32
20, 1.0, 1.0, 1.0, 0.7, 0.600, 33
20, 1.0, 1.0, 1.0, 0.7, 0.600, 34
20, 1.0, 1.0, 1.0, 0.7, 0.600, 35
20, 1.0, 1.0, 1.0, 0.7, 0.600, 36
20, 1.0, 1.0, 1.0, 0.7, 0.600, 37
20, 1.0, 1.0, 1.0, 0.7, 0.600, 38
20, 1.0, 1.0, 1.0, 0.7, 0.600, 39
20, 1.0, 1.0, 1.0, 0.7, 0.600, 40
20, 1.0, 1.0, 1.0, 0.7, 0.600, 41
20, 1.0, 1.0, 1.0, 0.7, 0.600, 42
20, 1.0, 1.0, 1.0, 0.7, 0.600, 43
20, 1.0, 1.0, 1.0, 0.7, 0.600, 44
20, 1.0, 1.0, 1.0, 0.7, 0.600, 45
20, 1.0, 1.0, 1.0, 0.7, 0.600, 46
20, 1.0, 1.0, 1.0, 0.7, 0.600, 47
20, 1.0, 1.0, 1.0, 0.7, 0.600, 48
20, 1.0, 1.0, 1.0, 0.7, 0.600, 49
20, 1.0, 1.0, 1.0, 0.7, 0.600, 50
20, 1.0, 1.0, 1.0, 0.8, 0.600, 1
20, 1.0, 1.0, 1.0, 0.8, 0.600, 2
20, 1.0, 1.0, 1.0, 0.8, 0.600, 3
20, 1.0, 1.0, 1.0, 0.8, 0.600, 4
20, 1.0, 1.0, 1.0, 0.8, 0.600, 5
20, 1.0, 1.0, 1.0, 0.8, 0.600, 6
20, 1.0, 1.0, 1.0, 0.8, 0.600, 7
20, 1.0, 1.0, 1.0, 0.8, 0.600, 8
20, 1.0, 1.0, 1.0, 0.8, 0.600, 9
20, 1.0, 1.0, 1.0, 0.8, 0.600, 10
20, 1.0, 1.0, 1.0, 0.8, 0.600, 11
20, 1.0, 1.0, 1.0, 0.8, 0.600, 12
20, 1.0, 1.0, 1.0, 0.8, 0.600, 13
20, 1.0, 1.0, 1.0, 0.8, 0.600, 14
20, 1.0, 1.0, 1.0, 0.8, 0.600, 15
20, 1.0, 1.0, 1.0, 0.8, 0.600, 16
20, 1.0, 1.0, 1.0, 0.8, 0.600, 17
20, 1.0, 1.0, 1.0, 0.8, 0.600, 18
20, 1.0, 1.0, 1.0, 0.8, 0.600, 19
20, 1.0, 1.0, 1.0, 0.8, 0.600, 20
20, 1.0, 1.0, 1.0, 0.8, 0.600, 21
20, 1.0, 1.0, 1.0, 0.8, 0.600, 22
20, 1.0, 1.0, 1.0, 0.8, 0.600, 23
20, 1.0, 1.0, 1.0, 0.8, 0.600, 24
20, 1.0, 1.0, 1.0, 0.8, 0.600, 25
20, 1.0, 1.0, 1.0, 0.8, 0.600, 26
20, 1.0, 1.0, 1.0, 0.8, 0.600, 27
20, 1.0, 1.0, 1.0, 0.8, 0.600, 28
20, 1.0, 1.0, 1.0, 0.8, 0.600, 29
20, 1.0, 1.0, 1.0, 0.8, 0.600, 30
20, 1.0, 1.0, 1.0, 0.8, 0.600, 31
20, 1.0, 1.0, 1.0, 0.8, 0.600, 32
20, 1.0, 1.0, 1.0, 0.8, 0.600, 33
20, 1.0, 1.0, 1.0, 0.8, 0.600, 34
20, 1.0, 1.0, 1.0, 0.8, 0.600, 35
20, 1.0, 1.0, 1.0, 0.8, 0.600, 36
20, 1.0, 1.0, 1.0, 0.8, 0.600, 37
20, 1.0, 1.0, 1.0, 0.8, 0.600, 38
20, 1.0, 1.0, 1.0, 0.8, 0.600, 39
20, 1.0, 1.0, 1.0, 0.8, 0.600, 40
20, 1.0, 1.0, 1.0, 0.8, 0.600, 41
20, 1.0, 1.0, 1.0, 0.8, 0.600, 42
20, 1.0, 1.0, 1.0, 0.8, 0.600, 43
20, 1.0, 1.0, 1.0, 0.8, 0.600, 44
20, 1.0, 1.0, 1.0, 0.8, 0.600, 45
20, 1.0, 1.0, 1.0, 0.8, 0.600, 46
20, 1.0, 1.0, 1.0, 0.8, 0.600, 47
20, 1.0, 1.0, 1.0, 0.8, 0.600, 48
20, 1.0, 1.0, 1.0, 0.8, 0.600, 49
20, 1.0, 1.0, 1.0, 0.8, 0.600, 50
20, 1.0, 1.0, 1.0, 0.9, 0.600, 1
20, 1.0, 1.0, 1.0, 0.9, 0.600, 2
20, 1.0, 1.0, 1.0, 0.9, 0.600, 3
20, 1.0, 1.0, 1.0, 0.9, 0.600, 4
20, 1.0, 1.0, 1.0, 0.9, 0.600, 5
20, 1.0, 1.0, 1.0, 0.9, 0.600, 6
20, 1.0, 1.0, 1.0, 0.9, 0.600, 7
20, 1.0, 1.0, 1.0, 0.9, 0.600, 8
20, 1.0, 1.0, 1.0, 0.9, 0.600, 9
20, 1.0, 1.0, 1.0, 0.9, 0.600, 10
20, 1.0, 1.0, 1.0, 0.9, 0.600, 11
20, 1.0, 1.0, 1.0, 0.9, 0.600, 12
20, 1.0, 1.0, 1.0, 0.9, 0.600, 13
20, 1.0, 1.0, 1.0, 0.9, 0.600, 14
20, 1.0, 1.0, 1.0, 0.9, 0.600, 15
20, 1.0, 1.0, 1.0, 0.9, 0.600, 16
20, 1.0, 1.0, 1.0, 0.9, 0.600, 17
20, 1.0, 1.0, 1.0, 0.9, 0.600, 18
20, 1.0, 1.0, 1.0, 0.9, 0.600, 19
20, 1.0, 1.0, 1.0, 0.9, 0.600, 20
20, 1.0, 1.0, 1.0, 0.9, 0.600, 21
20, 1.0, 1.0, 1.0, 0.9, 0.600, 22
20, 1.0, 1.0, 1.0, 0.9, 0.600, 23
20, 1.0, 1.0, 1.0, 0.9, 0.600, 24
20, 1.0, 1.0, 1.0, 0.9, 0.600, 25
20, 1.0, 1.0, 1.0, 0.9, 0.600, 26
20, 1.0, 1.0, 1.0, 0.9, 0.600, 27
20, 1.0, 1.0, 1.0, 0.9, 0.600, 28
20, 1.0, 1.0, 1.0, 0.9, 0.600, 29
20, 1.0, 1.0, 1.0, 0.9, 0.600, 30
20, 1.0, 1.0, 1.0, 0.9, 0.600, 31
20, 1.0, 1.0, 1.0, 0.9, 0.600, 32
20, 1.0, 1.0, 1.0, 0.9, 0.600, 33
20, 1.0, 1.0, 1.0, 0.9, 0.600, 34
20, 1.0, 1.0, 1.0, 0.9, 0.600, 35
20, 1.0, 1.0, 1.0, 0.9, 0.600, 36
20, 1.0, 1.0, 1.0, 0.9, 0.600, 37
20, 1.0, 1.0, 1.0, 0.9, 0.600, 38
20, 1.0, 1.0, 1.0, 0.9, 0.600, 39
20, 1.0, 1.0, 1.0, 0.9, 0.600, 40
20, 1.0, 1.0, 1.0, 0.9, 0.600, 41
20, 1.0, 1.0, 1.0, 0.9, 0.600, 42
20, 1.0, 1.0, 1.0, 0.9, 0.600, 43
20, 1.0, 1.0, 1.0, 0.9, 0.600, 44
20, 1.0, 1.0, 1.0, 0.9, 0.600, 45
20, 1.0, 1.0, 1.0, 0.9, 0.600, 46
20, 1.0, 1.0, 1.0, 0.9, 0.600, 47
20, 1.0, 1.0, 1.0, 0.9, 0.600, 48
20, 1.0, 1.0, 1.0, 0.9, 0.600, 49
20, 1.0, 1.0, 1.0, 0.9, 0.600, 50
20, 1.0, 1.0, 1.0, 1.1, 0.600, 1
20, 1.0, 1.0, 1.0, 1.1, 0.600, 2
20, 1.0, 1.0, 1.0, 1.1, 0.600, 3
20, 1.0, 1.0, 1.0, 1.1, 0.600, 4
20, 1.0, 1.0, 1.0, 1.1, 0.600, 5
20, 1.0, 1.0, 1.0, 1.1, 0.600, 6
20, 1.0, 1.0, 1.0, 1.1, 0.600, 7
20, 1.0, 1.0, 1.0, 1.1, 0.600, 8
20, 1.0, 1.0, 1.0, 1.1, 0.600, 9
20, 1.0, 1.0, 1.0, 1.1, 0.600, 10
20, 1.0, 1.0, 1.0, 1.1, 0.600, 11
20, 1.0, 1.0, 1.0, 1.1, 0.600, 12
20, 1.0, 1.0, 1.0, 1.1, 0.600, 13
20, 1.0, 1.0, 1.0, 1.1, 0.600, 14
20, 1.0, 1.0, 1.0, 1.1, 0.600, 15
20, 1.0, 1.0, 1.0, 1.1, 0.600, 16
20, 1.0, 1.0, 1.0, 1.1, 0.600, 17
20, 1.0, 1.0, 1.0, 1.1, 0.600, 18
20, 1.0, 1.0, 1.0, 1.1, 0.600, 19
20, 1.0, 1.0, 1.0, 1.1, 0.600, 20
20, 1.0, 1.0, 1.0, 1.1, 0.600, 21
20, 1.0, 1.0, 1.0, 1.1, 0.600, 22
20, 1.0, 1.0, 1.0, 1.1, 0.600, 23
20, 1.0, 1.0, 1.0, 1.1, 0.600, 24
20, 1.0, 1.0, 1.0, 1.1, 0.600, 25
20, 1.0, 1.0, 1.0, 1.1, 0.600, 26
20, 1.0, 1.0, 1.0, 1.1, 0.600, 27
20, 1.0, 1.0, 1.0, 1.1, 0.600, 28
20, 1.0, 1.0, 1.0, 1.1, 0.600, 29
20, 1.0, 1.0, 1.0, 1.1, 0.600, 30
20, 1.0, 1.0, 1.0, 1.1, 0.600, 31
20, 1.0, 1.0, 1.0, 1.1, 0.600, 32
20, 1.0, 1.0, 1.0, 1.1, 0.600, 33
20, 1.0, 1.0, 1.0, 1.1, 0.600, 34
20, 1.0, 1.0, 1.0, 1.1, 0.600, 35
20, 1.0, 1.0, 1.0, 1.1, 0.600, 36
20, 1.0, 1.0, 1.0, 1.1, 0.600, 37
20, 1.0, 1.0, 1.0, 1.1, 0.600, 38
20, 1.0, 1.0, 1.0, 1.1, 0.600, 39
20, 1.0, 1.0, 1.0, 1.1, 0.600, 40
20, 1.0, 1.0, 1.0, 1.1, 0.600, 41
20, 1.0, 1.0, 1.0, 1.1, 0.600, 42
20, 1.0, 1.0, 1.0, 1.1, 0.600, 43
20, 1.0, 1.0, 1.0, 1.1, 0.600, 44
20, 1.0, 1.0, 1.0, 1.1, 0.600, 45
20, 1.0, 1.0, 1.0, 1.1, 0.600, 46
20, 1.0, 1.0, 1.0, 1.1, 0.600, 47
20, 1.0, 1.0, 1.0, 1.1, 0.600, 48
20, 1.0, 1.0, 1.0, 1.1, 0.600, 49
20, 1.0, 1.0, 1.0, 1.1, 0.600, 50
20, 1.0, 1.0, 1.0, 1.2, 0.600, 1
20, 1.0, 1.0, 1.0, 1.2, 0.600, 2
20, 1.0, 1.0, 1.0, 1.2, 0.600, 3
20, 1.0, 1.0, 1.0, 1.2, 0.600, 4
20, 1.0, 1.0, 1.0, 1.2, 0.600, 5
20, 1.0, 1.0, 1.0, 1.2, 0.600, 6
20, 1.0, 1.0, 1.0, 1.2, 0.600, 7
20, 1.0, 1.0, 1.0, 1.2, 0.600, 8
20, 1.0, 1.0, 1.0, 1.2, 0.600, 9
20, 1.0, 1.0, 1.0, 1.2, 0.600, 10
20, 1.0, 1.0, 1.0, 1.2, 0.600, 11
20, 1.0, 1.0, 1.0, 1.2, 0.600, 12
20, 1.0, 1.0, 1.0, 1.2, 0.600, 13
20, 1.0, 1.0, 1.0, 1.2, 0.600, 14
20, 1.0, 1.0, 1.0, 1.2, 0.600, 15
20, 1.0, 1.0, 1.0, 1.2, 0.600, 16
20, 1.0, 1.0, 1.0, 1.2, 0.600, 17
20, 1.0, 1.0, 1.0, 1.2, 0.600, 18
20, 1.0, 1.0, 1.0, 1.2, 0.600, 19
20, 1.0, 1.0, 1.0, 1.2, 0.600, 20
20, 1.0, 1.0, 1.0, 1.2, 0.600, 21
20, 1.0, 1.0, 1.0, 1.2, 0.600, 22
20, 1.0, 1.0, 1.0, 1.2, 0.600, 23
20, 1.0, 1.0, 1.0, 1.2, 0.600, 24
20, 1.0, 1.0, 1.0, 1.2, 0.600, 25
20, 1.0, 1.0, 1.0, 1.2, 0.600, 26
20, 1.0, 1.0, 1.0, 1.2, 0.600, 27
20, 1.0, 1.0, 1.0, 1.2, 0.600, 28
20, 1.0, 1.0, 1.0, 1.2, 0.600, 29
20, 1.0, 1.0, 1.0, 1.2, 0.600, 30
20, 1.0, 1.0, 1.0, 1.2, 0.600, 31
20, 1.0, 1.0, 1.0, 1.2, 0.600, 32
20, 1.0, 1.0, 1.0, 1.2, 0.600, 33
20, 1.0, 1.0, 1.0, 1.2, 0.600, 34
20, 1.0, 1.0, 1.0, 1.2, 0.600, 35
20, 1.0, 1.0, 1.0, 1.2, 0.600, 36
20, 1.0, 1.0, 1.0, 1.2, 0.600, 37
20, 1.0, 1.0, 1.0, 1.2, 0.600, 38
20, 1.0, 1.0, 1.0, 1.2, 0.600, 39
20, 1.0, 1.0, 1.0, 1.2, 0.600, 40
20, 1.0, 1.0, 1.0, 1.2, 0.600, 41
20, 1.0, 1.0, 1.0, 1.2, 0.600, 42
20, 1.0, 1.0, 1.0, 1.2, 0.600, 43
20, 1.0, 1.0, 1.0, 1.2, 0.600, 44
20, 1.0, 1.0, 1.0, 1.2, 0.600, 45
20, 1.0, 1.0, 1.0, 1.2, 0.600, 46
20, 1.0, 1.0, 1.0, 1.2, 0.600, 47
20, 1.0, 1.0, 1.0, 1.2, 0.600, 48
20, 1.0, 1.0, 1.0, 1.2, 0.600, 49
20, 1.0, 1.0, 1.0, 1.2, 0.600, 50
20, 1.0, 1.0, 0.5, 0.5, 0.600, 1
20, 1.0, 1.0, 0.5, 0.5, 0.600, 2
20, 1.0, 1.0, 0.5, 0.5, 0.600, 3
20, 1.0, 1.0, 0.5, 0.5, 0.600, 4
20, 1.0, 1.0, 0.5, 0.5, 0.600, 5
20, 1.0, 1.0, 0.5, 0.5, 0.600, 6
20, 1.0, 1.0, 0.5, 0.5, 0.600, 7
20, 1.0, 1.0, 0.5, 0.5, 0.600, 8
20, 1.0, 1.0, 0.5, 0.5, 0.600, 9
20, 1.0, 1.0, 0.5, 0.5, 0.600, 10
20, 1.0, 1.0, 0.5, 0.5, 0.600, 11
20, 1.0, 1.0, 0.5, 0.5, 0.600, 12
20, 1.0, 1.0, 0.5, 0.5, 0.600, 13
20, 1.0, 1.0, 0.5, 0.5, 0.600, 14
20, 1.0, 1.0, 0.5, 0.5, 0.600, 15
20, 1.0, 1.0, 0.5, 0.5, 0.600, 16
20, 1.0, 1.0, 0.5, 0.5, 0.600, 17
20, 1.0, 1.0, 0.5, 0.5, 0.600, 18
20, 1.0, 1.0, 0.5, 0.5, 0.600, 19
20, 1.0, 1.0, 0.5, 0.5, 0.600, 20
20, 1.0, 1.0, 0.5, 0.5, 0.600, 21
20, 1.0, 1.0, 0.5, 0.5, 0.600, 22
20, 1.0, 1.0, 0.5, 0.5, 0.600, 23
20, 1.0, 1.0, 0.5, 0.5, 0.600, 24
20, 1.0, 1.0, 0.5, 0.5, 0.600, 25
20, 1.0, 1.0, 0.5, 0.5, 0.600, 26
20, 1.0, 1.0, 0.5, 0.5, 0.600, 27
20, 1.0, 1.0, 0.5, 0.5, 0.600, 28
20, 1.0, 1.0, 0.5, 0.5, 0.600, 29
20, 1.0, 1.0, 0.5, 0.5, 0.600, 30
20, 1.0, 1.0, 0.5, 0.5, 0.600, 31
20, 1.0, 1.0, 0.5, 0.5, 0.600, 32
20, 1.0, 1.0, 0.5, 0.5, 0.600, 33
20, 1.0, 1.0, 0.5, 0.5, 0.600, 34
20, 1.0, 1.0, 0.5, 0.5, 0.600, 35
20, 1.0, 1.0, 0.5, 0.5, 0.600, 36
20, 1.0, 1.0, 0.5, 0.5, 0.600, 37
20, 1.0, 1.0, 0.5, 0.5, 0.600, 38
20, 1.0, 1.0, 0.5, 0.5, 0.600, 39
20, 1.0, 1.0, 0.5, 0.5, 0.600, 40
20, 1.0, 1.0, 0.5, 0.5, 0.600, 41
20, 1.0, 1.0, 0.5, 0.5, 0.600, 42
20, 1.0, 1.0, 0.5, 0.5, 0.600, 43
20, 1.0, 1.0, 0.5, 0.5, 0.600, 44
20, 1.0, 1.0, 0.5, 0.5, 0.600, 45
20, 1.0, 1.0, 0.5, 0.5, 0.600, 46
20, 1.0, 1.0, 0.5, 0.5, 0.600, 47
20, 1.0, 1.0, 0.5, 0.5, 0.600, 48
20, 1.0, 1.0, 0.5, 0.5, 0.600, 49
20, 1.0, 1.0, 0.5, 0.5, 0.600, 50
20, 1.0, 1.0, 0.6, 0.6, 0.600, 1
20, 1.0, 1.0, 0.6, 0.6, 0.600, 2
20, 1.0, 1.0, 0.6, 0.6, 0.600, 3
20, 1.0, 1.0, 0.6, 0.6, 0.600, 4
20, 1.0, 1.0, 0.6, 0.6, 0.600, 5
20, 1.0, 1.0, 0.6, 0.6, 0.600, 6
20, 1.0, 1.0, 0.6, 0.6, 0.600, 7
20, 1.0, 1.0, 0.6, 0.6, 0.600, 8
20, 1.0, 1.0, 0.6, 0.6, 0.600, 9
20, 1.0, 1.0, 0.6, 0.6, 0.600, 10
20, 1.0, 1.0, 0.6, 0.6, 0.600, 11
20, 1.0, 1.0, 0.6, 0.6, 0.600, 12
20, 1.0, 1.0, 0.6, 0.6, 0.600, 13
20, 1.0, 1.0, 0.6, 0.6, 0.600, 14
20, 1.0, 1.0, 0.6, 0.6, 0.600, 15
20, 1.0, 1.0, 0.6, 0.6, 0.600, 16
20, 1.0, 1.0, 0.6, 0.6, 0.600, 17
20, 1.0, 1.0, 0.6, 0.6, 0.600, 18
20, 1.0, 1.0, 0.6, 0.6, 0.600, 19
20, 1.0, 1.0, 0.6, 0.6, 0.600, 20
20, 1.0, 1.0, 0.6, 0.6, 0.600, 21
20, 1.0, 1.0, 0.6, 0.6, 0.600, 22
20, 1.0, 1.0, 0.6, 0.6, 0.600, 23
20, 1.0, 1.0, 0.6, 0.6, 0.600, 24
20, 1.0, 1.0, 0.6, 0.6, 0.600, 25
20, 1.0, 1.0, 0.6, 0.6, 0.600, 26
20, 1.0, 1.0, 0.6, 0.6, 0.600, 27
20, 1.0, 1.0, 0.6, 0.6, 0.600, 28
20, 1.0, 1.0, 0.6, 0.6, 0.600, 29
20, 1.0, 1.0, 0.6, 0.6, 0.600, 30
20, 1.0, 1.0, 0.6, 0.6, 0.600, 31
20, 1.0, 1.0, 0.6, 0.6, 0.600, 32
20, 1.0, 1.0, 0.6, 0.6, 0.600, 33
20, 1.0, 1.0, 0.6, 0.6, 0.600, 34
20, 1.0, 1.0, 0.6, 0.6, 0.600, 35
20, 1.0, 1.0, 0.6, 0.6, 0.600, 36
20, 1.0, 1.0, 0.6, 0.6, 0.600, 37
20, 1.0, 1.0, 0.6, 0.6, 0.600, 38
20, 1.0, 1.0, 0.6, 0.6, 0.600, 39
20, 1.0, 1.0, 0.6, 0.6, 0.600, 40
20, 1.0, 1.0, 0.6, 0.6, 0.600, 41
20, 1.0, 1.0, 0.6, 0.6, 0.600, 42
20, 1.0, 1.0, 0.6, 0.6, 0.600, 43
20, 1.0, 1.0, 0.6, 0.6, 0.600, 44
20, 1.0, 1.0, 0.6, 0.6, 0.600, 45
20, 1.0, 1.0, 0.6, 0.6, 0.600, 46
20, 1.0, 1.0, 0.6, 0.6, 0.600, 47
20, 1.0, 1.0, 0.6, 0.6, 0.600, 48
20, 1.0, 1.0, 0.6, 0.6, 0.600, 49
20, 1.0, 1.0, 0.6, 0.6, 0.600, 50
20, 1.0, 1.0, 0.7, 0.7, 0.600, 1
20, 1.0, 1.0, 0.7, 0.7, 0.600, 2
20, 1.0, 1.0, 0.7, 0.7, 0.600, 3
20, 1.0, 1.0, 0.7, 0.7, 0.600, 4
20, 1.0, 1.0, 0.7, 0.7, 0.600, 5
20, 1.0, 1.0, 0.7, 0.7, 0.600, 6
20, 1.0, 1.0, 0.7, 0.7, 0.600, 7
20, 1.0, 1.0, 0.7, 0.7, 0.600, 8
20, 1.0, 1.0, 0.7, 0.7, 0.600, 9
20, 1.0, 1.0, 0.7, 0.7, 0.600, 10
20, 1.0, 1.0, 0.7, 0.7, 0.600, 11
20, 1.0, 1.0, 0.7, 0.7, 0.600, 12
20, 1.0, 1.0, 0.7, 0.7, 0.600, 13
20, 1.0, 1.0, 0.7, 0.7, 0.600, 14
20, 1.0, 1.0, 0.7, 0.7, 0.600, 15
20, 1.0, 1.0, 0.7, 0.7, 0.600, 16
20, 1.0, 1.0, 0.7, 0.7, 0.600, 17
20, 1.0, 1.0, 0.7, 0.7, 0.600, 18
20, 1.0, 1.0, 0.7, 0.7, 0.600, 19
20, 1.0, 1.0, 0.7, 0.7, 0.600, 20
20, 1.0, 1.0, 0.7, 0.7, 0.600, 21
20, 1.0, 1.0, 0.7, 0.7, 0.600, 22
20, 1.0, 1.0, 0.7, 0.7, 0.600, 23
20, 1.0, 1.0, 0.7, 0.7, 0.600, 24
20, 1.0, 1.0, 0.7, 0.7, 0.600, 25
20, 1.0, 1.0, 0.7, 0.7, 0.600, 26
20, 1.0, 1.0, 0.7, 0.7, 0.600, 27
20, 1.0, 1.0, 0.7, 0.7, 0.600, 28
20, 1.0, 1.0, 0.7, 0.7, 0.600, 29
20, 1.0, 1.0, 0.7, 0.7, 0.600, 30
20, 1.0, 1.0, 0.7, 0.7, 0.600, 31
20, 1.0, 1.0, 0.7, 0.7, 0.600, 32
20, 1.0, 1.0, 0.7, 0.7, 0.600, 33
20, 1.0, 1.0, 0.7, 0.7, 0.600, 34
20, 1.0, 1.0, 0.7, 0.7, 0.600, 35
20, 1.0, 1.0, 0.7, 0.7, 0.600, 36
20, 1.0, 1.0, 0.7, 0.7, 0.600, 37
20, 1.0, 1.0, 0.7, 0.7, 0.600, 38
20, 1.0, 1.0, 0.7, 0.7, 0.600, 39
20, 1.0, 1.0, 0.7, 0.7, 0.600, 40
20, 1.0, 1.0, 0.7, 0.7, 0.600, 41
20, 1.0, 1.0, 0.7, 0.7, 0.600, 42
20, 1.0, 1.0, 0.7, 0.7, 0.600, 43
20, 1.0, 1.0, 0.7, 0.7, 0.600, 44
20, 1.0, 1.0, 0.7, 0.7, 0.600, 45
20, 1.0, 1.0, 0.7, 0.7, 0.600, 46
20, 1.0, 1.0, 0.7, 0.7, 0.600, 47
20, 1.0, 1.0, 0.7, 0.7, 0.600, 48
20, 1.0, 1.0, 0.7, 0.7, 0.600, 49
20, 1.0, 1.0, 0.7, 0.7, 0.600, 50
20, 1.0, 1.0, 0.8, 0.8, 0.600, 1
20, 1.0, 1.0, 0.8, 0.8, 0.600, 2
20, 1.0, 1.0, 0.8, 0.8, 0.600, 3
20, 1.0, 1.0, 0.8, 0.8, 0.600, 4
20, 1.0, 1.0, 0.8, 0.8, 0.600, 5
20, 1.0, 1.0, 0.8, 0.8, 0.600, 6
20, 1.0, 1.0, 0.8, 0.8, 0.600, 7
20, 1.0, 1.0, 0.8, 0.8, 0.600, 8
20, 1.0, 1.0, 0.8, 0.8, 0.600, 9
20, 1.0, 1.0, 0.8, 0.8, 0.600, 10
20, 1.0, 1.0, 0.8, 0.8, 0.600, 11
20, 1.0, 1.0, 0.8, 0.8, 0.600, 12
20, 1.0, 1.0, 0.8, 0.8, 0.600, 13
20, 1.0, 1.0, 0.8, 0.8, 0.600, 14
20, 1.0, 1.0, 0.8, 0.8, 0.600, 15
20, 1.0, 1.0, 0.8, 0.8, 0.600, 16
20, 1.0, 1.0, 0.8, 0.8, 0.600, 17
20, 1.0, 1.0, 0.8, 0.8, 0.600, 18
20, 1.0, 1.0, 0.8, 0.8, 0.600, 19
20, 1.0, 1.0, 0.8, 0.8, 0.600, 20
20, 1.0, 1.0, 0.8, 0.8, 0.600, 21
20, 1.0, 1.0, 0.8, 0.8, 0.600, 22
20, 1.0, 1.0, 0.8, 0.8, 0.600, 23
20, 1.0, 1.0, 0.8, 0.8, 0.600, 24
20, 1.0, 1.0, 0.8, 0.8, 0.600, 25
20, 1.0, 1.0, 0.8, 0.8, 0.600, 26
20, 1.0, 1.0, 0.8, 0.8, 0.600, 27
20, 1.0, 1.0, 0.8, 0.8, 0.600, 28
20, 1.0, 1.0, 0.8, 0.8, 0.600, 29
20, 1.0, 1.0, 0.8, 0.8, 0.600, 30
20, 1.0, 1.0, 0.8, 0.8, 0.600, 31
20, 1.0, 1.0, 0.8, 0.8, 0.600, 32
20, 1.0, 1.0, 0.8, 0.8, 0.600, 33
20, 1.0, 1.0, 0.8, 0.8, 0.600, 34
20, 1.0, 1.0, 0.8, 0.8, 0.600, 35
20, 1.0, 1.0, 0.8, 0.8, 0.600, 36
20, 1.0, 1.0, 0.8, 0.8, 0.600, 37
20, 1.0, 1.0, 0.8, 0.8, 0.600, 38
20, 1.0, 1.0, 0.8, 0.8, 0.600, 39
20, 1.0, 1.0, 0.8, 0.8, 0.600, 40
20, 1.0, 1.0, 0.8, 0.8, 0.600, 41
20, 1.0, 1.0, 0.8, 0.8, 0.600, 42
20, 1.0, 1.0, 0.8, 0.8, 0.600, 43
20, 1.0, 1.0, 0.8, 0.8, 0.600, 44
20, 1.0, 1.0, 0.8, 0.8, 0.600, 45
20, 1.0, 1.0, 0.8, 0.8, 0.600, 46
20, 1.0, 1.0, 0.8, 0.8, 0.600, 47
20, 1.0, 1.0, 0.8, 0.8, 0.600, 48
20, 1.0, 1.0, 0.8, 0.8, 0.600, 49
20, 1.0, 1.0, 0.8, 0.8, 0.600, 50
20, 1.0, 1.0, 0.9, 0.9, 0.600, 1
20, 1.0, 1.0, 0.9, 0.9, 0.600, 2
20, 1.0, 1.0, 0.9, 0.9, 0.600, 3
20, 1.0, 1.0, 0.9, 0.9, 0.600, 4
20, 1.0, 1.0, 0.9, 0.9, 0.600, 5
20, 1.0, 1.0, 0.9, 0.9, 0.600, 6
20, 1.0, 1.0, 0.9, 0.9, 0.600, 7
20, 1.0, 1.0, 0.9, 0.9, 0.600, 8
20, 1.0, 1.0, 0.9, 0.9, 0.600, 9
20, 1.0, 1.0, 0.9, 0.9, 0.600, 10
20, 1.0, 1.0, 0.9, 0.9, 0.600, 11
20, 1.0, 1.0, 0.9, 0.9, 0.600, 12
20, 1.0, 1.0, 0.9, 0.9, 0.600, 13
20, 1.0, 1.0, 0.9, 0.9, 0.600, 14
20, 1.0, 1.0, 0.9, 0.9, 0.600, 15
20, 1.0, 1.0, 0.9, 0.9, 0.600, 16
20, 1.0, 1.0, 0.9, 0.9, 0.600, 17
20, 1.0, 1.0, 0.9, 0.9, 0.600, 18
20, 1.0, 1.0, 0.9, 0.9, 0.600, 19
20, 1.0, 1.0, 0.9, 0.9, 0.600, 20
20, 1.0, 1.0, 0.9, 0.9, 0.600, 21
20, 1.0, 1.0, 0.9, 0.9, 0.600, 22
20, 1.0, 1.0, 0.9, 0.9, 0.600, 23
20, 1.0, 1.0, 0.9, 0.9, 0.600, 24
20, 1.0, 1.0, 0.9, 0.9, 0.600, 25
20, 1.0, 1.0, 0.9, 0.9, 0.600, 26
20, 1.0, 1.0, 0.9, 0.9, 0.600, 27
20, 1.0, 1.0, 0.9, 0.9, 0.600, 28
20, 1.0, 1.0, 0.9, 0.9, 0.600, 29
20, 1.0, 1.0, 0.9, 0.9, 0.600, 30
20, 1.0, 1.0, 0.9, 0.9, 0.600, 31
20, 1.0, 1.0, 0.9, 0.9, 0.600, 32
20, 1.0, 1.0, 0.9, 0.9, 0.600, 33
20, 1.0, 1.0, 0.9, 0.9, 0.600, 34
20, 1.0, 1.0, 0.9, 0.9, 0.600, 35
20, 1.0, 1.0, 0.9, 0.9, 0.600, 36
20, 1.0, 1.0, 0.9, 0.9, 0.600, 37
20, 1.0, 1.0, 0.9, 0.9, 0.600, 38
20, 1.0, 1.0, 0.9, 0.9, 0.600, 39
20, 1.0, 1.0, 0.9, 0.9, 0.600, 40
20, 1.0, 1.0, 0.9, 0.9, 0.600, 41
20, 1.0, 1.0, 0.9, 0.9, 0.600, 42
20, 1.0, 1.0, 0.9, 0.9, 0.600, 43
20, 1.0, 1.0, 0.9, 0.9, 0.600, 44
20, 1.0, 1.0, 0.9, 0.9, 0.600, 45
20, 1.0, 1.0, 0.9, 0.9, 0.600, 46
20, 1.0, 1.0, 0.9, 0.9, 0.600, 47
20, 1.0, 1.0, 0.9, 0.9, 0.600, 48
20, 1.0, 1.0, 0.9, 0.9, 0.600, 49
20, 1.0, 1.0, 0.9, 0.9, 0.600, 50
20, 1.0, 1.0, 1.1, 1.1, 0.600, 1
20, 1.0, 1.0, 1.1, 1.1, 0.600, 2
20, 1.0, 1.0, 1.1, 1.1, 0.600, 3
20, 1.0, 1.0, 1.1, 1.1, 0.600, 4
20, 1.0, 1.0, 1.1, 1.1, 0.600, 5
20, 1.0, 1.0, 1.1, 1.1, 0.600, 6
20, 1.0, 1.0, 1.1, 1.1, 0.600, 7
20, 1.0, 1.0, 1.1, 1.1, 0.600, 8
20, 1.0, 1.0, 1.1, 1.1, 0.600, 9
20, 1.0, 1.0, 1.1, 1.1, 0.600, 10
20, 1.0, 1.0, 1.1, 1.1, 0.600, 11
20, 1.0, 1.0, 1.1, 1.1, 0.600, 12
20, 1.0, 1.0, 1.1, 1.1, 0.600, 13
20, 1.0, 1.0, 1.1, 1.1, 0.600, 14
20, 1.0, 1.0, 1.1, 1.1, 0.600, 15
20, 1.0, 1.0, 1.1, 1.1, 0.600, 16
20, 1.0, 1.0, 1.1, 1.1, 0.600, 17
20, 1.0, 1.0, 1.1, 1.1, 0.600, 18
20, 1.0, 1.0, 1.1, 1.1, 0.600, 19
20, 1.0, 1.0, 1.1, 1.1, 0.600, 20
20, 1.0, 1.0, 1.1, 1.1, 0.600, 21
20, 1.0, 1.0, 1.1, 1.1, 0.600, 22
20, 1.0, 1.0, 1.1, 1.1, 0.600, 23
20, 1.0, 1.0, 1.1, 1.1, 0.600, 24
20, 1.0, 1.0, 1.1, 1.1, 0.600, 25
20, 1.0, 1.0, 1.1, 1.1, 0.600, 26
20, 1.0, 1.0, 1.1, 1.1, 0.600, 27
20, 1.0, 1.0, 1.1, 1.1, 0.600, 28
20, 1.0, 1.0, 1.1, 1.1, 0.600, 29
20, 1.0, 1.0, 1.1, 1.1, 0.600, 30
20, 1.0, 1.0, 1.1, 1.1, 0.600, 31
20, 1.0, 1.0, 1.1, 1.1, 0.600, 32
20, 1.0, 1.0, 1.1, 1.1, 0.600, 33
20, 1.0, 1.0, 1.1, 1.1, 0.600, 34
20, 1.0, 1.0, 1.1, 1.1, 0.600, 35
20, 1.0, 1.0, 1.1, 1.1, 0.600, 36
20, 1.0, 1.0, 1.1, 1.1, 0.600, 37
20, 1.0, 1.0, 1.1, 1.1, 0.600, 38
20, 1.0, 1.0, 1.1, 1.1, 0.600, 39
20, 1.0, 1.0, 1.1, 1.1, 0.600, 40
20, 1.0, 1.0, 1.1, 1.1, 0.600, 41
20, 1.0, 1.0, 1.1, 1.1, 0.600, 42
20, 1.0, 1.0, 1.1, 1.1, 0.600, 43
20, 1.0, 1.0, 1.1, 1.1, 0.600, 44
20, 1.0, 1.0, 1.1, 1.1, 0.600, 45
20, 1.0, 1.0, 1.1, 1.1, 0.600, 46
20, 1.0, 1.0, 1.1, 1.1, 0.600, 47
20, 1.0, 1.0, 1.1, 1.1, 0.600, 48
20, 1.0, 1.0, 1.1, 1.1, 0.600, 49
20, 1.0, 1.0, 1.1, 1.1, 0.600, 50
20, 1.0, 1.0, 1.2, 1.2, 0.600, 1
20, 1.0, 1.0, 1.2, 1.2, 0.600, 2
20, 1.0, 1.0, 1.2, 1.2, 0.600, 3
20, 1.0, 1.0, 1.2, 1.2, 0.600, 4
20, 1.0, 1.0, 1.2, 1.2, 0.600, 5
20, 1.0, 1.0, 1.2, 1.2, 0.600, 6
20, 1.0, 1.0, 1.2, 1.2, 0.600, 7
20, 1.0, 1.0, 1.2, 1.2, 0.600, 8
20, 1.0, 1.0, 1.2, 1.2, 0.600, 9
20, 1.0, 1.0, 1.2, 1.2, 0.600, 10
20, 1.0, 1.0, 1.2, 1.2, 0.600, 11
20, 1.0, 1.0, 1.2, 1.2, 0.600, 12
20, 1.0, 1.0, 1.2, 1.2, 0.600, 13
20, 1.0, 1.0, 1.2, 1.2, 0.600, 14
20, 1.0, 1.0, 1.2, 1.2, 0.600, 15
20, 1.0, 1.0, 1.2, 1.2, 0.600, 16
20, 1.0, 1.0, 1.2, 1.2, 0.600, 17
20, 1.0, 1.0, 1.2, 1.2, 0.600, 18
20, 1.0, 1.0, 1.2, 1.2, 0.600, 19
20, 1.0, 1.0, 1.2, 1.2, 0.600, 20
20, 1.0, 1.0, 1.2, 1.2, 0.600, 21
20, 1.0, 1.0, 1.2, 1.2, 0.600, 22
20, 1.0, 1.0, 1.2, 1.2, 0.600, 23
20, 1.0, 1.0, 1.2, 1.2, 0.600, 24
20, 1.0, 1.0, 1.2, 1.2, 0.600, 25
20, 1.0, 1.0, 1.2, 1.2, 0.600, 26
20, 1.0, 1.0, 1.2, 1.2, 0.600, 27
20, 1.0, 1.0, 1.2, 1.2, 0.600, 28
20, 1.0, 1.0, 1.2, 1.2, 0.600, 29
20, 1.0, 1.0, 1.2, 1.2, 0.600, 30
20, 1.0, 1.0, 1.2, 1.2, 0.600, 31
20, 1.0, 1.0, 1.2, 1.2, 0.600, 32
20, 1.0, 1.0, 1.2, 1.2, 0.600, 33
20, 1.0, 1.0, 1.2, 1.2, 0.600, 34
20, 1.0, 1.0, 1.2, 1.2, 0.600, 35
20, 1.0, 1.0, 1.2, 1.2, 0.600, 36
20, 1.0, 1.0, 1.2, 1.2, 0.600, 37
20, 1.0, 1.0, 1.2, 1.2, 0.600, 38
20, 1.0, 1.0, 1.2, 1.2, 0.600, 39
20, 1.0, 1.0, 1.2, 1.2, 0.600, 40
20, 1.0, 1.0, 1.2, 1.2, 0.600, 41
20, 1.0, 1.0, 1.2, 1.2, 0.600, 42
20, 1.0, 1.0, 1.2, 1.2, 0.600, 43
20, 1.0, 1.0, 1.2, 1.2, 0.600, 44
20, 1.0, 1.0, 1.2, 1.2, 0.600, 45
20, 1.0, 1.0, 1.2, 1.2, 0.600, 46
20, 1.0, 1.0, 1.2, 1.2, 0.600, 47
20, 1.0, 1.0, 1.2, 1.2, 0.600, 48
20, 1.0, 1.0, 1.2, 1.2, 0.600, 49
20, 1.0, 1.0, 1.2, 1.2, 0.600, 50
20, 1.0, 1.0, 1.0, 1.0, 0.500, 1
20, 1.0, 1.0, 1.0, 1.0, 0.500, 2
20, 1.0, 1.0, 1.0, 1.0, 0.500, 3
20, 1.0, 1.0, 1.0, 1.0, 0.500, 4
20, 1.0, 1.0, 1.0, 1.0, 0.500, 5
20, 1.0, 1.0, 1.0, 1.0, 0.500, 6
20, 1.0, 1.0, 1.0, 1.0, 0.500, 7
20, 1.0, 1.0, 1.0, 1.0, 0.500, 8
20, 1.0, 1.0, 1.0, 1.0, 0.500, 9
20, 1.0, 1.0, 1.0, 1.0, 0.500, 10
20, 1.0, 1.0, 1.0, 1.0, 0.500, 11
20, 1.0, 1.0, 1.0, 1.0, 0.500, 12
20, 1.0, 1.0, 1.0, 1.0, 0.500, 13
20, 1.0, 1.0, 1.0, 1.0, 0.500, 14
20, 1.0, 1.0, 1.0, 1.0, 0.500, 15
20, 1.0, 1.0, 1.0, 1.0, 0.500, 16
20, 1.0, 1.0, 1.0, 1.0, 0.500, 17
20, 1.0, 1.0, 1.0, 1.0, 0.500, 18
20, 1.0, 1.0, 1.0, 1.0, 0.500, 19
20, 1.0, 1.0, 1.0, 1.0, 0.500, 20
20, 1.0, 1.0, 1.0, 1.0, 0.500, 21
20, 1.0, 1.0, 1.0, 1.0, 0.500, 22
20, 1.0, 1.0, 1.0, 1.0, 0.500, 23
20, 1.0, 1.0, 1.0, 1.0, 0.500, 24
20, 1.0, 1.0, 1.0, 1.0, 0.500, 25
20, 1.0, 1.0, 1.0, 1.0, 0.500, 26
20, 1.0, 1.0, 1.0, 1.0, 0.500, 27
20, 1.0, 1.0, 1.0, 1.0, 0.500, 28
20, 1.0, 1.0, 1.0, 1.0, 0.500, 29
20, 1.0, 1.0, 1.0, 1.0, 0.500, 30
20, 1.0, 1.0, 1.0, 1.0, 0.500, 31
20, 1.0, 1.0, 1.0, 1.0, 0.500, 32
20, 1.0, 1.0, 1.0, 1.0, 0.500, 33
20, 1.0, 1.0, 1.0, 1.0, 0.500, 34
20, 1.0, 1.0, 1.0, 1.0, 0.500, 35
20, 1.0, 1.0, 1.0, 1.0, 0.500, 36
20, 1.0, 1.0, 1.0, 1.0, 0.500, 37
20, 1.0, 1.0, 1.0, 1.0, 0.500, 38
20, 1.0, 1.0, 1.0, 1.0, 0.500, 39
20, 1.0, 1.0, 1.0, 1.0, 0.500, 40
20, 1.0, 1.0, 1.0, 1.0, 0.500, 41
20, 1.0, 1.0, 1.0, 1.0, 0.500, 42
20, 1.0, 1.0, 1.0, 1.0, 0.500, 43
20, 1.0, 1.0, 1.0, 1.0, 0.500, 44
20, 1.0, 1.0, 1.0, 1.0, 0.500, 45
20, 1.0, 1.0, 1.0, 1.0, 0.500, 46
20, 1.0, 1.0, 1.0, 1.0, 0.500, 47
20, 1.0, 1.0, 1.0, 1.0, 0.500, 48
20, 1.0, 1.0, 1.0, 1.0, 0.500, 49
20, 1.0, 1.0, 1.0, 1.0, 0.500, 50
20, 1.0, 1.0, 1.0, 1.0, 0.550, 1
20, 1.0, 1.0, 1.0, 1.0, 0.550, 2
20, 1.0, 1.0, 1.0, 1.0, 0.550, 3
20, 1.0, 1.0, 1.0, 1.0, 0.550, 4
20, 1.0, 1.0, 1.0, 1.0, 0.550, 5
20, 1.0, 1.0, 1.0, 1.0, 0.550, 6
20, 1.0, 1.0, 1.0, 1.0, 0.550, 7
20, 1.0, 1.0, 1.0, 1.0, 0.550, 8
20, 1.0, 1.0, 1.0, 1.0, 0.550, 9
20, 1.0, 1.0, 1.0, 1.0, 0.550, 10
20, 1.0, 1.0, 1.0, 1.0, 0.550, 11
20, 1.0, 1.0, 1.0, 1.0, 0.550, 12
20, 1.0, 1.0, 1.0, 1.0, 0.550, 13
20, 1.0, 1.0, 1.0, 1.0, 0.550, 14
20, 1.0, 1.0, 1.0, 1.0, 0.550, 15
20, 1.0, 1.0, 1.0, 1.0, 0.550, 16
20, 1.0, 1.0, 1.0, 1.0, 0.550, 17
20, 1.0, 1.0, 1.0, 1.0, 0.550, 18
20, 1.0, 1.0, 1.0, 1.0, 0.550, 19
20, 1.0, 1.0, 1.0, 1.0, 0.550, 20
20, 1.0, 1.0, 1.0, 1.0, 0.550, 21
20, 1.0, 1.0, 1.0, 1.0, 0.550, 22
20, 1.0, 1.0, 1.0, 1.0, 0.550, 23
20, 1.0, 1.0, 1.0, 1.0, 0.550, 24
20, 1.0, 1.0, 1.0, 1.0, 0.550, 25
20, 1.0, 1.0, 1.0, 1.0, 0.550, 26
20, 1.0, 1.0, 1.0, 1.0, 0.550, 27
20, 1.0, 1.0, 1.0, 1.0, 0.550, 28
20, 1.0, 1.0, 1.0, 1.0, 0.550, 29
20, 1.0, 1.0, 1.0, 1.0, 0.550, 30
20, 1.0, 1.0, 1.0, 1.0, 0.550, 31
20, 1.0, 1.0, 1.0, 1.0, 0.550, 32
20, 1.0, 1.0, 1.0, 1.0, 0.550, 33
20, 1.0, 1.0, 1.0, 1.0, 0.550, 34
20, 1.0, 1.0, 1.0, 1.0, 0.550, 35
20, 1.0, 1.0, 1.0, 1.0, 0.550, 36
20, 1.0, 1.0, 1.0, 1.0, 0.550, 37
20, 1.0, 1.0, 1.0, 1.0, 0.550, 38
20, 1.0, 1.0, 1.0, 1.0, 0.550, 39
20, 1.0, 1.0, 1.0, 1.0, 0.550, 40
20, 1.0, 1.0, 1.0, 1.0, 0.550, 41
20, 1.0, 1.0, 1.0, 1.0, 0.550, 42
20, 1.0, 1.0, 1.0, 1.0, 0.550, 43
20, 1.0, 1.0, 1.0, 1.0, 0.550, 44
20, 1.0, 1.0, 1.0, 1.0, 0.550, 45
20, 1.0, 1.0, 1.0, 1.0, 0.550, 46
20, 1.0, 1.0, 1.0, 1.0, 0.550, 47
20, 1.0, 1.0, 1.0, 1.0, 0.550, 48
20, 1.0, 1.0, 1.0, 1.0, 0.550, 49
20, 1.0, 1.0, 1.0, 1.0, 0.550, 50
20, 1.0, 1.0, 1.0, 1.0, 0.575, 1
20, 1.0, 1.0, 1.0, 1.0, 0.575, 2
20, 1.0, 1.0, 1.0, 1.0, 0.575, 3
20, 1.0, 1.0, 1.0, 1.0, 0.575, 4
20, 1.0, 1.0, 1.0, 1.0, 0.575, 5
20, 1.0, 1.0, 1.0, 1.0, 0.575, 6
20, 1.0, 1.0, 1.0, 1.0, 0.575, 7
20, 1.0, 1.0, 1.0, 1.0, 0.575, 8
20, 1.0, 1.0, 1.0, 1.0, 0.575, 9
20, 1.0, 1.0, 1.0, 1.0, 0.575, 10
20, 1.0, 1.0, 1.0, 1.0, 0.575, 11
20, 1.0, 1.0, 1.0, 1.0, 0.575, 12
20, 1.0, 1.0, 1.0, 1.0, 0.575, 13
20, 1.0, 1.0, 1.0, 1.0, 0.575, 14
20, 1.0, 1.0, 1.0, 1.0, 0.575, 15
20, 1.0, 1.0, 1.0, 1.0, 0.575, 16
20, 1.0, 1.0, 1.0, 1.0, 0.575, 17
20, 1.0, 1.0, 1.0, 1.0, 0.575, 18
20, 1.0, 1.0, 1.0, 1.0, 0.575, 19
20, 1.0, 1.0, 1.0, 1.0, 0.575, 20
20, 1.0, 1.0, 1.0, 1.0, 0.575, 21
20, 1.0, 1.0, 1.0, 1.0, 0.575, 22
20, 1.0, 1.0, 1.0, 1.0, 0.575, 23
20, 1.0, 1.0, 1.0, 1.0, 0.575, 24
20, 1.0, 1.0, 1.0, 1.0, 0.575, 25
20, 1.0, 1.0, 1.0, 1.0, 0.575, 26
20, 1.0, 1.0, 1.0, 1.0, 0.575, 27
20, 1.0, 1.0, 1.0, 1.0, 0.575, 28
20, 1.0, 1.0, 1.0, 1.0, 0.575, 29
20, 1.0, 1.0, 1.0, 1.0, 0.575, 30
20, 1.0, 1.0, 1.0, 1.0, 0.575, 31
20, 1.0, 1.0, 1.0, 1.0, 0.575, 32
20, 1.0, 1.0, 1.0, 1.0, 0.575, 33
20, 1.0, 1.0, 1.0, 1.0, 0.575, 34
20, 1.0, 1.0, 1.0, 1.0, 0.575, 35
20, 1.0, 1.0, 1.0, 1.0, 0.575, 36
20, 1.0, 1.0, 1.0, 1.0, 0.575, 37
20, 1.0, 1.0, 1.0, 1.0, 0.575, 38
20, 1.0, 1.0, 1.0, 1.0, 0.575, 39
20, 1.0, 1.0, 1.0, 1.0, 0.575, 40
20, 1.0, 1.0, 1.0, 1.0, 0.575, 41
20, 1.0, 1.0, 1.0, 1.0, 0.575, 42
20, 1.0, 1.0, 1.0, 1.0, 0.575, 43
20, 1.0, 1.0, 1.0, 1.0, 0.575, 44
20, 1.0, 1.0, 1.0, 1.0, 0.575, 45
20, 1.0, 1.0, 1.0, 1.0, 0.575, 46
20, 1.0, 1.0, 1.0, 1.0, 0.575, 47
20, 1.0, 1.0, 1.0, 1.0, 0.575, 48
20, 1.0, 1.0, 1.0, 1.0, 0.575, 49
20, 1.0, 1.0, 1.0, 1.0, 0.575, 50
20, 1.0, 1.0, 1.0, 1.0, 0.625, 1
20, 1.0, 1.0, 1.0, 1.0, 0.625, 2
20, 1.0, 1.0, 1.0, 1.0, 0.625, 3
20, 1.0, 1.0, 1.0, 1.0, 0.625, 4
20, 1.0, 1.0, 1.0, 1.0, 0.625, 5
20, 1.0, 1.0, 1.0, 1.0, 0.625, 6
20, 1.0, 1.0, 1.0, 1.0, 0.625, 7
20, 1.0, 1.0, 1.0, 1.0, 0.625, 8
20, 1.0, 1.0, 1.0, 1.0, 0.625, 9
20, 1.0, 1.0, 1.0, 1.0, 0.625, 10
20, 1.0, 1.0, 1.0, 1.0, 0.625, 11
20, 1.0, 1.0, 1.0, 1.0, 0.625, 12
20, 1.0, 1.0, 1.0, 1.0, 0.625, 13
20, 1.0, 1.0, 1.0, 1.0, 0.625, 14
20, 1.0, 1.0, 1.0, 1.0, 0.625, 15
20, 1.0, 1.0, 1.0, 1.0, 0.625, 16
20, 1.0, 1.0, 1.0, 1.0, 0.625, 17
20, 1.0, 1.0, 1.0, 1.0, 0.625, 18
20, 1.0, 1.0, 1.0, 1.0, 0.625, 19
20, 1.0, 1.0, 1.0, 1.0, 0.625, 20
20, 1.0, 1.0, 1.0, 1.0, 0.625, 21
20, 1.0, 1.0, 1.0, 1.0, 0.625, 22
20, 1.0, 1.0, 1.0, 1.0, 0.625, 23
20, 1.0, 1.0, 1.0, 1.0, 0.625, 24
20, 1.0, 1.0, 1.0, 1.0, 0.625, 25
20, 1.0, 1.0, 1.0, 1.0, 0.625, 26
20, 1.0, 1.0, 1.0, 1.0, 0.625, 27
20, 1.0, 1.0, 1.0, 1.0, 0.625, 28
20, 1.0, 1.0, 1.0, 1.0, 0.625, 29
20, 1.0, 1.0, 1.0, 1.0, 0.625, 30
20, 1.0, 1.0, 1.0, 1.0, 0.625, 31
20, 1.0, 1.0, 1.0, 1.0, 0.625, 32
20, 1.0, 1.0, 1.0, 1.0, 0.625, 33
20, 1.0, 1.0, 1.0, 1.0, 0.625, 34
20, 1.0, 1.0, 1.0, 1.0, 0.625, 35
20, 1.0, 1.0, 1.0, 1.0, 0.625, 36
20, 1.0, 1.0, 1.0, 1.0, 0.625, 37
20, 1.0, 1.0, 1.0, 1.0, 0.625, 38
20, 1.0, 1.0, 1.0, 1.0, 0.625, 39
20, 1.0, 1.0, 1.0, 1.0, 0.625, 40
20, 1.0, 1.0, 1.0, 1.0, 0.625, 41
20, 1.0, 1.0, 1.0, 1.0, 0.625, 42
20, 1.0, 1.0, 1.0, 1.0, 0.625, 43
20, 1.0, 1.0, 1.0, 1.0, 0.625, 44
20, 1.0, 1.0, 1.0, 1.0, 0.625, 45
20, 1.0, 1.0, 1.0, 1.0, 0.625, 46
20, 1.0, 1.0, 1.0, 1.0, 0.625, 47
20, 1.0, 1.0, 1.0, 1.0, 0.625, 48
20, 1.0, 1.0, 1.0, 1.0, 0.625, 49
20, 1.0, 1.0, 1.0, 1.0, 0.625, 50
20, 1.0, 1.0, 1.0, 1.0, 0.650, 1
20, 1.0, 1.0, 1.0, 1.0, 0.650, 2
20, 1.0, 1.0, 1.0, 1.0, 0.650, 3
20, 1.0, 1.0, 1.0, 1.0, 0.650, 4
20, 1.0, 1.0, 1.0, 1.0, 0.650, 5
20, 1.0, 1.0, 1.0, 1.0, 0.650, 6
20, 1.0, 1.0, 1.0, 1.0, 0.650, 7
20, 1.0, 1.0, 1.0, 1.0, 0.650, 8
20, 1.0, 1.0, 1.0, 1.0, 0.650, 9
20, 1.0, 1.0, 1.0, 1.0, 0.650, 10
20, 1.0, 1.0, 1.0, 1.0, 0.650, 11
20, 1.0, 1.0, 1.0, 1.0, 0.650, 12
20, 1.0, 1.0, 1.0, 1.0, 0.650, 13
20, 1.0, 1.0, 1.0, 1.0, 0.650, 14
20, 1.0, 1.0, 1.0, 1.0, 0.650, 15
20, 1.0, 1.0, 1.0, 1.0, 0.650, 16
20, 1.0, 1.0, 1.0, 1.0, 0.650, 17
20, 1.0, 1.0, 1.0, 1.0, 0.650, 18
20, 1.0, 1.0, 1.0, 1.0, 0.650, 19
20, 1.0, 1.0, 1.0, 1.0, 0.650, 20
20, 1.0, 1.0, 1.0, 1.0, 0.650, 21
20, 1.0, 1.0, 1.0, 1.0, 0.650, 22
20, 1.0, 1.0, 1.0, 1.0, 0.650, 23
20, 1.0, 1.0, 1.0, 1.0, 0.650, 24
20, 1.0, 1.0, 1.0, 1.0, 0.650, 25
20, 1.0, 1.0, 1.0, 1.0, 0.650, 26
20, 1.0, 1.0, 1.0, 1.0, 0.650, 27
20, 1.0, 1.0, 1.0, 1.0, 0.650, 28
20, 1.0, 1.0, 1.0, 1.0, 0.650, 29
20, 1.0, 1.0, 1.0, 1.0, 0.650, 30
20, 1.0, 1.0, 1.0, 1.0, 0.650, 31
20, 1.0, 1.0, 1.0, 1.0, 0.650, 32
20, 1.0, 1.0, 1.0, 1.0, 0.650, 33
20, 1.0, 1.0, 1.0, 1.0, 0.650, 34
20, 1.0, 1.0, 1.0, 1.0, 0.650, 35
20, 1.0, 1.0, 1.0, 1.0, 0.650, 36
20, 1.0, 1.0, 1.0, 1.0, 0.650, 37
20, 1.0, 1.0, 1.0, 1.0, 0.650, 38
20, 1.0, 1.0, 1.0, 1.0, 0.650, 39
20, 1.0, 1.0, 1.0, 1.0, 0.650, 40
20, 1.0, 1.0, 1.0, 1.0, 0.650, 41
20, 1.0, 1.0, 1.0, 1.0, 0.650, 42
20, 1.0, 1.0, 1.0, 1.0, 0.650, 43
20, 1.0, 1.0, 1.0, 1.0, 0.650, 44
20, 1.0, 1.0, 1.0, 1.0, 0.650, 45
20, 1.0, 1.0, 1.0, 1.0, 0.650, 46
20, 1.0, 1.0, 1.0, 1.0, 0.650, 47
20, 1.0, 1.0, 1.0, 1.0, 0.650, 48
20, 1.0, 1.0, 1.0, 1.0, 0.650, 49
20, 1.0, 1.0, 1.0, 1.0, 0.650, 50
20, 1.0, 1.0, 1.0, 1.0, 0.700, 1
20, 1.0, 1.0, 1.0, 1.0, 0.700, 2
20, 1.0, 1.0, 1.0, 1.0, 0.700, 3
20, 1.0, 1.0, 1.0, 1.0, 0.700, 4
20, 1.0, 1.0, 1.0, 1.0, 0.700, 5
20, 1.0, 1.0, 1.0, 1.0, 0.700, 6
20, 1.0, 1.0, 1.0, 1.0, 0.700, 7
20, 1.0, 1.0, 1.0, 1.0, 0.700, 8
20, 1.0, 1.0, 1.0, 1.0, 0.700, 9
20, 1.0, 1.0, 1.0, 1.0, 0.700, 10
20, 1.0, 1.0, 1.0, 1.0, 0.700, 11
20, 1.0, 1.0, 1.0, 1.0, 0.700, 12
20, 1.0, 1.0, 1.0, 1.0, 0.700, 13
20, 1.0, 1.0, 1.0, 1.0, 0.700, 14
20, 1.0, 1.0, 1.0, 1.0, 0.700, 15
20, 1.0, 1.0, 1.0, 1.0, 0.700, 16
20, 1.0, 1.0, 1.0, 1.0, 0.700, 17
20, 1.0, 1.0, 1.0, 1.0, 0.700, 18
20, 1.0, 1.0, 1.0, 1.0, 0.700, 19
20, 1.0, 1.0, 1.0, 1.0, 0.700, 20
20, 1.0, 1.0, 1.0, 1.0, 0.700, 21
20, 1.0, 1.0, 1.0, 1.0, 0.700, 22
20, 1.0, 1.0, 1.0, 1.0, 0.700, 23
20, 1.0, 1.0, 1.0, 1.0, 0.700, 24
20, 1.0, 1.0, 1.0, 1.0, 0.700, 25
20, 1.0, 1.0, 1.0, 1.0, 0.700, 26
20, 1.0, 1.0, 1.0, 1.0, 0.700, 27
20, 1.0, 1.0, 1.0, 1.0, 0.700, 28
20, 1.0, 1.0, 1.0, 1.0, 0.700, 29
20, 1.0, 1.0, 1.0, 1.0, 0.700, 30
20, 1.0, 1.0, 1.0, 1.0, 0.700, 31
20, 1.0, 1.0, 1.0, 1.0, 0.700, 32
20, 1.0, 1.0, 1.0, 1.0, 0.700, 33
20, 1.0, 1.0, 1.0, 1.0, 0.700, 34
20, 1.0, 1.0, 1.0, 1.0, 0.700, 35
20, 1.0, 1.0, 1.0, 1.0, 0.700, 36
20, 1.0, 1.0, 1.0, 1.0, 0.700, 37
20, 1.0, 1.0, 1.0, 1.0, 0.700, 38
20, 1.0, 1.0, 1.0, 1.0, 0.700, 39
20, 1.0, 1.0, 1.0, 1.0, 0.700, 40
20, 1.0, 1.0, 1.0, 1.0, 0.700, 41
20, 1.0, 1.0, 1.0, 1.0, 0.700, 42
20, 1.0, 1.0, 1.0, 1.0, 0.700, 43
20, 1.0, 1.0, 1.0, 1.0, 0.700, 44
20, 1.0, 1.0, 1.0, 1.0, 0.700, 45
20, 1.0, 1.0, 1.0, 1.0, 0.700, 46
20, 1.0, 1.0, 1.0, 1.0, 0.700, 47
20, 1.0, 1.0, 1.0, 1.0, 0.700, 48
20, 1.0, 1.0, 1.0, 1.0, 0.700, 49
20, 1.0, 1.0, 1.0, 1.0, 0.700, 50
20, 1.0, 1.0, 1.0, 1.0, 0.800, 1
20, 1.0, 1.0, 1.0, 1.0, 0.800, 2
20, 1.0, 1.0, 1.0, 1.0, 0.800, 3
20, 1.0, 1.0, 1.0, 1.0, 0.800, 4
20, 1.0, 1.0, 1.0, 1.0, 0.800, 5
20, 1.0, 1.0, 1.0, 1.0, 0.800, 6
20, 1.0, 1.0, 1.0, 1.0, 0.800, 7
20, 1.0, 1.0, 1.0, 1.0, 0.800, 8
20, 1.0, 1.0, 1.0, 1.0, 0.800, 9
20, 1.0, 1.0, 1.0, 1.0, 0.800, 10
20, 1.0, 1.0, 1.0, 1.0, 0.800, 11
20, 1.0, 1.0, 1.0, 1.0, 0.800, 12
20, 1.0, 1.0, 1.0, 1.0, 0.800, 13
20, 1.0, 1.0, 1.0, 1.0, 0.800, 14
20, 1.0, 1.0, 1.0, 1.0, 0.800, 15
20, 1.0, 1.0, 1.0, 1.0, 0.800, 16
20, 1.0, 1.0, 1.0, 1.0, 0.800, 17
20, 1.0, 1.0, 1.0, 1.0, 0.800, 18
20, 1.0, 1.0, 1.0, 1.0, 0.800, 19
20, 1.0, 1.0, 1.0, 1.0, 0.800, 20
20, 1.0, 1.0, 1.0, 1.0, 0.800, 21
20, 1.0, 1.0, 1.0, 1.0, 0.800, 22
20, 1.0, 1.0, 1.0, 1.0, 0.800, 23
20, 1.0, 1.0, 1.0, 1.0, 0.800, 24
20, 1.0, 1.0, 1.0, 1.0, 0.800, 25
20, 1.0, 1.0, 1.0, 1.0, 0.800, 26
20, 1.0, 1.0, 1.0, 1.0, 0.800, 27
20, 1.0, 1.0, 1.0, 1.0, 0.800, 28
20, 1.0, 1.0, 1.0, 1.0, 0.800, 29
20, 1.0, 1.0, 1.0, 1.0, 0.800, 30
20, 1.0, 1.0, 1.0, 1.0, 0.800, 31
20, 1.0, 1.0, 1.0, 1.0, 0.800, 32
20, 1.0, 1.0, 1.0, 1.0, 0.800, 33
20, 1.0, 1.0, 1.0, 1.0, 0.800, 34
20, 1.0, 1.0, 1.0, 1.0, 0.800, 35
20, 1.0, 1.0, 1.0, 1.0, 0.800, 36
20, 1.0, 1.0, 1.0, 1.0, 0.800, 37
20, 1.0, 1.0, 1.0, 1.0, 0.800, 38
20, 1.0, 1.0, 1.0, 1.0, 0.800, 39
20, 1.0, 1.0, 1.0, 1.0, 0.800, 40
20, 1.0, 1.0, 1.0, 1.0, 0.800, 41
20, 1.0, 1.0, 1.0, 1.0, 0.800, 42
20, 1.0, 1.0, 1.0, 1.0, 0.800, 43
20, 1.0, 1.0, 1.0, 1.0, 0.800, 44
20, 1.0, 1.0, 1.0, 1.0, 0.800, 45
20, 1.0, 1.0, 1.0, 1.0, 0.800, 46
20, 1.0, 1.0, 1.0, 1.0, 0.800, 47
20, 1.0, 1.0, 1.0, 1.0, 0.800, 48
20, 1.0, 1.0, 1.0, 1.0, 0.800, 49
20, 1.0, 1.0, 1.0, 1.0, 0.800, 50
20, 1.0, 1.0, 1.0, 1.0, 0.900, 1
20, 1.0, 1.0, 1.0, 1.0, 0.900, 2
20, 1.0, 1.0, 1.0, 1.0, 0.900, 3
20, 1.0, 1.0, 1.0, 1.0, 0.900, 4
20, 1.0, 1.0, 1.0, 1.0, 0.900, 5
20, 1.0, 1.0, 1.0, 1.0, 0.900, 6
20, 1.0, 1.0, 1.0, 1.0, 0.900, 7
20, 1.0, 1.0, 1.0, 1.0, 0.900, 8
20, 1.0, 1.0, 1.0, 1.0, 0.900, 9
20, 1.0, 1.0, 1.0, 1.0, 0.900, 10
20, 1.0, 1.0, 1.0, 1.0, 0.900, 11
20, 1.0, 1.0, 1.0, 1.0, 0.900, 12
20, 1.0, 1.0, 1.0, 1.0, 0.900, 13
20, 1.0, 1.0, 1.0, 1.0, 0.900, 14
20, 1.0, 1.0, 1.0, 1.0, 0.900, 15
20, 1.0, 1.0, 1.0, 1.0, 0.900, 16
20, 1.0, 1.0, 1.0, 1.0, 0.900, 17
20, 1.0, 1.0, 1.0, 1.0, 0.900, 18
20, 1.0, 1.0, 1.0, 1.0, 0.900, 19
20, 1.0, 1.0, 1.0, 1.0, 0.900, 20
20, 1.0, 1.0, 1.0, 1.0, 0.900, 21
20, 1.0, 1.0, 1.0, 1.0, 0.900, 22
20, 1.0, 1.0, 1.0, 1.0, 0.900, 23
20, 1.0, 1.0, 1.0, 1.0, 0.900, 24
20, 1.0, 1.0, 1.0, 1.0, 0.900, 25
20, 1.0, 1.0, 1.0, 1.0, 0.900, 26
20, 1.0, 1.0, 1.0, 1.0, 0.900, 27
20, 1.0, 1.0, 1.0, 1.0, 0.900, 28
20, 1.0, 1.0, 1.0, 1.0, 0.900, 29
20, 1.0, 1.0, 1.0, 1.0, 0.900, 30
20, 1.0, 1.0, 1.0, 1.0, 0.900, 31
20, 1.0, 1.0, 1.0, 1.0, 0.900, 32
20, 1.0, 1.0, 1.0, 1.0, 0.900, 33
20, 1.0, 1.0, 1.0, 1.0, 0.900, 34
20, 1.0, 1.0, 1.0, 1.0, 0.900, 35
20, 1.0, 1.0, 1.0, 1.0, 0.900, 36
20, 1.0, 1.0, 1.0, 1.0, 0.900, 37
20, 1.0, 1.0, 1.0, 1.0, 0.900, 38
20, 1.0, 1.0, 1.0, 1.0, 0.900, 39
20, 1.0, 1.0, 1.0, 1.0, 0.900, 40
20, 1.0, 1.0, 1.0, 1.0, 0.900, 41
20, 1.0, 1.0, 1.0, 1.0, 0.900, 42
20, 1.0, 1.0, 1.0, 1.0, 0.900, 43
20, 1.0, 1.0, 1.0, 1.0, 0.900, 44
20, 1.0, 1.0, 1.0, 1.0, 0.900, 45
20, 1.0, 1.0, 1.0, 1.0, 0.900, 46
20, 1.0, 1.0, 1.0, 1.0, 0.900, 47
20, 1.0, 1.0, 1.0, 1.0, 0.900, 48
20, 1.0, 1.0, 1.0, 1.0, 0.900, 49
20, 1.0, 1.0, 1.0, 1.0, 0.900, 50
