9, 1.0, 1.0, 1.0, 1.0, 0.800, 1
9, 1.0, 1.0, 1.0, 1.0, 0.800, 2
9, 1.0, 1.0, 1.0, 1.0, 0.800, 3
9, 1.0, 1.0, 1.0, 1.0, 0.800, 4
9, 1.0, 1.0, 1.0, 1.0, 0.800, 5
9, 1.0, 1.0, 1.0, 1.0, 0.800, 6
9, 1.0, 1.0, 1.0, 1.0, 0.800, 7
9, 1.0, 1.0, 1.0, 1.0, 0.800, 8
9, 1.0, 1.0, 1.0, 1.0, 0.800, 9
9, 1.0, 1.0, 1.0, 1.0, 0.800, 10
9, 1.0, 1.0, 1.0, 1.0, 0.800, 11
9, 1.0, 1.0, 1.0, 1.0, 0.800, 12
9, 1.0, 1.0, 1.0, 1.0, 0.800, 13
9, 1.0, 1.0, 1.0, 1.0, 0.800, 14
9, 1.0, 1.0, 1.0, 1.0, 0.800, 15
9, 1.0, 1.0, 1.0, 1.0, 0.800, 16
9, 1.0, 1.0, 1.0, 1.0, 0.800, 17
9, 1.0, 1.0, 1.0, 1.0, 0.800, 18
9, 1.0, 1.0, 1.0, 1.0, 0.800, 19
9, 1.0, 1.0, 1.0, 1.0, 0.800, 20
9, 1.0, 1.0, 1.0, 1.0, 0.800, 21
9, 1.0, 1.0, 1.0, 1.0, 0.800, 22
9, 1.0, 1.0, 1.0, 1.0, 0.800, 23
9, 1.0, 1.0, 1.0, 1.0, 0.800, 24
9, 1.0, 1.0, 1.0, 1.0, 0.800, 25
9, 1.0, 1.0, 1.0, 1.0, 0.800, 26
9, 1.0, 1.0, 1.0, 1.0, 0.800, 27
9, 1.0, 1.0, 1.0, 1.0, 0.800, 28
9, 1.0, 1.0, 1.0, 1.0, 0.800, 29
9, 1.0, 1.0, 1.0, 1.0, 0.800, 30
9, 1.0, 1.0, 1.0, 1.0, 0.800, 31
9, 1.0, 1.0, 1.0, 1.0, 0.800, 32
9, 1.0, 1.0, 1.0, 1.0, 0.800, 33
9, 1.0, 1.0, 1.0, 1.0, 0.800, 34
9, 1.0, 1.0, 1.0, 1.0, 0.800, 35
9, 1.0, 1.0, 1.0, 1.0, 0.800, 36
9, 1.0, 1.0, 1.0, 1.0, 0.800, 37
9, 1.0, 1.0, 1.0, 1.0, 0.800, 38
9, 1.0, 1.0, 1.0, 1.0, 0.800, 39
9, 1.0, 1.0, 1.0, 1.0, 0.800, 40
9, 1.0, 1.0, 1.0, 1.0, 0.800, 41
9, 1.0, 1.0, 1.0, 1.0, 0.800, 42
9, 1.0, 1.0, 1.0, 1.0, 0.800, 43
9, 1.0, 1.0, 1.0, 1.0, 0.800, 44
9, 1.0, 1.0, 1.0, 1.0, 0.800, 45
9, 1.0, 1.0, 1.0, 1.0, 0.800, 46
9, 1.0, 1.0, 1.0, 1.0, 0.800, 47
9, 1.0, 1.0, 1.0, 1.0, 0.800, 48
9, 1.0, 1.0, 1.0, 1.0, 0.800, 49
9, 1.0, 1.0, 1.0, 1.0, 0.800, 50
10, 1.0, 1.0, 1.0, 1.0, 0.800, 1
10, 1.0, 1.0, 1.0, 1.0, 0.800, 2
10, 1.0, 1.0, 1.0, 1.0, 0.800, 3
10, 1.0, 1.0, 1.0, 1.0, 0.800, 4
10, 1.0, 1.0, 1.0, 1.0, 0.800, 5
10, 1.0, 1.0, 1.0, 1.0, 0.800, 6
10, 1.0, 1.0, 1.0, 1.0, 0.800, 7
10, 1.0, 1.0, 1.0, 1.0, 0.800, 8
10, 1.0, 1.0, 1.0, 1.0, 0.800, 9
10, 1.0, 1.0, 1.0, 1.0, 0.800, 10
10, 1.0, 1.0, 1.0, 1.0, 0.800, 11
10, 1.0, 1.0, 1.0, 1.0, 0.800, 12
10, 1.0, 1.0, 1.0, 1.0, 0.800, 13
10, 1.0, 1.0, 1.0, 1.0, 0.800, 14
10, 1.0, 1.0, 1.0, 1.0, 0.800, 15
10, 1.0, 1.0, 1.0, 1.0, 0.800, 16
10, 1.0, 1.0, 1.0, 1.0, 0.800, 17
10, 1.0, 1.0, 1.0, 1.0, 0.800, 18
10, 1.0, 1.0, 1.0, 1.0, 0.800, 19
10, 1.0, 1.0, 1.0, 1.0, 0.800, 20
10, 1.0, 1.0, 1.0, 1.0, 0.800, 21
10, 1.0, 1.0, 1.0, 1.0, 0.800, 22
10, 1.0, 1.0, 1.0, 1.0, 0.800, 23
10, 1.0, 1.0, 1.0, 1.0, 0.800, 24
10, 1.0, 1.0, 1.0, 1.0, 0.800, 25
10, 1.0, 1.0, 1.0, 1.0, 0.800, 26
10, 1.0, 1.0, 1.0, 1.0, 0.800, 27
10, 1.0, 1.0, 1.0, 1.0, 0.800, 28
10, 1.0, 1.0, 1.0, 1.0, 0.800, 29
10, 1.0, 1.0, 1.0, 1.0, 0.800, 30
10, 1.0, 1.0, 1.0, 1.0, 0.800, 31
10, 1.0, 1.0, 1.0, 1.0, 0.800, 32
10, 1.0, 1.0, 1.0, 1.0, 0.800, 33
10, 1.0, 1.0, 1.0, 1.0, 0.800, 34
10, 1.0, 1.0, 1.0, 1.0, 0.800, 35
10, 1.0, 1.0, 1.0, 1.0, 0.800, 36
10, 1.0, 1.0, 1.0, 1.0, 0.800, 37
10, 1.0, 1.0, 1.0, 1.0, 0.800, 38
10, 1.0, 1.0, 1.0, 1.0, 0.800, 39
10, 1.0, 1.0, 1.0, 1.0, 0.800, 40
10, 1.0, 1.0, 1.0, 1.0, 0.800, 41
10, 1.0, 1.0, 1.0, 1.0, 0.800, 42
10, 1.0, 1.0, 1.0, 1.0, 0.800, 43
10, 1.0, 1.0, 1.0, 1.0, 0.800, 44
10, 1.0, 1.0, 1.0, 1.0, 0.800, 45
10, 1.0, 1.0, 1.0, 1.0, 0.800, 46
10, 1.0, 1.0, 1.0, 1.0, 0.800, 47
10, 1.0, 1.0, 1.0, 1.0, 0.800, 48
10, 1.0, 1.0, 1.0, 1.0, 0.800, 49
10, 1.0, 1.0, 1.0, 1.0, 0.800, 50
11, 1.0, 1.0, 1.0, 1.0, 0.800, 1
11, 1.0, 1.0, 1.0, 1.0, 0.800, 2
11, 1.0, 1.0, 1.0, 1.0, 0.800, 3
11, 1.0, 1.0, 1.0, 1.0, 0.800, 4
11, 1.0, 1.0, 1.0, 1.0, 0.800, 5
11, 1.0, 1.0, 1.0, 1.0, 0.800, 6
11, 1.0, 1.0, 1.0, 1.0, 0.800, 7
11, 1.0, 1.0, 1.0, 1.0, 0.800, 8
11, 1.0, 1.0, 1.0, 1.0, 0.800, 9
11, 1.0, 1.0, 1.0, 1.0, 0.800, 10
11, 1.0, 1.0, 1.0, 1.0, 0.800, 11
11, 1.0, 1.0, 1.0, 1.0, 0.800, 12
11, 1.0, 1.0, 1.0, 1.0, 0.800, 13
11, 1.0, 1.0, 1.0, 1.0, 0.800, 14
11, 1.0, 1.0, 1.0, 1.0, 0.800, 15
11, 1.0, 1.0, 1.0, 1.0, 0.800, 16
11, 1.0, 1.0, 1.0, 1.0, 0.800, 17
11, 1.0, 1.0, 1.0, 1.0, 0.800, 18
11, 1.0, 1.0, 1.0, 1.0, 0.800, 19
11, 1.0, 1.0, 1.0, 1.0, 0.800, 20
11, 1.0, 1.0, 1.0, 1.0, 0.800, 21
11, 1.0, 1.0, 1.0, 1.0, 0.800, 22
11, 1.0, 1.0, 1.0, 1.0, 0.800, 23
11, 1.0, 1.0, 1.0, 1.0, 0.800, 24
11, 1.0, 1.0, 1.0, 1.0, 0.800, 25
11, 1.0, 1.0, 1.0, 1.0, 0.800, 26
11, 1.0, 1.0, 1.0, 1.0, 0.800, 27
11, 1.0, 1.0, 1.0, 1.0, 0.800, 28
11, 1.0, 1.0, 1.0, 1.0, 0.800, 29
11, 1.0, 1.0, 1.0, 1.0, 0.800, 30
11, 1.0, 1.0, 1.0, 1.0, 0.800, 31
11, 1.0, 1.0, 1.0, 1.0, 0.800, 32
11, 1.0, 1.0, 1.0, 1.0, 0.800, 33
11, 1.0, 1.0, 1.0, 1.0, 0.800, 34
11, 1.0, 1.0, 1.0, 1.0, 0.800, 35
11, 1.0, 1.0, 1.0, 1.0, 0.800, 36
11, 1.0, 1.0, 1.0, 1.0, 0.800, 37
11, 1.0, 1.0, 1.0, 1.0, 0.800, 38
11, 1.0, 1.0, 1.0, 1.0, 0.800, 39
11, 1.0, 1.0, 1.0, 1.0, 0.800, 40
11, 1.0, 1.0, 1.0, 1.0, 0.800, 41
11, 1.0, 1.0, 1.0, 1.0, 0.800, 42
11, 1.0, 1.0, 1.0, 1.0, 0.800, 43
11, 1.0, 1.0, 1.0, 1.0, 0.800, 44
11, 1.0, 1.0, 1.0, 1.0, 0.800, 45
11, 1.0, 1.0, 1.0, 1.0, 0.800, 46
11, 1.0, 1.0, 1.0, 1.0, 0.800, 47
11, 1.0, 1.0, 1.0, 1.0, 0.800, 48
11, 1.0, 1.0, 1.0, 1.0, 0.800, 49
11, 1.0, 1.0, 1.0, 1.0, 0.800, 50
12, 1.0, 1.0, 1.0, 1.0, 0.800, 1
12, 1.0, 1.0, 1.0, 1.0, 0.800, 2
12, 1.0, 1.0, 1.0, 1.0, 0.800, 3
12, 1.0, 1.0, 1.0, 1.0, 0.800, 4
12, 1.0, 1.0, 1.0, 1.0, 0.800, 5
12, 1.0, 1.0, 1.0, 1.0, 0.800, 6
12, 1.0, 1.0, 1.0, 1.0, 0.800, 7
12, 1.0, 1.0, 1.0, 1.0, 0.800, 8
12, 1.0, 1.0, 1.0, 1.0, 0.800, 9
12, 1.0, 1.0, 1.0, 1.0, 0.800, 10
12, 1.0, 1.0, 1.0, 1.0, 0.800, 11
12, 1.0, 1.0, 1.0, 1.0, 0.800, 12
12, 1.0, 1.0, 1.0, 1.0, 0.800, 13
12, 1.0, 1.0, 1.0, 1.0, 0.800, 14
12, 1.0, 1.0, 1.0, 1.0, 0.800, 15
12, 1.0, 1.0, 1.0, 1.0, 0.800, 16
12, 1.0, 1.0, 1.0, 1.0, 0.800, 17
12, 1.0, 1.0, 1.0, 1.0, 0.800, 18
12, 1.0, 1.0, 1.0, 1.0, 0.800, 19
12, 1.0, 1.0, 1.0, 1.0, 0.800, 20
12, 1.0, 1.0, 1.0, 1.0, 0.800, 21
12, 1.0, 1.0, 1.0, 1.0, 0.800, 22
12, 1.0, 1.0, 1.0, 1.0, 0.800, 23
12, 1.0, 1.0, 1.0, 1.0, 0.800, 24
12, 1.0, 1.0, 1.0, 1.0, 0.800, 25
12, 1.0, 1.0, 1.0, 1.0, 0.800, 26
12, 1.0, 1.0, 1.0, 1.0, 0.800, 27
12, 1.0, 1.0, 1.0, 1.0, 0.800, 28
12, 1.0, 1.0, 1.0, 1.0, 0.800, 29
12, 1.0, 1.0, 1.0, 1.0, 0.800, 30
12, 1.0, 1.0, 1.0, 1.0, 0.800, 31
12, 1.0, 1.0, 1.0, 1.0, 0.800, 32
12, 1.0, 1.0, 1.0, 1.0, 0.800, 33
12, 1.0, 1.0, 1.0, 1.0, 0.800, 34
12, 1.0, 1.0, 1.0, 1.0, 0.800, 35
12, 1.0, 1.0, 1.0, 1.0, 0.800, 36
12, 1.0, 1.0, 1.0, 1.0, 0.800, 37
12, 1.0, 1.0, 1.0, 1.0, 0.800, 38
12, 1.0, 1.0, 1.0, 1.0, 0.800, 39
12, 1.0, 1.0, 1.0, 1.0, 0.800, 40
12, 1.0, 1.0, 1.0, 1.0, 0.800, 41
12, 1.0, 1.0, 1.0, 1.0, 0.800, 42
12, 1.0, 1.0, 1.0, 1.0, 0.800, 43
12, 1.0, 1.0, 1.0, 1.0, 0.800, 44
12, 1.0, 1.0, 1.0, 1.0, 0.800, 45
12, 1.0, 1.0, 1.0, 1.0, 0.800, 46
12, 1.0, 1.0, 1.0, 1.0, 0.800, 47
12, 1.0, 1.0, 1.0, 1.0, 0.800, 48
12, 1.0, 1.0, 1.0, 1.0, 0.800, 49
12, 1.0, 1.0, 1.0, 1.0, 0.800, 50
13, 1.0, 1.0, 1.0, 1.0, 0.800, 1
13, 1.0, 1.0, 1.0, 1.0, 0.800, 2
13, 1.0, 1.0, 1.0, 1.0, 0.800, 3
13, 1.0, 1.0, 1.0, 1.0, 0.800, 4
13, 1.0, 1.0, 1.0, 1.0, 0.800, 5
13, 1.0, 1.0, 1.0, 1.0, 0.800, 6
13, 1.0, 1.0, 1.0, 1.0, 0.800, 7
13, 1.0, 1.0, 1.0, 1.0, 0.800, 8
13, 1.0, 1.0, 1.0, 1.0, 0.800, 9
13, 1.0, 1.0, 1.0, 1.0, 0.800, 10
13, 1.0, 1.0, 1.0, 1.0, 0.800, 11
13, 1.0, 1.0, 1.0, 1.0, 0.800, 12
13, 1.0, 1.0, 1.0, 1.0, 0.800, 13
13, 1.0, 1.0, 1.0, 1.0, 0.800, 14
13, 1.0, 1.0, 1.0, 1.0, 0.800, 15
13, 1.0, 1.0, 1.0, 1.0, 0.800, 16
13, 1.0, 1.0, 1.0, 1.0, 0.800, 17
13, 1.0, 1.0, 1.0, 1.0, 0.800, 18
13, 1.0, 1.0, 1.0, 1.0, 0.800, 19
13, 1.0, 1.0, 1.0, 1.0, 0.800, 20
13, 1.0, 1.0, 1.0, 1.0, 0.800, 21
13, 1.0, 1.0, 1.0, 1.0, 0.800, 22
13, 1.0, 1.0, 1.0, 1.0, 0.800, 23
13, 1.0, 1.0, 1.0, 1.0, 0.800, 24
13, 1.0, 1.0, 1.0, 1.0, 0.800, 25
13, 1.0, 1.0, 1.0, 1.0, 0.800, 26
13, 1.0, 1.0, 1.0, 1.0, 0.800, 27
13, 1.0, 1.0, 1.0, 1.0, 0.800, 28
13, 1.0, 1.0, 1.0, 1.0, 0.800, 29
13, 1.0, 1.0, 1.0, 1.0, 0.800, 30
13, 1.0, 1.0, 1.0, 1.0, 0.800, 31
13, 1.0, 1.0, 1.0, 1.0, 0.800, 32
13, 1.0, 1.0, 1.0, 1.0, 0.800, 33
13, 1.0, 1.0, 1.0, 1.0, 0.800, 34
13, 1.0, 1.0, 1.0, 1.0, 0.800, 35
13, 1.0, 1.0, 1.0, 1.0, 0.800, 36
13, 1.0, 1.0, 1.0, 1.0, 0.800, 37
13, 1.0, 1.0, 1.0, 1.0, 0.800, 38
13, 1.0, 1.0, 1.0, 1.0, 0.800, 39
13, 1.0, 1.0, 1.0, 1.0, 0.800, 40
13, 1.0, 1.0, 1.0, 1.0, 0.800, 41
13, 1.0, 1.0, 1.0, 1.0, 0.800, 42
13, 1.0, 1.0, 1.0, 1.0, 0.800, 43
13, 1.0, 1.0, 1.0, 1.0, 0.800, 44
13, 1.0, 1.0, 1.0, 1.0, 0.800, 45
13, 1.0, 1.0, 1.0, 1.0, 0.800, 46
13, 1.0, 1.0, 1.0, 1.0, 0.800, 47
13, 1.0, 1.0, 1.0, 1.0, 0.800, 48
13, 1.0, 1.0, 1.0, 1.0, 0.800, 49
13, 1.0, 1.0, 1.0, 1.0, 0.800, 50
14, 1.0, 1.0, 1.0, 1.0, 0.800, 1
14, 1.0, 1.0, 1.0, 1.0, 0.800, 2
14, 1.0, 1.0, 1.0, 1.0, 0.800, 3
14, 1.0, 1.0, 1.0, 1.0, 0.800, 4
14, 1.0, 1.0, 1.0, 1.0, 0.800, 5
14, 1.0, 1.0, 1.0, 1.0, 0.800, 6
14, 1.0, 1.0, 1.0, 1.0, 0.800, 7
14, 1.0, 1.0, 1.0, 1.0, 0.800, 8
14, 1.0, 1.0, 1.0, 1.0, 0.800, 9
14, 1.0, 1.0, 1.0, 1.0, 0.800, 10
14, 1.0, 1.0, 1.0, 1.0, 0.800, 11
14, 1.0, 1.0, 1.0, 1.0, 0.800, 12
14, 1.0, 1.0, 1.0, 1.0, 0.800, 13
14, 1.0, 1.0, 1.0, 1.0, 0.800, 14
14, 1.0, 1.0, 1.0, 1.0, 0.800, 15
14, 1.0, 1.0, 1.0, 1.0, 0.800, 16
14, 1.0, 1.0, 1.0, 1.0, 0.800, 17
14, 1.0, 1.0, 1.0, 1.0, 0.800, 18
14, 1.0, 1.0, 1.0, 1.0, 0.800, 19
14, 1.0, 1.0, 1.0, 1.0, 0.800, 20
14, 1.0, 1.0, 1.0, 1.0, 0.800, 21
14, 1.0, 1.0, 1.0, 1.0, 0.800, 22
14, 1.0, 1.0, 1.0, 1.0, 0.800, 23
14, 1.0, 1.0, 1.0, 1.0, 0.800, 24
14, 1.0, 1.0, 1.0, 1.0, 0.800, 25
14, 1.0, 1.0, 1.0, 1.0, 0.800, 26
14, 1.0, 1.0, 1.0, 1.0, 0.800, 27
14, 1.0, 1.0, 1.0, 1.0, 0.800, 28
14, 1.0, 1.0, 1.0, 1.0, 0.800, 29
14, 1.0, 1.0, 1.0, 1.0, 0.800, 30
14, 1.0, 1.0, 1.0, 1.0, 0.800, 31
14, 1.0, 1.0, 1.0, 1.0, 0.800, 32
14, 1.0, 1.0, 1.0, 1.0, 0.800, 33
14, 1.0, 1.0, 1.0, 1.0, 0.800, 34
14, 1.0, 1.0, 1.0, 1.0, 0.800, 35
14, 1.0, 1.0, 1.0, 1.0, 0.800, 36
14, 1.0, 1.0, 1.0, 1.0, 0.800, 37
14, 1.0, 1.0, 1.0, 1.0, 0.800, 38
14, 1.0, 1.0, 1.0, 1.0, 0.800, 39
14, 1.0, 1.0, 1.0, 1.0, 0.800, 40
14, 1.0, 1.0, 1.0, 1.0, 0.800, 41
14, 1.0, 1.0, 1.0, 1.0, 0.800, 42
14, 1.0, 1.0, 1.0, 1.0, 0.800, 43
14, 1.0, 1.0, 1.0, 1.0, 0.800, 44
14, 1.0, 1.0, 1.0, 1.0, 0.800, 45
14, 1.0, 1.0, 1.0, 1.0, 0.800, 46
14, 1.0, 1.0, 1.0, 1.0, 0.800, 47
14, 1.0, 1.0, 1.0, 1.0, 0.800, 48
14, 1.0, 1.0, 1.0, 1.0, 0.800, 49
14, 1.0, 1.0, 1.0, 1.0, 0.800, 50
15, 1.0, 1.0, 1.0, 1.0, 0.800, 1
15, 1.0, 1.0, 1.0, 1.0, 0.800, 2
15, 1.0, 1.0, 1.0, 1.0, 0.800, 3
15, 1.0, 1.0, 1.0, 1.0, 0.800, 4
15, 1.0, 1.0, 1.0, 1.0, 0.800, 5
15, 1.0, 1.0, 1.0, 1.0, 0.800, 6
15, 1.0, 1.0, 1.0, 1.0, 0.800, 7
15, 1.0, 1.0, 1.0, 1.0, 0.800, 8
15, 1.0, 1.0, 1.0, 1.0, 0.800, 9
15, 1.0, 1.0, 1.0, 1.0, 0.800, 10
15, 1.0, 1.0, 1.0, 1.0, 0.800, 11
15, 1.0, 1.0, 1.0, 1.0, 0.800, 12
15, 1.0, 1.0, 1.0, 1.0, 0.800, 13
15, 1.0, 1.0, 1.0, 1.0, 0.800, 14
15, 1.0, 1.0, 1.0, 1.0, 0.800, 15
15, 1.0, 1.0, 1.0, 1.0, 0.800, 16
15, 1.0, 1.0, 1.0, 1.0, 0.800, 17
15, 1.0, 1.0, 1.0, 1.0, 0.800, 18
15, 1.0, 1.0, 1.0, 1.0, 0.800, 19
15, 1.0, 1.0, 1.0, 1.0, 0.800, 20
15, 1.0, 1.0, 1.0, 1.0, 0.800, 21
15, 1.0, 1.0, 1.0, 1.0, 0.800, 22
15, 1.0, 1.0, 1.0, 1.0, 0.800, 23
15, 1.0, 1.0, 1.0, 1.0, 0.800, 24
15, 1.0, 1.0, 1.0, 1.0, 0.800, 25
15, 1.0, 1.0, 1.0, 1.0, 0.800, 26
15, 1.0, 1.0, 1.0, 1.0, 0.800, 27
15, 1.0, 1.0, 1.0, 1.0, 0.800, 28
15, 1.0, 1.0, 1.0, 1.0, 0.800, 29
15, 1.0, 1.0, 1.0, 1.0, 0.800, 30
15, 1.0, 1.0, 1.0, 1.0, 0.800, 31
15, 1.0, 1.0, 1.0, 1.0, 0.800, 32
15, 1.0, 1.0, 1.0, 1.0, 0.800, 33
15, 1.0, 1.0, 1.0, 1.0, 0.800, 34
15, 1.0, 1.0, 1.0, 1.0, 0.800, 35
15, 1.0, 1.0, 1.0, 1.0, 0.800, 36
15, 1.0, 1.0, 1.0, 1.0, 0.800, 37
15, 1.0, 1.0, 1.0, 1.0, 0.800, 38
15, 1.0, 1.0, 1.0, 1.0, 0.800, 39
15, 1.0, 1.0, 1.0, 1.0, 0.800, 40
15, 1.0, 1.0, 1.0, 1.0, 0.800, 41
15, 1.0, 1.0, 1.0, 1.0, 0.800, 42
15, 1.0, 1.0, 1.0, 1.0, 0.800, 43
15, 1.0, 1.0, 1.0, 1.0, 0.800, 44
15, 1.0, 1.0, 1.0, 1.0, 0.800, 45
15, 1.0, 1.0, 1.0, 1.0, 0.800, 46
15, 1.0, 1.0, 1.0, 1.0, 0.800, 47
15, 1.0, 1.0, 1.0, 1.0, 0.800, 48
15, 1.0, 1.0, 1.0, 1.0, 0.800, 49
15, 1.0, 1.0, 1.0, 1.0, 0.800, 50
16, 1.0, 1.0, 1.0, 1.0, 0.800, 1
16, 1.0, 1.0, 1.0, 1.0, 0.800, 2
16, 1.0, 1.0, 1.0, 1.0, 0.800, 3
16, 1.0, 1.0, 1.0, 1.0, 0.800, 4
16, 1.0, 1.0, 1.0, 1.0, 0.800, 5
16, 1.0, 1.0, 1.0, 1.0, 0.800, 6
16, 1.0, 1.0, 1.0, 1.0, 0.800, 7
16, 1.0, 1.0, 1.0, 1.0, 0.800, 8
16, 1.0, 1.0, 1.0, 1.0, 0.800, 9
16, 1.0, 1.0, 1.0, 1.0, 0.800, 10
16, 1.0, 1.0, 1.0, 1.0, 0.800, 11
16, 1.0, 1.0, 1.0, 1.0, 0.800, 12
16, 1.0, 1.0, 1.0, 1.0, 0.800, 13
16, 1.0, 1.0, 1.0, 1.0, 0.800, 14
16, 1.0, 1.0, 1.0, 1.0, 0.800, 15
16, 1.0, 1.0, 1.0, 1.0, 0.800, 16
16, 1.0, 1.0, 1.0, 1.0, 0.800, 17
16, 1.0, 1.0, 1.0, 1.0, 0.800, 18
16, 1.0, 1.0, 1.0, 1.0, 0.800, 19
16, 1.0, 1.0, 1.0, 1.0, 0.800, 20
16, 1.0, 1.0, 1.0, 1.0, 0.800, 21
16, 1.0, 1.0, 1.0, 1.0, 0.800, 22
16, 1.0, 1.0, 1.0, 1.0, 0.800, 23
16, 1.0, 1.0, 1.0, 1.0, 0.800, 24
16, 1.0, 1.0, 1.0, 1.0, 0.800, 25
16, 1.0, 1.0, 1.0, 1.0, 0.800, 26
16, 1.0, 1.0, 1.0, 1.0, 0.800, 27
16, 1.0, 1.0, 1.0, 1.0, 0.800, 28
16, 1.0, 1.0, 1.0, 1.0, 0.800, 29
16, 1.0, 1.0, 1.0, 1.0, 0.800, 30
16, 1.0, 1.0, 1.0, 1.0, 0.800, 31
16, 1.0, 1.0, 1.0, 1.0, 0.800, 32
16, 1.0, 1.0, 1.0, 1.0, 0.800, 33
16, 1.0, 1.0, 1.0, 1.0, 0.800, 34
16, 1.0, 1.0, 1.0, 1.0, 0.800, 35
16, 1.0, 1.0, 1.0, 1.0, 0.800, 36
16, 1.0, 1.0, 1.0, 1.0, 0.800, 37
16, 1.0, 1.0, 1.0, 1.0, 0.800, 38
16, 1.0, 1.0, 1.0, 1.0, 0.800, 39
16, 1.0, 1.0, 1.0, 1.0, 0.800, 40
16, 1.0, 1.0, 1.0, 1.0, 0.800, 41
16, 1.0, 1.0, 1.0, 1.0, 0.800, 42
16, 1.0, 1.0, 1.0, 1.0, 0.800, 43
16, 1.0, 1.0, 1.0, 1.0, 0.800, 44
16, 1.0, 1.0, 1.0, 1.0, 0.800, 45
16, 1.0, 1.0, 1.0, 1.0, 0.800, 46
16, 1.0, 1.0, 1.0, 1.0, 0.800, 47
16, 1.0, 1.0, 1.0, 1.0, 0.800, 48
16, 1.0, 1.0, 1.0, 1.0, 0.800, 49
16, 1.0, 1.0, 1.0, 1.0, 0.800, 50
12, 0.6, 1.0, 1.0, 1.0, 0.800, 1
12, 0.6, 1.0, 1.0, 1.0, 0.800, 2
12, 0.6, 1.0, 1.0, 1.0, 0.800, 3
12, 0.6, 1.0, 1.0, 1.0, 0.800, 4
12, 0.6, 1.0, 1.0, 1.0, 0.800, 5
12, 0.6, 1.0, 1.0, 1.0, 0.800, 6
12, 0.6, 1.0, 1.0, 1.0, 0.800, 7
12, 0.6, 1.0, 1.0, 1.0, 0.800, 8
12, 0.6, 1.0, 1.0, 1.0, 0.800, 9
12, 0.6, 1.0, 1.0, 1.0, 0.800, 10
12, 0.6, 1.0, 1.0, 1.0, 0.800, 11
12, 0.6, 1.0, 1.0, 1.0, 0.800, 12
12, 0.6, 1.0, 1.0, 1.0, 0.800, 13
12, 0.6, 1.0, 1.0, 1.0, 0.800, 14
12, 0.6, 1.0, 1.0, 1.0, 0.800, 15
12, 0.6, 1.0, 1.0, 1.0, 0.800, 16
12, 0.6, 1.0, 1.0, 1.0, 0.800, 17
12, 0.6, 1.0, 1.0, 1.0, 0.800, 18
12, 0.6, 1.0, 1.0, 1.0, 0.800, 19
12, 0.6, 1.0, 1.0, 1.0, 0.800, 20
12, 0.6, 1.0, 1.0, 1.0, 0.800, 21
12, 0.6, 1.0, 1.0, 1.0, 0.800, 22
12, 0.6, 1.0, 1.0, 1.0, 0.800, 23
12, 0.6, 1.0, 1.0, 1.0, 0.800, 24
12, 0.6, 1.0, 1.0, 1.0, 0.800, 25
12, 0.6, 1.0, 1.0, 1.0, 0.800, 26
12, 0.6, 1.0, 1.0, 1.0, 0.800, 27
12, 0.6, 1.0, 1.0, 1.0, 0.800, 28
12, 0.6, 1.0, 1.0, 1.0, 0.800, 29
12, 0.6, 1.0, 1.0, 1.0, 0.800, 30
12, 0.6, 1.0, 1.0, 1.0, 0.800, 31
12, 0.6, 1.0, 1.0, 1.0, 0.800, 32
12, 0.6, 1.0, 1.0, 1.0, 0.800, 33
12, 0.6, 1.0, 1.0, 1.0, 0.800, 34
12, 0.6, 1.0, 1.0, 1.0, 0.800, 35
12, 0.6, 1.0, 1.0, 1.0, 0.800, 36
12, 0.6, 1.0, 1.0, 1.0, 0.800, 37
12, 0.6, 1.0, 1.0, 1.0, 0.800, 38
12, 0.6, 1.0, 1.0, 1.0, 0.800, 39
12, 0.6, 1.0, 1.0, 1.0, 0.800, 40
12, 0.6, 1.0, 1.0, 1.0, 0.800, 41
12, 0.6, 1.0, 1.0, 1.0, 0.800, 42
12, 0.6, 1.0, 1.0, 1.0, 0.800, 43
12, 0.6, 1.0, 1.0, 1.0, 0.800, 44
12, 0.6, 1.0, 1.0, 1.0, 0.800, 45
12, 0.6, 1.0, 1.0, 1.0, 0.800, 46
12, 0.6, 1.0, 1.0, 1.0, 0.800, 47
12, 0.6, 1.0, 1.0, 1.0, 0.800, 48
12, 0.6, 1.0, 1.0, 1.0, 0.800, 49
12, 0.6, 1.0, 1.0, 1.0, 0.800, 50
12, 0.7, 1.0, 1.0, 1.0, 0.800, 1
12, 0.7, 1.0, 1.0, 1.0, 0.800, 2
12, 0.7, 1.0, 1.0, 1.0, 0.800, 3
12, 0.7, 1.0, 1.0, 1.0, 0.800, 4
12, 0.7, 1.0, 1.0, 1.0, 0.800, 5
12, 0.7, 1.0, 1.0, 1.0, 0.800, 6
12, 0.7, 1.0, 1.0, 1.0, 0.800, 7
12, 0.7, 1.0, 1.0, 1.0, 0.800, 8
12, 0.7, 1.0, 1.0, 1.0, 0.800, 9
12, 0.7, 1.0, 1.0, 1.0, 0.800, 10
12, 0.7, 1.0, 1.0, 1.0, 0.800, 11
12, 0.7, 1.0, 1.0, 1.0, 0.800, 12
12, 0.7, 1.0, 1.0, 1.0, 0.800, 13
12, 0.7, 1.0, 1.0, 1.0, 0.800, 14
12, 0.7, 1.0, 1.0, 1.0, 0.800, 15
12, 0.7, 1.0, 1.0, 1.0, 0.800, 16
12, 0.7, 1.0, 1.0, 1.0, 0.800, 17
12, 0.7, 1.0, 1.0, 1.0, 0.800, 18
12, 0.7, 1.0, 1.0, 1.0, 0.800, 19
12, 0.7, 1.0, 1.0, 1.0, 0.800, 20
12, 0.7, 1.0, 1.0, 1.0, 0.800, 21
12, 0.7, 1.0, 1.0, 1.0, 0.800, 22
12, 0.7, 1.0, 1.0, 1.0, 0.800, 23
12, 0.7, 1.0, 1.0, 1.0, 0.800, 24
12, 0.7, 1.0, 1.0, 1.0, 0.800, 25
12, 0.7, 1.0, 1.0, 1.0, 0.800, 26
12, 0.7, 1.0, 1.0, 1.0, 0.800, 27
12, 0.7, 1.0, 1.0, 1.0, 0.800, 28
12, 0.7, 1.0, 1.0, 1.0, 0.800, 29
12, 0.7, 1.0, 1.0, 1.0, 0.800, 30
12, 0.7, 1.0, 1.0, 1.0, 0.800, 31
12, 0.7, 1.0, 1.0, 1.0, 0.800, 32
12, 0.7, 1.0, 1.0, 1.0, 0.800, 33
12, 0.7, 1.0, 1.0, 1.0, 0.800, 34
12, 0.7, 1.0, 1.0, 1.0, 0.800, 35
12, 0.7, 1.0, 1.0, 1.0, 0.800, 36
12, 0.7, 1.0, 1.0, 1.0, 0.800, 37
12, 0.7, 1.0, 1.0, 1.0, 0.800, 38
12, 0.7, 1.0, 1.0, 1.0, 0.800, 39
12, 0.7, 1.0, 1.0, 1.0, 0.800, 40
12, 0.7, 1.0, 1.0, 1.0, 0.800, 41
12, 0.7, 1.0, 1.0, 1.0, 0.800, 42
12, 0.7, 1.0, 1.0, 1.0, 0.800, 43
12, 0.7, 1.0, 1.0, 1.0, 0.800, 44
12, 0.7, 1.0, 1.0, 1.0, 0.800, 45
12, 0.7, 1.0, 1.0, 1.0, 0.800, 46
12, 0.7, 1.0, 1.0, 1.0, 0.800, 47
12, 0.7, 1.0, 1.0, 1.0, 0.800, 48
12, 0.7, 1.0, 1.0, 1.0, 0.800, 49
12, 0.7, 1.0, 1.0, 1.0, 0.800, 50
12, 0.8, 1.0, 1.0, 1.0, 0.800, 1
12, 0.8, 1.0, 1.0, 1.0, 0.800, 2
12, 0.8, 1.0, 1.0, 1.0, 0.800, 3
12, 0.8, 1.0, 1.0, 1.0, 0.800, 4
12, 0.8, 1.0, 1.0, 1.0, 0.800, 5
12, 0.8, 1.0, 1.0, 1.0, 0.800, 6
12, 0.8, 1.0, 1.0, 1.0, 0.800, 7
12, 0.8, 1.0, 1.0, 1.0, 0.800, 8
12, 0.8, 1.0, 1.0, 1.0, 0.800, 9
12, 0.8, 1.0, 1.0, 1.0, 0.800, 10
12, 0.8, 1.0, 1.0, 1.0, 0.800, 11
12, 0.8, 1.0, 1.0, 1.0, 0.800, 12
12, 0.8, 1.0, 1.0, 1.0, 0.800, 13
12, 0.8, 1.0, 1.0, 1.0, 0.800, 14
12, 0.8, 1.0, 1.0, 1.0, 0.800, 15
12, 0.8, 1.0, 1.0, 1.0, 0.800, 16
12, 0.8, 1.0, 1.0, 1.0, 0.800, 17
12, 0.8, 1.0, 1.0, 1.0, 0.800, 18
12, 0.8, 1.0, 1.0, 1.0, 0.800, 19
12, 0.8, 1.0, 1.0, 1.0, 0.800, 20
12, 0.8, 1.0, 1.0, 1.0, 0.800, 21
12, 0.8, 1.0, 1.0, 1.0, 0.800, 22
12, 0.8, 1.0, 1.0, 1.0, 0.800, 23
12, 0.8, 1.0, 1.0, 1.0, 0.800, 24
12, 0.8, 1.0, 1.0, 1.0, 0.800, 25
12, 0.8, 1.0, 1.0, 1.0, 0.800, 26
12, 0.8, 1.0, 1.0, 1.0, 0.800, 27
12, 0.8, 1.0, 1.0, 1.0, 0.800, 28
12, 0.8, 1.0, 1.0, 1.0, 0.800, 29
12, 0.8, 1.0, 1.0, 1.0, 0.800, 30
12, 0.8, 1.0, 1.0, 1.0, 0.800, 31
12, 0.8, 1.0, 1.0, 1.0, 0.800, 32
12, 0.8, 1.0, 1.0, 1.0, 0.800, 33
12, 0.8, 1.0, 1.0, 1.0, 0.800, 34
12, 0.8, 1.0, 1.0, 1.0, 0.800, 35
12, 0.8, 1.0, 1.0, 1.0, 0.800, 36
12, 0.8, 1.0, 1.0, 1.0, 0.800, 37
12, 0.8, 1.0, 1.0, 1.0, 0.800, 38
12, 0.8, 1.0, 1.0, 1.0, 0.800, 39
12, 0.8, 1.0, 1.0, 1.0, 0.800, 40
12, 0.8, 1.0, 1.0, 1.0, 0.800, 41
12, 0.8, 1.0, 1.0, 1.0, 0.800, 42
12, 0.8, 1.0, 1.0, 1.0, 0.800, 43
12, 0.8, 1.0, 1.0, 1.0, 0.800, 44
12, 0.8, 1.0, 1.0, 1.0, 0.800, 45
12, 0.8, 1.0, 1.0, 1.0, 0.800, 46
12, 0.8, 1.0, 1.0, 1.0, 0.800, 47
12, 0.8, 1.0, 1.0, 1.0, 0.800, 48
12, 0.8, 1.0, 1.0, 1.0, 0.800, 49
12, 0.8, 1.0, 1.0, 1.0, 0.800, 50
12, 0.9, 1.0, 1.0, 1.0, 0.800, 1
12, 0.9, 1.0, 1.0, 1.0, 0.800, 2
12, 0.9, 1.0, 1.0, 1.0, 0.800, 3
12, 0.9, 1.0, 1.0, 1.0, 0.800, 4
12, 0.9, 1.0, 1.0, 1.0, 0.800, 5
12, 0.9, 1.0, 1.0, 1.0, 0.800, 6
12, 0.9, 1.0, 1.0, 1.0, 0.800, 7
12, 0.9, 1.0, 1.0, 1.0, 0.800, 8
12, 0.9, 1.0, 1.0, 1.0, 0.800, 9
12, 0.9, 1.0, 1.0, 1.0, 0.800, 10
12, 0.9, 1.0, 1.0, 1.0, 0.800, 11
12, 0.9, 1.0, 1.0, 1.0, 0.800, 12
12, 0.9, 1.0, 1.0, 1.0, 0.800, 13
12, 0.9, 1.0, 1.0, 1.0, 0.800, 14
12, 0.9, 1.0, 1.0, 1.0, 0.800, 15
12, 0.9, 1.0, 1.0, 1.0, 0.800, 16
12, 0.9, 1.0, 1.0, 1.0, 0.800, 17
12, 0.9, 1.0, 1.0, 1.0, 0.800, 18
12, 0.9, 1.0, 1.0, 1.0, 0.800, 19
12, 0.9, 1.0, 1.0, 1.0, 0.800, 20
12, 0.9, 1.0, 1.0, 1.0, 0.800, 21
12, 0.9, 1.0, 1.0, 1.0, 0.800, 22
12, 0.9, 1.0, 1.0, 1.0, 0.800, 23
12, 0.9, 1.0, 1.0, 1.0, 0.800, 24
12, 0.9, 1.0, 1.0, 1.0, 0.800, 25
12, 0.9, 1.0, 1.0, 1.0, 0.800, 26
12, 0.9, 1.0, 1.0, 1.0, 0.800, 27
12, 0.9, 1.0, 1.0, 1.0, 0.800, 28
12, 0.9, 1.0, 1.0, 1.0, 0.800, 29
12, 0.9, 1.0, 1.0, 1.0, 0.800, 30
12, 0.9, 1.0, 1.0, 1.0, 0.800, 31
12, 0.9, 1.0, 1.0, 1.0, 0.800, 32
12, 0.9, 1.0, 1.0, 1.0, 0.800, 33
12, 0.9, 1.0, 1.0, 1.0, 0.800, 34
12, 0.9, 1.0, 1.0, 1.0, 0.800, 35
12, 0.9, 1.0, 1.0, 1.0, 0.800, 36
12, 0.9, 1.0, 1.0, 1.0, 0.800, 37
12, 0.9, 1.0, 1.0, 1.0, 0.800, 38
12, 0.9, 1.0, 1.0, 1.0, 0.800, 39
12, 0.9, 1.0, 1.0, 1.0, 0.800, 40
12, 0.9, 1.0, 1.0, 1.0, 0.800, 41
12, 0.9, 1.0, 1.0, 1.0, 0.800, 42
12, 0.9, 1.0, 1.0, 1.0, 0.800, 43
12, 0.9, 1.0, 1.0, 1.0, 0.800, 44
12, 0.9, 1.0, 1.0, 1.0, 0.800, 45
12, 0.9, 1.0, 1.0, 1.0, 0.800, 46
12, 0.9, 1.0, 1.0, 1.0, 0.800, 47
12, 0.9, 1.0, 1.0, 1.0, 0.800, 48
12, 0.9, 1.0, 1.0, 1.0, 0.800, 49
12, 0.9, 1.0, 1.0, 1.0, 0.800, 50
12, 1.1, 1.0, 1.0, 1.0, 0.800, 1
12, 1.1, 1.0, 1.0, 1.0, 0.800, 2
12, 1.1, 1.0, 1.0, 1.0, 0.800, 3
12, 1.1, 1.0, 1.0, 1.0, 0.800, 4
12, 1.1, 1.0, 1.0, 1.0, 0.800, 5
12, 1.1, 1.0, 1.0, 1.0, 0.800, 6
12, 1.1, 1.0, 1.0, 1.0, 0.800, 7
12, 1.1, 1.0, 1.0, 1.0, 0.800, 8
12, 1.1, 1.0, 1.0, 1.0, 0.800, 9
12, 1.1, 1.0, 1.0, 1.0, 0.800, 10
12, 1.1, 1.0, 1.0, 1.0, 0.800, 11
12, 1.1, 1.0, 1.0, 1.0, 0.800, 12
12, 1.1, 1.0, 1.0, 1.0, 0.800, 13
12, 1.1, 1.0, 1.0, 1.0, 0.800, 14
12, 1.1, 1.0, 1.0, 1.0, 0.800, 15
12, 1.1, 1.0, 1.0, 1.0, 0.800, 16
12, 1.1, 1.0, 1.0, 1.0, 0.800, 17
12, 1.1, 1.0, 1.0, 1.0, 0.800, 18
12, 1.1, 1.0, 1.0, 1.0, 0.800, 19
12, 1.1, 1.0, 1.0, 1.0, 0.800, 20
12, 1.1, 1.0, 1.0, 1.0, 0.800, 21
12, 1.1, 1.0, 1.0, 1.0, 0.800, 22
12, 1.1, 1.0, 1.0, 1.0, 0.800, 23
12, 1.1, 1.0, 1.0, 1.0, 0.800, 24
12, 1.1, 1.0, 1.0, 1.0, 0.800, 25
12, 1.1, 1.0, 1.0, 1.0, 0.800, 26
12, 1.1, 1.0, 1.0, 1.0, 0.800, 27
12, 1.1, 1.0, 1.0, 1.0, 0.800, 28
12, 1.1, 1.0, 1.0, 1.0, 0.800, 29
12, 1.1, 1.0, 1.0, 1.0, 0.800, 30
12, 1.1, 1.0, 1.0, 1.0, 0.800, 31
12, 1.1, 1.0, 1.0, 1.0, 0.800, 32
12, 1.1, 1.0, 1.0, 1.0, 0.800, 33
12, 1.1, 1.0, 1.0, 1.0, 0.800, 34
12, 1.1, 1.0, 1.0, 1.0, 0.800, 35
12, 1.1, 1.0, 1.0, 1.0, 0.800, 36
12, 1.1, 1.0, 1.0, 1.0, 0.800, 37
12, 1.1, 1.0, 1.0, 1.0, 0.800, 38
12, 1.1, 1.0, 1.0, 1.0, 0.800, 39
12, 1.1, 1.0, 1.0, 1.0, 0.800, 40
12, 1.1, 1.0, 1.0, 1.0, 0.800, 41
12, 1.1, 1.0, 1.0, 1.0, 0.800, 42
12, 1.1, 1.0, 1.0, 1.0, 0.800, 43
12, 1.1, 1.0, 1.0, 1.0, 0.800, 44
12, 1.1, 1.0, 1.0, 1.0, 0.800, 45
12, 1.1, 1.0, 1.0, 1.0, 0.800, 46
12, 1.1, 1.0, 1.0, 1.0, 0.800, 47
12, 1.1, 1.0, 1.0, 1.0, 0.800, 48
12, 1.1, 1.0, 1.0, 1.0, 0.800, 49
12, 1.1, 1.0, 1.0, 1.0, 0.800, 50
12, 1.2, 1.0, 1.0, 1.0, 0.800, 1
12, 1.2, 1.0, 1.0, 1.0, 0.800, 2
12, 1.2, 1.0, 1.0, 1.0, 0.800, 3
12, 1.2, 1.0, 1.0, 1.0, 0.800, 4
12, 1.2, 1.0, 1.0, 1.0, 0.800, 5
12, 1.2, 1.0, 1.0, 1.0, 0.800, 6
12, 1.2, 1.0, 1.0, 1.0, 0.800, 7
12, 1.2, 1.0, 1.0, 1.0, 0.800, 8
12, 1.2, 1.0, 1.0, 1.0, 0.800, 9
12, 1.2, 1.0, 1.0, 1.0, 0.800, 10
12, 1.2, 1.0, 1.0, 1.0, 0.800, 11
12, 1.2, 1.0, 1.0, 1.0, 0.800, 12
12, 1.2, 1.0, 1.0, 1.0, 0.800, 13
12, 1.2, 1.0, 1.0, 1.0, 0.800, 14
12, 1.2, 1.0, 1.0, 1.0, 0.800, 15
12, 1.2, 1.0, 1.0, 1.0, 0.800, 16
12, 1.2, 1.0, 1.0, 1.0, 0.800, 17
12, 1.2, 1.0, 1.0, 1.0, 0.800, 18
12, 1.2, 1.0, 1.0, 1.0, 0.800, 19
12, 1.2, 1.0, 1.0, 1.0, 0.800, 20
12, 1.2, 1.0, 1.0, 1.0, 0.800, 21
12, 1.2, 1.0, 1.0, 1.0, 0.800, 22
12, 1.2, 1.0, 1.0, 1.0, 0.800, 23
12, 1.2, 1.0, 1.0, 1.0, 0.800, 24
12, 1.2, 1.0, 1.0, 1.0, 0.800, 25
12, 1.2, 1.0, 1.0, 1.0, 0.800, 26
12, 1.2, 1.0, 1.0, 1.0, 0.800, 27
12, 1.2, 1.0, 1.0, 1.0, 0.800, 28
12, 1.2, 1.0, 1.0, 1.0, 0.800, 29
12, 1.2, 1.0, 1.0, 1.0, 0.800, 30
12, 1.2, 1.0, 1.0, 1.0, 0.800, 31
12, 1.2, 1.0, 1.0, 1.0, 0.800, 32
12, 1.2, 1.0, 1.0, 1.0, 0.800, 33
12, 1.2, 1.0, 1.0, 1.0, 0.800, 34
12, 1.2, 1.0, 1.0, 1.0, 0.800, 35
12, 1.2, 1.0, 1.0, 1.0, 0.800, 36
12, 1.2, 1.0, 1.0, 1.0, 0.800, 37
12, 1.2, 1.0, 1.0, 1.0, 0.800, 38
12, 1.2, 1.0, 1.0, 1.0, 0.800, 39
12, 1.2, 1.0, 1.0, 1.0, 0.800, 40
12, 1.2, 1.0, 1.0, 1.0, 0.800, 41
12, 1.2, 1.0, 1.0, 1.0, 0.800, 42
12, 1.2, 1.0, 1.0, 1.0, 0.800, 43
12, 1.2, 1.0, 1.0, 1.0, 0.800, 44
12, 1.2, 1.0, 1.0, 1.0, 0.800, 45
12, 1.2, 1.0, 1.0, 1.0, 0.800, 46
12, 1.2, 1.0, 1.0, 1.0, 0.800, 47
12, 1.2, 1.0, 1.0, 1.0, 0.800, 48
12, 1.2, 1.0, 1.0, 1.0, 0.800, 49
12, 1.2, 1.0, 1.0, 1.0, 0.800, 50
12, 1.3, 1.0, 1.0, 1.0, 0.800, 1
12, 1.3, 1.0, 1.0, 1.0, 0.800, 2
12, 1.3, 1.0, 1.0, 1.0, 0.800, 3
12, 1.3, 1.0, 1.0, 1.0, 0.800, 4
12, 1.3, 1.0, 1.0, 1.0, 0.800, 5
12, 1.3, 1.0, 1.0, 1.0, 0.800, 6
12, 1.3, 1.0, 1.0, 1.0, 0.800, 7
12, 1.3, 1.0, 1.0, 1.0, 0.800, 8
12, 1.3, 1.0, 1.0, 1.0, 0.800, 9
12, 1.3, 1.0, 1.0, 1.0, 0.800, 10
12, 1.3, 1.0, 1.0, 1.0, 0.800, 11
12, 1.3, 1.0, 1.0, 1.0, 0.800, 12
12, 1.3, 1.0, 1.0, 1.0, 0.800, 13
12, 1.3, 1.0, 1.0, 1.0, 0.800, 14
12, 1.3, 1.0, 1.0, 1.0, 0.800, 15
12, 1.3, 1.0, 1.0, 1.0, 0.800, 16
12, 1.3, 1.0, 1.0, 1.0, 0.800, 17
12, 1.3, 1.0, 1.0, 1.0, 0.800, 18
12, 1.3, 1.0, 1.0, 1.0, 0.800, 19
12, 1.3, 1.0, 1.0, 1.0, 0.800, 20
12, 1.3, 1.0, 1.0, 1.0, 0.800, 21
12, 1.3, 1.0, 1.0, 1.0, 0.800, 22
12, 1.3, 1.0, 1.0, 1.0, 0.800, 23
12, 1.3, 1.0, 1.0, 1.0, 0.800, 24
12, 1.3, 1.0, 1.0, 1.0, 0.800, 25
12, 1.3, 1.0, 1.0, 1.0, 0.800, 26
12, 1.3, 1.0, 1.0, 1.0, 0.800, 27
12, 1.3, 1.0, 1.0, 1.0, 0.800, 28
12, 1.3, 1.0, 1.0, 1.0, 0.800, 29
12, 1.3, 1.0, 1.0, 1.0, 0.800, 30
12, 1.3, 1.0, 1.0, 1.0, 0.800, 31
12, 1.3, 1.0, 1.0, 1.0, 0.800, 32
12, 1.3, 1.0, 1.0, 1.0, 0.800, 33
12, 1.3, 1.0, 1.0, 1.0, 0.800, 34
12, 1.3, 1.0, 1.0, 1.0, 0.800, 35
12, 1.3, 1.0, 1.0, 1.0, 0.800, 36
12, 1.3, 1.0, 1.0, 1.0, 0.800, 37
12, 1.3, 1.0, 1.0, 1.0, 0.800, 38
12, 1.3, 1.0, 1.0, 1.0, 0.800, 39
12, 1.3, 1.0, 1.0, 1.0, 0.800, 40
12, 1.3, 1.0, 1.0, 1.0, 0.800, 41
12, 1.3, 1.0, 1.0, 1.0, 0.800, 42
12, 1.3, 1.0, 1.0, 1.0, 0.800, 43
12, 1.3, 1.0, 1.0, 1.0, 0.800, 44
12, 1.3, 1.0, 1.0, 1.0, 0.800, 45
12, 1.3, 1.0, 1.0, 1.0, 0.800, 46
12, 1.3, 1.0, 1.0, 1.0, 0.800, 47
12, 1.3, 1.0, 1.0, 1.0, 0.800, 48
12, 1.3, 1.0, 1.0, 1.0, 0.800, 49
12, 1.3, 1.0, 1.0, 1.0, 0.800, 50
12, 1.4, 1.0, 1.0, 1.0, 0.800, 1
12, 1.4, 1.0, 1.0, 1.0, 0.800, 2
12, 1.4, 1.0, 1.0, 1.0, 0.800, 3
12, 1.4, 1.0, 1.0, 1.0, 0.800, 4
12, 1.4, 1.0, 1.0, 1.0, 0.800, 5
12, 1.4, 1.0, 1.0, 1.0, 0.800, 6
12, 1.4, 1.0, 1.0, 1.0, 0.800, 7
12, 1.4, 1.0, 1.0, 1.0, 0.800, 8
12, 1.4, 1.0, 1.0, 1.0, 0.800, 9
12, 1.4, 1.0, 1.0, 1.0, 0.800, 10
12, 1.4, 1.0, 1.0, 1.0, 0.800, 11
12, 1.4, 1.0, 1.0, 1.0, 0.800, 12
12, 1.4, 1.0, 1.0, 1.0, 0.800, 13
12, 1.4, 1.0, 1.0, 1.0, 0.800, 14
12, 1.4, 1.0, 1.0, 1.0, 0.800, 15
12, 1.4, 1.0, 1.0, 1.0, 0.800, 16
12, 1.4, 1.0, 1.0, 1.0, 0.800, 17
12, 1.4, 1.0, 1.0, 1.0, 0.800, 18
12, 1.4, 1.0, 1.0, 1.0, 0.800, 19
12, 1.4, 1.0, 1.0, 1.0, 0.800, 20
12, 1.4, 1.0, 1.0, 1.0, 0.800, 21
12, 1.4, 1.0, 1.0, 1.0, 0.800, 22
12, 1.4, 1.0, 1.0, 1.0, 0.800, 23
12, 1.4, 1.0, 1.0, 1.0, 0.800, 24
12, 1.4, 1.0, 1.0, 1.0, 0.800, 25
12, 1.4, 1.0, 1.0, 1.0, 0.800, 26
12, 1.4, 1.0, 1.0, 1.0, 0.800, 27
12, 1.4, 1.0, 1.0, 1.0, 0.800, 28
12, 1.4, 1.0, 1.0, 1.0, 0.800, 29
12, 1.4, 1.0, 1.0, 1.0, 0.800, 30
12, 1.4, 1.0, 1.0, 1.0, 0.800, 31
12, 1.4, 1.0, 1.0, 1.0, 0.800, 32
12, 1.4, 1.0, 1.0, 1.0, 0.800, 33
12, 1.4, 1.0, 1.0, 1.0, 0.800, 34
12, 1.4, 1.0, 1.0, 1.0, 0.800, 35
12, 1.4, 1.0, 1.0, 1.0, 0.800, 36
12, 1.4, 1.0, 1.0, 1.0, 0.800, 37
12, 1.4, 1.0, 1.0, 1.0, 0.800, 38
12, 1.4, 1.0, 1.0, 1.0, 0.800, 39
12, 1.4, 1.0, 1.0, 1.0, 0.800, 40
12, 1.4, 1.0, 1.0, 1.0, 0.800, 41
12, 1.4, 1.0, 1.0, 1.0, 0.800, 42
12, 1.4, 1.0, 1.0, 1.0, 0.800, 43
12, 1.4, 1.0, 1.0, 1.0, 0.800, 44
12, 1.4, 1.0, 1.0, 1.0, 0.800, 45
12, 1.4, 1.0, 1.0, 1.0, 0.800, 46
12, 1.4, 1.0, 1.0, 1.0, 0.800, 47
12, 1.4, 1.0, 1.0, 1.0, 0.800, 48
12, 1.4, 1.0, 1.0, 1.0, 0.800, 49
12, 1.4, 1.0, 1.0, 1.0, 0.800, 50
12, 1.5, 1.0, 1.0, 1.0, 0.800, 1
12, 1.5, 1.0, 1.0, 1.0, 0.800, 2
12, 1.5, 1.0, 1.0, 1.0, 0.800, 3
12, 1.5, 1.0, 1.0, 1.0, 0.800, 4
12, 1.5, 1.0, 1.0, 1.0, 0.800, 5
12, 1.5, 1.0, 1.0, 1.0, 0.800, 6
12, 1.5, 1.0, 1.0, 1.0, 0.800, 7
12, 1.5, 1.0, 1.0, 1.0, 0.800, 8
12, 1.5, 1.0, 1.0, 1.0, 0.800, 9
12, 1.5, 1.0, 1.0, 1.0, 0.800, 10
12, 1.5, 1.0, 1.0, 1.0, 0.800, 11
12, 1.5, 1.0, 1.0, 1.0, 0.800, 12
12, 1.5, 1.0, 1.0, 1.0, 0.800, 13
12, 1.5, 1.0, 1.0, 1.0, 0.800, 14
12, 1.5, 1.0, 1.0, 1.0, 0.800, 15
12, 1.5, 1.0, 1.0, 1.0, 0.800, 16
12, 1.5, 1.0, 1.0, 1.0, 0.800, 17
12, 1.5, 1.0, 1.0, 1.0, 0.800, 18
12, 1.5, 1.0, 1.0, 1.0, 0.800, 19
12, 1.5, 1.0, 1.0, 1.0, 0.800, 20
12, 1.5, 1.0, 1.0, 1.0, 0.800, 21
12, 1.5, 1.0, 1.0, 1.0, 0.800, 22
12, 1.5, 1.0, 1.0, 1.0, 0.800, 23
12, 1.5, 1.0, 1.0, 1.0, 0.800, 24
12, 1.5, 1.0, 1.0, 1.0, 0.800, 25
12, 1.5, 1.0, 1.0, 1.0, 0.800, 26
12, 1.5, 1.0, 1.0, 1.0, 0.800, 27
12, 1.5, 1.0, 1.0, 1.0, 0.800, 28
12, 1.5, 1.0, 1.0, 1.0, 0.800, 29
12, 1.5, 1.0, 1.0, 1.0, 0.800, 30
12, 1.5, 1.0, 1.0, 1.0, 0.800, 31
12, 1.5, 1.0, 1.0, 1.0, 0.800, 32
12, 1.5, 1.0, 1.0, 1.0, 0.800, 33
12, 1.5, 1.0, 1.0, 1.0, 0.800, 34
12, 1.5, 1.0, 1.0, 1.0, 0.800, 35
12, 1.5, 1.0, 1.0, 1.0, 0.800, 36
12, 1.5, 1.0, 1.0, 1.0, 0.800, 37
12, 1.5, 1.0, 1.0, 1.0, 0.800, 38
12, 1.5, 1.0, 1.0, 1.0, 0.800, 39
12, 1.5, 1.0, 1.0, 1.0, 0.800, 40
12, 1.5, 1.0, 1.0, 1.0, 0.800, 41
12, 1.5, 1.0, 1.0, 1.0, 0.800, 42
12, 1.5, 1.0, 1.0, 1.0, 0.800, 43
12, 1.5, 1.0, 1.0, 1.0, 0.800, 44
12, 1.5, 1.0, 1.0, 1.0, 0.800, 45
12, 1.5, 1.0, 1.0, 1.0, 0.800, 46
12, 1.5, 1.0, 1.0, 1.0, 0.800, 47
12, 1.5, 1.0, 1.0, 1.0, 0.800, 48
12, 1.5, 1.0, 1.0, 1.0, 0.800, 49
12, 1.5, 1.0, 1.0, 1.0, 0.800, 50
12, 1.6, 1.0, 1.0, 1.0, 0.800, 1
12, 1.6, 1.0, 1.0, 1.0, 0.800, 2
12, 1.6, 1.0, 1.0, 1.0, 0.800, 3
12, 1.6, 1.0, 1.0, 1.0, 0.800, 4
12, 1.6, 1.0, 1.0, 1.0, 0.800, 5
12, 1.6, 1.0, 1.0, 1.0, 0.800, 6
12, 1.6, 1.0, 1.0, 1.0, 0.800, 7
12, 1.6, 1.0, 1.0, 1.0, 0.800, 8
12, 1.6, 1.0, 1.0, 1.0, 0.800, 9
12, 1.6, 1.0, 1.0, 1.0, 0.800, 10
12, 1.6, 1.0, 1.0, 1.0, 0.800, 11
12, 1.6, 1.0, 1.0, 1.0, 0.800, 12
12, 1.6, 1.0, 1.0, 1.0, 0.800, 13
12, 1.6, 1.0, 1.0, 1.0, 0.800, 14
12, 1.6, 1.0, 1.0, 1.0, 0.800, 15
12, 1.6, 1.0, 1.0, 1.0, 0.800, 16
12, 1.6, 1.0, 1.0, 1.0, 0.800, 17
12, 1.6, 1.0, 1.0, 1.0, 0.800, 18
12, 1.6, 1.0, 1.0, 1.0, 0.800, 19
12, 1.6, 1.0, 1.0, 1.0, 0.800, 20
12, 1.6, 1.0, 1.0, 1.0, 0.800, 21
12, 1.6, 1.0, 1.0, 1.0, 0.800, 22
12, 1.6, 1.0, 1.0, 1.0, 0.800, 23
12, 1.6, 1.0, 1.0, 1.0, 0.800, 24
12, 1.6, 1.0, 1.0, 1.0, 0.800, 25
12, 1.6, 1.0, 1.0, 1.0, 0.800, 26
12, 1.6, 1.0, 1.0, 1.0, 0.800, 27
12, 1.6, 1.0, 1.0, 1.0, 0.800, 28
12, 1.6, 1.0, 1.0, 1.0, 0.800, 29
12, 1.6, 1.0, 1.0, 1.0, 0.800, 30
12, 1.6, 1.0, 1.0, 1.0, 0.800, 31
12, 1.6, 1.0, 1.0, 1.0, 0.800, 32
12, 1.6, 1.0, 1.0, 1.0, 0.800, 33
12, 1.6, 1.0, 1.0, 1.0, 0.800, 34
12, 1.6, 1.0, 1.0, 1.0, 0.800, 35
12, 1.6, 1.0, 1.0, 1.0, 0.800, 36
12, 1.6, 1.0, 1.0, 1.0, 0.800, 37
12, 1.6, 1.0, 1.0, 1.0, 0.800, 38
12, 1.6, 1.0, 1.0, 1.0, 0.800, 39
12, 1.6, 1.0, 1.0, 1.0, 0.800, 40
12, 1.6, 1.0, 1.0, 1.0, 0.800, 41
12, 1.6, 1.0, 1.0, 1.0, 0.800, 42
12, 1.6, 1.0, 1.0, 1.0, 0.800, 43
12, 1.6, 1.0, 1.0, 1.0, 0.800, 44
12, 1.6, 1.0, 1.0, 1.0, 0.800, 45
12, 1.6, 1.0, 1.0, 1.0, 0.800, 46
12, 1.6, 1.0, 1.0, 1.0, 0.800, 47
12, 1.6, 1.0, 1.0, 1.0, 0.800, 48
12, 1.6, 1.0, 1.0, 1.0, 0.800, 49
12, 1.6, 1.0, 1.0, 1.0, 0.800, 50
12, 1.7, 1.0, 1.0, 1.0, 0.800, 1
12, 1.7, 1.0, 1.0, 1.0, 0.800, 2
12, 1.7, 1.0, 1.0, 1.0, 0.800, 3
12, 1.7, 1.0, 1.0, 1.0, 0.800, 4
12, 1.7, 1.0, 1.0, 1.0, 0.800, 5
12, 1.7, 1.0, 1.0, 1.0, 0.800, 6
12, 1.7, 1.0, 1.0, 1.0, 0.800, 7
12, 1.7, 1.0, 1.0, 1.0, 0.800, 8
12, 1.7, 1.0, 1.0, 1.0, 0.800, 9
12, 1.7, 1.0, 1.0, 1.0, 0.800, 10
12, 1.7, 1.0, 1.0, 1.0, 0.800, 11
12, 1.7, 1.0, 1.0, 1.0, 0.800, 12
12, 1.7, 1.0, 1.0, 1.0, 0.800, 13
12, 1.7, 1.0, 1.0, 1.0, 0.800, 14
12, 1.7, 1.0, 1.0, 1.0, 0.800, 15
12, 1.7, 1.0, 1.0, 1.0, 0.800, 16
12, 1.7, 1.0, 1.0, 1.0, 0.800, 17
12, 1.7, 1.0, 1.0, 1.0, 0.800, 18
12, 1.7, 1.0, 1.0, 1.0, 0.800, 19
12, 1.7, 1.0, 1.0, 1.0, 0.800, 20
12, 1.7, 1.0, 1.0, 1.0, 0.800, 21
12, 1.7, 1.0, 1.0, 1.0, 0.800, 22
12, 1.7, 1.0, 1.0, 1.0, 0.800, 23
12, 1.7, 1.0, 1.0, 1.0, 0.800, 24
12, 1.7, 1.0, 1.0, 1.0, 0.800, 25
12, 1.7, 1.0, 1.0, 1.0, 0.800, 26
12, 1.7, 1.0, 1.0, 1.0, 0.800, 27
12, 1.7, 1.0, 1.0, 1.0, 0.800, 28
12, 1.7, 1.0, 1.0, 1.0, 0.800, 29
12, 1.7, 1.0, 1.0, 1.0, 0.800, 30
12, 1.7, 1.0, 1.0, 1.0, 0.800, 31
12, 1.7, 1.0, 1.0, 1.0, 0.800, 32
12, 1.7, 1.0, 1.0, 1.0, 0.800, 33
12, 1.7, 1.0, 1.0, 1.0, 0.800, 34
12, 1.7, 1.0, 1.0, 1.0, 0.800, 35
12, 1.7, 1.0, 1.0, 1.0, 0.800, 36
12, 1.7, 1.0, 1.0, 1.0, 0.800, 37
12, 1.7, 1.0, 1.0, 1.0, 0.800, 38
12, 1.7, 1.0, 1.0, 1.0, 0.800, 39
12, 1.7, 1.0, 1.0, 1.0, 0.800, 40
12, 1.7, 1.0, 1.0, 1.0, 0.800, 41
12, 1.7, 1.0, 1.0, 1.0, 0.800, 42
12, 1.7, 1.0, 1.0, 1.0, 0.800, 43
12, 1.7, 1.0, 1.0, 1.0, 0.800, 44
12, 1.7, 1.0, 1.0, 1.0, 0.800, 45
12, 1.7, 1.0, 1.0, 1.0, 0.800, 46
12, 1.7, 1.0, 1.0, 1.0, 0.800, 47
12, 1.7, 1.0, 1.0, 1.0, 0.800, 48
12, 1.7, 1.0, 1.0, 1.0, 0.800, 49
12, 1.7, 1.0, 1.0, 1.0, 0.800, 50
12, 1.8, 1.0, 1.0, 1.0, 0.800, 1
12, 1.8, 1.0, 1.0, 1.0, 0.800, 2
12, 1.8, 1.0, 1.0, 1.0, 0.800, 3
12, 1.8, 1.0, 1.0, 1.0, 0.800, 4
12, 1.8, 1.0, 1.0, 1.0, 0.800, 5
12, 1.8, 1.0, 1.0, 1.0, 0.800, 6
12, 1.8, 1.0, 1.0, 1.0, 0.800, 7
12, 1.8, 1.0, 1.0, 1.0, 0.800, 8
12, 1.8, 1.0, 1.0, 1.0, 0.800, 9
12, 1.8, 1.0, 1.0, 1.0, 0.800, 10
12, 1.8, 1.0, 1.0, 1.0, 0.800, 11
12, 1.8, 1.0, 1.0, 1.0, 0.800, 12
12, 1.8, 1.0, 1.0, 1.0, 0.800, 13
12, 1.8, 1.0, 1.0, 1.0, 0.800, 14
12, 1.8, 1.0, 1.0, 1.0, 0.800, 15
12, 1.8, 1.0, 1.0, 1.0, 0.800, 16
12, 1.8, 1.0, 1.0, 1.0, 0.800, 17
12, 1.8, 1.0, 1.0, 1.0, 0.800, 18
12, 1.8, 1.0, 1.0, 1.0, 0.800, 19
12, 1.8, 1.0, 1.0, 1.0, 0.800, 20
12, 1.8, 1.0, 1.0, 1.0, 0.800, 21
12, 1.8, 1.0, 1.0, 1.0, 0.800, 22
12, 1.8, 1.0, 1.0, 1.0, 0.800, 23
12, 1.8, 1.0, 1.0, 1.0, 0.800, 24
12, 1.8, 1.0, 1.0, 1.0, 0.800, 25
12, 1.8, 1.0, 1.0, 1.0, 0.800, 26
12, 1.8, 1.0, 1.0, 1.0, 0.800, 27
12, 1.8, 1.0, 1.0, 1.0, 0.800, 28
12, 1.8, 1.0, 1.0, 1.0, 0.800, 29
12, 1.8, 1.0, 1.0, 1.0, 0.800, 30
12, 1.8, 1.0, 1.0, 1.0, 0.800, 31
12, 1.8, 1.0, 1.0, 1.0, 0.800, 32
12, 1.8, 1.0, 1.0, 1.0, 0.800, 33
12, 1.8, 1.0, 1.0, 1.0, 0.800, 34
12, 1.8, 1.0, 1.0, 1.0, 0.800, 35
12, 1.8, 1.0, 1.0, 1.0, 0.800, 36
12, 1.8, 1.0, 1.0, 1.0, 0.800, 37
12, 1.8, 1.0, 1.0, 1.0, 0.800, 38
12, 1.8, 1.0, 1.0, 1.0, 0.800, 39
12, 1.8, 1.0, 1.0, 1.0, 0.800, 40
12, 1.8, 1.0, 1.0, 1.0, 0.800, 41
12, 1.8, 1.0, 1.0, 1.0, 0.800, 42
12, 1.8, 1.0, 1.0, 1.0, 0.800, 43
12, 1.8, 1.0, 1.0, 1.0, 0.800, 44
12, 1.8, 1.0, 1.0, 1.0, 0.800, 45
12, 1.8, 1.0, 1.0, 1.0, 0.800, 46
12, 1.8, 1.0, 1.0, 1.0, 0.800, 47
12, 1.8, 1.0, 1.0, 1.0, 0.800, 48
12, 1.8, 1.0, 1.0, 1.0, 0.800, 49
12, 1.8, 1.0, 1.0, 1.0, 0.800, 50
12, 1.0, 0.4, 1.0, 1.0, 0.800, 1
12, 1.0, 0.4, 1.0, 1.0, 0.800, 2
12, 1.0, 0.4, 1.0, 1.0, 0.800, 3
12, 1.0, 0.4, 1.0, 1.0, 0.800, 4
12, 1.0, 0.4, 1.0, 1.0, 0.800, 5
12, 1.0, 0.4, 1.0, 1.0, 0.800, 6
12, 1.0, 0.4, 1.0, 1.0, 0.800, 7
12, 1.0, 0.4, 1.0, 1.0, 0.800, 8
12, 1.0, 0.4, 1.0, 1.0, 0.800, 9
12, 1.0, 0.4, 1.0, 1.0, 0.800, 10
12, 1.0, 0.4, 1.0, 1.0, 0.800, 11
12, 1.0, 0.4, 1.0, 1.0, 0.800, 12
12, 1.0, 0.4, 1.0, 1.0, 0.800, 13
12, 1.0, 0.4, 1.0, 1.0, 0.800, 14
12, 1.0, 0.4, 1.0, 1.0, 0.800, 15
12, 1.0, 0.4, 1.0, 1.0, 0.800, 16
12, 1.0, 0.4, 1.0, 1.0, 0.800, 17
12, 1.0, 0.4, 1.0, 1.0, 0.800, 18
12, 1.0, 0.4, 1.0, 1.0, 0.800, 19
12, 1.0, 0.4, 1.0, 1.0, 0.800, 20
12, 1.0, 0.4, 1.0, 1.0, 0.800, 21
12, 1.0, 0.4, 1.0, 1.0, 0.800, 22
12, 1.0, 0.4, 1.0, 1.0, 0.800, 23
12, 1.0, 0.4, 1.0, 1.0, 0.800, 24
12, 1.0, 0.4, 1.0, 1.0, 0.800, 25
12, 1.0, 0.4, 1.0, 1.0, 0.800, 26
12, 1.0, 0.4, 1.0, 1.0, 0.800, 27
12, 1.0, 0.4, 1.0, 1.0, 0.800, 28
12, 1.0, 0.4, 1.0, 1.0, 0.800, 29
12, 1.0, 0.4, 1.0, 1.0, 0.800, 30
12, 1.0, 0.4, 1.0, 1.0, 0.800, 31
12, 1.0, 0.4, 1.0, 1.0, 0.800, 32
12, 1.0, 0.4, 1.0, 1.0, 0.800, 33
12, 1.0, 0.4, 1.0, 1.0, 0.800, 34
12, 1.0, 0.4, 1.0, 1.0, 0.800, 35
12, 1.0, 0.4, 1.0, 1.0, 0.800, 36
12, 1.0, 0.4, 1.0, 1.0, 0.800, 37
12, 1.0, 0.4, 1.0, 1.0, 0.800, 38
12, 1.0, 0.4, 1.0, 1.0, 0.800, 39
12, 1.0, 0.4, 1.0, 1.0, 0.800, 40
12, 1.0, 0.4, 1.0, 1.0, 0.800, 41
12, 1.0, 0.4, 1.0, 1.0, 0.800, 42
12, 1.0, 0.4, 1.0, 1.0, 0.800, 43
12, 1.0, 0.4, 1.0, 1.0, 0.800, 44
12, 1.0, 0.4, 1.0, 1.0, 0.800, 45
12, 1.0, 0.4, 1.0, 1.0, 0.800, 46
12, 1.0, 0.4, 1.0, 1.0, 0.800, 47
12, 1.0, 0.4, 1.0, 1.0, 0.800, 48
12, 1.0, 0.4, 1.0, 1.0, 0.800, 49
12, 1.0, 0.4, 1.0, 1.0, 0.800, 50
12, 1.0, 0.5, 1.0, 1.0, 0.800, 1
12, 1.0, 0.5, 1.0, 1.0, 0.800, 2
12, 1.0, 0.5, 1.0, 1.0, 0.800, 3
12, 1.0, 0.5, 1.0, 1.0, 0.800, 4
12, 1.0, 0.5, 1.0, 1.0, 0.800, 5
12, 1.0, 0.5, 1.0, 1.0, 0.800, 6
12, 1.0, 0.5, 1.0, 1.0, 0.800, 7
12, 1.0, 0.5, 1.0, 1.0, 0.800, 8
12, 1.0, 0.5, 1.0, 1.0, 0.800, 9
12, 1.0, 0.5, 1.0, 1.0, 0.800, 10
12, 1.0, 0.5, 1.0, 1.0, 0.800, 11
12, 1.0, 0.5, 1.0, 1.0, 0.800, 12
12, 1.0, 0.5, 1.0, 1.0, 0.800, 13
12, 1.0, 0.5, 1.0, 1.0, 0.800, 14
12, 1.0, 0.5, 1.0, 1.0, 0.800, 15
12, 1.0, 0.5, 1.0, 1.0, 0.800, 16
12, 1.0, 0.5, 1.0, 1.0, 0.800, 17
12, 1.0, 0.5, 1.0, 1.0, 0.800, 18
12, 1.0, 0.5, 1.0, 1.0, 0.800, 19
12, 1.0, 0.5, 1.0, 1.0, 0.800, 20
12, 1.0, 0.5, 1.0, 1.0, 0.800, 21
12, 1.0, 0.5, 1.0, 1.0, 0.800, 22
12, 1.0, 0.5, 1.0, 1.0, 0.800, 23
12, 1.0, 0.5, 1.0, 1.0, 0.800, 24
12, 1.0, 0.5, 1.0, 1.0, 0.800, 25
12, 1.0, 0.5, 1.0, 1.0, 0.800, 26
12, 1.0, 0.5, 1.0, 1.0, 0.800, 27
12, 1.0, 0.5, 1.0, 1.0, 0.800, 28
12, 1.0, 0.5, 1.0, 1.0, 0.800, 29
12, 1.0, 0.5, 1.0, 1.0, 0.800, 30
12, 1.0, 0.5, 1.0, 1.0, 0.800, 31
12, 1.0, 0.5, 1.0, 1.0, 0.800, 32
12, 1.0, 0.5, 1.0, 1.0, 0.800, 33
12, 1.0, 0.5, 1.0, 1.0, 0.800, 34
12, 1.0, 0.5, 1.0, 1.0, 0.800, 35
12, 1.0, 0.5, 1.0, 1.0, 0.800, 36
12, 1.0, 0.5, 1.0, 1.0, 0.800, 37
12, 1.0, 0.5, 1.0, 1.0, 0.800, 38
12, 1.0, 0.5, 1.0, 1.0, 0.800, 39
12, 1.0, 0.5, 1.0, 1.0, 0.800, 40
12, 1.0, 0.5, 1.0, 1.0, 0.800, 41
12, 1.0, 0.5, 1.0, 1.0, 0.800, 42
12, 1.0, 0.5, 1.0, 1.0, 0.800, 43
12, 1.0, 0.5, 1.0, 1.0, 0.800, 44
12, 1.0, 0.5, 1.0, 1.0, 0.800, 45
12, 1.0, 0.5, 1.0, 1.0, 0.800, 46
12, 1.0, 0.5, 1.0, 1.0, 0.800, 47
12, 1.0, 0.5, 1.0, 1.0, 0.800, 48
12, 1.0, 0.5, 1.0, 1.0, 0.800, 49
12, 1.0, 0.5, 1.0, 1.0, 0.800, 50
12, 1.0, 0.6, 1.0, 1.0, 0.800, 1
12, 1.0, 0.6, 1.0, 1.0, 0.800, 2
12, 1.0, 0.6, 1.0, 1.0, 0.800, 3
12, 1.0, 0.6, 1.0, 1.0, 0.800, 4
12, 1.0, 0.6, 1.0, 1.0, 0.800, 5
12, 1.0, 0.6, 1.0, 1.0, 0.800, 6
12, 1.0, 0.6, 1.0, 1.0, 0.800, 7
12, 1.0, 0.6, 1.0, 1.0, 0.800, 8
12, 1.0, 0.6, 1.0, 1.0, 0.800, 9
12, 1.0, 0.6, 1.0, 1.0, 0.800, 10
12, 1.0, 0.6, 1.0, 1.0, 0.800, 11
12, 1.0, 0.6, 1.0, 1.0, 0.800, 12
12, 1.0, 0.6, 1.0, 1.0, 0.800, 13
12, 1.0, 0.6, 1.0, 1.0, 0.800, 14
12, 1.0, 0.6, 1.0, 1.0, 0.800, 15
12, 1.0, 0.6, 1.0, 1.0, 0.800, 16
12, 1.0, 0.6, 1.0, 1.0, 0.800, 17
12, 1.0, 0.6, 1.0, 1.0, 0.800, 18
12, 1.0, 0.6, 1.0, 1.0, 0.800, 19
12, 1.0, 0.6, 1.0, 1.0, 0.800, 20
12, 1.0, 0.6, 1.0, 1.0, 0.800, 21
12, 1.0, 0.6, 1.0, 1.0, 0.800, 22
12, 1.0, 0.6, 1.0, 1.0, 0.800, 23
12, 1.0, 0.6, 1.0, 1.0, 0.800, 24
12, 1.0, 0.6, 1.0, 1.0, 0.800, 25
12, 1.0, 0.6, 1.0, 1.0, 0.800, 26
12, 1.0, 0.6, 1.0, 1.0, 0.800, 27
12, 1.0, 0.6, 1.0, 1.0, 0.800, 28
12, 1.0, 0.6, 1.0, 1.0, 0.800, 29
12, 1.0, 0.6, 1.0, 1.0, 0.800, 30
12, 1.0, 0.6, 1.0, 1.0, 0.800, 31
12, 1.0, 0.6, 1.0, 1.0, 0.800, 32
12, 1.0, 0.6, 1.0, 1.0, 0.800, 33
12, 1.0, 0.6, 1.0, 1.0, 0.800, 34
12, 1.0, 0.6, 1.0, 1.0, 0.800, 35
12, 1.0, 0.6, 1.0, 1.0, 0.800, 36
12, 1.0, 0.6, 1.0, 1.0, 0.800, 37
12, 1.0, 0.6, 1.0, 1.0, 0.800, 38
12, 1.0, 0.6, 1.0, 1.0, 0.800, 39
12, 1.0, 0.6, 1.0, 1.0, 0.800, 40
12, 1.0, 0.6, 1.0, 1.0, 0.800, 41
12, 1.0, 0.6, 1.0, 1.0, 0.800, 42
12, 1.0, 0.6, 1.0, 1.0, 0.800, 43
12, 1.0, 0.6, 1.0, 1.0, 0.800, 44
12, 1.0, 0.6, 1.0, 1.0, 0.800, 45
12, 1.0, 0.6, 1.0, 1.0, 0.800, 46
12, 1.0, 0.6, 1.0, 1.0, 0.800, 47
12, 1.0, 0.6, 1.0, 1.0, 0.800, 48
12, 1.0, 0.6, 1.0, 1.0, 0.800, 49
12, 1.0, 0.6, 1.0, 1.0, 0.800, 50
12, 1.0, 0.7, 1.0, 1.0, 0.800, 1
12, 1.0, 0.7, 1.0, 1.0, 0.800, 2
12, 1.0, 0.7, 1.0, 1.0, 0.800, 3
12, 1.0, 0.7, 1.0, 1.0, 0.800, 4
12, 1.0, 0.7, 1.0, 1.0, 0.800, 5
12, 1.0, 0.7, 1.0, 1.0, 0.800, 6
12, 1.0, 0.7, 1.0, 1.0, 0.800, 7
12, 1.0, 0.7, 1.0, 1.0, 0.800, 8
12, 1.0, 0.7, 1.0, 1.0, 0.800, 9
12, 1.0, 0.7, 1.0, 1.0, 0.800, 10
12, 1.0, 0.7, 1.0, 1.0, 0.800, 11
12, 1.0, 0.7, 1.0, 1.0, 0.800, 12
12, 1.0, 0.7, 1.0, 1.0, 0.800, 13
12, 1.0, 0.7, 1.0, 1.0, 0.800, 14
12, 1.0, 0.7, 1.0, 1.0, 0.800, 15
12, 1.0, 0.7, 1.0, 1.0, 0.800, 16
12, 1.0, 0.7, 1.0, 1.0, 0.800, 17
12, 1.0, 0.7, 1.0, 1.0, 0.800, 18
12, 1.0, 0.7, 1.0, 1.0, 0.800, 19
12, 1.0, 0.7, 1.0, 1.0, 0.800, 20
12, 1.0, 0.7, 1.0, 1.0, 0.800, 21
12, 1.0, 0.7, 1.0, 1.0, 0.800, 22
12, 1.0, 0.7, 1.0, 1.0, 0.800, 23
12, 1.0, 0.7, 1.0, 1.0, 0.800, 24
12, 1.0, 0.7, 1.0, 1.0, 0.800, 25
12, 1.0, 0.7, 1.0, 1.0, 0.800, 26
12, 1.0, 0.7, 1.0, 1.0, 0.800, 27
12, 1.0, 0.7, 1.0, 1.0, 0.800, 28
12, 1.0, 0.7, 1.0, 1.0, 0.800, 29
12, 1.0, 0.7, 1.0, 1.0, 0.800, 30
12, 1.0, 0.7, 1.0, 1.0, 0.800, 31
12, 1.0, 0.7, 1.0, 1.0, 0.800, 32
12, 1.0, 0.7, 1.0, 1.0, 0.800, 33
12, 1.0, 0.7, 1.0, 1.0, 0.800, 34
12, 1.0, 0.7, 1.0, 1.0, 0.800, 35
12, 1.0, 0.7, 1.0, 1.0, 0.800, 36
12, 1.0, 0.7, 1.0, 1.0, 0.800, 37
12, 1.0, 0.7, 1.0, 1.0, 0.800, 38
12, 1.0, 0.7, 1.0, 1.0, 0.800, 39
12, 1.0, 0.7, 1.0, 1.0, 0.800, 40
12, 1.0, 0.7, 1.0, 1.0, 0.800, 41
12, 1.0, 0.7, 1.0, 1.0, 0.800, 42
12, 1.0, 0.7, 1.0, 1.0, 0.800, 43
12, 1.0, 0.7, 1.0, 1.0, 0.800, 44
12, 1.0, 0.7, 1.0, 1.0, 0.800, 45
12, 1.0, 0.7, 1.0, 1.0, 0.800, 46
12, 1.0, 0.7, 1.0, 1.0, 0.800, 47
12, 1.0, 0.7, 1.0, 1.0, 0.800, 48
12, 1.0, 0.7, 1.0, 1.0, 0.800, 49
12, 1.0, 0.7, 1.0, 1.0, 0.800, 50
12, 1.0, 0.8, 1.0, 1.0, 0.800, 1
12, 1.0, 0.8, 1.0, 1.0, 0.800, 2
12, 1.0, 0.8, 1.0, 1.0, 0.800, 3
12, 1.0, 0.8, 1.0, 1.0, 0.800, 4
12, 1.0, 0.8, 1.0, 1.0, 0.800, 5
12, 1.0, 0.8, 1.0, 1.0, 0.800, 6
12, 1.0, 0.8, 1.0, 1.0, 0.800, 7
12, 1.0, 0.8, 1.0, 1.0, 0.800, 8
12, 1.0, 0.8, 1.0, 1.0, 0.800, 9
12, 1.0, 0.8, 1.0, 1.0, 0.800, 10
12, 1.0, 0.8, 1.0, 1.0, 0.800, 11
12, 1.0, 0.8, 1.0, 1.0, 0.800, 12
12, 1.0, 0.8, 1.0, 1.0, 0.800, 13
12, 1.0, 0.8, 1.0, 1.0, 0.800, 14
12, 1.0, 0.8, 1.0, 1.0, 0.800, 15
12, 1.0, 0.8, 1.0, 1.0, 0.800, 16
12, 1.0, 0.8, 1.0, 1.0, 0.800, 17
12, 1.0, 0.8, 1.0, 1.0, 0.800, 18
12, 1.0, 0.8, 1.0, 1.0, 0.800, 19
12, 1.0, 0.8, 1.0, 1.0, 0.800, 20
12, 1.0, 0.8, 1.0, 1.0, 0.800, 21
12, 1.0, 0.8, 1.0, 1.0, 0.800, 22
12, 1.0, 0.8, 1.0, 1.0, 0.800, 23
12, 1.0, 0.8, 1.0, 1.0, 0.800, 24
12, 1.0, 0.8, 1.0, 1.0, 0.800, 25
12, 1.0, 0.8, 1.0, 1.0, 0.800, 26
12, 1.0, 0.8, 1.0, 1.0, 0.800, 27
12, 1.0, 0.8, 1.0, 1.0, 0.800, 28
12, 1.0, 0.8, 1.0, 1.0, 0.800, 29
12, 1.0, 0.8, 1.0, 1.0, 0.800, 30
12, 1.0, 0.8, 1.0, 1.0, 0.800, 31
12, 1.0, 0.8, 1.0, 1.0, 0.800, 32
12, 1.0, 0.8, 1.0, 1.0, 0.800, 33
12, 1.0, 0.8, 1.0, 1.0, 0.800, 34
12, 1.0, 0.8, 1.0, 1.0, 0.800, 35
12, 1.0, 0.8, 1.0, 1.0, 0.800, 36
12, 1.0, 0.8, 1.0, 1.0, 0.800, 37
12, 1.0, 0.8, 1.0, 1.0, 0.800, 38
12, 1.0, 0.8, 1.0, 1.0, 0.800, 39
12, 1.0, 0.8, 1.0, 1.0, 0.800, 40
12, 1.0, 0.8, 1.0, 1.0, 0.800, 41
12, 1.0, 0.8, 1.0, 1.0, 0.800, 42
12, 1.0, 0.8, 1.0, 1.0, 0.800, 43
12, 1.0, 0.8, 1.0, 1.0, 0.800, 44
12, 1.0, 0.8, 1.0, 1.0, 0.800, 45
12, 1.0, 0.8, 1.0, 1.0, 0.800, 46
12, 1.0, 0.8, 1.0, 1.0, 0.800, 47
12, 1.0, 0.8, 1.0, 1.0, 0.800, 48
12, 1.0, 0.8, 1.0, 1.0, 0.800, 49
12, 1.0, 0.8, 1.0, 1.0, 0.800, 50
12, 1.0, 0.9, 1.0, 1.0, 0.800, 1
12, 1.0, 0.9, 1.0, 1.0, 0.800, 2
12, 1.0, 0.9, 1.0, 1.0, 0.800, 3
12, 1.0, 0.9, 1.0, 1.0, 0.800, 4
12, 1.0, 0.9, 1.0, 1.0, 0.800, 5
12, 1.0, 0.9, 1.0, 1.0, 0.800, 6
12, 1.0, 0.9, 1.0, 1.0, 0.800, 7
12, 1.0, 0.9, 1.0, 1.0, 0.800, 8
12, 1.0, 0.9, 1.0, 1.0, 0.800, 9
12, 1.0, 0.9, 1.0, 1.0, 0.800, 10
12, 1.0, 0.9, 1.0, 1.0, 0.800, 11
12, 1.0, 0.9, 1.0, 1.0, 0.800, 12
12, 1.0, 0.9, 1.0, 1.0, 0.800, 13
12, 1.0, 0.9, 1.0, 1.0, 0.800, 14
12, 1.0, 0.9, 1.0, 1.0, 0.800, 15
12, 1.0, 0.9, 1.0, 1.0, 0.800, 16
12, 1.0, 0.9, 1.0, 1.0, 0.800, 17
12, 1.0, 0.9, 1.0, 1.0, 0.800, 18
12, 1.0, 0.9, 1.0, 1.0, 0.800, 19
12, 1.0, 0.9, 1.0, 1.0, 0.800, 20
12, 1.0, 0.9, 1.0, 1.0, 0.800, 21
12, 1.0, 0.9, 1.0, 1.0, 0.800, 22
12, 1.0, 0.9, 1.0, 1.0, 0.800, 23
12, 1.0, 0.9, 1.0, 1.0, 0.800, 24
12, 1.0, 0.9, 1.0, 1.0, 0.800, 25
12, 1.0, 0.9, 1.0, 1.0, 0.800, 26
12, 1.0, 0.9, 1.0, 1.0, 0.800, 27
12, 1.0, 0.9, 1.0, 1.0, 0.800, 28
12, 1.0, 0.9, 1.0, 1.0, 0.800, 29
12, 1.0, 0.9, 1.0, 1.0, 0.800, 30
12, 1.0, 0.9, 1.0, 1.0, 0.800, 31
12, 1.0, 0.9, 1.0, 1.0, 0.800, 32
12, 1.0, 0.9, 1.0, 1.0, 0.800, 33
12, 1.0, 0.9, 1.0, 1.0, 0.800, 34
12, 1.0, 0.9, 1.0, 1.0, 0.800, 35
12, 1.0, 0.9, 1.0, 1.0, 0.800, 36
12, 1.0, 0.9, 1.0, 1.0, 0.800, 37
12, 1.0, 0.9, 1.0, 1.0, 0.800, 38
12, 1.0, 0.9, 1.0, 1.0, 0.800, 39
12, 1.0, 0.9, 1.0, 1.0, 0.800, 40
12, 1.0, 0.9, 1.0, 1.0, 0.800, 41
12, 1.0, 0.9, 1.0, 1.0, 0.800, 42
12, 1.0, 0.9, 1.0, 1.0, 0.800, 43
12, 1.0, 0.9, 1.0, 1.0, 0.800, 44
12, 1.0, 0.9, 1.0, 1.0, 0.800, 45
12, 1.0, 0.9, 1.0, 1.0, 0.800, 46
12, 1.0, 0.9, 1.0, 1.0, 0.800, 47
12, 1.0, 0.9, 1.0, 1.0, 0.800, 48
12, 1.0, 0.9, 1.0, 1.0, 0.800, 49
12, 1.0, 0.9, 1.0, 1.0, 0.800, 50
12, 1.0, 1.1, 1.0, 1.0, 0.800, 1
12, 1.0, 1.1, 1.0, 1.0, 0.800, 2
12, 1.0, 1.1, 1.0, 1.0, 0.800, 3
12, 1.0, 1.1, 1.0, 1.0, 0.800, 4
12, 1.0, 1.1, 1.0, 1.0, 0.800, 5
12, 1.0, 1.1, 1.0, 1.0, 0.800, 6
12, 1.0, 1.1, 1.0, 1.0, 0.800, 7
12, 1.0, 1.1, 1.0, 1.0, 0.800, 8
12, 1.0, 1.1, 1.0, 1.0, 0.800, 9
12, 1.0, 1.1, 1.0, 1.0, 0.800, 10
12, 1.0, 1.1, 1.0, 1.0, 0.800, 11
12, 1.0, 1.1, 1.0, 1.0, 0.800, 12
12, 1.0, 1.1, 1.0, 1.0, 0.800, 13
12, 1.0, 1.1, 1.0, 1.0, 0.800, 14
12, 1.0, 1.1, 1.0, 1.0, 0.800, 15
12, 1.0, 1.1, 1.0, 1.0, 0.800, 16
12, 1.0, 1.1, 1.0, 1.0, 0.800, 17
12, 1.0, 1.1, 1.0, 1.0, 0.800, 18
12, 1.0, 1.1, 1.0, 1.0, 0.800, 19
12, 1.0, 1.1, 1.0, 1.0, 0.800, 20
12, 1.0, 1.1, 1.0, 1.0, 0.800, 21
12, 1.0, 1.1, 1.0, 1.0, 0.800, 22
12, 1.0, 1.1, 1.0, 1.0, 0.800, 23
12, 1.0, 1.1, 1.0, 1.0, 0.800, 24
12, 1.0, 1.1, 1.0, 1.0, 0.800, 25
12, 1.0, 1.1, 1.0, 1.0, 0.800, 26
12, 1.0, 1.1, 1.0, 1.0, 0.800, 27
12, 1.0, 1.1, 1.0, 1.0, 0.800, 28
12, 1.0, 1.1, 1.0, 1.0, 0.800, 29
12, 1.0, 1.1, 1.0, 1.0, 0.800, 30
12, 1.0, 1.1, 1.0, 1.0, 0.800, 31
12, 1.0, 1.1, 1.0, 1.0, 0.800, 32
12, 1.0, 1.1, 1.0, 1.0, 0.800, 33
12, 1.0, 1.1, 1.0, 1.0, 0.800, 34
12, 1.0, 1.1, 1.0, 1.0, 0.800, 35
12, 1.0, 1.1, 1.0, 1.0, 0.800, 36
12, 1.0, 1.1, 1.0, 1.0, 0.800, 37
12, 1.0, 1.1, 1.0, 1.0, 0.800, 38
12, 1.0, 1.1, 1.0, 1.0, 0.800, 39
12, 1.0, 1.1, 1.0, 1.0, 0.800, 40
12, 1.0, 1.1, 1.0, 1.0, 0.800, 41
12, 1.0, 1.1, 1.0, 1.0, 0.800, 42
12, 1.0, 1.1, 1.0, 1.0, 0.800, 43
12, 1.0, 1.1, 1.0, 1.0, 0.800, 44
12, 1.0, 1.1, 1.0, 1.0, 0.800, 45
12, 1.0, 1.1, 1.0, 1.0, 0.800, 46
12, 1.0, 1.1, 1.0, 1.0, 0.800, 47
12, 1.0, 1.1, 1.0, 1.0, 0.800, 48
12, 1.0, 1.1, 1.0, 1.0, 0.800, 49
12, 1.0, 1.1, 1.0, 1.0, 0.800, 50
12, 1.0, 1.2, 1.0, 1.0, 0.800, 1
12, 1.0, 1.2, 1.0, 1.0, 0.800, 2
12, 1.0, 1.2, 1.0, 1.0, 0.800, 3
12, 1.0, 1.2, 1.0, 1.0, 0.800, 4
12, 1.0, 1.2, 1.0, 1.0, 0.800, 5
12, 1.0, 1.2, 1.0, 1.0, 0.800, 6
12, 1.0, 1.2, 1.0, 1.0, 0.800, 7
12, 1.0, 1.2, 1.0, 1.0, 0.800, 8
12, 1.0, 1.2, 1.0, 1.0, 0.800, 9
12, 1.0, 1.2, 1.0, 1.0, 0.800, 10
12, 1.0, 1.2, 1.0, 1.0, 0.800, 11
12, 1.0, 1.2, 1.0, 1.0, 0.800, 12
12, 1.0, 1.2, 1.0, 1.0, 0.800, 13
12, 1.0, 1.2, 1.0, 1.0, 0.800, 14
12, 1.0, 1.2, 1.0, 1.0, 0.800, 15
12, 1.0, 1.2, 1.0, 1.0, 0.800, 16
12, 1.0, 1.2, 1.0, 1.0, 0.800, 17
12, 1.0, 1.2, 1.0, 1.0, 0.800, 18
12, 1.0, 1.2, 1.0, 1.0, 0.800, 19
12, 1.0, 1.2, 1.0, 1.0, 0.800, 20
12, 1.0, 1.2, 1.0, 1.0, 0.800, 21
12, 1.0, 1.2, 1.0, 1.0, 0.800, 22
12, 1.0, 1.2, 1.0, 1.0, 0.800, 23
12, 1.0, 1.2, 1.0, 1.0, 0.800, 24
12, 1.0, 1.2, 1.0, 1.0, 0.800, 25
12, 1.0, 1.2, 1.0, 1.0, 0.800, 26
12, 1.0, 1.2, 1.0, 1.0, 0.800, 27
12, 1.0, 1.2, 1.0, 1.0, 0.800, 28
12, 1.0, 1.2, 1.0, 1.0, 0.800, 29
12, 1.0, 1.2, 1.0, 1.0, 0.800, 30
12, 1.0, 1.2, 1.0, 1.0, 0.800, 31
12, 1.0, 1.2, 1.0, 1.0, 0.800, 32
12, 1.0, 1.2, 1.0, 1.0, 0.800, 33
12, 1.0, 1.2, 1.0, 1.0, 0.800, 34
12, 1.0, 1.2, 1.0, 1.0, 0.800, 35
12, 1.0, 1.2, 1.0, 1.0, 0.800, 36
12, 1.0, 1.2, 1.0, 1.0, 0.800, 37
12, 1.0, 1.2, 1.0, 1.0, 0.800, 38
12, 1.0, 1.2, 1.0, 1.0, 0.800, 39
12, 1.0, 1.2, 1.0, 1.0, 0.800, 40
12, 1.0, 1.2, 1.0, 1.0, 0.800, 41
12, 1.0, 1.2, 1.0, 1.0, 0.800, 42
12, 1.0, 1.2, 1.0, 1.0, 0.800, 43
12, 1.0, 1.2, 1.0, 1.0, 0.800, 44
12, 1.0, 1.2, 1.0, 1.0, 0.800, 45
12, 1.0, 1.2, 1.0, 1.0, 0.800, 46
12, 1.0, 1.2, 1.0, 1.0, 0.800, 47
12, 1.0, 1.2, 1.0, 1.0, 0.800, 48
12, 1.0, 1.2, 1.0, 1.0, 0.800, 49
12, 1.0, 1.2, 1.0, 1.0, 0.800, 50
12, 1.0, 1.3, 1.0, 1.0, 0.800, 1
12, 1.0, 1.3, 1.0, 1.0, 0.800, 2
12, 1.0, 1.3, 1.0, 1.0, 0.800, 3
12, 1.0, 1.3, 1.0, 1.0, 0.800, 4
12, 1.0, 1.3, 1.0, 1.0, 0.800, 5
12, 1.0, 1.3, 1.0, 1.0, 0.800, 6
12, 1.0, 1.3, 1.0, 1.0, 0.800, 7
12, 1.0, 1.3, 1.0, 1.0, 0.800, 8
12, 1.0, 1.3, 1.0, 1.0, 0.800, 9
12, 1.0, 1.3, 1.0, 1.0, 0.800, 10
12, 1.0, 1.3, 1.0, 1.0, 0.800, 11
12, 1.0, 1.3, 1.0, 1.0, 0.800, 12
12, 1.0, 1.3, 1.0, 1.0, 0.800, 13
12, 1.0, 1.3, 1.0, 1.0, 0.800, 14
12, 1.0, 1.3, 1.0, 1.0, 0.800, 15
12, 1.0, 1.3, 1.0, 1.0, 0.800, 16
12, 1.0, 1.3, 1.0, 1.0, 0.800, 17
12, 1.0, 1.3, 1.0, 1.0, 0.800, 18
12, 1.0, 1.3, 1.0, 1.0, 0.800, 19
12, 1.0, 1.3, 1.0, 1.0, 0.800, 20
12, 1.0, 1.3, 1.0, 1.0, 0.800, 21
12, 1.0, 1.3, 1.0, 1.0, 0.800, 22
12, 1.0, 1.3, 1.0, 1.0, 0.800, 23
12, 1.0, 1.3, 1.0, 1.0, 0.800, 24
12, 1.0, 1.3, 1.0, 1.0, 0.800, 25
12, 1.0, 1.3, 1.0, 1.0, 0.800, 26
12, 1.0, 1.3, 1.0, 1.0, 0.800, 27
12, 1.0, 1.3, 1.0, 1.0, 0.800, 28
12, 1.0, 1.3, 1.0, 1.0, 0.800, 29
12, 1.0, 1.3, 1.0, 1.0, 0.800, 30
12, 1.0, 1.3, 1.0, 1.0, 0.800, 31
12, 1.0, 1.3, 1.0, 1.0, 0.800, 32
12, 1.0, 1.3, 1.0, 1.0, 0.800, 33
12, 1.0, 1.3, 1.0, 1.0, 0.800, 34
12, 1.0, 1.3, 1.0, 1.0, 0.800, 35
12, 1.0, 1.3, 1.0, 1.0, 0.800, 36
12, 1.0, 1.3, 1.0, 1.0, 0.800, 37
12, 1.0, 1.3, 1.0, 1.0, 0.800, 38
12, 1.0, 1.3, 1.0, 1.0, 0.800, 39
12, 1.0, 1.3, 1.0, 1.0, 0.800, 40
12, 1.0, 1.3, 1.0, 1.0, 0.800, 41
12, 1.0, 1.3, 1.0, 1.0, 0.800, 42
12, 1.0, 1.3, 1.0, 1.0, 0.800, 43
12, 1.0, 1.3, 1.0, 1.0, 0.800, 44
12, 1.0, 1.3, 1.0, 1.0, 0.800, 45
12, 1.0, 1.3, 1.0, 1.0, 0.800, 46
12, 1.0, 1.3, 1.0, 1.0, 0.800, 47
12, 1.0, 1.3, 1.0, 1.0, 0.800, 48
12, 1.0, 1.3, 1.0, 1.0, 0.800, 49
12, 1.0, 1.3, 1.0, 1.0, 0.800, 50
12, 1.0, 1.0, 0.5, 1.0, 0.800, 1
12, 1.0, 1.0, 0.5, 1.0, 0.800, 2
12, 1.0, 1.0, 0.5, 1.0, 0.800, 3
12, 1.0, 1.0, 0.5, 1.0, 0.800, 4
12, 1.0, 1.0, 0.5, 1.0, 0.800, 5
12, 1.0, 1.0, 0.5, 1.0, 0.800, 6
12, 1.0, 1.0, 0.5, 1.0, 0.800, 7
12, 1.0, 1.0, 0.5, 1.0, 0.800, 8
12, 1.0, 1.0, 0.5, 1.0, 0.800, 9
12, 1.0, 1.0, 0.5, 1.0, 0.800, 10
12, 1.0, 1.0, 0.5, 1.0, 0.800, 11
12, 1.0, 1.0, 0.5, 1.0, 0.800, 12
12, 1.0, 1.0, 0.5, 1.0, 0.800, 13
12, 1.0, 1.0, 0.5, 1.0, 0.800, 14
12, 1.0, 1.0, 0.5, 1.0, 0.800, 15
12, 1.0, 1.0, 0.5, 1.0, 0.800, 16
12, 1.0, 1.0, 0.5, 1.0, 0.800, 17
12, 1.0, 1.0, 0.5, 1.0, 0.800, 18
12, 1.0, 1.0, 0.5, 1.0, 0.800, 19
12, 1.0, 1.0, 0.5, 1.0, 0.800, 20
12, 1.0, 1.0, 0.5, 1.0, 0.800, 21
12, 1.0, 1.0, 0.5, 1.0, 0.800, 22
12, 1.0, 1.0, 0.5, 1.0, 0.800, 23
12, 1.0, 1.0, 0.5, 1.0, 0.800, 24
12, 1.0, 1.0, 0.5, 1.0, 0.800, 25
12, 1.0, 1.0, 0.5, 1.0, 0.800, 26
12, 1.0, 1.0, 0.5, 1.0, 0.800, 27
12, 1.0, 1.0, 0.5, 1.0, 0.800, 28
12, 1.0, 1.0, 0.5, 1.0, 0.800, 29
12, 1.0, 1.0, 0.5, 1.0, 0.800, 30
12, 1.0, 1.0, 0.5, 1.0, 0.800, 31
12, 1.0, 1.0, 0.5, 1.0, 0.800, 32
12, 1.0, 1.0, 0.5, 1.0, 0.800, 33
12, 1.0, 1.0, 0.5, 1.0, 0.800, 34
12, 1.0, 1.0, 0.5, 1.0, 0.800, 35
12, 1.0, 1.0, 0.5, 1.0, 0.800, 36
12, 1.0, 1.0, 0.5, 1.0, 0.800, 37
12, 1.0, 1.0, 0.5, 1.0, 0.800, 38
12, 1.0, 1.0, 0.5, 1.0, 0.800, 39
12, 1.0, 1.0, 0.5, 1.0, 0.800, 40
12, 1.0, 1.0, 0.5, 1.0, 0.800, 41
12, 1.0, 1.0, 0.5, 1.0, 0.800, 42
12, 1.0, 1.0, 0.5, 1.0, 0.800, 43
12, 1.0, 1.0, 0.5, 1.0, 0.800, 44
12, 1.0, 1.0, 0.5, 1.0, 0.800, 45
12, 1.0, 1.0, 0.5, 1.0, 0.800, 46
12, 1.0, 1.0, 0.5, 1.0, 0.800, 47
12, 1.0, 1.0, 0.5, 1.0, 0.800, 48
12, 1.0, 1.0, 0.5, 1.0, 0.800, 49
12, 1.0, 1.0, 0.5, 1.0, 0.800, 50
12, 1.0, 1.0, 0.6, 1.0, 0.800, 1
12, 1.0, 1.0, 0.6, 1.0, 0.800, 2
12, 1.0, 1.0, 0.6, 1.0, 0.800, 3
12, 1.0, 1.0, 0.6, 1.0, 0.800, 4
12, 1.0, 1.0, 0.6, 1.0, 0.800, 5
12, 1.0, 1.0, 0.6, 1.0, 0.800, 6
12, 1.0, 1.0, 0.6, 1.0, 0.800, 7
12, 1.0, 1.0, 0.6, 1.0, 0.800, 8
12, 1.0, 1.0, 0.6, 1.0, 0.800, 9
12, 1.0, 1.0, 0.6, 1.0, 0.800, 10
12, 1.0, 1.0, 0.6, 1.0, 0.800, 11
12, 1.0, 1.0, 0.6, 1.0, 0.800, 12
12, 1.0, 1.0, 0.6, 1.0, 0.800, 13
12, 1.0, 1.0, 0.6, 1.0, 0.800, 14
12, 1.0, 1.0, 0.6, 1.0, 0.800, 15
12, 1.0, 1.0, 0.6, 1.0, 0.800, 16
12, 1.0, 1.0, 0.6, 1.0, 0.800, 17
12, 1.0, 1.0, 0.6, 1.0, 0.800, 18
12, 1.0, 1.0, 0.6, 1.0, 0.800, 19
12, 1.0, 1.0, 0.6, 1.0, 0.800, 20
12, 1.0, 1.0, 0.6, 1.0, 0.800, 21
12, 1.0, 1.0, 0.6, 1.0, 0.800, 22
12, 1.0, 1.0, 0.6, 1.0, 0.800, 23
12, 1.0, 1.0, 0.6, 1.0, 0.800, 24
12, 1.0, 1.0, 0.6, 1.0, 0.800, 25
12, 1.0, 1.0, 0.6, 1.0, 0.800, 26
12, 1.0, 1.0, 0.6, 1.0, 0.800, 27
12, 1.0, 1.0, 0.6, 1.0, 0.800, 28
12, 1.0, 1.0, 0.6, 1.0, 0.800, 29
12, 1.0, 1.0, 0.6, 1.0, 0.800, 30
12, 1.0, 1.0, 0.6, 1.0, 0.800, 31
12, 1.0, 1.0, 0.6, 1.0, 0.800, 32
12, 1.0, 1.0, 0.6, 1.0, 0.800, 33
12, 1.0, 1.0, 0.6, 1.0, 0.800, 34
12, 1.0, 1.0, 0.6, 1.0, 0.800, 35
12, 1.0, 1.0, 0.6, 1.0, 0.800, 36
12, 1.0, 1.0, 0.6, 1.0, 0.800, 37
12, 1.0, 1.0, 0.6, 1.0, 0.800, 38
12, 1.0, 1.0, 0.6, 1.0, 0.800, 39
12, 1.0, 1.0, 0.6, 1.0, 0.800, 40
12, 1.0, 1.0, 0.6, 1.0, 0.800, 41
12, 1.0, 1.0, 0.6, 1.0, 0.800, 42
12, 1.0, 1.0, 0.6, 1.0, 0.800, 43
12, 1.0, 1.0, 0.6, 1.0, 0.800, 44
12, 1.0, 1.0, 0.6, 1.0, 0.800, 45
12, 1.0, 1.0, 0.6, 1.0, 0.800, 46
12, 1.0, 1.0, 0.6, 1.0, 0.800, 47
12, 1.0, 1.0, 0.6, 1.0, 0.800, 48
12, 1.0, 1.0, 0.6, 1.0, 0.800, 49
12, 1.0, 1.0, 0.6, 1.0, 0.800, 50
12, 1.0, 1.0, 0.7, 1.0, 0.800, 1
12, 1.0, 1.0, 0.7, 1.0, 0.800, 2
12, 1.0, 1.0, 0.7, 1.0, 0.800, 3
12, 1.0, 1.0, 0.7, 1.0, 0.800, 4
12, 1.0, 1.0, 0.7, 1.0, 0.800, 5
12, 1.0, 1.0, 0.7, 1.0, 0.800, 6
12, 1.0, 1.0, 0.7, 1.0, 0.800, 7
12, 1.0, 1.0, 0.7, 1.0, 0.800, 8
12, 1.0, 1.0, 0.7, 1.0, 0.800, 9
12, 1.0, 1.0, 0.7, 1.0, 0.800, 10
12, 1.0, 1.0, 0.7, 1.0, 0.800, 11
12, 1.0, 1.0, 0.7, 1.0, 0.800, 12
12, 1.0, 1.0, 0.7, 1.0, 0.800, 13
12, 1.0, 1.0, 0.7, 1.0, 0.800, 14
12, 1.0, 1.0, 0.7, 1.0, 0.800, 15
12, 1.0, 1.0, 0.7, 1.0, 0.800, 16
12, 1.0, 1.0, 0.7, 1.0, 0.800, 17
12, 1.0, 1.0, 0.7, 1.0, 0.800, 18
12, 1.0, 1.0, 0.7, 1.0, 0.800, 19
12, 1.0, 1.0, 0.7, 1.0, 0.800, 20
12, 1.0, 1.0, 0.7, 1.0, 0.800, 21
12, 1.0, 1.0, 0.7, 1.0, 0.800, 22
12, 1.0, 1.0, 0.7, 1.0, 0.800, 23
12, 1.0, 1.0, 0.7, 1.0, 0.800, 24
12, 1.0, 1.0, 0.7, 1.0, 0.800, 25
12, 1.0, 1.0, 0.7, 1.0, 0.800, 26
12, 1.0, 1.0, 0.7, 1.0, 0.800, 27
12, 1.0, 1.0, 0.7, 1.0, 0.800, 28
12, 1.0, 1.0, 0.7, 1.0, 0.800, 29
12, 1.0, 1.0, 0.7, 1.0, 0.800, 30
12, 1.0, 1.0, 0.7, 1.0, 0.800, 31
12, 1.0, 1.0, 0.7, 1.0, 0.800, 32
12, 1.0, 1.0, 0.7, 1.0, 0.800, 33
12, 1.0, 1.0, 0.7, 1.0, 0.800, 34
12, 1.0, 1.0, 0.7, 1.0, 0.800, 35
12, 1.0, 1.0, 0.7, 1.0, 0.800, 36
12, 1.0, 1.0, 0.7, 1.0, 0.800, 37
12, 1.0, 1.0, 0.7, 1.0, 0.800, 38
12, 1.0, 1.0, 0.7, 1.0, 0.800, 39
12, 1.0, 1.0, 0.7, 1.0, 0.800, 40
12, 1.0, 1.0, 0.7, 1.0, 0.800, 41
12, 1.0, 1.0, 0.7, 1.0, 0.800, 42
12, 1.0, 1.0, 0.7, 1.0, 0.800, 43
12, 1.0, 1.0, 0.7, 1.0, 0.800, 44
12, 1.0, 1.0, 0.7, 1.0, 0.800, 45
12, 1.0, 1.0, 0.7, 1.0, 0.800, 46
12, 1.0, 1.0, 0.7, 1.0, 0.800, 47
12, 1.0, 1.0, 0.7, 1.0, 0.800, 48
12, 1.0, 1.0, 0.7, 1.0, 0.800, 49
12, 1.0, 1.0, 0.7, 1.0, 0.800, 50
12, 1.0, 1.0, 0.8, 1.0, 0.800, 1
12, 1.0, 1.0, 0.8, 1.0, 0.800, 2
12, 1.0, 1.0, 0.8, 1.0, 0.800, 3
12, 1.0, 1.0, 0.8, 1.0, 0.800, 4
12, 1.0, 1.0, 0.8, 1.0, 0.800, 5
12, 1.0, 1.0, 0.8, 1.0, 0.800, 6
12, 1.0, 1.0, 0.8, 1.0, 0.800, 7
12, 1.0, 1.0, 0.8, 1.0, 0.800, 8
12, 1.0, 1.0, 0.8, 1.0, 0.800, 9
12, 1.0, 1.0, 0.8, 1.0, 0.800, 10
12, 1.0, 1.0, 0.8, 1.0, 0.800, 11
12, 1.0, 1.0, 0.8, 1.0, 0.800, 12
12, 1.0, 1.0, 0.8, 1.0, 0.800, 13
12, 1.0, 1.0, 0.8, 1.0, 0.800, 14
12, 1.0, 1.0, 0.8, 1.0, 0.800, 15
12, 1.0, 1.0, 0.8, 1.0, 0.800, 16
12, 1.0, 1.0, 0.8, 1.0, 0.800, 17
12, 1.0, 1.0, 0.8, 1.0, 0.800, 18
12, 1.0, 1.0, 0.8, 1.0, 0.800, 19
12, 1.0, 1.0, 0.8, 1.0, 0.800, 20
12, 1.0, 1.0, 0.8, 1.0, 0.800, 21
12, 1.0, 1.0, 0.8, 1.0, 0.800, 22
12, 1.0, 1.0, 0.8, 1.0, 0.800, 23
12, 1.0, 1.0, 0.8, 1.0, 0.800, 24
12, 1.0, 1.0, 0.8, 1.0, 0.800, 25
12, 1.0, 1.0, 0.8, 1.0, 0.800, 26
12, 1.0, 1.0, 0.8, 1.0, 0.800, 27
12, 1.0, 1.0, 0.8, 1.0, 0.800, 28
12, 1.0, 1.0, 0.8, 1.0, 0.800, 29
12, 1.0, 1.0, 0.8, 1.0, 0.800, 30
12, 1.0, 1.0, 0.8, 1.0, 0.800, 31
12, 1.0, 1.0, 0.8, 1.0, 0.800, 32
12, 1.0, 1.0, 0.8, 1.0, 0.800, 33
12, 1.0, 1.0, 0.8, 1.0, 0.800, 34
12, 1.0, 1.0, 0.8, 1.0, 0.800, 35
12, 1.0, 1.0, 0.8, 1.0, 0.800, 36
12, 1.0, 1.0, 0.8, 1.0, 0.800, 37
12, 1.0, 1.0, 0.8, 1.0, 0.800, 38
12, 1.0, 1.0, 0.8, 1.0, 0.800, 39
12, 1.0, 1.0, 0.8, 1.0, 0.800, 40
12, 1.0, 1.0, 0.8, 1.0, 0.800, 41
12, 1.0, 1.0, 0.8, 1.0, 0.800, 42
12, 1.0, 1.0, 0.8, 1.0, 0.800, 43
12, 1.0, 1.0, 0.8, 1.0, 0.800, 44
12, 1.0, 1.0, 0.8, 1.0, 0.800, 45
12, 1.0, 1.0, 0.8, 1.0, 0.800, 46
12, 1.0, 1.0, 0.8, 1.0, 0.800, 47
12, 1.0, 1.0, 0.8, 1.0, 0.800, 48
12, 1.0, 1.0, 0.8, 1.0, 0.800, 49
12, 1.0, 1.0, 0.8, 1.0, 0.800, 50
12, 1.0, 1.0, 0.9, 1.0, 0.800, 1
12, 1.0, 1.0, 0.9, 1.0, 0.800, 2
12, 1.0, 1.0, 0.9, 1.0, 0.800, 3
12, 1.0, 1.0, 0.9, 1.0, 0.800, 4
12, 1.0, 1.0, 0.9, 1.0, 0.800, 5
12, 1.0, 1.0, 0.9, 1.0, 0.800, 6
12, 1.0, 1.0, 0.9, 1.0, 0.800, 7
12, 1.0, 1.0, 0.9, 1.0, 0.800, 8
12, 1.0, 1.0, 0.9, 1.0, 0.800, 9
12, 1.0, 1.0, 0.9, 1.0, 0.800, 10
12, 1.0, 1.0, 0.9, 1.0, 0.800, 11
12, 1.0, 1.0, 0.9, 1.0, 0.800, 12
12, 1.0, 1.0, 0.9, 1.0, 0.800, 13
12, 1.0, 1.0, 0.9, 1.0, 0.800, 14
12, 1.0, 1.0, 0.9, 1.0, 0.800, 15
12, 1.0, 1.0, 0.9, 1.0, 0.800, 16
12, 1.0, 1.0, 0.9, 1.0, 0.800, 17
12, 1.0, 1.0, 0.9, 1.0, 0.800, 18
12, 1.0, 1.0, 0.9, 1.0, 0.800, 19
12, 1.0, 1.0, 0.9, 1.0, 0.800, 20
12, 1.0, 1.0, 0.9, 1.0, 0.800, 21
12, 1.0, 1.0, 0.9, 1.0, 0.800, 22
12, 1.0, 1.0, 0.9, 1.0, 0.800, 23
12, 1.0, 1.0, 0.9, 1.0, 0.800, 24
12, 1.0, 1.0, 0.9, 1.0, 0.800, 25
12, 1.0, 1.0, 0.9, 1.0, 0.800, 26
12, 1.0, 1.0, 0.9, 1.0, 0.800, 27
12, 1.0, 1.0, 0.9, 1.0, 0.800, 28
12, 1.0, 1.0, 0.9, 1.0, 0.800, 29
12, 1.0, 1.0, 0.9, 1.0, 0.800, 30
12, 1.0, 1.0, 0.9, 1.0, 0.800, 31
12, 1.0, 1.0, 0.9, 1.0, 0.800, 32
12, 1.0, 1.0, 0.9, 1.0, 0.800, 33
12, 1.0, 1.0, 0.9, 1.0, 0.800, 34
12, 1.0, 1.0, 0.9, 1.0, 0.800, 35
12, 1.0, 1.0, 0.9, 1.0, 0.800, 36
12, 1.0, 1.0, 0.9, 1.0, 0.800, 37
12, 1.0, 1.0, 0.9, 1.0, 0.800, 38
12, 1.0, 1.0, 0.9, 1.0, 0.800, 39
12, 1.0, 1.0, 0.9, 1.0, 0.800, 40
12, 1.0, 1.0, 0.9, 1.0, 0.800, 41
12, 1.0, 1.0, 0.9, 1.0, 0.800, 42
12, 1.0, 1.0, 0.9, 1.0, 0.800, 43
12, 1.0, 1.0, 0.9, 1.0, 0.800, 44
12, 1.0, 1.0, 0.9, 1.0, 0.800, 45
12, 1.0, 1.0, 0.9, 1.0, 0.800, 46
12, 1.0, 1.0, 0.9, 1.0, 0.800, 47
12, 1.0, 1.0, 0.9, 1.0, 0.800, 48
12, 1.0, 1.0, 0.9, 1.0, 0.800, 49
12, 1.0, 1.0, 0.9, 1.0, 0.800, 50
12, 1.0, 1.0, 1.1, 1.0, 0.800, 1
12, 1.0, 1.0, 1.1, 1.0, 0.800, 2
12, 1.0, 1.0, 1.1, 1.0, 0.800, 3
12, 1.0, 1.0, 1.1, 1.0, 0.800, 4
12, 1.0, 1.0, 1.1, 1.0, 0.800, 5
12, 1.0, 1.0, 1.1, 1.0, 0.800, 6
12, 1.0, 1.0, 1.1, 1.0, 0.800, 7
12, 1.0, 1.0, 1.1, 1.0, 0.800, 8
12, 1.0, 1.0, 1.1, 1.0, 0.800, 9
12, 1.0, 1.0, 1.1, 1.0, 0.800, 10
12, 1.0, 1.0, 1.1, 1.0, 0.800, 11
12, 1.0, 1.0, 1.1, 1.0, 0.800, 12
12, 1.0, 1.0, 1.1, 1.0, 0.800, 13
12, 1.0, 1.0, 1.1, 1.0, 0.800, 14
12, 1.0, 1.0, 1.1, 1.0, 0.800, 15
12, 1.0, 1.0, 1.1, 1.0, 0.800, 16
12, 1.0, 1.0, 1.1, 1.0, 0.800, 17
12, 1.0, 1.0, 1.1, 1.0, 0.800, 18
12, 1.0, 1.0, 1.1, 1.0, 0.800, 19
12, 1.0, 1.0, 1.1, 1.0, 0.800, 20
12, 1.0, 1.0, 1.1, 1.0, 0.800, 21
12, 1.0, 1.0, 1.1, 1.0, 0.800, 22
12, 1.0, 1.0, 1.1, 1.0, 0.800, 23
12, 1.0, 1.0, 1.1, 1.0, 0.800, 24
12, 1.0, 1.0, 1.1, 1.0, 0.800, 25
12, 1.0, 1.0, 1.1, 1.0, 0.800, 26
12, 1.0, 1.0, 1.1, 1.0, 0.800, 27
12, 1.0, 1.0, 1.1, 1.0, 0.800, 28
12, 1.0, 1.0, 1.1, 1.0, 0.800, 29
12, 1.0, 1.0, 1.1, 1.0, 0.800, 30
12, 1.0, 1.0, 1.1, 1.0, 0.800, 31
12, 1.0, 1.0, 1.1, 1.0, 0.800, 32
12, 1.0, 1.0, 1.1, 1.0, 0.800, 33
12, 1.0, 1.0, 1.1, 1.0, 0.800, 34
12, 1.0, 1.0, 1.1, 1.0, 0.800, 35
12, 1.0, 1.0, 1.1, 1.0, 0.800, 36
12, 1.0, 1.0, 1.1, 1.0, 0.800, 37
12, 1.0, 1.0, 1.1, 1.0, 0.800, 38
12, 1.0, 1.0, 1.1, 1.0, 0.800, 39
12, 1.0, 1.0, 1.1, 1.0, 0.800, 40
12, 1.0, 1.0, 1.1, 1.0, 0.800, 41
12, 1.0, 1.0, 1.1, 1.0, 0.800, 42
12, 1.0, 1.0, 1.1, 1.0, 0.800, 43
12, 1.0, 1.0, 1.1, 1.0, 0.800, 44
12, 1.0, 1.0, 1.1, 1.0, 0.800, 45
12, 1.0, 1.0, 1.1, 1.0, 0.800, 46
12, 1.0, 1.0, 1.1, 1.0, 0.800, 47
12, 1.0, 1.0, 1.1, 1.0, 0.800, 48
12, 1.0, 1.0, 1.1, 1.0, 0.800, 49
12, 1.0, 1.0, 1.1, 1.0, 0.800, 50
12, 1.0, 1.0, 1.2, 1.0, 0.800, 1
12, 1.0, 1.0, 1.2, 1.0, 0.800, 2
12, 1.0, 1.0, 1.2, 1.0, 0.800, 3
12, 1.0, 1.0, 1.2, 1.0, 0.800, 4
12, 1.0, 1.0, 1.2, 1.0, 0.800, 5
12, 1.0, 1.0, 1.2, 1.0, 0.800, 6
12, 1.0, 1.0, 1.2, 1.0, 0.800, 7
12, 1.0, 1.0, 1.2, 1.0, 0.800, 8
12, 1.0, 1.0, 1.2, 1.0, 0.800, 9
12, 1.0, 1.0, 1.2, 1.0, 0.800, 10
12, 1.0, 1.0, 1.2, 1.0, 0.800, 11
12, 1.0, 1.0, 1.2, 1.0, 0.800, 12
12, 1.0, 1.0, 1.2, 1.0, 0.800, 13
12, 1.0, 1.0, 1.2, 1.0, 0.800, 14
12, 1.0, 1.0, 1.2, 1.0, 0.800, 15
12, 1.0, 1.0, 1.2, 1.0, 0.800, 16
12, 1.0, 1.0, 1.2, 1.0, 0.800, 17
12, 1.0, 1.0, 1.2, 1.0, 0.800, 18
12, 1.0, 1.0, 1.2, 1.0, 0.800, 19
12, 1.0, 1.0, 1.2, 1.0, 0.800, 20
12, 1.0, 1.0, 1.2, 1.0, 0.800, 21
12, 1.0, 1.0, 1.2, 1.0, 0.800, 22
12, 1.0, 1.0, 1.2, 1.0, 0.800, 23
12, 1.0, 1.0, 1.2, 1.0, 0.800, 24
12, 1.0, 1.0, 1.2, 1.0, 0.800, 25
12, 1.0, 1.0, 1.2, 1.0, 0.800, 26
12, 1.0, 1.0, 1.2, 1.0, 0.800, 27
12, 1.0, 1.0, 1.2, 1.0, 0.800, 28
12, 1.0, 1.0, 1.2, 1.0, 0.800, 29
12, 1.0, 1.0, 1.2, 1.0, 0.800, 30
12, 1.0, 1.0, 1.2, 1.0, 0.800, 31
12, 1.0, 1.0, 1.2, 1.0, 0.800, 32
12, 1.0, 1.0, 1.2, 1.0, 0.800, 33
12, 1.0, 1.0, 1.2, 1.0, 0.800, 34
12, 1.0, 1.0, 1.2, 1.0, 0.800, 35
12, 1.0, 1.0, 1.2, 1.0, 0.800, 36
12, 1.0, 1.0, 1.2, 1.0, 0.800, 37
12, 1.0, 1.0, 1.2, 1.0, 0.800, 38
12, 1.0, 1.0, 1.2, 1.0, 0.800, 39
12, 1.0, 1.0, 1.2, 1.0, 0.800, 40
12, 1.0, 1.0, 1.2, 1.0, 0.800, 41
12, 1.0, 1.0, 1.2, 1.0, 0.800, 42
12, 1.0, 1.0, 1.2, 1.0, 0.800, 43
12, 1.0, 1.0, 1.2, 1.0, 0.800, 44
12, 1.0, 1.0, 1.2, 1.0, 0.800, 45
12, 1.0, 1.0, 1.2, 1.0, 0.800, 46
12, 1.0, 1.0, 1.2, 1.0, 0.800, 47
12, 1.0, 1.0, 1.2, 1.0, 0.800, 48
12, 1.0, 1.0, 1.2, 1.0, 0.800, 49
12, 1.0, 1.0, 1.2, 1.0, 0.800, 50
12, 1.0, 1.0, 1.0, 0.5, 0.800, 1
12, 1.0, 1.0, 1.0, 0.5, 0.800, 2
12, 1.0, 1.0, 1.0, 0.5, 0.800, 3
12, 1.0, 1.0, 1.0, 0.5, 0.800, 4
12, 1.0, 1.0, 1.0, 0.5, 0.800, 5
12, 1.0, 1.0, 1.0, 0.5, 0.800, 6
12, 1.0, 1.0, 1.0, 0.5, 0.800, 7
12, 1.0, 1.0, 1.0, 0.5, 0.800, 8
12, 1.0, 1.0, 1.0, 0.5, 0.800, 9
12, 1.0, 1.0, 1.0, 0.5, 0.800, 10
12, 1.0, 1.0, 1.0, 0.5, 0.800, 11
12, 1.0, 1.0, 1.0, 0.5, 0.800, 12
12, 1.0, 1.0, 1.0, 0.5, 0.800, 13
12, 1.0, 1.0, 1.0, 0.5, 0.800, 14
12, 1.0, 1.0, 1.0, 0.5, 0.800, 15
12, 1.0, 1.0, 1.0, 0.5, 0.800, 16
12, 1.0, 1.0, 1.0, 0.5, 0.800, 17
12, 1.0, 1.0, 1.0, 0.5, 0.800, 18
12, 1.0, 1.0, 1.0, 0.5, 0.800, 19
12, 1.0, 1.0, 1.0, 0.5, 0.800, 20
12, 1.0, 1.0, 1.0, 0.5, 0.800, 21
12, 1.0, 1.0, 1.0, 0.5, 0.800, 22
12, 1.0, 1.0, 1.0, 0.5, 0.800, 23
12, 1.0, 1.0, 1.0, 0.5, 0.800, 24
12, 1.0, 1.0, 1.0, 0.5, 0.800, 25
12, 1.0, 1.0, 1.0, 0.5, 0.800, 26
12, 1.0, 1.0, 1.0, 0.5, 0.800, 27
12, 1.0, 1.0, 1.0, 0.5, 0.800, 28
12, 1.0, 1.0, 1.0, 0.5, 0.800, 29
12, 1.0, 1.0, 1.0, 0.5, 0.800, 30
12, 1.0, 1.0, 1.0, 0.5, 0.800, 31
12, 1.0, 1.0, 1.0, 0.5, 0.800, 32
12, 1.0, 1.0, 1.0, 0.5, 0.800, 33
12, 1.0, 1.0, 1.0, 0.5, 0.800, 34
12, 1.0, 1.0, 1.0, 0.5, 0.800, 35
12, 1.0, 1.0, 1.0, 0.5, 0.800, 36
12, 1.0, 1.0, 1.0, 0.5, 0.800, 37
12, 1.0, 1.0, 1.0, 0.5, 0.800, 38
12, 1.0, 1.0, 1.0, 0.5, 0.800, 39
12, 1.0, 1.0, 1.0, 0.5, 0.800, 40
12, 1.0, 1.0, 1.0, 0.5, 0.800, 41
12, 1.0, 1.0, 1.0, 0.5, 0.800, 42
12, 1.0, 1.0, 1.0, 0.5, 0.800, 43
12, 1.0, 1.0, 1.0, 0.5, 0.800, 44
12, 1.0, 1.0, 1.0, 0.5, 0.800, 45
12, 1.0, 1.0, 1.0, 0.5, 0.800, 46
12, 1.0, 1.0, 1.0, 0.5, 0.800, 47
12, 1.0, 1.0, 1.0, 0.5, 0.800, 48
12, 1.0, 1.0, 1.0, 0.5, 0.800, 49
12, 1.0, 1.0, 1.0, 0.5, 0.800, 50
12, 1.0, 1.0, 1.0, 0.6, 0.800, 1
12, 1.0, 1.0, 1.0, 0.6, 0.800, 2
12, 1.0, 1.0, 1.0, 0.6, 0.800, 3
12, 1.0, 1.0, 1.0, 0.6, 0.800, 4
12, 1.0, 1.0, 1.0, 0.6, 0.800, 5
12, 1.0, 1.0, 1.0, 0.6, 0.800, 6
12, 1.0, 1.0, 1.0, 0.6, 0.800, 7
12, 1.0, 1.0, 1.0, 0.6, 0.800, 8
12, 1.0, 1.0, 1.0, 0.6, 0.800, 9
12, 1.0, 1.0, 1.0, 0.6, 0.800, 10
12, 1.0, 1.0, 1.0, 0.6, 0.800, 11
12, 1.0, 1.0, 1.0, 0.6, 0.800, 12
12, 1.0, 1.0, 1.0, 0.6, 0.800, 13
12, 1.0, 1.0, 1.0, 0.6, 0.800, 14
12, 1.0, 1.0, 1.0, 0.6, 0.800, 15
12, 1.0, 1.0, 1.0, 0.6, 0.800, 16
12, 1.0, 1.0, 1.0, 0.6, 0.800, 17
12, 1.0, 1.0, 1.0, 0.6, 0.800, 18
12, 1.0, 1.0, 1.0, 0.6, 0.800, 19
12, 1.0, 1.0, 1.0, 0.6, 0.800, 20
12, 1.0, 1.0, 1.0, 0.6, 0.800, 21
12, 1.0, 1.0, 1.0, 0.6, 0.800, 22
12, 1.0, 1.0, 1.0, 0.6, 0.800, 23
12, 1.0, 1.0, 1.0, 0.6, 0.800, 24
12, 1.0, 1.0, 1.0, 0.6, 0.800, 25
12, 1.0, 1.0, 1.0, 0.6, 0.800, 26
12, 1.0, 1.0, 1.0, 0.6, 0.800, 27
12, 1.0, 1.0, 1.0, 0.6, 0.800, 28
12, 1.0, 1.0, 1.0, 0.6, 0.800, 29
12, 1.0, 1.0, 1.0, 0.6, 0.800, 30
12, 1.0, 1.0, 1.0, 0.6, 0.800, 31
12, 1.0, 1.0, 1.0, 0.6, 0.800, 32
12, 1.0, 1.0, 1.0, 0.6, 0.800, 33
12, 1.0, 1.0, 1.0, 0.6, 0.800, 34
12, 1.0, 1.0, 1.0, 0.6, 0.800, 35
12, 1.0, 1.0, 1.0, 0.6, 0.800, 36
12, 1.0, 1.0, 1.0, 0.6, 0.800, 37
12, 1.0, 1.0, 1.0, 0.6, 0.800, 38
12, 1.0, 1.0, 1.0, 0.6, 0.800, 39
12, 1.0, 1.0, 1.0, 0.6, 0.800, 40
12, 1.0, 1.0, 1.0, 0.6, 0.800, 41
12, 1.0, 1.0, 1.0, 0.6, 0.800, 42
12, 1.0, 1.0, 1.0, 0.6, 0.800, 43
12, 1.0, 1.0, 1.0, 0.6, 0.800, 44
12, 1.0, 1.0, 1.0, 0.6, 0.800, 45
12, 1.0, 1.0, 1.0, 0.6, 0.800, 46
12, 1.0, 1.0, 1.0, 0.6, 0.800, 47
12, 1.0, 1.0, 1.0, 0.6, 0.800, 48
12, 1.0, 1.0, 1.0, 0.6, 0.800, 49
12, 1.0, 1.0, 1.0, 0.6, 0.800, 50
12, 1.0, 1.0, 1.0, 0.7, 0.800, 1
12, 1.0, 1.0, 1.0, 0.7, 0.800, 2
12, 1.0, 1.0, 1.0, 0.7, 0.800, 3
12, 1.0, 1.0, 1.0, 0.7, 0.800, 4
12, 1.0, 1.0, 1.0, 0.7, 0.800, 5
12, 1.0, 1.0, 1.0, 0.7, 0.800, 6
12, 1.0, 1.0, 1.0, 0.7, 0.800, 7
12, 1.0, 1.0, 1.0, 0.7, 0.800, 8
12, 1.0, 1.0, 1.0, 0.7, 0.800, 9
12, 1.0, 1.0, 1.0, 0.7, 0.800, 10
12, 1.0, 1.0, 1.0, 0.7, 0.800, 11
12, 1.0, 1.0, 1.0, 0.7, 0.800, 12
12, 1.0, 1.0, 1.0, 0.7, 0.800, 13
12, 1.0, 1.0, 1.0, 0.7, 0.800, 14
12, 1.0, 1.0, 1.0, 0.7, 0.800, 15
12, 1.0, 1.0, 1.0, 0.7, 0.800, 16
12, 1.0, 1.0, 1.0, 0.7, 0.800, 17
12, 1.0, 1.0, 1.0, 0.7, 0.800, 18
12, 1.0, 1.0, 1.0, 0.7, 0.800, 19
12, 1.0, 1.0, 1.0, 0.7, 0.800, 20
12, 1.0, 1.0, 1.0, 0.7, 0.800, 21
12, 1.0, 1.0, 1.0, 0.7, 0.800, 22
12, 1.0, 1.0, 1.0, 0.7, 0.800, 23
12, 1.0, 1.0, 1.0, 0.7, 0.800, 24
12, 1.0, 1.0, 1.0, 0.7, 0.800, 25
12, 1.0, 1.0, 1.0, 0.7, 0.800, 26
12, 1.0, 1.0, 1.0, 0.7, 0.800, 27
12, 1.0, 1.0, 1.0, 0.7, 0.800, 28
12, 1.0, 1.0, 1.0, 0.7, 0.800, 29
12, 1.0, 1.0, 1.0, 0.7, 0.800, 30
12, 1.0, 1.0, 1.0, 0.7, 0.800, 31
12, 1.0, 1.0, 1.0, 0.7, 0.800, 32
12, 1.0, 1.0, 1.0, 0.7, 0.800, 33
12, 1.0, 1.0, 1.0, 0.7, 0.800, 34
12, 1.0, 1.0, 1.0, 0.7, 0.800, 35
12, 1.0, 1.0, 1.0, 0.7, 0.800, 36
12, 1.0, 1.0, 1.0, 0.7, 0.800, 37
12, 1.0, 1.0, 1.0, 0.7, 0.800, 38
12, 1.0, 1.0, 1.0, 0.7, 0.800, 39
12, 1.0, 1.0, 1.0, 0.7, 0.800, 40
12, 1.0, 1.0, 1.0, 0.7, 0.800, 41
12, 1.0, 1.0, 1.0, 0.7, 0.800, 42
12, 1.0, 1.0, 1.0, 0.7, 0.800, 43
12, 1.0, 1.0, 1.0, 0.7, 0.800, 44
12, 1.0, 1.0, 1.0, 0.7, 0.800, 45
12, 1.0, 1.0, 1.0, 0.7, 0.800, 46
12, 1.0, 1.0, 1.0, 0.7, 0.800, 47
12, 1.0, 1.0, 1.0, 0.7, 0.800, 48
12, 1.0, 1.0, 1.0, 0.7, 0.800, 49
12, 1.0, 1.0, 1.0, 0.7, 0.800, 50
12, 1.0, 1.0, 1.0, 0.8, 0.800, 1
12, 1.0, 1.0, 1.0, 0.8, 0.800, 2
12, 1.0, 1.0, 1.0, 0.8, 0.800, 3
12, 1.0, 1.0, 1.0, 0.8, 0.800, 4
12, 1.0, 1.0, 1.0, 0.8, 0.800, 5
12, 1.0, 1.0, 1.0, 0.8, 0.800, 6
12, 1.0, 1.0, 1.0, 0.8, 0.800, 7
12, 1.0, 1.0, 1.0, 0.8, 0.800, 8
12, 1.0, 1.0, 1.0, 0.8, 0.800, 9
12, 1.0, 1.0, 1.0, 0.8, 0.800, 10
12, 1.0, 1.0, 1.0, 0.8, 0.800, 11
12, 1.0, 1.0, 1.0, 0.8, 0.800, 12
12, 1.0, 1.0, 1.0, 0.8, 0.800, 13
12, 1.0, 1.0, 1.0, 0.8, 0.800, 14
12, 1.0, 1.0, 1.0, 0.8, 0.800, 15
12, 1.0, 1.0, 1.0, 0.8, 0.800, 16
12, 1.0, 1.0, 1.0, 0.8, 0.800, 17
12, 1.0, 1.0, 1.0, 0.8, 0.800, 18
12, 1.0, 1.0, 1.0, 0.8, 0.800, 19
12, 1.0, 1.0, 1.0, 0.8, 0.800, 20
12, 1.0, 1.0, 1.0, 0.8, 0.800, 21
12, 1.0, 1.0, 1.0, 0.8, 0.800, 22
12, 1.0, 1.0, 1.0, 0.8, 0.800, 23
12, 1.0, 1.0, 1.0, 0.8, 0.800, 24
12, 1.0, 1.0, 1.0, 0.8, 0.800, 25
12, 1.0, 1.0, 1.0, 0.8, 0.800, 26
12, 1.0, 1.0, 1.0, 0.8, 0.800, 27
12, 1.0, 1.0, 1.0, 0.8, 0.800, 28
12, 1.0, 1.0, 1.0, 0.8, 0.800, 29
12, 1.0, 1.0, 1.0, 0.8, 0.800, 30
12, 1.0, 1.0, 1.0, 0.8, 0.800, 31
12, 1.0, 1.0, 1.0, 0.8, 0.800, 32
12, 1.0, 1.0, 1.0, 0.8, 0.800, 33
12, 1.0, 1.0, 1.0, 0.8, 0.800, 34
12, 1.0, 1.0, 1.0, 0.8, 0.800, 35
12, 1.0, 1.0, 1.0, 0.8, 0.800, 36
12, 1.0, 1.0, 1.0, 0.8, 0.800, 37
12, 1.0, 1.0, 1.0, 0.8, 0.800, 38
12, 1.0, 1.0, 1.0, 0.8, 0.800, 39
12, 1.0, 1.0, 1.0, 0.8, 0.800, 40
12, 1.0, 1.0, 1.0, 0.8, 0.800, 41
12, 1.0, 1.0, 1.0, 0.8, 0.800, 42
12, 1.0, 1.0, 1.0, 0.8, 0.800, 43
12, 1.0, 1.0, 1.0, 0.8, 0.800, 44
12, 1.0, 1.0, 1.0, 0.8, 0.800, 45
12, 1.0, 1.0, 1.0, 0.8, 0.800, 46
12, 1.0, 1.0, 1.0, 0.8, 0.800, 47
12, 1.0, 1.0, 1.0, 0.8, 0.800, 48
12, 1.0, 1.0, 1.0, 0.8, 0.800, 49
12, 1.0, 1.0, 1.0, 0.8, 0.800, 50
12, 1.0, 1.0, 1.0, 0.9, 0.800, 1
12, 1.0, 1.0, 1.0, 0.9, 0.800, 2
12, 1.0, 1.0, 1.0, 0.9, 0.800, 3
12, 1.0, 1.0, 1.0, 0.9, 0.800, 4
12, 1.0, 1.0, 1.0, 0.9, 0.800, 5
12, 1.0, 1.0, 1.0, 0.9, 0.800, 6
12, 1.0, 1.0, 1.0, 0.9, 0.800, 7
12, 1.0, 1.0, 1.0, 0.9, 0.800, 8
12, 1.0, 1.0, 1.0, 0.9, 0.800, 9
12, 1.0, 1.0, 1.0, 0.9, 0.800, 10
12, 1.0, 1.0, 1.0, 0.9, 0.800, 11
12, 1.0, 1.0, 1.0, 0.9, 0.800, 12
12, 1.0, 1.0, 1.0, 0.9, 0.800, 13
12, 1.0, 1.0, 1.0, 0.9, 0.800, 14
12, 1.0, 1.0, 1.0, 0.9, 0.800, 15
12, 1.0, 1.0, 1.0, 0.9, 0.800, 16
12, 1.0, 1.0, 1.0, 0.9, 0.800, 17
12, 1.0, 1.0, 1.0, 0.9, 0.800, 18
12, 1.0, 1.0, 1.0, 0.9, 0.800, 19
12, 1.0, 1.0, 1.0, 0.9, 0.800, 20
12, 1.0, 1.0, 1.0, 0.9, 0.800, 21
12, 1.0, 1.0, 1.0, 0.9, 0.800, 22
12, 1.0, 1.0, 1.0, 0.9, 0.800, 23
12, 1.0, 1.0, 1.0, 0.9, 0.800, 24
12, 1.0, 1.0, 1.0, 0.9, 0.800, 25
12, 1.0, 1.0, 1.0, 0.9, 0.800, 26
12, 1.0, 1.0, 1.0, 0.9, 0.800, 27
12, 1.0, 1.0, 1.0, 0.9, 0.800, 28
12, 1.0, 1.0, 1.0, 0.9, 0.800, 29
12, 1.0, 1.0, 1.0, 0.9, 0.800, 30
12, 1.0, 1.0, 1.0, 0.9, 0.800, 31
12, 1.0, 1.0, 1.0, 0.9, 0.800, 32
12, 1.0, 1.0, 1.0, 0.9, 0.800, 33
12, 1.0, 1.0, 1.0, 0.9, 0.800, 34
12, 1.0, 1.0, 1.0, 0.9, 0.800, 35
12, 1.0, 1.0, 1.0, 0.9, 0.800, 36
12, 1.0, 1.0, 1.0, 0.9, 0.800, 37
12, 1.0, 1.0, 1.0, 0.9, 0.800, 38
12, 1.0, 1.0, 1.0, 0.9, 0.800, 39
12, 1.0, 1.0, 1.0, 0.9, 0.800, 40
12, 1.0, 1.0, 1.0, 0.9, 0.800, 41
12, 1.0, 1.0, 1.0, 0.9, 0.800, 42
12, 1.0, 1.0, 1.0, 0.9, 0.800, 43
12, 1.0, 1.0, 1.0, 0.9, 0.800, 44
12, 1.0, 1.0, 1.0, 0.9, 0.800, 45
12, 1.0, 1.0, 1.0, 0.9, 0.800, 46
12, 1.0, 1.0, 1.0, 0.9, 0.800, 47
12, 1.0, 1.0, 1.0, 0.9, 0.800, 48
12, 1.0, 1.0, 1.0, 0.9, 0.800, 49
12, 1.0, 1.0, 1.0, 0.9, 0.800, 50
12, 1.0, 1.0, 1.0, 1.1, 0.800, 1
12, 1.0, 1.0, 1.0, 1.1, 0.800, 2
12, 1.0, 1.0, 1.0, 1.1, 0.800, 3
12, 1.0, 1.0, 1.0, 1.1, 0.800, 4
12, 1.0, 1.0, 1.0, 1.1, 0.800, 5
12, 1.0, 1.0, 1.0, 1.1, 0.800, 6
12, 1.0, 1.0, 1.0, 1.1, 0.800, 7
12, 1.0, 1.0, 1.0, 1.1, 0.800, 8
12, 1.0, 1.0, 1.0, 1.1, 0.800, 9
12, 1.0, 1.0, 1.0, 1.1, 0.800, 10
12, 1.0, 1.0, 1.0, 1.1, 0.800, 11
12, 1.0, 1.0, 1.0, 1.1, 0.800, 12
12, 1.0, 1.0, 1.0, 1.1, 0.800, 13
12, 1.0, 1.0, 1.0, 1.1, 0.800, 14
12, 1.0, 1.0, 1.0, 1.1, 0.800, 15
12, 1.0, 1.0, 1.0, 1.1, 0.800, 16
12, 1.0, 1.0, 1.0, 1.1, 0.800, 17
12, 1.0, 1.0, 1.0, 1.1, 0.800, 18
12, 1.0, 1.0, 1.0, 1.1, 0.800, 19
12, 1.0, 1.0, 1.0, 1.1, 0.800, 20
12, 1.0, 1.0, 1.0, 1.1, 0.800, 21
12, 1.0, 1.0, 1.0, 1.1, 0.800, 22
12, 1.0, 1.0, 1.0, 1.1, 0.800, 23
12, 1.0, 1.0, 1.0, 1.1, 0.800, 24
12, 1.0, 1.0, 1.0, 1.1, 0.800, 25
12, 1.0, 1.0, 1.0, 1.1, 0.800, 26
12, 1.0, 1.0, 1.0, 1.1, 0.800, 27
12, 1.0, 1.0, 1.0, 1.1, 0.800, 28
12, 1.0, 1.0, 1.0, 1.1, 0.800, 29
12, 1.0, 1.0, 1.0, 1.1, 0.800, 30
12, 1.0, 1.0, 1.0, 1.1, 0.800, 31
12, 1.0, 1.0, 1.0, 1.1, 0.800, 32
12, 1.0, 1.0, 1.0, 1.1, 0.800, 33
12, 1.0, 1.0, 1.0, 1.1, 0.800, 34
12, 1.0, 1.0, 1.0, 1.1, 0.800, 35
12, 1.0, 1.0, 1.0, 1.1, 0.800, 36
12, 1.0, 1.0, 1.0, 1.1, 0.800, 37
12, 1.0, 1.0, 1.0, 1.1, 0.800, 38
12, 1.0, 1.0, 1.0, 1.1, 0.800, 39
12, 1.0, 1.0, 1.0, 1.1, 0.800, 40
12, 1.0, 1.0, 1.0, 1.1, 0.800, 41
12, 1.0, 1.0, 1.0, 1.1, 0.800, 42
12, 1.0, 1.0, 1.0, 1.1, 0.800, 43
12, 1.0, 1.0, 1.0, 1.1, 0.800, 44
12, 1.0, 1.0, 1.0, 1.1, 0.800, 45
12, 1.0, 1.0, 1.0, 1.1, 0.800, 46
12, 1.0, 1.0, 1.0, 1.1, 0.800, 47
12, 1.0, 1.0, 1.0, 1.1, 0.800, 48
12, 1.0, 1.0, 1.0, 1.1, 0.800, 49
12, 1.0, 1.0, 1.0, 1.1, 0.800, 50
12, 1.0, 1.0, 1.0, 1.2, 0.800, 1
12, 1.0, 1.0, 1.0, 1.2, 0.800, 2
12, 1.0, 1.0, 1.0, 1.2, 0.800, 3
12, 1.0, 1.0, 1.0, 1.2, 0.800, 4
12, 1.0, 1.0, 1.0, 1.2, 0.800, 5
12, 1.0, 1.0, 1.0, 1.2, 0.800, 6
12, 1.0, 1.0, 1.0, 1.2, 0.800, 7
12, 1.0, 1.0, 1.0, 1.2, 0.800, 8
12, 1.0, 1.0, 1.0, 1.2, 0.800, 9
12, 1.0, 1.0, 1.0, 1.2, 0.800, 10
12, 1.0, 1.0, 1.0, 1.2, 0.800, 11
12, 1.0, 1.0, 1.0, 1.2, 0.800, 12
12, 1.0, 1.0, 1.0, 1.2, 0.800, 13
12, 1.0, 1.0, 1.0, 1.2, 0.800, 14
12, 1.0, 1.0, 1.0, 1.2, 0.800, 15
12, 1.0, 1.0, 1.0, 1.2, 0.800, 16
12, 1.0, 1.0, 1.0, 1.2, 0.800, 17
12, 1.0, 1.0, 1.0, 1.2, 0.800, 18
12, 1.0, 1.0, 1.0, 1.2, 0.800, 19
12, 1.0, 1.0, 1.0, 1.2, 0.800, 20
12, 1.0, 1.0, 1.0, 1.2, 0.800, 21
12, 1.0, 1.0, 1.0, 1.2, 0.800, 22
12, 1.0, 1.0, 1.0, 1.2, 0.800, 23
12, 1.0, 1.0, 1.0, 1.2, 0.800, 24
12, 1.0, 1.0, 1.0, 1.2, 0.800, 25
12, 1.0, 1.0, 1.0, 1.2, 0.800, 26
12, 1.0, 1.0, 1.0, 1.2, 0.800, 27
12, 1.0, 1.0, 1.0, 1.2, 0.800, 28
12, 1.0, 1.0, 1.0, 1.2, 0.800, 29
12, 1.0, 1.0, 1.0, 1.2, 0.800, 30
12, 1.0, 1.0, 1.0, 1.2, 0.800, 31
12, 1.0, 1.0, 1.0, 1.2, 0.800, 32
12, 1.0, 1.0, 1.0, 1.2, 0.800, 33
12, 1.0, 1.0, 1.0, 1.2, 0.800, 34
12, 1.0, 1.0, 1.0, 1.2, 0.800, 35
12, 1.0, 1.0, 1.0, 1.2, 0.800, 36
12, 1.0, 1.0, 1.0, 1.2, 0.800, 37
12, 1.0, 1.0, 1.0, 1.2, 0.800, 38
12, 1.0, 1.0, 1.0, 1.2, 0.800, 39
12, 1.0, 1.0, 1.0, 1.2, 0.800, 40
12, 1.0, 1.0, 1.0, 1.2, 0.800, 41
12, 1.0, 1.0, 1.0, 1.2, 0.800, 42
12, 1.0, 1.0, 1.0, 1.2, 0.800, 43
12, 1.0, 1.0, 1.0, 1.2, 0.800, 44
12, 1.0, 1.0, 1.0, 1.2, 0.800, 45
12, 1.0, 1.0, 1.0, 1.2, 0.800, 46
12, 1.0, 1.0, 1.0, 1.2, 0.800, 47
12, 1.0, 1.0, 1.0, 1.2, 0.800, 48
12, 1.0, 1.0, 1.0, 1.2, 0.800, 49
12, 1.0, 1.0, 1.0, 1.2, 0.800, 50
12, 1.0, 1.0, 0.5, 0.5, 0.800, 1
12, 1.0, 1.0, 0.5, 0.5, 0.800, 2
12, 1.0, 1.0, 0.5, 0.5, 0.800, 3
12, 1.0, 1.0, 0.5, 0.5, 0.800, 4
12, 1.0, 1.0, 0.5, 0.5, 0.800, 5
12, 1.0, 1.0, 0.5, 0.5, 0.800, 6
12, 1.0, 1.0, 0.5, 0.5, 0.800, 7
12, 1.0, 1.0, 0.5, 0.5, 0.800, 8
12, 1.0, 1.0, 0.5, 0.5, 0.800, 9
12, 1.0, 1.0, 0.5, 0.5, 0.800, 10
12, 1.0, 1.0, 0.5, 0.5, 0.800, 11
12, 1.0, 1.0, 0.5, 0.5, 0.800, 12
12, 1.0, 1.0, 0.5, 0.5, 0.800, 13
12, 1.0, 1.0, 0.5, 0.5, 0.800, 14
12, 1.0, 1.0, 0.5, 0.5, 0.800, 15
12, 1.0, 1.0, 0.5, 0.5, 0.800, 16
12, 1.0, 1.0, 0.5, 0.5, 0.800, 17
12, 1.0, 1.0, 0.5, 0.5, 0.800, 18
12, 1.0, 1.0, 0.5, 0.5, 0.800, 19
12, 1.0, 1.0, 0.5, 0.5, 0.800, 20
12, 1.0, 1.0, 0.5, 0.5, 0.800, 21
12, 1.0, 1.0, 0.5, 0.5, 0.800, 22
12, 1.0, 1.0, 0.5, 0.5, 0.800, 23
12, 1.0, 1.0, 0.5, 0.5, 0.800, 24
12, 1.0, 1.0, 0.5, 0.5, 0.800, 25
12, 1.0, 1.0, 0.5, 0.5, 0.800, 26
12, 1.0, 1.0, 0.5, 0.5, 0.800, 27
12, 1.0, 1.0, 0.5, 0.5, 0.800, 28
12, 1.0, 1.0, 0.5, 0.5, 0.800, 29
12, 1.0, 1.0, 0.5, 0.5, 0.800, 30
12, 1.0, 1.0, 0.5, 0.5, 0.800, 31
12, 1.0, 1.0, 0.5, 0.5, 0.800, 32
12, 1.0, 1.0, 0.5, 0.5, 0.800, 33
12, 1.0, 1.0, 0.5, 0.5, 0.800, 34
12, 1.0, 1.0, 0.5, 0.5, 0.800, 35
12, 1.0, 1.0, 0.5, 0.5, 0.800, 36
12, 1.0, 1.0, 0.5, 0.5, 0.800, 37
12, 1.0, 1.0, 0.5, 0.5, 0.800, 38
12, 1.0, 1.0, 0.5, 0.5, 0.800, 39
12, 1.0, 1.0, 0.5, 0.5, 0.800, 40
12, 1.0, 1.0, 0.5, 0.5, 0.800, 41
12, 1.0, 1.0, 0.5, 0.5, 0.800, 42
12, 1.0, 1.0, 0.5, 0.5, 0.800, 43
12, 1.0, 1.0, 0.5, 0.5, 0.800, 44
12, 1.0, 1.0, 0.5, 0.5, 0.800, 45
12, 1.0, 1.0, 0.5, 0.5, 0.800, 46
12, 1.0, 1.0, 0.5, 0.5, 0.800, 47
12, 1.0, 1.0, 0.5, 0.5, 0.800, 48
12, 1.0, 1.0, 0.5, 0.5, 0.800, 49
12, 1.0, 1.0, 0.5, 0.5, 0.800, 50
12, 1.0, 1.0, 0.6, 0.6, 0.800, 1
12, 1.0, 1.0, 0.6, 0.6, 0.800, 2
12, 1.0, 1.0, 0.6, 0.6, 0.800, 3
12, 1.0, 1.0, 0.6, 0.6, 0.800, 4
12, 1.0, 1.0, 0.6, 0.6, 0.800, 5
12, 1.0, 1.0, 0.6, 0.6, 0.800, 6
12, 1.0, 1.0, 0.6, 0.6, 0.800, 7
12, 1.0, 1.0, 0.6, 0.6, 0.800, 8
12, 1.0, 1.0, 0.6, 0.6, 0.800, 9
12, 1.0, 1.0, 0.6, 0.6, 0.800, 10
12, 1.0, 1.0, 0.6, 0.6, 0.800, 11
12, 1.0, 1.0, 0.6, 0.6, 0.800, 12
12, 1.0, 1.0, 0.6, 0.6, 0.800, 13
12, 1.0, 1.0, 0.6, 0.6, 0.800, 14
12, 1.0, 1.0, 0.6, 0.6, 0.800, 15
12, 1.0, 1.0, 0.6, 0.6, 0.800, 16
12, 1.0, 1.0, 0.6, 0.6, 0.800, 17
12, 1.0, 1.0, 0.6, 0.6, 0.800, 18
12, 1.0, 1.0, 0.6, 0.6, 0.800, 19
12, 1.0, 1.0, 0.6, 0.6, 0.800, 20
12, 1.0, 1.0, 0.6, 0.6, 0.800, 21
12, 1.0, 1.0, 0.6, 0.6, 0.800, 22
12, 1.0, 1.0, 0.6, 0.6, 0.800, 23
12, 1.0, 1.0, 0.6, 0.6, 0.800, 24
12, 1.0, 1.0, 0.6, 0.6, 0.800, 25
12, 1.0, 1.0, 0.6, 0.6, 0.800, 26
12, 1.0, 1.0, 0.6, 0.6, 0.800, 27
12, 1.0, 1.0, 0.6, 0.6, 0.800, 28
12, 1.0, 1.0, 0.6, 0.6, 0.800, 29
12, 1.0, 1.0, 0.6, 0.6, 0.800, 30
12, 1.0, 1.0, 0.6, 0.6, 0.800, 31
12, 1.0, 1.0, 0.6, 0.6, 0.800, 32
12, 1.0, 1.0, 0.6, 0.6, 0.800, 33
12, 1.0, 1.0, 0.6, 0.6, 0.800, 34
12, 1.0, 1.0, 0.6, 0.6, 0.800, 35
12, 1.0, 1.0, 0.6, 0.6, 0.800, 36
12, 1.0, 1.0, 0.6, 0.6, 0.800, 37
12, 1.0, 1.0, 0.6, 0.6, 0.800, 38
12, 1.0, 1.0, 0.6, 0.6, 0.800, 39
12, 1.0, 1.0, 0.6, 0.6, 0.800, 40
12, 1.0, 1.0, 0.6, 0.6, 0.800, 41
12, 1.0, 1.0, 0.6, 0.6, 0.800, 42
12, 1.0, 1.0, 0.6, 0.6, 0.800, 43
12, 1.0, 1.0, 0.6, 0.6, 0.800, 44
12, 1.0, 1.0, 0.6, 0.6, 0.800, 45
12, 1.0, 1.0, 0.6, 0.6, 0.800, 46
12, 1.0, 1.0, 0.6, 0.6, 0.800, 47
12, 1.0, 1.0, 0.6, 0.6, 0.800, 48
12, 1.0, 1.0, 0.6, 0.6, 0.800, 49
12, 1.0, 1.0, 0.6, 0.6, 0.800, 50
12, 1.0, 1.0, 0.7, 0.7, 0.800, 1
12, 1.0, 1.0, 0.7, 0.7, 0.800, 2
12, 1.0, 1.0, 0.7, 0.7, 0.800, 3
12, 1.0, 1.0, 0.7, 0.7, 0.800, 4
12, 1.0, 1.0, 0.7, 0.7, 0.800, 5
12, 1.0, 1.0, 0.7, 0.7, 0.800, 6
12, 1.0, 1.0, 0.7, 0.7, 0.800, 7
12, 1.0, 1.0, 0.7, 0.7, 0.800, 8
12, 1.0, 1.0, 0.7, 0.7, 0.800, 9
12, 1.0, 1.0, 0.7, 0.7, 0.800, 10
12, 1.0, 1.0, 0.7, 0.7, 0.800, 11
12, 1.0, 1.0, 0.7, 0.7, 0.800, 12
12, 1.0, 1.0, 0.7, 0.7, 0.800, 13
12, 1.0, 1.0, 0.7, 0.7, 0.800, 14
12, 1.0, 1.0, 0.7, 0.7, 0.800, 15
12, 1.0, 1.0, 0.7, 0.7, 0.800, 16
12, 1.0, 1.0, 0.7, 0.7, 0.800, 17
12, 1.0, 1.0, 0.7, 0.7, 0.800, 18
12, 1.0, 1.0, 0.7, 0.7, 0.800, 19
12, 1.0, 1.0, 0.7, 0.7, 0.800, 20
12, 1.0, 1.0, 0.7, 0.7, 0.800, 21
12, 1.0, 1.0, 0.7, 0.7, 0.800, 22
12, 1.0, 1.0, 0.7, 0.7, 0.800, 23
12, 1.0, 1.0, 0.7, 0.7, 0.800, 24
12, 1.0, 1.0, 0.7, 0.7, 0.800, 25
12, 1.0, 1.0, 0.7, 0.7, 0.800, 26
12, 1.0, 1.0, 0.7, 0.7, 0.800, 27
12, 1.0, 1.0, 0.7, 0.7, 0.800, 28
12, 1.0, 1.0, 0.7, 0.7, 0.800, 29
12, 1.0, 1.0, 0.7, 0.7, 0.800, 30
12, 1.0, 1.0, 0.7, 0.7, 0.800, 31
12, 1.0, 1.0, 0.7, 0.7, 0.800, 32
12, 1.0, 1.0, 0.7, 0.7, 0.800, 33
12, 1.0, 1.0, 0.7, 0.7, 0.800, 34
12, 1.0, 1.0, 0.7, 0.7, 0.800, 35
12, 1.0, 1.0, 0.7, 0.7, 0.800, 36
12, 1.0, 1.0, 0.7, 0.7, 0.800, 37
12, 1.0, 1.0, 0.7, 0.7, 0.800, 38
12, 1.0, 1.0, 0.7, 0.7, 0.800, 39
12, 1.0, 1.0, 0.7, 0.7, 0.800, 40
12, 1.0, 1.0, 0.7, 0.7, 0.800, 41
12, 1.0, 1.0, 0.7, 0.7, 0.800, 42
12, 1.0, 1.0, 0.7, 0.7, 0.800, 43
12, 1.0, 1.0, 0.7, 0.7, 0.800, 44
12, 1.0, 1.0, 0.7, 0.7, 0.800, 45
12, 1.0, 1.0, 0.7, 0.7, 0.800, 46
12, 1.0, 1.0, 0.7, 0.7, 0.800, 47
12, 1.0, 1.0, 0.7, 0.7, 0.800, 48
12, 1.0, 1.0, 0.7, 0.7, 0.800, 49
12, 1.0, 1.0, 0.7, 0.7, 0.800, 50
12, 1.0, 1.0, 0.8, 0.8, 0.800, 1
12, 1.0, 1.0, 0.8, 0.8, 0.800, 2
12, 1.0, 1.0, 0.8, 0.8, 0.800, 3
12, 1.0, 1.0, 0.8, 0.8, 0.800, 4
12, 1.0, 1.0, 0.8, 0.8, 0.800, 5
12, 1.0, 1.0, 0.8, 0.8, 0.800, 6
12, 1.0, 1.0, 0.8, 0.8, 0.800, 7
12, 1.0, 1.0, 0.8, 0.8, 0.800, 8
12, 1.0, 1.0, 0.8, 0.8, 0.800, 9
12, 1.0, 1.0, 0.8, 0.8, 0.800, 10
12, 1.0, 1.0, 0.8, 0.8, 0.800, 11
12, 1.0, 1.0, 0.8, 0.8, 0.800, 12
12, 1.0, 1.0, 0.8, 0.8, 0.800, 13
12, 1.0, 1.0, 0.8, 0.8, 0.800, 14
12, 1.0, 1.0, 0.8, 0.8, 0.800, 15
12, 1.0, 1.0, 0.8, 0.8, 0.800, 16
12, 1.0, 1.0, 0.8, 0.8, 0.800, 17
12, 1.0, 1.0, 0.8, 0.8, 0.800, 18
12, 1.0, 1.0, 0.8, 0.8, 0.800, 19
12, 1.0, 1.0, 0.8, 0.8, 0.800, 20
12, 1.0, 1.0, 0.8, 0.8, 0.800, 21
12, 1.0, 1.0, 0.8, 0.8, 0.800, 22
12, 1.0, 1.0, 0.8, 0.8, 0.800, 23
12, 1.0, 1.0, 0.8, 0.8, 0.800, 24
12, 1.0, 1.0, 0.8, 0.8, 0.800, 25
12, 1.0, 1.0, 0.8, 0.8, 0.800, 26
12, 1.0, 1.0, 0.8, 0.8, 0.800, 27
12, 1.0, 1.0, 0.8, 0.8, 0.800, 28
12, 1.0, 1.0, 0.8, 0.8, 0.800, 29
12, 1.0, 1.0, 0.8, 0.8, 0.800, 30
12, 1.0, 1.0, 0.8, 0.8, 0.800, 31
12, 1.0, 1.0, 0.8, 0.8, 0.800, 32
12, 1.0, 1.0, 0.8, 0.8, 0.800, 33
12, 1.0, 1.0, 0.8, 0.8, 0.800, 34
12, 1.0, 1.0, 0.8, 0.8, 0.800, 35
12, 1.0, 1.0, 0.8, 0.8, 0.800, 36
12, 1.0, 1.0, 0.8, 0.8, 0.800, 37
12, 1.0, 1.0, 0.8, 0.8, 0.800, 38
12, 1.0, 1.0, 0.8, 0.8, 0.800, 39
12, 1.0, 1.0, 0.8, 0.8, 0.800, 40
12, 1.0, 1.0, 0.8, 0.8, 0.800, 41
12, 1.0, 1.0, 0.8, 0.8, 0.800, 42
12, 1.0, 1.0, 0.8, 0.8, 0.800, 43
12, 1.0, 1.0, 0.8, 0.8, 0.800, 44
12, 1.0, 1.0, 0.8, 0.8, 0.800, 45
12, 1.0, 1.0, 0.8, 0.8, 0.800, 46
12, 1.0, 1.0, 0.8, 0.8, 0.800, 47
12, 1.0, 1.0, 0.8, 0.8, 0.800, 48
12, 1.0, 1.0, 0.8, 0.8, 0.800, 49
12, 1.0, 1.0, 0.8, 0.8, 0.800, 50
12, 1.0, 1.0, 0.9, 0.9, 0.800, 1
12, 1.0, 1.0, 0.9, 0.9, 0.800, 2
12, 1.0, 1.0, 0.9, 0.9, 0.800, 3
12, 1.0, 1.0, 0.9, 0.9, 0.800, 4
12, 1.0, 1.0, 0.9, 0.9, 0.800, 5
12, 1.0, 1.0, 0.9, 0.9, 0.800, 6
12, 1.0, 1.0, 0.9, 0.9, 0.800, 7
12, 1.0, 1.0, 0.9, 0.9, 0.800, 8
12, 1.0, 1.0, 0.9, 0.9, 0.800, 9
12, 1.0, 1.0, 0.9, 0.9, 0.800, 10
12, 1.0, 1.0, 0.9, 0.9, 0.800, 11
12, 1.0, 1.0, 0.9, 0.9, 0.800, 12
12, 1.0, 1.0, 0.9, 0.9, 0.800, 13
12, 1.0, 1.0, 0.9, 0.9, 0.800, 14
12, 1.0, 1.0, 0.9, 0.9, 0.800, 15
12, 1.0, 1.0, 0.9, 0.9, 0.800, 16
12, 1.0, 1.0, 0.9, 0.9, 0.800, 17
12, 1.0, 1.0, 0.9, 0.9, 0.800, 18
12, 1.0, 1.0, 0.9, 0.9, 0.800, 19
12, 1.0, 1.0, 0.9, 0.9, 0.800, 20
12, 1.0, 1.0, 0.9, 0.9, 0.800, 21
12, 1.0, 1.0, 0.9, 0.9, 0.800, 22
12, 1.0, 1.0, 0.9, 0.9, 0.800, 23
12, 1.0, 1.0, 0.9, 0.9, 0.800, 24
12, 1.0, 1.0, 0.9, 0.9, 0.800, 25
12, 1.0, 1.0, 0.9, 0.9, 0.800, 26
12, 1.0, 1.0, 0.9, 0.9, 0.800, 27
12, 1.0, 1.0, 0.9, 0.9, 0.800, 28
12, 1.0, 1.0, 0.9, 0.9, 0.800, 29
12, 1.0, 1.0, 0.9, 0.9, 0.800, 30
12, 1.0, 1.0, 0.9, 0.9, 0.800, 31
12, 1.0, 1.0, 0.9, 0.9, 0.800, 32
12, 1.0, 1.0, 0.9, 0.9, 0.800, 33
12, 1.0, 1.0, 0.9, 0.9, 0.800, 34
12, 1.0, 1.0, 0.9, 0.9, 0.800, 35
12, 1.0, 1.0, 0.9, 0.9, 0.800, 36
12, 1.0, 1.0, 0.9, 0.9, 0.800, 37
12, 1.0, 1.0, 0.9, 0.9, 0.800, 38
12, 1.0, 1.0, 0.9, 0.9, 0.800, 39
12, 1.0, 1.0, 0.9, 0.9, 0.800, 40
12, 1.0, 1.0, 0.9, 0.9, 0.800, 41
12, 1.0, 1.0, 0.9, 0.9, 0.800, 42
12, 1.0, 1.0, 0.9, 0.9, 0.800, 43
12, 1.0, 1.0, 0.9, 0.9, 0.800, 44
12, 1.0, 1.0, 0.9, 0.9, 0.800, 45
12, 1.0, 1.0, 0.9, 0.9, 0.800, 46
12, 1.0, 1.0, 0.9, 0.9, 0.800, 47
12, 1.0, 1.0, 0.9, 0.9, 0.800, 48
12, 1.0, 1.0, 0.9, 0.9, 0.800, 49
12, 1.0, 1.0, 0.9, 0.9, 0.800, 50
12, 1.0, 1.0, 1.1, 1.1, 0.800, 1
12, 1.0, 1.0, 1.1, 1.1, 0.800, 2
12, 1.0, 1.0, 1.1, 1.1, 0.800, 3
12, 1.0, 1.0, 1.1, 1.1, 0.800, 4
12, 1.0, 1.0, 1.1, 1.1, 0.800, 5
12, 1.0, 1.0, 1.1, 1.1, 0.800, 6
12, 1.0, 1.0, 1.1, 1.1, 0.800, 7
12, 1.0, 1.0, 1.1, 1.1, 0.800, 8
12, 1.0, 1.0, 1.1, 1.1, 0.800, 9
12, 1.0, 1.0, 1.1, 1.1, 0.800, 10
12, 1.0, 1.0, 1.1, 1.1, 0.800, 11
12, 1.0, 1.0, 1.1, 1.1, 0.800, 12
12, 1.0, 1.0, 1.1, 1.1, 0.800, 13
12, 1.0, 1.0, 1.1, 1.1, 0.800, 14
12, 1.0, 1.0, 1.1, 1.1, 0.800, 15
12, 1.0, 1.0, 1.1, 1.1, 0.800, 16
12, 1.0, 1.0, 1.1, 1.1, 0.800, 17
12, 1.0, 1.0, 1.1, 1.1, 0.800, 18
12, 1.0, 1.0, 1.1, 1.1, 0.800, 19
12, 1.0, 1.0, 1.1, 1.1, 0.800, 20
12, 1.0, 1.0, 1.1, 1.1, 0.800, 21
12, 1.0, 1.0, 1.1, 1.1, 0.800, 22
12, 1.0, 1.0, 1.1, 1.1, 0.800, 23
12, 1.0, 1.0, 1.1, 1.1, 0.800, 24
12, 1.0, 1.0, 1.1, 1.1, 0.800, 25
12, 1.0, 1.0, 1.1, 1.1, 0.800, 26
12, 1.0, 1.0, 1.1, 1.1, 0.800, 27
12, 1.0, 1.0, 1.1, 1.1, 0.800, 28
12, 1.0, 1.0, 1.1, 1.1, 0.800, 29
12, 1.0, 1.0, 1.1, 1.1, 0.800, 30
12, 1.0, 1.0, 1.1, 1.1, 0.800, 31
12, 1.0, 1.0, 1.1, 1.1, 0.800, 32
12, 1.0, 1.0, 1.1, 1.1, 0.800, 33
12, 1.0, 1.0, 1.1, 1.1, 0.800, 34
12, 1.0, 1.0, 1.1, 1.1, 0.800, 35
12, 1.0, 1.0, 1.1, 1.1, 0.800, 36
12, 1.0, 1.0, 1.1, 1.1, 0.800, 37
12, 1.0, 1.0, 1.1, 1.1, 0.800, 38
12, 1.0, 1.0, 1.1, 1.1, 0.800, 39
12, 1.0, 1.0, 1.1, 1.1, 0.800, 40
12, 1.0, 1.0, 1.1, 1.1, 0.800, 41
12, 1.0, 1.0, 1.1, 1.1, 0.800, 42
12, 1.0, 1.0, 1.1, 1.1, 0.800, 43
12, 1.0, 1.0, 1.1, 1.1, 0.800, 44
12, 1.0, 1.0, 1.1, 1.1, 0.800, 45
12, 1.0, 1.0, 1.1, 1.1, 0.800, 46
12, 1.0, 1.0, 1.1, 1.1, 0.800, 47
12, 1.0, 1.0, 1.1, 1.1, 0.800, 48
12, 1.0, 1.0, 1.1, 1.1, 0.800, 49
12, 1.0, 1.0, 1.1, 1.1, 0.800, 50
12, 1.0, 1.0, 1.2, 1.2, 0.800, 1
12, 1.0, 1.0, 1.2, 1.2, 0.800, 2
12, 1.0, 1.0, 1.2, 1.2, 0.800, 3
12, 1.0, 1.0, 1.2, 1.2, 0.800, 4
12, 1.0, 1.0, 1.2, 1.2, 0.800, 5
12, 1.0, 1.0, 1.2, 1.2, 0.800, 6
12, 1.0, 1.0, 1.2, 1.2, 0.800, 7
12, 1.0, 1.0, 1.2, 1.2, 0.800, 8
12, 1.0, 1.0, 1.2, 1.2, 0.800, 9
12, 1.0, 1.0, 1.2, 1.2, 0.800, 10
12, 1.0, 1.0, 1.2, 1.2, 0.800, 11
12, 1.0, 1.0, 1.2, 1.2, 0.800, 12
12, 1.0, 1.0, 1.2, 1.2, 0.800, 13
12, 1.0, 1.0, 1.2, 1.2, 0.800, 14
12, 1.0, 1.0, 1.2, 1.2, 0.800, 15
12, 1.0, 1.0, 1.2, 1.2, 0.800, 16
12, 1.0, 1.0, 1.2, 1.2, 0.800, 17
12, 1.0, 1.0, 1.2, 1.2, 0.800, 18
12, 1.0, 1.0, 1.2, 1.2, 0.800, 19
12, 1.0, 1.0, 1.2, 1.2, 0.800, 20
12, 1.0, 1.0, 1.2, 1.2, 0.800, 21
12, 1.0, 1.0, 1.2, 1.2, 0.800, 22
12, 1.0, 1.0, 1.2, 1.2, 0.800, 23
12, 1.0, 1.0, 1.2, 1.2, 0.800, 24
12, 1.0, 1.0, 1.2, 1.2, 0.800, 25
12, 1.0, 1.0, 1.2, 1.2, 0.800, 26
12, 1.0, 1.0, 1.2, 1.2, 0.800, 27
12, 1.0, 1.0, 1.2, 1.2, 0.800, 28
12, 1.0, 1.0, 1.2, 1.2, 0.800, 29
12, 1.0, 1.0, 1.2, 1.2, 0.800, 30
12, 1.0, 1.0, 1.2, 1.2, 0.800, 31
12, 1.0, 1.0, 1.2, 1.2, 0.800, 32
12, 1.0, 1.0, 1.2, 1.2, 0.800, 33
12, 1.0, 1.0, 1.2, 1.2, 0.800, 34
12, 1.0, 1.0, 1.2, 1.2, 0.800, 35
12, 1.0, 1.0, 1.2, 1.2, 0.800, 36
12, 1.0, 1.0, 1.2, 1.2, 0.800, 37
12, 1.0, 1.0, 1.2, 1.2, 0.800, 38
12, 1.0, 1.0, 1.2, 1.2, 0.800, 39
12, 1.0, 1.0, 1.2, 1.2, 0.800, 40
12, 1.0, 1.0, 1.2, 1.2, 0.800, 41
12, 1.0, 1.0, 1.2, 1.2, 0.800, 42
12, 1.0, 1.0, 1.2, 1.2, 0.800, 43
12, 1.0, 1.0, 1.2, 1.2, 0.800, 44
12, 1.0, 1.0, 1.2, 1.2, 0.800, 45
12, 1.0, 1.0, 1.2, 1.2, 0.800, 46
12, 1.0, 1.0, 1.2, 1.2, 0.800, 47
12, 1.0, 1.0, 1.2, 1.2, 0.800, 48
12, 1.0, 1.0, 1.2, 1.2, 0.800, 49
12, 1.0, 1.0, 1.2, 1.2, 0.800, 50
12, 1.0, 1.0, 1.0, 1.0, 0.650, 1
12, 1.0, 1.0, 1.0, 1.0, 0.650, 2
12, 1.0, 1.0, 1.0, 1.0, 0.650, 3
12, 1.0, 1.0, 1.0, 1.0, 0.650, 4
12, 1.0, 1.0, 1.0, 1.0, 0.650, 5
12, 1.0, 1.0, 1.0, 1.0, 0.650, 6
12, 1.0, 1.0, 1.0, 1.0, 0.650, 7
12, 1.0, 1.0, 1.0, 1.0, 0.650, 8
12, 1.0, 1.0, 1.0, 1.0, 0.650, 9
12, 1.0, 1.0, 1.0, 1.0, 0.650, 10
12, 1.0, 1.0, 1.0, 1.0, 0.650, 11
12, 1.0, 1.0, 1.0, 1.0, 0.650, 12
12, 1.0, 1.0, 1.0, 1.0, 0.650, 13
12, 1.0, 1.0, 1.0, 1.0, 0.650, 14
12, 1.0, 1.0, 1.0, 1.0, 0.650, 15
12, 1.0, 1.0, 1.0, 1.0, 0.650, 16
12, 1.0, 1.0, 1.0, 1.0, 0.650, 17
12, 1.0, 1.0, 1.0, 1.0, 0.650, 18
12, 1.0, 1.0, 1.0, 1.0, 0.650, 19
12, 1.0, 1.0, 1.0, 1.0, 0.650, 20
12, 1.0, 1.0, 1.0, 1.0, 0.650, 21
12, 1.0, 1.0, 1.0, 1.0, 0.650, 22
12, 1.0, 1.0, 1.0, 1.0, 0.650, 23
12, 1.0, 1.0, 1.0, 1.0, 0.650, 24
12, 1.0, 1.0, 1.0, 1.0, 0.650, 25
12, 1.0, 1.0, 1.0, 1.0, 0.650, 26
12, 1.0, 1.0, 1.0, 1.0, 0.650, 27
12, 1.0, 1.0, 1.0, 1.0, 0.650, 28
12, 1.0, 1.0, 1.0, 1.0, 0.650, 29
12, 1.0, 1.0, 1.0, 1.0, 0.650, 30
12, 1.0, 1.0, 1.0, 1.0, 0.650, 31
12, 1.0, 1.0, 1.0, 1.0, 0.650, 32
12, 1.0, 1.0, 1.0, 1.0, 0.650, 33
12, 1.0, 1.0, 1.0, 1.0, 0.650, 34
12, 1.0, 1.0, 1.0, 1.0, 0.650, 35
12, 1.0, 1.0, 1.0, 1.0, 0.650, 36
12, 1.0, 1.0, 1.0, 1.0, 0.650, 37
12, 1.0, 1.0, 1.0, 1.0, 0.650, 38
12, 1.0, 1.0, 1.0, 1.0, 0.650, 39
12, 1.0, 1.0, 1.0, 1.0, 0.650, 40
12, 1.0, 1.0, 1.0, 1.0, 0.650, 41
12, 1.0, 1.0, 1.0, 1.0, 0.650, 42
12, 1.0, 1.0, 1.0, 1.0, 0.650, 43
12, 1.0, 1.0, 1.0, 1.0, 0.650, 44
12, 1.0, 1.0, 1.0, 1.0, 0.650, 45
12, 1.0, 1.0, 1.0, 1.0, 0.650, 46
12, 1.0, 1.0, 1.0, 1.0, 0.650, 47
12, 1.0, 1.0, 1.0, 1.0, 0.650, 48
12, 1.0, 1.0, 1.0, 1.0, 0.650, 49
12, 1.0, 1.0, 1.0, 1.0, 0.650, 50
12, 1.0, 1.0, 1.0, 1.0, 0.700, 1
12, 1.0, 1.0, 1.0, 1.0, 0.700, 2
12, 1.0, 1.0, 1.0, 1.0, 0.700, 3
12, 1.0, 1.0, 1.0, 1.0, 0.700, 4
12, 1.0, 1.0, 1.0, 1.0, 0.700, 5
12, 1.0, 1.0, 1.0, 1.0, 0.700, 6
12, 1.0, 1.0, 1.0, 1.0, 0.700, 7
12, 1.0, 1.0, 1.0, 1.0, 0.700, 8
12, 1.0, 1.0, 1.0, 1.0, 0.700, 9
12, 1.0, 1.0, 1.0, 1.0, 0.700, 10
12, 1.0, 1.0, 1.0, 1.0, 0.700, 11
12, 1.0, 1.0, 1.0, 1.0, 0.700, 12
12, 1.0, 1.0, 1.0, 1.0, 0.700, 13
12, 1.0, 1.0, 1.0, 1.0, 0.700, 14
12, 1.0, 1.0, 1.0, 1.0, 0.700, 15
12, 1.0, 1.0, 1.0, 1.0, 0.700, 16
12, 1.0, 1.0, 1.0, 1.0, 0.700, 17
12, 1.0, 1.0, 1.0, 1.0, 0.700, 18
12, 1.0, 1.0, 1.0, 1.0, 0.700, 19
12, 1.0, 1.0, 1.0, 1.0, 0.700, 20
12, 1.0, 1.0, 1.0, 1.0, 0.700, 21
12, 1.0, 1.0, 1.0, 1.0, 0.700, 22
12, 1.0, 1.0, 1.0, 1.0, 0.700, 23
12, 1.0, 1.0, 1.0, 1.0, 0.700, 24
12, 1.0, 1.0, 1.0, 1.0, 0.700, 25
12, 1.0, 1.0, 1.0, 1.0, 0.700, 26
12, 1.0, 1.0, 1.0, 1.0, 0.700, 27
12, 1.0, 1.0, 1.0, 1.0, 0.700, 28
12, 1.0, 1.0, 1.0, 1.0, 0.700, 29
12, 1.0, 1.0, 1.0, 1.0, 0.700, 30
12, 1.0, 1.0, 1.0, 1.0, 0.700, 31
12, 1.0, 1.0, 1.0, 1.0, 0.700, 32
12, 1.0, 1.0, 1.0, 1.0, 0.700, 33
12, 1.0, 1.0, 1.0, 1.0, 0.700, 34
12, 1.0, 1.0, 1.0, 1.0, 0.700, 35
12, 1.0, 1.0, 1.0, 1.0, 0.700, 36
12, 1.0, 1.0, 1.0, 1.0, 0.700, 37
12, 1.0, 1.0, 1.0, 1.0, 0.700, 38
12, 1.0, 1.0, 1.0, 1.0, 0.700, 39
12, 1.0, 1.0, 1.0, 1.0, 0.700, 40
12, 1.0, 1.0, 1.0, 1.0, 0.700, 41
12, 1.0, 1.0, 1.0, 1.0, 0.700, 42
12, 1.0, 1.0, 1.0, 1.0, 0.700, 43
12, 1.0, 1.0, 1.0, 1.0, 0.700, 44
12, 1.0, 1.0, 1.0, 1.0, 0.700, 45
12, 1.0, 1.0, 1.0, 1.0, 0.700, 46
12, 1.0, 1.0, 1.0, 1.0, 0.700, 47
12, 1.0, 1.0, 1.0, 1.0, 0.700, 48
12, 1.0, 1.0, 1.0, 1.0, 0.700, 49
12, 1.0, 1.0, 1.0, 1.0, 0.700, 50
12, 1.0, 1.0, 1.0, 1.0, 0.750, 1
12, 1.0, 1.0, 1.0, 1.0, 0.750, 2
12, 1.0, 1.0, 1.0, 1.0, 0.750, 3
12, 1.0, 1.0, 1.0, 1.0, 0.750, 4
12, 1.0, 1.0, 1.0, 1.0, 0.750, 5
12, 1.0, 1.0, 1.0, 1.0, 0.750, 6
12, 1.0, 1.0, 1.0, 1.0, 0.750, 7
12, 1.0, 1.0, 1.0, 1.0, 0.750, 8
12, 1.0, 1.0, 1.0, 1.0, 0.750, 9
12, 1.0, 1.0, 1.0, 1.0, 0.750, 10
12, 1.0, 1.0, 1.0, 1.0, 0.750, 11
12, 1.0, 1.0, 1.0, 1.0, 0.750, 12
12, 1.0, 1.0, 1.0, 1.0, 0.750, 13
12, 1.0, 1.0, 1.0, 1.0, 0.750, 14
12, 1.0, 1.0, 1.0, 1.0, 0.750, 15
12, 1.0, 1.0, 1.0, 1.0, 0.750, 16
12, 1.0, 1.0, 1.0, 1.0, 0.750, 17
12, 1.0, 1.0, 1.0, 1.0, 0.750, 18
12, 1.0, 1.0, 1.0, 1.0, 0.750, 19
12, 1.0, 1.0, 1.0, 1.0, 0.750, 20
12, 1.0, 1.0, 1.0, 1.0, 0.750, 21
12, 1.0, 1.0, 1.0, 1.0, 0.750, 22
12, 1.0, 1.0, 1.0, 1.0, 0.750, 23
12, 1.0, 1.0, 1.0, 1.0, 0.750, 24
12, 1.0, 1.0, 1.0, 1.0, 0.750, 25
12, 1.0, 1.0, 1.0, 1.0, 0.750, 26
12, 1.0, 1.0, 1.0, 1.0, 0.750, 27
12, 1.0, 1.0, 1.0, 1.0, 0.750, 28
12, 1.0, 1.0, 1.0, 1.0, 0.750, 29
12, 1.0, 1.0, 1.0, 1.0, 0.750, 30
12, 1.0, 1.0, 1.0, 1.0, 0.750, 31
12, 1.0, 1.0, 1.0, 1.0, 0.750, 32
12, 1.0, 1.0, 1.0, 1.0, 0.750, 33
12, 1.0, 1.0, 1.0, 1.0, 0.750, 34
12, 1.0, 1.0, 1.0, 1.0, 0.750, 35
12, 1.0, 1.0, 1.0, 1.0, 0.750, 36
12, 1.0, 1.0, 1.0, 1.0, 0.750, 37
12, 1.0, 1.0, 1.0, 1.0, 0.750, 38
12, 1.0, 1.0, 1.0, 1.0, 0.750, 39
12, 1.0, 1.0, 1.0, 1.0, 0.750, 40
12, 1.0, 1.0, 1.0, 1.0, 0.750, 41
12, 1.0, 1.0, 1.0, 1.0, 0.750, 42
12, 1.0, 1.0, 1.0, 1.0, 0.750, 43
12, 1.0, 1.0, 1.0, 1.0, 0.750, 44
12, 1.0, 1.0, 1.0, 1.0, 0.750, 45
12, 1.0, 1.0, 1.0, 1.0, 0.750, 46
12, 1.0, 1.0, 1.0, 1.0, 0.750, 47
12, 1.0, 1.0, 1.0, 1.0, 0.750, 48
12, 1.0, 1.0, 1.0, 1.0, 0.750, 49
12, 1.0, 1.0, 1.0, 1.0, 0.750, 50
12, 1.0, 1.0, 1.0, 1.0, 0.775, 1
12, 1.0, 1.0, 1.0, 1.0, 0.775, 2
12, 1.0, 1.0, 1.0, 1.0, 0.775, 3
12, 1.0, 1.0, 1.0, 1.0, 0.775, 4
12, 1.0, 1.0, 1.0, 1.0, 0.775, 5
12, 1.0, 1.0, 1.0, 1.0, 0.775, 6
12, 1.0, 1.0, 1.0, 1.0, 0.775, 7
12, 1.0, 1.0, 1.0, 1.0, 0.775, 8
12, 1.0, 1.0, 1.0, 1.0, 0.775, 9
12, 1.0, 1.0, 1.0, 1.0, 0.775, 10
12, 1.0, 1.0, 1.0, 1.0, 0.775, 11
12, 1.0, 1.0, 1.0, 1.0, 0.775, 12
12, 1.0, 1.0, 1.0, 1.0, 0.775, 13
12, 1.0, 1.0, 1.0, 1.0, 0.775, 14
12, 1.0, 1.0, 1.0, 1.0, 0.775, 15
12, 1.0, 1.0, 1.0, 1.0, 0.775, 16
12, 1.0, 1.0, 1.0, 1.0, 0.775, 17
12, 1.0, 1.0, 1.0, 1.0, 0.775, 18
12, 1.0, 1.0, 1.0, 1.0, 0.775, 19
12, 1.0, 1.0, 1.0, 1.0, 0.775, 20
12, 1.0, 1.0, 1.0, 1.0, 0.775, 21
12, 1.0, 1.0, 1.0, 1.0, 0.775, 22
12, 1.0, 1.0, 1.0, 1.0, 0.775, 23
12, 1.0, 1.0, 1.0, 1.0, 0.775, 24
12, 1.0, 1.0, 1.0, 1.0, 0.775, 25
12, 1.0, 1.0, 1.0, 1.0, 0.775, 26
12, 1.0, 1.0, 1.0, 1.0, 0.775, 27
12, 1.0, 1.0, 1.0, 1.0, 0.775, 28
12, 1.0, 1.0, 1.0, 1.0, 0.775, 29
12, 1.0, 1.0, 1.0, 1.0, 0.775, 30
12, 1.0, 1.0, 1.0, 1.0, 0.775, 31
12, 1.0, 1.0, 1.0, 1.0, 0.775, 32
12, 1.0, 1.0, 1.0, 1.0, 0.775, 33
12, 1.0, 1.0, 1.0, 1.0, 0.775, 34
12, 1.0, 1.0, 1.0, 1.0, 0.775, 35
12, 1.0, 1.0, 1.0, 1.0, 0.775, 36
12, 1.0, 1.0, 1.0, 1.0, 0.775, 37
12, 1.0, 1.0, 1.0, 1.0, 0.775, 38
12, 1.0, 1.0, 1.0, 1.0, 0.775, 39
12, 1.0, 1.0, 1.0, 1.0, 0.775, 40
12, 1.0, 1.0, 1.0, 1.0, 0.775, 41
12, 1.0, 1.0, 1.0, 1.0, 0.775, 42
12, 1.0, 1.0, 1.0, 1.0, 0.775, 43
12, 1.0, 1.0, 1.0, 1.0, 0.775, 44
12, 1.0, 1.0, 1.0, 1.0, 0.775, 45
12, 1.0, 1.0, 1.0, 1.0, 0.775, 46
12, 1.0, 1.0, 1.0, 1.0, 0.775, 47
12, 1.0, 1.0, 1.0, 1.0, 0.775, 48
12, 1.0, 1.0, 1.0, 1.0, 0.775, 49
12, 1.0, 1.0, 1.0, 1.0, 0.775, 50
12, 1.0, 1.0, 1.0, 1.0, 0.825, 1
12, 1.0, 1.0, 1.0, 1.0, 0.825, 2
12, 1.0, 1.0, 1.0, 1.0, 0.825, 3
12, 1.0, 1.0, 1.0, 1.0, 0.825, 4
12, 1.0, 1.0, 1.0, 1.0, 0.825, 5
12, 1.0, 1.0, 1.0, 1.0, 0.825, 6
12, 1.0, 1.0, 1.0, 1.0, 0.825, 7
12, 1.0, 1.0, 1.0, 1.0, 0.825, 8
12, 1.0, 1.0, 1.0, 1.0, 0.825, 9
12, 1.0, 1.0, 1.0, 1.0, 0.825, 10
12, 1.0, 1.0, 1.0, 1.0, 0.825, 11
12, 1.0, 1.0, 1.0, 1.0, 0.825, 12
12, 1.0, 1.0, 1.0, 1.0, 0.825, 13
12, 1.0, 1.0, 1.0, 1.0, 0.825, 14
12, 1.0, 1.0, 1.0, 1.0, 0.825, 15
12, 1.0, 1.0, 1.0, 1.0, 0.825, 16
12, 1.0, 1.0, 1.0, 1.0, 0.825, 17
12, 1.0, 1.0, 1.0, 1.0, 0.825, 18
12, 1.0, 1.0, 1.0, 1.0, 0.825, 19
12, 1.0, 1.0, 1.0, 1.0, 0.825, 20
12, 1.0, 1.0, 1.0, 1.0, 0.825, 21
12, 1.0, 1.0, 1.0, 1.0, 0.825, 22
12, 1.0, 1.0, 1.0, 1.0, 0.825, 23
12, 1.0, 1.0, 1.0, 1.0, 0.825, 24
12, 1.0, 1.0, 1.0, 1.0, 0.825, 25
12, 1.0, 1.0, 1.0, 1.0, 0.825, 26
12, 1.0, 1.0, 1.0, 1.0, 0.825, 27
12, 1.0, 1.0, 1.0, 1.0, 0.825, 28
12, 1.0, 1.0, 1.0, 1.0, 0.825, 29
12, 1.0, 1.0, 1.0, 1.0, 0.825, 30
12, 1.0, 1.0, 1.0, 1.0, 0.825, 31
12, 1.0, 1.0, 1.0, 1.0, 0.825, 32
12, 1.0, 1.0, 1.0, 1.0, 0.825, 33
12, 1.0, 1.0, 1.0, 1.0, 0.825, 34
12, 1.0, 1.0, 1.0, 1.0, 0.825, 35
12, 1.0, 1.0, 1.0, 1.0, 0.825, 36
12, 1.0, 1.0, 1.0, 1.0, 0.825, 37
12, 1.0, 1.0, 1.0, 1.0, 0.825, 38
12, 1.0, 1.0, 1.0, 1.0, 0.825, 39
12, 1.0, 1.0, 1.0, 1.0, 0.825, 40
12, 1.0, 1.0, 1.0, 1.0, 0.825, 41
12, 1.0, 1.0, 1.0, 1.0, 0.825, 42
12, 1.0, 1.0, 1.0, 1.0, 0.825, 43
12, 1.0, 1.0, 1.0, 1.0, 0.825, 44
12, 1.0, 1.0, 1.0, 1.0, 0.825, 45
12, 1.0, 1.0, 1.0, 1.0, 0.825, 46
12, 1.0, 1.0, 1.0, 1.0, 0.825, 47
12, 1.0, 1.0, 1.0, 1.0, 0.825, 48
12, 1.0, 1.0, 1.0, 1.0, 0.825, 49
12, 1.0, 1.0, 1.0, 1.0, 0.825, 50
12, 1.0, 1.0, 1.0, 1.0, 0.850, 1
12, 1.0, 1.0, 1.0, 1.0, 0.850, 2
12, 1.0, 1.0, 1.0, 1.0, 0.850, 3
12, 1.0, 1.0, 1.0, 1.0, 0.850, 4
12, 1.0, 1.0, 1.0, 1.0, 0.850, 5
12, 1.0, 1.0, 1.0, 1.0, 0.850, 6
12, 1.0, 1.0, 1.0, 1.0, 0.850, 7
12, 1.0, 1.0, 1.0, 1.0, 0.850, 8
12, 1.0, 1.0, 1.0, 1.0, 0.850, 9
12, 1.0, 1.0, 1.0, 1.0, 0.850, 10
12, 1.0, 1.0, 1.0, 1.0, 0.850, 11
12, 1.0, 1.0, 1.0, 1.0, 0.850, 12
12, 1.0, 1.0, 1.0, 1.0, 0.850, 13
12, 1.0, 1.0, 1.0, 1.0, 0.850, 14
12, 1.0, 1.0, 1.0, 1.0, 0.850, 15
12, 1.0, 1.0, 1.0, 1.0, 0.850, 16
12, 1.0, 1.0, 1.0, 1.0, 0.850, 17
12, 1.0, 1.0, 1.0, 1.0, 0.850, 18
12, 1.0, 1.0, 1.0, 1.0, 0.850, 19
12, 1.0, 1.0, 1.0, 1.0, 0.850, 20
12, 1.0, 1.0, 1.0, 1.0, 0.850, 21
12, 1.0, 1.0, 1.0, 1.0, 0.850, 22
12, 1.0, 1.0, 1.0, 1.0, 0.850, 23
12, 1.0, 1.0, 1.0, 1.0, 0.850, 24
12, 1.0, 1.0, 1.0, 1.0, 0.850, 25
12, 1.0, 1.0, 1.0, 1.0, 0.850, 26
12, 1.0, 1.0, 1.0, 1.0, 0.850, 27
12, 1.0, 1.0, 1.0, 1.0, 0.850, 28
12, 1.0, 1.0, 1.0, 1.0, 0.850, 29
12, 1.0, 1.0, 1.0, 1.0, 0.850, 30
12, 1.0, 1.0, 1.0, 1.0, 0.850, 31
12, 1.0, 1.0, 1.0, 1.0, 0.850, 32
12, 1.0, 1.0, 1.0, 1.0, 0.850, 33
12, 1.0, 1.0, 1.0, 1.0, 0.850, 34
12, 1.0, 1.0, 1.0, 1.0, 0.850, 35
12, 1.0, 1.0, 1.0, 1.0, 0.850, 36
12, 1.0, 1.0, 1.0, 1.0, 0.850, 37
12, 1.0, 1.0, 1.0, 1.0, 0.850, 38
12, 1.0, 1.0, 1.0, 1.0, 0.850, 39
12, 1.0, 1.0, 1.0, 1.0, 0.850, 40
12, 1.0, 1.0, 1.0, 1.0, 0.850, 41
12, 1.0, 1.0, 1.0, 1.0, 0.850, 42
12, 1.0, 1.0, 1.0, 1.0, 0.850, 43
12, 1.0, 1.0, 1.0, 1.0, 0.850, 44
12, 1.0, 1.0, 1.0, 1.0, 0.850, 45
12, 1.0, 1.0, 1.0, 1.0, 0.850, 46
12, 1.0, 1.0, 1.0, 1.0, 0.850, 47
12, 1.0, 1.0, 1.0, 1.0, 0.850, 48
12, 1.0, 1.0, 1.0, 1.0, 0.850, 49
12, 1.0, 1.0, 1.0, 1.0, 0.850, 50
12, 1.0, 1.0, 1.0, 1.0, 0.900, 1
12, 1.0, 1.0, 1.0, 1.0, 0.900, 2
12, 1.0, 1.0, 1.0, 1.0, 0.900, 3
12, 1.0, 1.0, 1.0, 1.0, 0.900, 4
12, 1.0, 1.0, 1.0, 1.0, 0.900, 5
12, 1.0, 1.0, 1.0, 1.0, 0.900, 6
12, 1.0, 1.0, 1.0, 1.0, 0.900, 7
12, 1.0, 1.0, 1.0, 1.0, 0.900, 8
12, 1.0, 1.0, 1.0, 1.0, 0.900, 9
12, 1.0, 1.0, 1.0, 1.0, 0.900, 10
12, 1.0, 1.0, 1.0, 1.0, 0.900, 11
12, 1.0, 1.0, 1.0, 1.0, 0.900, 12
12, 1.0, 1.0, 1.0, 1.0, 0.900, 13
12, 1.0, 1.0, 1.0, 1.0, 0.900, 14
12, 1.0, 1.0, 1.0, 1.0, 0.900, 15
12, 1.0, 1.0, 1.0, 1.0, 0.900, 16
12, 1.0, 1.0, 1.0, 1.0, 0.900, 17
12, 1.0, 1.0, 1.0, 1.0, 0.900, 18
12, 1.0, 1.0, 1.0, 1.0, 0.900, 19
12, 1.0, 1.0, 1.0, 1.0, 0.900, 20
12, 1.0, 1.0, 1.0, 1.0, 0.900, 21
12, 1.0, 1.0, 1.0, 1.0, 0.900, 22
12, 1.0, 1.0, 1.0, 1.0, 0.900, 23
12, 1.0, 1.0, 1.0, 1.0, 0.900, 24
12, 1.0, 1.0, 1.0, 1.0, 0.900, 25
12, 1.0, 1.0, 1.0, 1.0, 0.900, 26
12, 1.0, 1.0, 1.0, 1.0, 0.900, 27
12, 1.0, 1.0, 1.0, 1.0, 0.900, 28
12, 1.0, 1.0, 1.0, 1.0, 0.900, 29
12, 1.0, 1.0, 1.0, 1.0, 0.900, 30
12, 1.0, 1.0, 1.0, 1.0, 0.900, 31
12, 1.0, 1.0, 1.0, 1.0, 0.900, 32
12, 1.0, 1.0, 1.0, 1.0, 0.900, 33
12, 1.0, 1.0, 1.0, 1.0, 0.900, 34
12, 1.0, 1.0, 1.0, 1.0, 0.900, 35
12, 1.0, 1.0, 1.0, 1.0, 0.900, 36
12, 1.0, 1.0, 1.0, 1.0, 0.900, 37
12, 1.0, 1.0, 1.0, 1.0, 0.900, 38
12, 1.0, 1.0, 1.0, 1.0, 0.900, 39
12, 1.0, 1.0, 1.0, 1.0, 0.900, 40
12, 1.0, 1.0, 1.0, 1.0, 0.900, 41
12, 1.0, 1.0, 1.0, 1.0, 0.900, 42
12, 1.0, 1.0, 1.0, 1.0, 0.900, 43
12, 1.0, 1.0, 1.0, 1.0, 0.900, 44
12, 1.0, 1.0, 1.0, 1.0, 0.900, 45
12, 1.0, 1.0, 1.0, 1.0, 0.900, 46
12, 1.0, 1.0, 1.0, 1.0, 0.900, 47
12, 1.0, 1.0, 1.0, 1.0, 0.900, 48
12, 1.0, 1.0, 1.0, 1.0, 0.900, 49
12, 1.0, 1.0, 1.0, 1.0, 0.900, 50
12, 1.0, 1.0, 1.0, 1.0, 1.000, 1
12, 1.0, 1.0, 1.0, 1.0, 1.000, 2
12, 1.0, 1.0, 1.0, 1.0, 1.000, 3
12, 1.0, 1.0, 1.0, 1.0, 1.000, 4
12, 1.0, 1.0, 1.0, 1.0, 1.000, 5
12, 1.0, 1.0, 1.0, 1.0, 1.000, 6
12, 1.0, 1.0, 1.0, 1.0, 1.000, 7
12, 1.0, 1.0, 1.0, 1.0, 1.000, 8
12, 1.0, 1.0, 1.0, 1.0, 1.000, 9
12, 1.0, 1.0, 1.0, 1.0, 1.000, 10
12, 1.0, 1.0, 1.0, 1.0, 1.000, 11
12, 1.0, 1.0, 1.0, 1.0, 1.000, 12
12, 1.0, 1.0, 1.0, 1.0, 1.000, 13
12, 1.0, 1.0, 1.0, 1.0, 1.000, 14
12, 1.0, 1.0, 1.0, 1.0, 1.000, 15
12, 1.0, 1.0, 1.0, 1.0, 1.000, 16
12, 1.0, 1.0, 1.0, 1.0, 1.000, 17
12, 1.0, 1.0, 1.0, 1.0, 1.000, 18
12, 1.0, 1.0, 1.0, 1.0, 1.000, 19
12, 1.0, 1.0, 1.0, 1.0, 1.000, 20
12, 1.0, 1.0, 1.0, 1.0, 1.000, 21
12, 1.0, 1.0, 1.0, 1.0, 1.000, 22
12, 1.0, 1.0, 1.0, 1.0, 1.000, 23
12, 1.0, 1.0, 1.0, 1.0, 1.000, 24
12, 1.0, 1.0, 1.0, 1.0, 1.000, 25
12, 1.0, 1.0, 1.0, 1.0, 1.000, 26
12, 1.0, 1.0, 1.0, 1.0, 1.000, 27
12, 1.0, 1.0, 1.0, 1.0, 1.000, 28
12, 1.0, 1.0, 1.0, 1.0, 1.000, 29
12, 1.0, 1.0, 1.0, 1.0, 1.000, 30
12, 1.0, 1.0, 1.0, 1.0, 1.000, 31
12, 1.0, 1.0, 1.0, 1.0, 1.000, 32
12, 1.0, 1.0, 1.0, 1.0, 1.000, 33
12, 1.0, 1.0, 1.0, 1.0, 1.000, 34
12, 1.0, 1.0, 1.0, 1.0, 1.000, 35
12, 1.0, 1.0, 1.0, 1.0, 1.000, 36
12, 1.0, 1.0, 1.0, 1.0, 1.000, 37
12, 1.0, 1.0, 1.0, 1.0, 1.000, 38
12, 1.0, 1.0, 1.0, 1.0, 1.000, 39
12, 1.0, 1.0, 1.0, 1.0, 1.000, 40
12, 1.0, 1.0, 1.0, 1.0, 1.000, 41
12, 1.0, 1.0, 1.0, 1.0, 1.000, 42
12, 1.0, 1.0, 1.0, 1.0, 1.000, 43
12, 1.0, 1.0, 1.0, 1.0, 1.000, 44
12, 1.0, 1.0, 1.0, 1.0, 1.000, 45
12, 1.0, 1.0, 1.0, 1.0, 1.000, 46
12, 1.0, 1.0, 1.0, 1.0, 1.000, 47
12, 1.0, 1.0, 1.0, 1.0, 1.000, 48
12, 1.0, 1.0, 1.0, 1.0, 1.000, 49
12, 1.0, 1.0, 1.0, 1.0, 1.000, 50
