20,5,5.5,10,10,1,1
20,5,5.5,10,10,1,5
20,5,5.5,10,10,1,10
20,5,5.5,10,10,5,1
20,5,5.5,10,10,5,5
20,5,5.5,10,10,5,10
20,5,5.5,10,10,10,1
20,5,5.5,10,10,10,5
20,5,5.5,10,10,10,10
20,5,6,10,10,1,1
20,5,6,10,10,1,5
20,5,6,10,10,1,10
20,5,6,10,10,5,1
20,5,6,10,10,5,5
20,5,6,10,10,5,10
20,5,6,10,10,10,1
20,5,6,10,10,10,5
20,5,6,10,10,10,10
20,5,6.5,10,10,1,1
20,5,6.5,10,10,1,5
20,5,6.5,10,10,1,10
20,5,6.5,10,10,5,1
20,5,6.5,10,10,5,5
20,5,6.5,10,10,5,10
20,5,6.5,10,10,10,1
20,5,6.5,10,10,10,5
20,5,6.5,10,10,10,10
20,5,7,10,10,1,1
20,5,7,10,10,1,5
20,5,7,10,10,1,10
20,5,7,10,10,5,1
20,5,7,10,10,5,5
20,5,7,10,10,5,10
20,5,7,10,10,10,1
20,5,7,10,10,10,5
20,5,7,10,10,10,10
20,5,7.5,10,10,1,1
20,5,7.5,10,10,1,5
20,5,7.5,10,10,1,10
20,5,7.5,10,10,5,1
20,5,7.5,10,10,5,5
20,5,7.5,10,10,5,10
20,5,7.5,10,10,10,1
20,5,7.5,10,10,10,5
20,5,7.5,10,10,10,10
20,5,8,10,10,1,1
20,5,8,10,10,1,5
20,5,8,10,10,1,10
20,5,8,10,10,5,1
20,5,8,10,10,5,5
20,5,8,10,10,5,10
20,5,8,10,10,10,1
20,5,8,10,10,10,5
20,5,8,10,10,10,10
20,5,8.5,10,10,1,1
20,5,8.5,10,10,1,5
20,5,8.5,10,10,1,10
20,5,8.5,10,10,5,1
20,5,8.5,10,10,5,5
20,5,8.5,10,10,5,10
20,5,8.5,10,10,10,1
20,5,8.5,10,10,10,5
20,5,8.5,10,10,10,10
20,5,9,10,10,1,1
20,5,9,10,10,1,5
20,5,9,10,10,1,10
20,5,9,10,10,5,1
20,5,9,10,10,5,5
20,5,9,10,10,5,10
20,5,9,10,10,10,1
20,5,9,10,10,10,5
20,5,9,10,10,10,10
20,5,9.5,10,10,1,1
20,5,9.5,10,10,1,5
20,5,9.5,10,10,1,10
20,5,9.5,10,10,5,1
20,5,9.5,10,10,5,5
20,5,9.5,10,10,5,10
20,5,9.5,10,10,10,1
20,5,9.5,10,10,10,5
20,5,9.5,10,10,10,10
20,5,10.5,10,10,1,1
20,5,10.5,10,10,1,5
20,5,10.5,10,10,1,10
20,5,10.5,10,10,5,1
20,5,10.5,10,10,5,5
20,5,10.5,10,10,5,10
20,5,10.5,10,10,10,1
20,5,10.5,10,10,10,5
20,5,10.5,10,10,10,10
20,5,11,10,10,1,1
20,5,11,10,10,1,5
20,5,11,10,10,1,10
20,5,11,10,10,5,1
20,5,11,10,10,5,5
20,5,11,10,10,5,10
20,5,11,10,10,10,1
20,5,11,10,10,10,5
20,5,11,10,10,10,10
20,5,11.5,10,10,1,1
20,5,11.5,10,10,1,5
20,5,11.5,10,10,1,10
20,5,11.5,10,10,5,1
20,5,11.5,10,10,5,5
20,5,11.5,10,10,5,10
20,5,11.5,10,10,10,1
20,5,11.5,10,10,10,5
20,5,11.5,10,10,10,10
20,5,12,10,10,1,1
20,5,12,10,10,1,5
20,5,12,10,10,1,10
20,5,12,10,10,5,1
20,5,12,10,10,5,5
20,5,12,10,10,5,10
20,5,12,10,10,10,1
20,5,12,10,10,10,5
20,5,12,10,10,10,10
20,5,12.5,10,10,1,1
20,5,12.5,10,10,1,5
20,5,12.5,10,10,1,10
20,5,12.5,10,10,5,1
20,5,12.5,10,10,5,5
20,5,12.5,10,10,5,10
20,5,12.5,10,10,10,1
20,5,12.5,10,10,10,5
20,5,12.5,10,10,10,10
20,5,13,10,10,1,1
20,5,13,10,10,1,5
20,5,13,10,10,1,10
20,5,13,10,10,5,1
20,5,13,10,10,5,5
20,5,13,10,10,5,10
20,5,13,10,10,10,1
20,5,13,10,10,10,5
20,5,13,10,10,10,10
20,5,13.5,10,10,1,1
20,5,13.5,10,10,1,5
20,5,13.5,10,10,1,10
20,5,13.5,10,10,5,1
20,5,13.5,10,10,5,5
20,5,13.5,10,10,5,10
20,5,13.5,10,10,10,1
20,5,13.5,10,10,10,5
20,5,13.5,10,10,10,10
20,5,14,10,10,1,1
20,5,14,10,10,1,5
20,5,14,10,10,1,10
20,5,14,10,10,5,1
20,5,14,10,10,5,5
20,5,14,10,10,5,10
20,5,14,10,10,10,1
20,5,14,10,10,10,5
20,5,14,10,10,10,10
20,5,14.5,10,10,1,1
20,5,14.5,10,10,1,5
20,5,14.5,10,10,1,10
20,5,14.5,10,10,5,1
20,5,14.5,10,10,5,5
20,5,14.5,10,10,5,10
20,5,14.5,10,10,10,1
20,5,14.5,10,10,10,5
20,5,14.5,10,10,10,10
20,5,15.5,10,10,1,1
20,5,15.5,10,10,1,5
20,5,15.5,10,10,1,10
20,5,15.5,10,10,5,1
20,5,15.5,10,10,5,5
20,5,15.5,10,10,5,10
20,5,15.5,10,10,10,1
20,5,15.5,10,10,10,5
20,5,15.5,10,10,10,10
20,5,16,10,10,1,1
20,5,16,10,10,1,5
20,5,16,10,10,1,10
20,5,16,10,10,5,1
20,5,16,10,10,5,5
20,5,16,10,10,5,10
20,5,16,10,10,10,1
20,5,16,10,10,10,5
20,5,16,10,10,10,10
20,5.5,5,10,10,1,1
20,5.5,5,10,10,1,5
20,5.5,5,10,10,1,10
20,5.5,5,10,10,5,1
20,5.5,5,10,10,5,5
20,5.5,5,10,10,5,10
20,5.5,5,10,10,10,1
20,5.5,5,10,10,10,5
20,5.5,5,10,10,10,10
20,5.5,5.5,10,10,1,1
20,5.5,5.5,10,10,1,5
20,5.5,5.5,10,10,1,10
20,5.5,5.5,10,10,5,1
20,5.5,5.5,10,10,5,5
20,5.5,5.5,10,10,5,10
20,5.5,5.5,10,10,10,1
20,5.5,5.5,10,10,10,5
20,5.5,5.5,10,10,10,10
20,5.5,6,10,10,1,1
20,5.5,6,10,10,1,5
20,5.5,6,10,10,1,10
20,5.5,6,10,10,5,1
20,5.5,6,10,10,5,5
20,5.5,6,10,10,5,10
20,5.5,6,10,10,10,1
20,5.5,6,10,10,10,5
20,5.5,6,10,10,10,10
20,5.5,6.5,10,10,1,1
20,5.5,6.5,10,10,1,5
20,5.5,6.5,10,10,1,10
20,5.5,6.5,10,10,5,1
20,5.5,6.5,10,10,5,5
20,5.5,6.5,10,10,5,10
20,5.5,6.5,10,10,10,1
20,5.5,6.5,10,10,10,5
20,5.5,6.5,10,10,10,10
20,5.5,7,10,10,1,1
20,5.5,7,10,10,1,5
20,5.5,7,10,10,1,10
20,5.5,7,10,10,5,1
20,5.5,7,10,10,5,5
20,5.5,7,10,10,5,10
20,5.5,7,10,10,10,1
20,5.5,7,10,10,10,5
20,5.5,7,10,10,10,10
20,5.5,7.5,10,10,1,1
20,5.5,7.5,10,10,1,5
20,5.5,7.5,10,10,1,10
20,5.5,7.5,10,10,5,1
20,5.5,7.5,10,10,5,5
20,5.5,7.5,10,10,5,10
20,5.5,7.5,10,10,10,1
20,5.5,7.5,10,10,10,5
20,5.5,7.5,10,10,10,10
20,5.5,8,10,10,1,1
20,5.5,8,10,10,1,5
20,5.5,8,10,10,1,10
20,5.5,8,10,10,5,1
20,5.5,8,10,10,5,5
20,5.5,8,10,10,5,10
20,5.5,8,10,10,10,1
20,5.5,8,10,10,10,5
20,5.5,8,10,10,10,10
20,5.5,8.5,10,10,1,1
20,5.5,8.5,10,10,1,5
20,5.5,8.5,10,10,1,10
20,5.5,8.5,10,10,5,1
20,5.5,8.5,10,10,5,5
20,5.5,8.5,10,10,5,10
20,5.5,8.5,10,10,10,1
20,5.5,8.5,10,10,10,5
20,5.5,8.5,10,10,10,10
20,5.5,9,10,10,1,1
20,5.5,9,10,10,1,5
20,5.5,9,10,10,1,10
20,5.5,9,10,10,5,1
20,5.5,9,10,10,5,5
20,5.5,9,10,10,5,10
20,5.5,9,10,10,10,1
20,5.5,9,10,10,10,5
20,5.5,9,10,10,10,10
20,5.5,9.5,10,10,1,1
20,5.5,9.5,10,10,1,5
20,5.5,9.5,10,10,1,10
20,5.5,9.5,10,10,5,1
20,5.5,9.5,10,10,5,5
20,5.5,9.5,10,10,5,10
20,5.5,9.5,10,10,10,1
20,5.5,9.5,10,10,10,5
20,5.5,9.5,10,10,10,10
20,5.5,10,10,10,1,1
20,5.5,10,10,10,1,5
20,5.5,10,10,10,1,10
20,5.5,10,10,10,5,1
20,5.5,10,10,10,5,5
20,5.5,10,10,10,5,10
20,5.5,10,10,10,10,1
20,5.5,10,10,10,10,5
20,5.5,10,10,10,10,10
20,5.5,10.5,10,10,1,1
20,5.5,10.5,10,10,1,5
20,5.5,10.5,10,10,1,10
20,5.5,10.5,10,10,5,1
20,5.5,10.5,10,10,5,5
20,5.5,10.5,10,10,5,10
20,5.5,10.5,10,10,10,1
20,5.5,10.5,10,10,10,5
20,5.5,10.5,10,10,10,10
20,5.5,11,10,10,1,1
20,5.5,11,10,10,1,5
20,5.5,11,10,10,1,10
20,5.5,11,10,10,5,1
20,5.5,11,10,10,5,5
20,5.5,11,10,10,5,10
20,5.5,11,10,10,10,1
20,5.5,11,10,10,10,5
20,5.5,11,10,10,10,10
20,5.5,11.5,10,10,1,1
20,5.5,11.5,10,10,1,5
20,5.5,11.5,10,10,1,10
20,5.5,11.5,10,10,5,1
20,5.5,11.5,10,10,5,5
20,5.5,11.5,10,10,5,10
20,5.5,11.5,10,10,10,1
20,5.5,11.5,10,10,10,5
20,5.5,11.5,10,10,10,10
20,5.5,12,10,10,1,1
20,5.5,12,10,10,1,5
20,5.5,12,10,10,1,10
20,5.5,12,10,10,5,1
20,5.5,12,10,10,5,5
20,5.5,12,10,10,5,10
20,5.5,12,10,10,10,1
20,5.5,12,10,10,10,5
20,5.5,12,10,10,10,10
20,5.5,12.5,10,10,1,1
20,5.5,12.5,10,10,1,5
20,5.5,12.5,10,10,1,10
20,5.5,12.5,10,10,5,1
20,5.5,12.5,10,10,5,5
20,5.5,12.5,10,10,5,10
20,5.5,12.5,10,10,10,1
20,5.5,12.5,10,10,10,5
20,5.5,12.5,10,10,10,10
20,5.5,13,10,10,1,1
20,5.5,13,10,10,1,5
20,5.5,13,10,10,1,10
20,5.5,13,10,10,5,1
20,5.5,13,10,10,5,5
20,5.5,13,10,10,5,10
20,5.5,13,10,10,10,1
20,5.5,13,10,10,10,5
20,5.5,13,10,10,10,10
20,5.5,13.5,10,10,1,1
20,5.5,13.5,10,10,1,5
20,5.5,13.5,10,10,1,10
20,5.5,13.5,10,10,5,1
20,5.5,13.5,10,10,5,5
20,5.5,13.5,10,10,5,10
20,5.5,13.5,10,10,10,1
20,5.5,13.5,10,10,10,5
20,5.5,13.5,10,10,10,10
20,5.5,14,10,10,1,1
20,5.5,14,10,10,1,5
20,5.5,14,10,10,1,10
20,5.5,14,10,10,5,1
20,5.5,14,10,10,5,5
20,5.5,14,10,10,5,10
20,5.5,14,10,10,10,1
20,5.5,14,10,10,10,5
20,5.5,14,10,10,10,10
20,5.5,14.5,10,10,1,1
20,5.5,14.5,10,10,1,5
20,5.5,14.5,10,10,1,10
20,5.5,14.5,10,10,5,1
20,5.5,14.5,10,10,5,5
20,5.5,14.5,10,10,5,10
20,5.5,14.5,10,10,10,1
20,5.5,14.5,10,10,10,5
20,5.5,14.5,10,10,10,10
20,5.5,15,10,10,1,1
20,5.5,15,10,10,1,5
20,5.5,15,10,10,1,10
20,5.5,15,10,10,5,1
20,5.5,15,10,10,5,5
20,5.5,15,10,10,5,10
20,5.5,15,10,10,10,1
20,5.5,15,10,10,10,5
20,5.5,15,10,10,10,10
20,5.5,15.5,10,10,1,1
20,5.5,15.5,10,10,1,5
20,5.5,15.5,10,10,1,10
20,5.5,15.5,10,10,5,1
20,5.5,15.5,10,10,5,5
20,5.5,15.5,10,10,5,10
20,5.5,15.5,10,10,10,1
20,5.5,15.5,10,10,10,5
20,5.5,15.5,10,10,10,10
20,5.5,16,10,10,1,1
20,5.5,16,10,10,1,5
20,5.5,16,10,10,1,10
20,5.5,16,10,10,5,1
20,5.5,16,10,10,5,5
20,5.5,16,10,10,5,10
20,5.5,16,10,10,10,1
20,5.5,16,10,10,10,5
20,5.5,16,10,10,10,10
20,6,5,10,10,1,1
20,6,5,10,10,1,5
20,6,5,10,10,1,10
20,6,5,10,10,5,1
20,6,5,10,10,5,5
20,6,5,10,10,5,10
20,6,5,10,10,10,1
20,6,5,10,10,10,5
20,6,5,10,10,10,10
20,6,5.5,10,10,1,1
20,6,5.5,10,10,1,5
20,6,5.5,10,10,1,10
20,6,5.5,10,10,5,1
20,6,5.5,10,10,5,5
20,6,5.5,10,10,5,10
20,6,5.5,10,10,10,1
20,6,5.5,10,10,10,5
20,6,5.5,10,10,10,10
20,6,6,10,10,1,1
20,6,6,10,10,1,5
20,6,6,10,10,1,10
20,6,6,10,10,5,1
20,6,6,10,10,5,5
20,6,6,10,10,5,10
20,6,6,10,10,10,1
20,6,6,10,10,10,5
20,6,6,10,10,10,10
20,6,6.5,10,10,1,1
20,6,6.5,10,10,1,5
20,6,6.5,10,10,1,10
20,6,6.5,10,10,5,1
20,6,6.5,10,10,5,5
20,6,6.5,10,10,5,10
20,6,6.5,10,10,10,1
20,6,6.5,10,10,10,5
20,6,6.5,10,10,10,10
20,6,7,10,10,1,1
20,6,7,10,10,1,5
20,6,7,10,10,1,10
20,6,7,10,10,5,1
20,6,7,10,10,5,5
20,6,7,10,10,5,10
20,6,7,10,10,10,1
20,6,7,10,10,10,5
20,6,7,10,10,10,10
20,6,7.5,10,10,1,1
20,6,7.5,10,10,1,5
20,6,7.5,10,10,1,10
20,6,7.5,10,10,5,1
20,6,7.5,10,10,5,5
20,6,7.5,10,10,5,10
20,6,7.5,10,10,10,1
20,6,7.5,10,10,10,5
20,6,7.5,10,10,10,10
20,6,8,10,10,1,1
20,6,8,10,10,1,5
20,6,8,10,10,1,10
20,6,8,10,10,5,1
20,6,8,10,10,5,5
20,6,8,10,10,5,10
20,6,8,10,10,10,1
20,6,8,10,10,10,5
20,6,8,10,10,10,10
20,6,8.5,10,10,1,1
20,6,8.5,10,10,1,5
20,6,8.5,10,10,1,10
20,6,8.5,10,10,5,1
20,6,8.5,10,10,5,5
20,6,8.5,10,10,5,10
20,6,8.5,10,10,10,1
20,6,8.5,10,10,10,5
20,6,8.5,10,10,10,10
20,6,9,10,10,1,1
20,6,9,10,10,1,5
20,6,9,10,10,1,10
20,6,9,10,10,5,1
20,6,9,10,10,5,5
20,6,9,10,10,5,10
20,6,9,10,10,10,1
20,6,9,10,10,10,5
20,6,9,10,10,10,10
20,6,9.5,10,10,1,1
20,6,9.5,10,10,1,5
20,6,9.5,10,10,1,10
20,6,9.5,10,10,5,1
20,6,9.5,10,10,5,5
20,6,9.5,10,10,5,10
20,6,9.5,10,10,10,1
20,6,9.5,10,10,10,5
20,6,9.5,10,10,10,10
20,6,10,10,10,1,1
20,6,10,10,10,1,5
20,6,10,10,10,1,10
20,6,10,10,10,5,1
20,6,10,10,10,5,5
20,6,10,10,10,5,10
20,6,10,10,10,10,1
20,6,10,10,10,10,5
20,6,10,10,10,10,10
20,6,10.5,10,10,1,1
20,6,10.5,10,10,1,5
20,6,10.5,10,10,1,10
20,6,10.5,10,10,5,1
20,6,10.5,10,10,5,5
20,6,10.5,10,10,5,10
20,6,10.5,10,10,10,1
20,6,10.5,10,10,10,5
20,6,10.5,10,10,10,10
20,6,11,10,10,1,1
20,6,11,10,10,1,5
20,6,11,10,10,1,10
20,6,11,10,10,5,1
20,6,11,10,10,5,5
20,6,11,10,10,5,10
20,6,11,10,10,10,1
20,6,11,10,10,10,5
20,6,11,10,10,10,10
20,6,11.5,10,10,1,1
20,6,11.5,10,10,1,5
20,6,11.5,10,10,1,10
20,6,11.5,10,10,5,1
20,6,11.5,10,10,5,5
20,6,11.5,10,10,5,10
20,6,11.5,10,10,10,1
20,6,11.5,10,10,10,5
20,6,11.5,10,10,10,10
20,6,12,10,10,1,1
20,6,12,10,10,1,5
20,6,12,10,10,1,10
20,6,12,10,10,5,1
20,6,12,10,10,5,5
20,6,12,10,10,5,10
20,6,12,10,10,10,1
20,6,12,10,10,10,5
20,6,12,10,10,10,10
20,6,12.5,10,10,1,1
20,6,12.5,10,10,1,5
20,6,12.5,10,10,1,10
20,6,12.5,10,10,5,1
20,6,12.5,10,10,5,5
20,6,12.5,10,10,5,10
20,6,12.5,10,10,10,1
20,6,12.5,10,10,10,5
20,6,12.5,10,10,10,10
20,6,13,10,10,1,1
20,6,13,10,10,1,5
20,6,13,10,10,1,10
20,6,13,10,10,5,1
20,6,13,10,10,5,5
20,6,13,10,10,5,10
20,6,13,10,10,10,1
20,6,13,10,10,10,5
20,6,13,10,10,10,10
20,6,13.5,10,10,1,1
20,6,13.5,10,10,1,5
20,6,13.5,10,10,1,10
20,6,13.5,10,10,5,1
20,6,13.5,10,10,5,5
20,6,13.5,10,10,5,10
20,6,13.5,10,10,10,1
20,6,13.5,10,10,10,5
20,6,13.5,10,10,10,10
20,6,14,10,10,1,1
20,6,14,10,10,1,5
20,6,14,10,10,1,10
20,6,14,10,10,5,1
20,6,14,10,10,5,5
20,6,14,10,10,5,10
20,6,14,10,10,10,1
20,6,14,10,10,10,5
20,6,14,10,10,10,10
20,6,14.5,10,10,1,1
20,6,14.5,10,10,1,5
20,6,14.5,10,10,1,10
20,6,14.5,10,10,5,1
20,6,14.5,10,10,5,5
20,6,14.5,10,10,5,10
20,6,14.5,10,10,10,1
20,6,14.5,10,10,10,5
20,6,14.5,10,10,10,10
20,6,15,10,10,1,1
20,6,15,10,10,1,5
20,6,15,10,10,1,10
20,6,15,10,10,5,1
20,6,15,10,10,5,5
20,6,15,10,10,5,10
20,6,15,10,10,10,1
20,6,15,10,10,10,5
20,6,15,10,10,10,10
20,6,15.5,10,10,1,1
20,6,15.5,10,10,1,5
20,6,15.5,10,10,1,10
20,6,15.5,10,10,5,1
20,6,15.5,10,10,5,5
20,6,15.5,10,10,5,10
20,6,15.5,10,10,10,1
20,6,15.5,10,10,10,5
20,6,15.5,10,10,10,10
20,6,16,10,10,1,1
20,6,16,10,10,1,5
20,6,16,10,10,1,10
20,6,16,10,10,5,1
20,6,16,10,10,5,5
20,6,16,10,10,5,10
20,6,16,10,10,10,1
20,6,16,10,10,10,5
20,6,16,10,10,10,10
20,6.5,5,10,10,1,1
20,6.5,5,10,10,1,5
20,6.5,5,10,10,1,10
20,6.5,5,10,10,5,1
20,6.5,5,10,10,5,5
20,6.5,5,10,10,5,10
20,6.5,5,10,10,10,1
20,6.5,5,10,10,10,5
20,6.5,5,10,10,10,10
20,6.5,5.5,10,10,1,1
20,6.5,5.5,10,10,1,5
20,6.5,5.5,10,10,1,10
20,6.5,5.5,10,10,5,1
20,6.5,5.5,10,10,5,5
20,6.5,5.5,10,10,5,10
20,6.5,5.5,10,10,10,1
20,6.5,5.5,10,10,10,5
20,6.5,5.5,10,10,10,10
20,6.5,6,10,10,1,1
20,6.5,6,10,10,1,5
20,6.5,6,10,10,1,10
20,6.5,6,10,10,5,1
20,6.5,6,10,10,5,5
20,6.5,6,10,10,5,10
20,6.5,6,10,10,10,1
20,6.5,6,10,10,10,5
20,6.5,6,10,10,10,10
20,6.5,6.5,10,10,1,1
20,6.5,6.5,10,10,1,5
20,6.5,6.5,10,10,1,10
20,6.5,6.5,10,10,5,1
20,6.5,6.5,10,10,5,5
20,6.5,6.5,10,10,5,10
20,6.5,6.5,10,10,10,1
20,6.5,6.5,10,10,10,5
20,6.5,6.5,10,10,10,10
20,6.5,7,10,10,1,1
20,6.5,7,10,10,1,5
20,6.5,7,10,10,1,10
20,6.5,7,10,10,5,1
20,6.5,7,10,10,5,5
20,6.5,7,10,10,5,10
20,6.5,7,10,10,10,1
20,6.5,7,10,10,10,5
20,6.5,7,10,10,10,10
20,6.5,7.5,10,10,1,1
20,6.5,7.5,10,10,1,5
20,6.5,7.5,10,10,1,10
20,6.5,7.5,10,10,5,1
20,6.5,7.5,10,10,5,5
20,6.5,7.5,10,10,5,10
20,6.5,7.5,10,10,10,1
20,6.5,7.5,10,10,10,5
20,6.5,7.5,10,10,10,10
20,6.5,8,10,10,1,1
20,6.5,8,10,10,1,5
20,6.5,8,10,10,1,10
20,6.5,8,10,10,5,1
20,6.5,8,10,10,5,5
20,6.5,8,10,10,5,10
20,6.5,8,10,10,10,1
20,6.5,8,10,10,10,5
20,6.5,8,10,10,10,10
20,6.5,8.5,10,10,1,1
20,6.5,8.5,10,10,1,5
20,6.5,8.5,10,10,1,10
20,6.5,8.5,10,10,5,1
20,6.5,8.5,10,10,5,5
20,6.5,8.5,10,10,5,10
20,6.5,8.5,10,10,10,1
20,6.5,8.5,10,10,10,5
20,6.5,8.5,10,10,10,10
20,6.5,9,10,10,1,1
20,6.5,9,10,10,1,5
20,6.5,9,10,10,1,10
20,6.5,9,10,10,5,1
20,6.5,9,10,10,5,5
20,6.5,9,10,10,5,10
20,6.5,9,10,10,10,1
20,6.5,9,10,10,10,5
20,6.5,9,10,10,10,10
20,6.5,9.5,10,10,1,1
20,6.5,9.5,10,10,1,5
20,6.5,9.5,10,10,1,10
20,6.5,9.5,10,10,5,1
20,6.5,9.5,10,10,5,5
20,6.5,9.5,10,10,5,10
20,6.5,9.5,10,10,10,1
20,6.5,9.5,10,10,10,5
20,6.5,9.5,10,10,10,10
20,6.5,10,10,10,1,1
20,6.5,10,10,10,1,5
20,6.5,10,10,10,1,10
20,6.5,10,10,10,5,1
20,6.5,10,10,10,5,5
20,6.5,10,10,10,5,10
20,6.5,10,10,10,10,1
20,6.5,10,10,10,10,5
20,6.5,10,10,10,10,10
20,6.5,10.5,10,10,1,1
20,6.5,10.5,10,10,1,5
20,6.5,10.5,10,10,1,10
20,6.5,10.5,10,10,5,1
20,6.5,10.5,10,10,5,5
20,6.5,10.5,10,10,5,10
20,6.5,10.5,10,10,10,1
20,6.5,10.5,10,10,10,5
20,6.5,10.5,10,10,10,10
20,6.5,11,10,10,1,1
20,6.5,11,10,10,1,5
20,6.5,11,10,10,1,10
20,6.5,11,10,10,5,1
20,6.5,11,10,10,5,5
20,6.5,11,10,10,5,10
20,6.5,11,10,10,10,1
20,6.5,11,10,10,10,5
20,6.5,11,10,10,10,10
20,6.5,11.5,10,10,1,1
20,6.5,11.5,10,10,1,5
20,6.5,11.5,10,10,1,10
20,6.5,11.5,10,10,5,1
20,6.5,11.5,10,10,5,5
20,6.5,11.5,10,10,5,10
20,6.5,11.5,10,10,10,1
20,6.5,11.5,10,10,10,5
20,6.5,11.5,10,10,10,10
20,6.5,12,10,10,1,1
20,6.5,12,10,10,1,5
20,6.5,12,10,10,1,10
20,6.5,12,10,10,5,1
20,6.5,12,10,10,5,5
20,6.5,12,10,10,5,10
20,6.5,12,10,10,10,1
20,6.5,12,10,10,10,5
20,6.5,12,10,10,10,10
20,6.5,12.5,10,10,1,1
20,6.5,12.5,10,10,1,5
20,6.5,12.5,10,10,1,10
20,6.5,12.5,10,10,5,1
20,6.5,12.5,10,10,5,5
20,6.5,12.5,10,10,5,10
20,6.5,12.5,10,10,10,1
20,6.5,12.5,10,10,10,5
20,6.5,12.5,10,10,10,10
20,6.5,13,10,10,1,1
20,6.5,13,10,10,1,5
20,6.5,13,10,10,1,10
20,6.5,13,10,10,5,1
20,6.5,13,10,10,5,5
20,6.5,13,10,10,5,10
20,6.5,13,10,10,10,1
20,6.5,13,10,10,10,5
20,6.5,13,10,10,10,10
20,6.5,13.5,10,10,1,1
20,6.5,13.5,10,10,1,5
20,6.5,13.5,10,10,1,10
20,6.5,13.5,10,10,5,1
20,6.5,13.5,10,10,5,5
20,6.5,13.5,10,10,5,10
20,6.5,13.5,10,10,10,1
20,6.5,13.5,10,10,10,5
20,6.5,13.5,10,10,10,10
20,6.5,14,10,10,1,1
20,6.5,14,10,10,1,5
20,6.5,14,10,10,1,10
20,6.5,14,10,10,5,1
20,6.5,14,10,10,5,5
20,6.5,14,10,10,5,10
20,6.5,14,10,10,10,1
20,6.5,14,10,10,10,5
20,6.5,14,10,10,10,10
20,6.5,14.5,10,10,1,1
20,6.5,14.5,10,10,1,5
20,6.5,14.5,10,10,1,10
20,6.5,14.5,10,10,5,1
20,6.5,14.5,10,10,5,5
20,6.5,14.5,10,10,5,10
20,6.5,14.5,10,10,10,1
20,6.5,14.5,10,10,10,5
20,6.5,14.5,10,10,10,10
20,6.5,15,10,10,1,1
20,6.5,15,10,10,1,5
20,6.5,15,10,10,1,10
20,6.5,15,10,10,5,1
20,6.5,15,10,10,5,5
20,6.5,15,10,10,5,10
20,6.5,15,10,10,10,1
20,6.5,15,10,10,10,5
20,6.5,15,10,10,10,10
20,6.5,15.5,10,10,1,1
20,6.5,15.5,10,10,1,5
20,6.5,15.5,10,10,1,10
20,6.5,15.5,10,10,5,1
20,6.5,15.5,10,10,5,5
20,6.5,15.5,10,10,5,10
20,6.5,15.5,10,10,10,1
20,6.5,15.5,10,10,10,5
20,6.5,15.5,10,10,10,10
20,6.5,16,10,10,1,1
20,6.5,16,10,10,1,5
20,6.5,16,10,10,1,10
20,6.5,16,10,10,5,1
20,6.5,16,10,10,5,5
20,6.5,16,10,10,5,10
20,6.5,16,10,10,10,1
20,6.5,16,10,10,10,5
20,6.5,16,10,10,10,10
20,7,5,10,10,1,1
20,7,5,10,10,1,5
20,7,5,10,10,1,10
20,7,5,10,10,5,1
20,7,5,10,10,5,5
20,7,5,10,10,5,10
20,7,5,10,10,10,1
20,7,5,10,10,10,5
20,7,5,10,10,10,10
20,7,5.5,10,10,1,1
20,7,5.5,10,10,1,5
20,7,5.5,10,10,1,10
20,7,5.5,10,10,5,1
20,7,5.5,10,10,5,5
20,7,5.5,10,10,5,10
20,7,5.5,10,10,10,1
20,7,5.5,10,10,10,5
20,7,5.5,10,10,10,10
20,7,6,10,10,1,1
20,7,6,10,10,1,5
20,7,6,10,10,1,10
20,7,6,10,10,5,1
20,7,6,10,10,5,5
20,7,6,10,10,5,10
20,7,6,10,10,10,1
20,7,6,10,10,10,5
20,7,6,10,10,10,10
20,7,6.5,10,10,1,1
20,7,6.5,10,10,1,5
20,7,6.5,10,10,1,10
20,7,6.5,10,10,5,1
20,7,6.5,10,10,5,5
20,7,6.5,10,10,5,10
20,7,6.5,10,10,10,1
20,7,6.5,10,10,10,5
20,7,6.5,10,10,10,10
20,7,7,10,10,1,1
20,7,7,10,10,1,5
20,7,7,10,10,1,10
20,7,7,10,10,5,1
20,7,7,10,10,5,5
20,7,7,10,10,5,10
20,7,7,10,10,10,1
20,7,7,10,10,10,5
20,7,7,10,10,10,10
20,7,7.5,10,10,1,1
20,7,7.5,10,10,1,5
20,7,7.5,10,10,1,10
20,7,7.5,10,10,5,1
20,7,7.5,10,10,5,5
20,7,7.5,10,10,5,10
20,7,7.5,10,10,10,1
20,7,7.5,10,10,10,5
20,7,7.5,10,10,10,10
20,7,8,10,10,1,1
20,7,8,10,10,1,5
20,7,8,10,10,1,10
20,7,8,10,10,5,1
20,7,8,10,10,5,5
20,7,8,10,10,5,10
20,7,8,10,10,10,1
20,7,8,10,10,10,5
20,7,8,10,10,10,10
20,7,8.5,10,10,1,1
20,7,8.5,10,10,1,5
20,7,8.5,10,10,1,10
20,7,8.5,10,10,5,1
20,7,8.5,10,10,5,5
20,7,8.5,10,10,5,10
20,7,8.5,10,10,10,1
20,7,8.5,10,10,10,5
20,7,8.5,10,10,10,10
20,7,9,10,10,1,1
20,7,9,10,10,1,5
20,7,9,10,10,1,10
20,7,9,10,10,5,1
20,7,9,10,10,5,5
20,7,9,10,10,5,10
20,7,9,10,10,10,1
20,7,9,10,10,10,5
20,7,9,10,10,10,10
20,7,9.5,10,10,1,1
20,7,9.5,10,10,1,5
20,7,9.5,10,10,1,10
20,7,9.5,10,10,5,1
20,7,9.5,10,10,5,5
20,7,9.5,10,10,5,10
20,7,9.5,10,10,10,1
20,7,9.5,10,10,10,5
20,7,9.5,10,10,10,10
20,7,10,10,10,1,1
20,7,10,10,10,1,5
20,7,10,10,10,1,10
20,7,10,10,10,5,1
20,7,10,10,10,5,5
20,7,10,10,10,5,10
20,7,10,10,10,10,1
20,7,10,10,10,10,5
20,7,10,10,10,10,10
20,7,10.5,10,10,1,1
20,7,10.5,10,10,1,5
20,7,10.5,10,10,1,10
20,7,10.5,10,10,5,1
20,7,10.5,10,10,5,5
20,7,10.5,10,10,5,10
20,7,10.5,10,10,10,1
20,7,10.5,10,10,10,5
20,7,10.5,10,10,10,10
20,7,11,10,10,1,1
20,7,11,10,10,1,5
20,7,11,10,10,1,10
20,7,11,10,10,5,1
20,7,11,10,10,5,5
20,7,11,10,10,5,10
20,7,11,10,10,10,1
20,7,11,10,10,10,5
20,7,11,10,10,10,10
20,7,11.5,10,10,1,1
20,7,11.5,10,10,1,5
20,7,11.5,10,10,1,10
20,7,11.5,10,10,5,1
20,7,11.5,10,10,5,5
20,7,11.5,10,10,5,10
20,7,11.5,10,10,10,1
20,7,11.5,10,10,10,5
20,7,11.5,10,10,10,10
20,7,12,10,10,1,1
20,7,12,10,10,1,5
20,7,12,10,10,1,10
20,7,12,10,10,5,1
20,7,12,10,10,5,5
20,7,12,10,10,5,10
20,7,12,10,10,10,1
20,7,12,10,10,10,5
20,7,12,10,10,10,10
20,7,12.5,10,10,1,1
20,7,12.5,10,10,1,5
20,7,12.5,10,10,1,10
20,7,12.5,10,10,5,1
20,7,12.5,10,10,5,5
20,7,12.5,10,10,5,10
20,7,12.5,10,10,10,1
20,7,12.5,10,10,10,5
20,7,12.5,10,10,10,10
20,7,13,10,10,1,1
20,7,13,10,10,1,5
20,7,13,10,10,1,10
20,7,13,10,10,5,1
20,7,13,10,10,5,5
20,7,13,10,10,5,10
20,7,13,10,10,10,1
20,7,13,10,10,10,5
20,7,13,10,10,10,10
20,7,13.5,10,10,1,1
20,7,13.5,10,10,1,5
20,7,13.5,10,10,1,10
20,7,13.5,10,10,5,1
20,7,13.5,10,10,5,5
20,7,13.5,10,10,5,10
20,7,13.5,10,10,10,1
20,7,13.5,10,10,10,5
20,7,13.5,10,10,10,10
20,7,14,10,10,1,1
20,7,14,10,10,1,5
20,7,14,10,10,1,10
20,7,14,10,10,5,1
20,7,14,10,10,5,5
20,7,14,10,10,5,10
20,7,14,10,10,10,1
20,7,14,10,10,10,5
20,7,14,10,10,10,10
20,7,14.5,10,10,1,1
20,7,14.5,10,10,1,5
20,7,14.5,10,10,1,10
20,7,14.5,10,10,5,1
20,7,14.5,10,10,5,5
20,7,14.5,10,10,5,10
20,7,14.5,10,10,10,1
20,7,14.5,10,10,10,5
20,7,14.5,10,10,10,10
20,7,15,10,10,1,1
20,7,15,10,10,1,5
20,7,15,10,10,1,10
20,7,15,10,10,5,1
20,7,15,10,10,5,5
20,7,15,10,10,5,10
20,7,15,10,10,10,1
20,7,15,10,10,10,5
20,7,15,10,10,10,10
20,7,15.5,10,10,1,1
20,7,15.5,10,10,1,5
20,7,15.5,10,10,1,10
20,7,15.5,10,10,5,1
20,7,15.5,10,10,5,5
20,7,15.5,10,10,5,10
20,7,15.5,10,10,10,1
20,7,15.5,10,10,10,5
20,7,15.5,10,10,10,10
20,7,16,10,10,1,1
20,7,16,10,10,1,5
20,7,16,10,10,1,10
20,7,16,10,10,5,1
20,7,16,10,10,5,5
20,7,16,10,10,5,10
20,7,16,10,10,10,1
20,7,16,10,10,10,5
20,7,16,10,10,10,10
20,7.5,5,10,10,1,1
20,7.5,5,10,10,1,5
20,7.5,5,10,10,1,10
20,7.5,5,10,10,5,1
20,7.5,5,10,10,5,5
20,7.5,5,10,10,5,10
20,7.5,5,10,10,10,1
20,7.5,5,10,10,10,5
20,7.5,5,10,10,10,10
20,7.5,5.5,10,10,1,1
20,7.5,5.5,10,10,1,5
20,7.5,5.5,10,10,1,10
20,7.5,5.5,10,10,5,1
20,7.5,5.5,10,10,5,5
20,7.5,5.5,10,10,5,10
20,7.5,5.5,10,10,10,1
20,7.5,5.5,10,10,10,5
20,7.5,5.5,10,10,10,10
20,7.5,6,10,10,1,1
20,7.5,6,10,10,1,5
20,7.5,6,10,10,1,10
20,7.5,6,10,10,5,1
20,7.5,6,10,10,5,5
20,7.5,6,10,10,5,10
20,7.5,6,10,10,10,1
20,7.5,6,10,10,10,5
20,7.5,6,10,10,10,10
20,7.5,6.5,10,10,1,1
20,7.5,6.5,10,10,1,5
20,7.5,6.5,10,10,1,10
20,7.5,6.5,10,10,5,1
20,7.5,6.5,10,10,5,5
20,7.5,6.5,10,10,5,10
20,7.5,6.5,10,10,10,1
20,7.5,6.5,10,10,10,5
20,7.5,6.5,10,10,10,10
20,7.5,7,10,10,1,1
20,7.5,7,10,10,1,5
20,7.5,7,10,10,1,10
20,7.5,7,10,10,5,1
20,7.5,7,10,10,5,5
20,7.5,7,10,10,5,10
20,7.5,7,10,10,10,1
20,7.5,7,10,10,10,5
20,7.5,7,10,10,10,10
20,7.5,7.5,10,10,1,1
20,7.5,7.5,10,10,1,5
20,7.5,7.5,10,10,1,10
20,7.5,7.5,10,10,5,1
20,7.5,7.5,10,10,5,5
20,7.5,7.5,10,10,5,10
20,7.5,7.5,10,10,10,1
20,7.5,7.5,10,10,10,5
20,7.5,7.5,10,10,10,10
20,7.5,8,10,10,1,1
20,7.5,8,10,10,1,5
20,7.5,8,10,10,1,10
20,7.5,8,10,10,5,1
20,7.5,8,10,10,5,5
20,7.5,8,10,10,5,10
20,7.5,8,10,10,10,1
20,7.5,8,10,10,10,5
20,7.5,8,10,10,10,10
20,7.5,8.5,10,10,1,1
20,7.5,8.5,10,10,1,5
20,7.5,8.5,10,10,1,10
20,7.5,8.5,10,10,5,1
20,7.5,8.5,10,10,5,5
20,7.5,8.5,10,10,5,10
20,7.5,8.5,10,10,10,1
20,7.5,8.5,10,10,10,5
20,7.5,8.5,10,10,10,10
20,7.5,9,10,10,1,1
20,7.5,9,10,10,1,5
20,7.5,9,10,10,1,10
20,7.5,9,10,10,5,1
20,7.5,9,10,10,5,5
20,7.5,9,10,10,5,10
20,7.5,9,10,10,10,1
20,7.5,9,10,10,10,5
20,7.5,9,10,10,10,10
20,7.5,9.5,10,10,1,1
20,7.5,9.5,10,10,1,5
20,7.5,9.5,10,10,1,10
20,7.5,9.5,10,10,5,1
20,7.5,9.5,10,10,5,5
20,7.5,9.5,10,10,5,10
20,7.5,9.5,10,10,10,1
20,7.5,9.5,10,10,10,5
20,7.5,9.5,10,10,10,10
20,7.5,10,10,10,1,1
20,7.5,10,10,10,1,5
20,7.5,10,10,10,1,10
20,7.5,10,10,10,5,1
20,7.5,10,10,10,5,5
20,7.5,10,10,10,5,10
20,7.5,10,10,10,10,1
20,7.5,10,10,10,10,5
20,7.5,10,10,10,10,10
20,7.5,10.5,10,10,1,1
20,7.5,10.5,10,10,1,5
20,7.5,10.5,10,10,1,10
20,7.5,10.5,10,10,5,1
20,7.5,10.5,10,10,5,5
20,7.5,10.5,10,10,5,10
20,7.5,10.5,10,10,10,1
20,7.5,10.5,10,10,10,5
20,7.5,10.5,10,10,10,10
20,7.5,11,10,10,1,1
20,7.5,11,10,10,1,5
20,7.5,11,10,10,1,10
20,7.5,11,10,10,5,1
20,7.5,11,10,10,5,5
20,7.5,11,10,10,5,10
20,7.5,11,10,10,10,1
20,7.5,11,10,10,10,5
20,7.5,11,10,10,10,10
20,7.5,11.5,10,10,1,1
20,7.5,11.5,10,10,1,5
20,7.5,11.5,10,10,1,10
20,7.5,11.5,10,10,5,1
20,7.5,11.5,10,10,5,5
20,7.5,11.5,10,10,5,10
20,7.5,11.5,10,10,10,1
20,7.5,11.5,10,10,10,5
20,7.5,11.5,10,10,10,10
20,7.5,12,10,10,1,1
20,7.5,12,10,10,1,5
20,7.5,12,10,10,1,10
20,7.5,12,10,10,5,1
20,7.5,12,10,10,5,5
20,7.5,12,10,10,5,10
20,7.5,12,10,10,10,1
20,7.5,12,10,10,10,5
20,7.5,12,10,10,10,10
20,7.5,12.5,10,10,1,1
20,7.5,12.5,10,10,1,5
20,7.5,12.5,10,10,1,10
20,7.5,12.5,10,10,5,1
20,7.5,12.5,10,10,5,5
20,7.5,12.5,10,10,5,10
20,7.5,12.5,10,10,10,1
20,7.5,12.5,10,10,10,5
20,7.5,12.5,10,10,10,10
20,7.5,13,10,10,1,1
20,7.5,13,10,10,1,5
20,7.5,13,10,10,1,10
20,7.5,13,10,10,5,1
20,7.5,13,10,10,5,5
20,7.5,13,10,10,5,10
20,7.5,13,10,10,10,1
20,7.5,13,10,10,10,5
20,7.5,13,10,10,10,10
20,7.5,13.5,10,10,1,1
20,7.5,13.5,10,10,1,5
20,7.5,13.5,10,10,1,10
20,7.5,13.5,10,10,5,1
20,7.5,13.5,10,10,5,5
20,7.5,13.5,10,10,5,10
20,7.5,13.5,10,10,10,1
20,7.5,13.5,10,10,10,5
20,7.5,13.5,10,10,10,10
20,7.5,14,10,10,1,1
20,7.5,14,10,10,1,5
20,7.5,14,10,10,1,10
20,7.5,14,10,10,5,1
20,7.5,14,10,10,5,5
20,7.5,14,10,10,5,10
20,7.5,14,10,10,10,1
20,7.5,14,10,10,10,5
20,7.5,14,10,10,10,10
20,7.5,14.5,10,10,1,1
20,7.5,14.5,10,10,1,5
20,7.5,14.5,10,10,1,10
20,7.5,14.5,10,10,5,1
20,7.5,14.5,10,10,5,5
20,7.5,14.5,10,10,5,10
20,7.5,14.5,10,10,10,1
20,7.5,14.5,10,10,10,5
20,7.5,14.5,10,10,10,10
20,7.5,15,10,10,1,1
20,7.5,15,10,10,1,5
20,7.5,15,10,10,1,10
20,7.5,15,10,10,5,1
20,7.5,15,10,10,5,5
20,7.5,15,10,10,5,10
20,7.5,15,10,10,10,1
20,7.5,15,10,10,10,5
20,7.5,15,10,10,10,10
20,7.5,15.5,10,10,1,1
20,7.5,15.5,10,10,1,5
20,7.5,15.5,10,10,1,10
20,7.5,15.5,10,10,5,1
20,7.5,15.5,10,10,5,5
20,7.5,15.5,10,10,5,10
20,7.5,15.5,10,10,10,1
20,7.5,15.5,10,10,10,5
20,7.5,15.5,10,10,10,10
20,7.5,16,10,10,1,1
20,7.5,16,10,10,1,5
20,7.5,16,10,10,1,10
20,7.5,16,10,10,5,1
20,7.5,16,10,10,5,5
20,7.5,16,10,10,5,10
20,7.5,16,10,10,10,1
20,7.5,16,10,10,10,5
20,7.5,16,10,10,10,10
20,8,5,10,10,1,1
20,8,5,10,10,1,5
20,8,5,10,10,1,10
20,8,5,10,10,5,1
20,8,5,10,10,5,5
20,8,5,10,10,5,10
20,8,5,10,10,10,1
20,8,5,10,10,10,5
20,8,5,10,10,10,10
20,8,5.5,10,10,1,1
20,8,5.5,10,10,1,5
20,8,5.5,10,10,1,10
20,8,5.5,10,10,5,1
20,8,5.5,10,10,5,5
20,8,5.5,10,10,5,10
20,8,5.5,10,10,10,1
20,8,5.5,10,10,10,5
20,8,5.5,10,10,10,10
20,8,6,10,10,1,1
20,8,6,10,10,1,5
20,8,6,10,10,1,10
20,8,6,10,10,5,1
20,8,6,10,10,5,5
20,8,6,10,10,5,10
20,8,6,10,10,10,1
20,8,6,10,10,10,5
20,8,6,10,10,10,10
20,8,6.5,10,10,1,1
20,8,6.5,10,10,1,5
20,8,6.5,10,10,1,10
20,8,6.5,10,10,5,1
20,8,6.5,10,10,5,5
20,8,6.5,10,10,5,10
20,8,6.5,10,10,10,1
20,8,6.5,10,10,10,5
20,8,6.5,10,10,10,10
20,8,7,10,10,1,1
20,8,7,10,10,1,5
20,8,7,10,10,1,10
20,8,7,10,10,5,1
20,8,7,10,10,5,5
20,8,7,10,10,5,10
20,8,7,10,10,10,1
20,8,7,10,10,10,5
20,8,7,10,10,10,10
20,8,7.5,10,10,1,1
20,8,7.5,10,10,1,5
20,8,7.5,10,10,1,10
20,8,7.5,10,10,5,1
20,8,7.5,10,10,5,5
20,8,7.5,10,10,5,10
20,8,7.5,10,10,10,1
20,8,7.5,10,10,10,5
20,8,7.5,10,10,10,10
20,8,8,10,10,1,1
20,8,8,10,10,1,5
20,8,8,10,10,1,10
20,8,8,10,10,5,1
20,8,8,10,10,5,5
20,8,8,10,10,5,10
20,8,8,10,10,10,1
20,8,8,10,10,10,5
20,8,8,10,10,10,10
20,8,8.5,10,10,1,1
20,8,8.5,10,10,1,5
20,8,8.5,10,10,1,10
20,8,8.5,10,10,5,1
20,8,8.5,10,10,5,5
20,8,8.5,10,10,5,10
20,8,8.5,10,10,10,1
20,8,8.5,10,10,10,5
20,8,8.5,10,10,10,10
20,8,9,10,10,1,1
20,8,9,10,10,1,5
20,8,9,10,10,1,10
20,8,9,10,10,5,1
20,8,9,10,10,5,5
20,8,9,10,10,5,10
20,8,9,10,10,10,1
20,8,9,10,10,10,5
20,8,9,10,10,10,10
20,8,9.5,10,10,1,1
20,8,9.5,10,10,1,5
20,8,9.5,10,10,1,10
20,8,9.5,10,10,5,1
20,8,9.5,10,10,5,5
20,8,9.5,10,10,5,10
20,8,9.5,10,10,10,1
20,8,9.5,10,10,10,5
20,8,9.5,10,10,10,10
20,8,10,10,10,1,1
20,8,10,10,10,1,5
20,8,10,10,10,1,10
20,8,10,10,10,5,1
20,8,10,10,10,5,5
20,8,10,10,10,5,10
20,8,10,10,10,10,1
20,8,10,10,10,10,5
20,8,10,10,10,10,10
20,8,10.5,10,10,1,1
20,8,10.5,10,10,1,5
20,8,10.5,10,10,1,10
20,8,10.5,10,10,5,1
20,8,10.5,10,10,5,5
20,8,10.5,10,10,5,10
20,8,10.5,10,10,10,1
20,8,10.5,10,10,10,5
20,8,10.5,10,10,10,10
20,8,11,10,10,1,1
20,8,11,10,10,1,5
20,8,11,10,10,1,10
20,8,11,10,10,5,1
20,8,11,10,10,5,5
20,8,11,10,10,5,10
20,8,11,10,10,10,1
20,8,11,10,10,10,5
20,8,11,10,10,10,10
20,8,11.5,10,10,1,1
20,8,11.5,10,10,1,5
20,8,11.5,10,10,1,10
20,8,11.5,10,10,5,1
20,8,11.5,10,10,5,5
20,8,11.5,10,10,5,10
20,8,11.5,10,10,10,1
20,8,11.5,10,10,10,5
20,8,11.5,10,10,10,10
20,8,12,10,10,1,1
20,8,12,10,10,1,5
20,8,12,10,10,1,10
20,8,12,10,10,5,1
20,8,12,10,10,5,5
20,8,12,10,10,5,10
20,8,12,10,10,10,1
20,8,12,10,10,10,5
20,8,12,10,10,10,10
20,8,12.5,10,10,1,1
20,8,12.5,10,10,1,5
20,8,12.5,10,10,1,10
20,8,12.5,10,10,5,1
20,8,12.5,10,10,5,5
20,8,12.5,10,10,5,10
20,8,12.5,10,10,10,1
20,8,12.5,10,10,10,5
20,8,12.5,10,10,10,10
20,8,13,10,10,1,1
20,8,13,10,10,1,5
20,8,13,10,10,1,10
20,8,13,10,10,5,1
20,8,13,10,10,5,5
20,8,13,10,10,5,10
20,8,13,10,10,10,1
20,8,13,10,10,10,5
20,8,13,10,10,10,10
20,8,13.5,10,10,1,1
20,8,13.5,10,10,1,5
20,8,13.5,10,10,1,10
20,8,13.5,10,10,5,1
20,8,13.5,10,10,5,5
20,8,13.5,10,10,5,10
20,8,13.5,10,10,10,1
20,8,13.5,10,10,10,5
20,8,13.5,10,10,10,10
20,8,14,10,10,1,1
20,8,14,10,10,1,5
20,8,14,10,10,1,10
20,8,14,10,10,5,1
20,8,14,10,10,5,5
20,8,14,10,10,5,10
20,8,14,10,10,10,1
20,8,14,10,10,10,5
20,8,14,10,10,10,10
20,8,14.5,10,10,1,1
20,8,14.5,10,10,1,5
20,8,14.5,10,10,1,10
20,8,14.5,10,10,5,1
20,8,14.5,10,10,5,5
20,8,14.5,10,10,5,10
20,8,14.5,10,10,10,1
20,8,14.5,10,10,10,5
20,8,14.5,10,10,10,10
20,8,15,10,10,1,1
20,8,15,10,10,1,5
20,8,15,10,10,1,10
20,8,15,10,10,5,1
20,8,15,10,10,5,5
20,8,15,10,10,5,10
20,8,15,10,10,10,1
20,8,15,10,10,10,5
20,8,15,10,10,10,10
20,8,15.5,10,10,1,1
20,8,15.5,10,10,1,5
20,8,15.5,10,10,1,10
20,8,15.5,10,10,5,1
20,8,15.5,10,10,5,5
20,8,15.5,10,10,5,10
20,8,15.5,10,10,10,1
20,8,15.5,10,10,10,5
20,8,15.5,10,10,10,10
20,8,16,10,10,1,1
20,8,16,10,10,1,5
20,8,16,10,10,1,10
20,8,16,10,10,5,1
20,8,16,10,10,5,5
20,8,16,10,10,5,10
20,8,16,10,10,10,1
20,8,16,10,10,10,5
20,8,16,10,10,10,10
20,8.5,5,10,10,1,1
20,8.5,5,10,10,1,5
20,8.5,5,10,10,1,10
20,8.5,5,10,10,5,1
20,8.5,5,10,10,5,5
20,8.5,5,10,10,5,10
20,8.5,5,10,10,10,1
20,8.5,5,10,10,10,5
20,8.5,5,10,10,10,10
20,8.5,5.5,10,10,1,1
20,8.5,5.5,10,10,1,5
20,8.5,5.5,10,10,1,10
20,8.5,5.5,10,10,5,1
20,8.5,5.5,10,10,5,5
20,8.5,5.5,10,10,5,10
20,8.5,5.5,10,10,10,1
20,8.5,5.5,10,10,10,5
20,8.5,5.5,10,10,10,10
20,8.5,6,10,10,1,1
20,8.5,6,10,10,1,5
20,8.5,6,10,10,1,10
20,8.5,6,10,10,5,1
20,8.5,6,10,10,5,5
20,8.5,6,10,10,5,10
20,8.5,6,10,10,10,1
20,8.5,6,10,10,10,5
20,8.5,6,10,10,10,10
20,8.5,6.5,10,10,1,1
20,8.5,6.5,10,10,1,5
20,8.5,6.5,10,10,1,10
20,8.5,6.5,10,10,5,1
20,8.5,6.5,10,10,5,5
20,8.5,6.5,10,10,5,10
20,8.5,6.5,10,10,10,1
20,8.5,6.5,10,10,10,5
20,8.5,6.5,10,10,10,10
20,8.5,7,10,10,1,1
20,8.5,7,10,10,1,5
20,8.5,7,10,10,1,10
20,8.5,7,10,10,5,1
20,8.5,7,10,10,5,5
20,8.5,7,10,10,5,10
20,8.5,7,10,10,10,1
20,8.5,7,10,10,10,5
20,8.5,7,10,10,10,10
20,8.5,7.5,10,10,1,1
20,8.5,7.5,10,10,1,5
20,8.5,7.5,10,10,1,10
20,8.5,7.5,10,10,5,1
20,8.5,7.5,10,10,5,5
20,8.5,7.5,10,10,5,10
20,8.5,7.5,10,10,10,1
20,8.5,7.5,10,10,10,5
20,8.5,7.5,10,10,10,10
20,8.5,8,10,10,1,1
20,8.5,8,10,10,1,5
20,8.5,8,10,10,1,10
20,8.5,8,10,10,5,1
20,8.5,8,10,10,5,5
20,8.5,8,10,10,5,10
20,8.5,8,10,10,10,1
20,8.5,8,10,10,10,5
20,8.5,8,10,10,10,10
20,8.5,8.5,10,10,1,1
20,8.5,8.5,10,10,1,5
20,8.5,8.5,10,10,1,10
20,8.5,8.5,10,10,5,1
20,8.5,8.5,10,10,5,5
20,8.5,8.5,10,10,5,10
20,8.5,8.5,10,10,10,1
20,8.5,8.5,10,10,10,5
20,8.5,8.5,10,10,10,10
20,8.5,9,10,10,1,1
20,8.5,9,10,10,1,5
20,8.5,9,10,10,1,10
20,8.5,9,10,10,5,1
20,8.5,9,10,10,5,5
20,8.5,9,10,10,5,10
20,8.5,9,10,10,10,1
20,8.5,9,10,10,10,5
20,8.5,9,10,10,10,10
20,8.5,9.5,10,10,1,1
20,8.5,9.5,10,10,1,5
20,8.5,9.5,10,10,1,10
20,8.5,9.5,10,10,5,1
20,8.5,9.5,10,10,5,5
20,8.5,9.5,10,10,5,10
20,8.5,9.5,10,10,10,1
20,8.5,9.5,10,10,10,5
20,8.5,9.5,10,10,10,10
20,8.5,10,10,10,1,1
20,8.5,10,10,10,1,5
20,8.5,10,10,10,1,10
20,8.5,10,10,10,5,1
20,8.5,10,10,10,5,5
20,8.5,10,10,10,5,10
20,8.5,10,10,10,10,1
20,8.5,10,10,10,10,5
20,8.5,10,10,10,10,10
20,8.5,10.5,10,10,1,1
20,8.5,10.5,10,10,1,5
20,8.5,10.5,10,10,1,10
20,8.5,10.5,10,10,5,1
20,8.5,10.5,10,10,5,5
20,8.5,10.5,10,10,5,10
20,8.5,10.5,10,10,10,1
20,8.5,10.5,10,10,10,5
20,8.5,10.5,10,10,10,10
20,8.5,11,10,10,1,1
20,8.5,11,10,10,1,5
20,8.5,11,10,10,1,10
20,8.5,11,10,10,5,1
20,8.5,11,10,10,5,5
20,8.5,11,10,10,5,10
20,8.5,11,10,10,10,1
20,8.5,11,10,10,10,5
20,8.5,11,10,10,10,10
20,8.5,11.5,10,10,1,1
20,8.5,11.5,10,10,1,5
20,8.5,11.5,10,10,1,10
20,8.5,11.5,10,10,5,1
20,8.5,11.5,10,10,5,5
20,8.5,11.5,10,10,5,10
20,8.5,11.5,10,10,10,1
20,8.5,11.5,10,10,10,5
20,8.5,11.5,10,10,10,10
20,8.5,12,10,10,1,1
20,8.5,12,10,10,1,5
20,8.5,12,10,10,1,10
20,8.5,12,10,10,5,1
20,8.5,12,10,10,5,5
20,8.5,12,10,10,5,10
20,8.5,12,10,10,10,1
20,8.5,12,10,10,10,5
20,8.5,12,10,10,10,10
20,8.5,12.5,10,10,1,1
20,8.5,12.5,10,10,1,5
20,8.5,12.5,10,10,1,10
20,8.5,12.5,10,10,5,1
20,8.5,12.5,10,10,5,5
20,8.5,12.5,10,10,5,10
20,8.5,12.5,10,10,10,1
20,8.5,12.5,10,10,10,5
20,8.5,12.5,10,10,10,10
20,8.5,13,10,10,1,1
20,8.5,13,10,10,1,5
20,8.5,13,10,10,1,10
20,8.5,13,10,10,5,1
20,8.5,13,10,10,5,5
20,8.5,13,10,10,5,10
20,8.5,13,10,10,10,1
20,8.5,13,10,10,10,5
20,8.5,13,10,10,10,10
20,8.5,13.5,10,10,1,1
20,8.5,13.5,10,10,1,5
20,8.5,13.5,10,10,1,10
20,8.5,13.5,10,10,5,1
20,8.5,13.5,10,10,5,5
20,8.5,13.5,10,10,5,10
20,8.5,13.5,10,10,10,1
20,8.5,13.5,10,10,10,5
20,8.5,13.5,10,10,10,10
20,8.5,14,10,10,1,1
20,8.5,14,10,10,1,5
20,8.5,14,10,10,1,10
20,8.5,14,10,10,5,1
20,8.5,14,10,10,5,5
20,8.5,14,10,10,5,10
20,8.5,14,10,10,10,1
20,8.5,14,10,10,10,5
20,8.5,14,10,10,10,10
20,8.5,14.5,10,10,1,1
20,8.5,14.5,10,10,1,5
20,8.5,14.5,10,10,1,10
20,8.5,14.5,10,10,5,1
20,8.5,14.5,10,10,5,5
20,8.5,14.5,10,10,5,10
20,8.5,14.5,10,10,10,1
20,8.5,14.5,10,10,10,5
20,8.5,14.5,10,10,10,10
20,8.5,15,10,10,1,1
20,8.5,15,10,10,1,5
20,8.5,15,10,10,1,10
20,8.5,15,10,10,5,1
20,8.5,15,10,10,5,5
20,8.5,15,10,10,5,10
20,8.5,15,10,10,10,1
20,8.5,15,10,10,10,5
20,8.5,15,10,10,10,10
20,8.5,15.5,10,10,1,1
20,8.5,15.5,10,10,1,5
20,8.5,15.5,10,10,1,10
20,8.5,15.5,10,10,5,1
20,8.5,15.5,10,10,5,5
20,8.5,15.5,10,10,5,10
20,8.5,15.5,10,10,10,1
20,8.5,15.5,10,10,10,5
20,8.5,15.5,10,10,10,10
20,8.5,16,10,10,1,1
20,8.5,16,10,10,1,5
20,8.5,16,10,10,1,10
20,8.5,16,10,10,5,1
20,8.5,16,10,10,5,5
20,8.5,16,10,10,5,10
20,8.5,16,10,10,10,1
20,8.5,16,10,10,10,5
20,8.5,16,10,10,10,10
20,9,5,10,10,1,1
20,9,5,10,10,1,5
20,9,5,10,10,1,10
20,9,5,10,10,5,1
20,9,5,10,10,5,5
20,9,5,10,10,5,10
20,9,5,10,10,10,1
20,9,5,10,10,10,5
20,9,5,10,10,10,10
20,9,5.5,10,10,1,1
20,9,5.5,10,10,1,5
20,9,5.5,10,10,1,10
20,9,5.5,10,10,5,1
20,9,5.5,10,10,5,5
20,9,5.5,10,10,5,10
20,9,5.5,10,10,10,1
20,9,5.5,10,10,10,5
20,9,5.5,10,10,10,10
20,9,6,10,10,1,1
20,9,6,10,10,1,5
20,9,6,10,10,1,10
20,9,6,10,10,5,1
20,9,6,10,10,5,5
20,9,6,10,10,5,10
20,9,6,10,10,10,1
20,9,6,10,10,10,5
20,9,6,10,10,10,10
20,9,6.5,10,10,1,1
20,9,6.5,10,10,1,5
20,9,6.5,10,10,1,10
20,9,6.5,10,10,5,1
20,9,6.5,10,10,5,5
20,9,6.5,10,10,5,10
20,9,6.5,10,10,10,1
20,9,6.5,10,10,10,5
20,9,6.5,10,10,10,10
20,9,7,10,10,1,1
20,9,7,10,10,1,5
20,9,7,10,10,1,10
20,9,7,10,10,5,1
20,9,7,10,10,5,5
20,9,7,10,10,5,10
20,9,7,10,10,10,1
20,9,7,10,10,10,5
20,9,7,10,10,10,10
20,9,7.5,10,10,1,1
20,9,7.5,10,10,1,5
20,9,7.5,10,10,1,10
20,9,7.5,10,10,5,1
20,9,7.5,10,10,5,5
20,9,7.5,10,10,5,10
20,9,7.5,10,10,10,1
20,9,7.5,10,10,10,5
20,9,7.5,10,10,10,10
20,9,8,10,10,1,1
20,9,8,10,10,1,5
20,9,8,10,10,1,10
20,9,8,10,10,5,1
20,9,8,10,10,5,5
20,9,8,10,10,5,10
20,9,8,10,10,10,1
20,9,8,10,10,10,5
20,9,8,10,10,10,10
20,9,8.5,10,10,1,1
20,9,8.5,10,10,1,5
20,9,8.5,10,10,1,10
20,9,8.5,10,10,5,1
20,9,8.5,10,10,5,5
20,9,8.5,10,10,5,10
20,9,8.5,10,10,10,1
20,9,8.5,10,10,10,5
20,9,8.5,10,10,10,10
20,9,9,10,10,1,1
20,9,9,10,10,1,5
20,9,9,10,10,1,10
20,9,9,10,10,5,1
20,9,9,10,10,5,5
20,9,9,10,10,5,10
20,9,9,10,10,10,1
20,9,9,10,10,10,5
20,9,9,10,10,10,10
20,9,9.5,10,10,1,1
20,9,9.5,10,10,1,5
20,9,9.5,10,10,1,10
20,9,9.5,10,10,5,1
20,9,9.5,10,10,5,5
20,9,9.5,10,10,5,10
20,9,9.5,10,10,10,1
20,9,9.5,10,10,10,5
20,9,9.5,10,10,10,10
20,9,10,10,10,1,1
20,9,10,10,10,1,5
20,9,10,10,10,1,10
20,9,10,10,10,5,1
20,9,10,10,10,5,5
20,9,10,10,10,5,10
20,9,10,10,10,10,1
20,9,10,10,10,10,5
20,9,10,10,10,10,10
20,9,10.5,10,10,1,1
20,9,10.5,10,10,1,5
20,9,10.5,10,10,1,10
20,9,10.5,10,10,5,1
20,9,10.5,10,10,5,5
20,9,10.5,10,10,5,10
20,9,10.5,10,10,10,1
20,9,10.5,10,10,10,5
20,9,10.5,10,10,10,10
20,9,11,10,10,1,1
20,9,11,10,10,1,5
20,9,11,10,10,1,10
20,9,11,10,10,5,1
20,9,11,10,10,5,5
20,9,11,10,10,5,10
20,9,11,10,10,10,1
20,9,11,10,10,10,5
20,9,11,10,10,10,10
20,9,11.5,10,10,1,1
20,9,11.5,10,10,1,5
20,9,11.5,10,10,1,10
20,9,11.5,10,10,5,1
20,9,11.5,10,10,5,5
20,9,11.5,10,10,5,10
20,9,11.5,10,10,10,1
20,9,11.5,10,10,10,5
20,9,11.5,10,10,10,10
20,9,12,10,10,1,1
20,9,12,10,10,1,5
20,9,12,10,10,1,10
20,9,12,10,10,5,1
20,9,12,10,10,5,5
20,9,12,10,10,5,10
20,9,12,10,10,10,1
20,9,12,10,10,10,5
20,9,12,10,10,10,10
20,9,12.5,10,10,1,1
20,9,12.5,10,10,1,5
20,9,12.5,10,10,1,10
20,9,12.5,10,10,5,1
20,9,12.5,10,10,5,5
20,9,12.5,10,10,5,10
20,9,12.5,10,10,10,1
20,9,12.5,10,10,10,5
20,9,12.5,10,10,10,10
20,9,13,10,10,1,1
20,9,13,10,10,1,5
20,9,13,10,10,1,10
20,9,13,10,10,5,1
20,9,13,10,10,5,5
20,9,13,10,10,5,10
20,9,13,10,10,10,1
20,9,13,10,10,10,5
20,9,13,10,10,10,10
20,9,13.5,10,10,1,1
20,9,13.5,10,10,1,5
20,9,13.5,10,10,1,10
20,9,13.5,10,10,5,1
20,9,13.5,10,10,5,5
20,9,13.5,10,10,5,10
20,9,13.5,10,10,10,1
20,9,13.5,10,10,10,5
20,9,13.5,10,10,10,10
20,9,14,10,10,1,1
20,9,14,10,10,1,5
20,9,14,10,10,1,10
20,9,14,10,10,5,1
20,9,14,10,10,5,5
20,9,14,10,10,5,10
20,9,14,10,10,10,1
20,9,14,10,10,10,5
20,9,14,10,10,10,10
20,9,14.5,10,10,1,1
20,9,14.5,10,10,1,5
20,9,14.5,10,10,1,10
20,9,14.5,10,10,5,1
20,9,14.5,10,10,5,5
20,9,14.5,10,10,5,10
20,9,14.5,10,10,10,1
20,9,14.5,10,10,10,5
20,9,14.5,10,10,10,10
20,9,15,10,10,1,1
20,9,15,10,10,1,5
20,9,15,10,10,1,10
20,9,15,10,10,5,1
20,9,15,10,10,5,5
20,9,15,10,10,5,10
20,9,15,10,10,10,1
20,9,15,10,10,10,5
20,9,15,10,10,10,10
20,9,15.5,10,10,1,1
20,9,15.5,10,10,1,5
20,9,15.5,10,10,1,10
20,9,15.5,10,10,5,1
20,9,15.5,10,10,5,5
20,9,15.5,10,10,5,10
20,9,15.5,10,10,10,1
20,9,15.5,10,10,10,5
20,9,15.5,10,10,10,10
20,9,16,10,10,1,1
20,9,16,10,10,1,5
20,9,16,10,10,1,10
20,9,16,10,10,5,1
20,9,16,10,10,5,5
20,9,16,10,10,5,10
20,9,16,10,10,10,1
20,9,16,10,10,10,5
20,9,16,10,10,10,10
20,9.5,5,10,10,1,1
20,9.5,5,10,10,1,5
20,9.5,5,10,10,1,10
20,9.5,5,10,10,5,1
20,9.5,5,10,10,5,5
20,9.5,5,10,10,5,10
20,9.5,5,10,10,10,1
20,9.5,5,10,10,10,5
20,9.5,5,10,10,10,10
20,9.5,5.5,10,10,1,1
20,9.5,5.5,10,10,1,5
20,9.5,5.5,10,10,1,10
20,9.5,5.5,10,10,5,1
20,9.5,5.5,10,10,5,5
20,9.5,5.5,10,10,5,10
20,9.5,5.5,10,10,10,1
20,9.5,5.5,10,10,10,5
20,9.5,5.5,10,10,10,10
20,9.5,6,10,10,1,1
20,9.5,6,10,10,1,5
20,9.5,6,10,10,1,10
20,9.5,6,10,10,5,1
20,9.5,6,10,10,5,5
20,9.5,6,10,10,5,10
20,9.5,6,10,10,10,1
20,9.5,6,10,10,10,5
20,9.5,6,10,10,10,10
20,9.5,6.5,10,10,1,1
20,9.5,6.5,10,10,1,5
20,9.5,6.5,10,10,1,10
20,9.5,6.5,10,10,5,1
20,9.5,6.5,10,10,5,5
20,9.5,6.5,10,10,5,10
20,9.5,6.5,10,10,10,1
20,9.5,6.5,10,10,10,5
20,9.5,6.5,10,10,10,10
20,9.5,7,10,10,1,1
20,9.5,7,10,10,1,5
20,9.5,7,10,10,1,10
20,9.5,7,10,10,5,1
20,9.5,7,10,10,5,5
20,9.5,7,10,10,5,10
20,9.5,7,10,10,10,1
20,9.5,7,10,10,10,5
20,9.5,7,10,10,10,10
20,9.5,7.5,10,10,1,1
20,9.5,7.5,10,10,1,5
20,9.5,7.5,10,10,1,10
20,9.5,7.5,10,10,5,1
20,9.5,7.5,10,10,5,5
20,9.5,7.5,10,10,5,10
20,9.5,7.5,10,10,10,1
20,9.5,7.5,10,10,10,5
20,9.5,7.5,10,10,10,10
20,9.5,8,10,10,1,1
20,9.5,8,10,10,1,5
20,9.5,8,10,10,1,10
20,9.5,8,10,10,5,1
20,9.5,8,10,10,5,5
20,9.5,8,10,10,5,10
20,9.5,8,10,10,10,1
20,9.5,8,10,10,10,5
20,9.5,8,10,10,10,10
20,9.5,8.5,10,10,1,1
20,9.5,8.5,10,10,1,5
20,9.5,8.5,10,10,1,10
20,9.5,8.5,10,10,5,1
20,9.5,8.5,10,10,5,5
20,9.5,8.5,10,10,5,10
20,9.5,8.5,10,10,10,1
20,9.5,8.5,10,10,10,5
20,9.5,8.5,10,10,10,10
20,9.5,9,10,10,1,1
20,9.5,9,10,10,1,5
20,9.5,9,10,10,1,10
20,9.5,9,10,10,5,1
20,9.5,9,10,10,5,5
20,9.5,9,10,10,5,10
20,9.5,9,10,10,10,1
20,9.5,9,10,10,10,5
20,9.5,9,10,10,10,10
20,9.5,9.5,10,10,1,1
20,9.5,9.5,10,10,1,5
20,9.5,9.5,10,10,1,10
20,9.5,9.5,10,10,5,1
20,9.5,9.5,10,10,5,5
20,9.5,9.5,10,10,5,10
20,9.5,9.5,10,10,10,1
20,9.5,9.5,10,10,10,5
20,9.5,9.5,10,10,10,10
20,9.5,10,10,10,1,1
20,9.5,10,10,10,1,5
20,9.5,10,10,10,1,10
20,9.5,10,10,10,5,1
20,9.5,10,10,10,5,5
20,9.5,10,10,10,5,10
20,9.5,10,10,10,10,1
20,9.5,10,10,10,10,5
20,9.5,10,10,10,10,10
20,9.5,10.5,10,10,1,1
20,9.5,10.5,10,10,1,5
20,9.5,10.5,10,10,1,10
20,9.5,10.5,10,10,5,1
20,9.5,10.5,10,10,5,5
20,9.5,10.5,10,10,5,10
20,9.5,10.5,10,10,10,1
20,9.5,10.5,10,10,10,5
20,9.5,10.5,10,10,10,10
20,9.5,11,10,10,1,1
20,9.5,11,10,10,1,5
20,9.5,11,10,10,1,10
20,9.5,11,10,10,5,1
20,9.5,11,10,10,5,5
20,9.5,11,10,10,5,10
20,9.5,11,10,10,10,1
20,9.5,11,10,10,10,5
20,9.5,11,10,10,10,10
20,9.5,11.5,10,10,1,1
20,9.5,11.5,10,10,1,5
20,9.5,11.5,10,10,1,10
20,9.5,11.5,10,10,5,1
20,9.5,11.5,10,10,5,5
20,9.5,11.5,10,10,5,10
20,9.5,11.5,10,10,10,1
20,9.5,11.5,10,10,10,5
20,9.5,11.5,10,10,10,10
20,9.5,12,10,10,1,1
20,9.5,12,10,10,1,5
20,9.5,12,10,10,1,10
20,9.5,12,10,10,5,1
20,9.5,12,10,10,5,5
20,9.5,12,10,10,5,10
20,9.5,12,10,10,10,1
20,9.5,12,10,10,10,5
20,9.5,12,10,10,10,10
20,9.5,12.5,10,10,1,1
20,9.5,12.5,10,10,1,5
20,9.5,12.5,10,10,1,10
20,9.5,12.5,10,10,5,1
20,9.5,12.5,10,10,5,5
20,9.5,12.5,10,10,5,10
20,9.5,12.5,10,10,10,1
20,9.5,12.5,10,10,10,5
20,9.5,12.5,10,10,10,10
20,9.5,13,10,10,1,1
20,9.5,13,10,10,1,5
20,9.5,13,10,10,1,10
20,9.5,13,10,10,5,1
20,9.5,13,10,10,5,5
20,9.5,13,10,10,5,10
20,9.5,13,10,10,10,1
20,9.5,13,10,10,10,5
20,9.5,13,10,10,10,10
20,9.5,13.5,10,10,1,1
20,9.5,13.5,10,10,1,5
20,9.5,13.5,10,10,1,10
20,9.5,13.5,10,10,5,1
20,9.5,13.5,10,10,5,5
20,9.5,13.5,10,10,5,10
20,9.5,13.5,10,10,10,1
20,9.5,13.5,10,10,10,5
20,9.5,13.5,10,10,10,10
20,9.5,14,10,10,1,1
20,9.5,14,10,10,1,5
20,9.5,14,10,10,1,10
20,9.5,14,10,10,5,1
20,9.5,14,10,10,5,5
20,9.5,14,10,10,5,10
20,9.5,14,10,10,10,1
20,9.5,14,10,10,10,5
20,9.5,14,10,10,10,10
20,9.5,14.5,10,10,1,1
20,9.5,14.5,10,10,1,5
20,9.5,14.5,10,10,1,10
20,9.5,14.5,10,10,5,1
20,9.5,14.5,10,10,5,5
20,9.5,14.5,10,10,5,10
20,9.5,14.5,10,10,10,1
20,9.5,14.5,10,10,10,5
20,9.5,14.5,10,10,10,10
20,9.5,15,10,10,1,1
20,9.5,15,10,10,1,5
20,9.5,15,10,10,1,10
20,9.5,15,10,10,5,1
20,9.5,15,10,10,5,5
20,9.5,15,10,10,5,10
20,9.5,15,10,10,10,1
20,9.5,15,10,10,10,5
20,9.5,15,10,10,10,10
20,9.5,15.5,10,10,1,1
20,9.5,15.5,10,10,1,5
20,9.5,15.5,10,10,1,10
20,9.5,15.5,10,10,5,1
20,9.5,15.5,10,10,5,5
20,9.5,15.5,10,10,5,10
20,9.5,15.5,10,10,10,1
20,9.5,15.5,10,10,10,5
20,9.5,15.5,10,10,10,10
20,9.5,16,10,10,1,1
20,9.5,16,10,10,1,5
20,9.5,16,10,10,1,10
20,9.5,16,10,10,5,1
20,9.5,16,10,10,5,5
20,9.5,16,10,10,5,10
20,9.5,16,10,10,10,1
20,9.5,16,10,10,10,5
20,9.5,16,10,10,10,10
20,10,5.5,10,10,1,1
20,10,5.5,10,10,1,5
20,10,5.5,10,10,1,10
20,10,5.5,10,10,5,1
20,10,5.5,10,10,5,5
20,10,5.5,10,10,5,10
20,10,5.5,10,10,10,1
20,10,5.5,10,10,10,5
20,10,5.5,10,10,10,10
20,10,6,10,10,1,1
20,10,6,10,10,1,5
20,10,6,10,10,1,10
20,10,6,10,10,5,1
20,10,6,10,10,5,5
20,10,6,10,10,5,10
20,10,6,10,10,10,1
20,10,6,10,10,10,5
20,10,6,10,10,10,10
20,10,6.5,10,10,1,1
20,10,6.5,10,10,1,5
20,10,6.5,10,10,1,10
20,10,6.5,10,10,5,1
20,10,6.5,10,10,5,5
20,10,6.5,10,10,5,10
20,10,6.5,10,10,10,1
20,10,6.5,10,10,10,5
20,10,6.5,10,10,10,10
20,10,7,10,10,1,1
20,10,7,10,10,1,5
20,10,7,10,10,1,10
20,10,7,10,10,5,1
20,10,7,10,10,5,5
20,10,7,10,10,5,10
20,10,7,10,10,10,1
20,10,7,10,10,10,5
20,10,7,10,10,10,10
20,10,7.5,10,10,1,1
20,10,7.5,10,10,1,5
20,10,7.5,10,10,1,10
20,10,7.5,10,10,5,1
20,10,7.5,10,10,5,5
20,10,7.5,10,10,5,10
20,10,7.5,10,10,10,1
20,10,7.5,10,10,10,5
20,10,7.5,10,10,10,10
20,10,8,10,10,1,1
20,10,8,10,10,1,5
20,10,8,10,10,1,10
20,10,8,10,10,5,1
20,10,8,10,10,5,5
20,10,8,10,10,5,10
20,10,8,10,10,10,1
20,10,8,10,10,10,5
20,10,8,10,10,10,10
20,10,8.5,10,10,1,1
20,10,8.5,10,10,1,5
20,10,8.5,10,10,1,10
20,10,8.5,10,10,5,1
20,10,8.5,10,10,5,5
20,10,8.5,10,10,5,10
20,10,8.5,10,10,10,1
20,10,8.5,10,10,10,5
20,10,8.5,10,10,10,10
20,10,9,10,10,1,1
20,10,9,10,10,1,5
20,10,9,10,10,1,10
20,10,9,10,10,5,1
20,10,9,10,10,5,5
20,10,9,10,10,5,10
20,10,9,10,10,10,1
20,10,9,10,10,10,5
20,10,9,10,10,10,10
20,10,9.5,10,10,1,1
20,10,9.5,10,10,1,5
20,10,9.5,10,10,1,10
20,10,9.5,10,10,5,1
20,10,9.5,10,10,5,5
20,10,9.5,10,10,5,10
20,10,9.5,10,10,10,1
20,10,9.5,10,10,10,5
20,10,9.5,10,10,10,10
20,10,10.5,10,10,1,1
20,10,10.5,10,10,1,5
20,10,10.5,10,10,1,10
20,10,10.5,10,10,5,1
20,10,10.5,10,10,5,5
20,10,10.5,10,10,5,10
20,10,10.5,10,10,10,1
20,10,10.5,10,10,10,5
20,10,10.5,10,10,10,10
20,10,11,10,10,1,1
20,10,11,10,10,1,5
20,10,11,10,10,1,10
20,10,11,10,10,5,1
20,10,11,10,10,5,5
20,10,11,10,10,5,10
20,10,11,10,10,10,1
20,10,11,10,10,10,5
20,10,11,10,10,10,10
20,10,11.5,10,10,1,1
20,10,11.5,10,10,1,5
20,10,11.5,10,10,1,10
20,10,11.5,10,10,5,1
20,10,11.5,10,10,5,5
20,10,11.5,10,10,5,10
20,10,11.5,10,10,10,1
20,10,11.5,10,10,10,5
20,10,11.5,10,10,10,10
20,10,12,10,10,1,1
20,10,12,10,10,1,5
20,10,12,10,10,1,10
20,10,12,10,10,5,1
20,10,12,10,10,5,5
20,10,12,10,10,5,10
20,10,12,10,10,10,1
20,10,12,10,10,10,5
20,10,12,10,10,10,10
20,10,12.5,10,10,1,1
20,10,12.5,10,10,1,5
20,10,12.5,10,10,1,10
20,10,12.5,10,10,5,1
20,10,12.5,10,10,5,5
20,10,12.5,10,10,5,10
20,10,12.5,10,10,10,1
20,10,12.5,10,10,10,5
20,10,12.5,10,10,10,10
20,10,13,10,10,1,1
20,10,13,10,10,1,5
20,10,13,10,10,1,10
20,10,13,10,10,5,1
20,10,13,10,10,5,5
20,10,13,10,10,5,10
20,10,13,10,10,10,1
20,10,13,10,10,10,5
20,10,13,10,10,10,10
20,10,13.5,10,10,1,1
20,10,13.5,10,10,1,5
20,10,13.5,10,10,1,10
20,10,13.5,10,10,5,1
20,10,13.5,10,10,5,5
20,10,13.5,10,10,5,10
20,10,13.5,10,10,10,1
20,10,13.5,10,10,10,5
20,10,13.5,10,10,10,10
20,10,14,10,10,1,1
20,10,14,10,10,1,5
20,10,14,10,10,1,10
20,10,14,10,10,5,1
20,10,14,10,10,5,5
20,10,14,10,10,5,10
20,10,14,10,10,10,1
20,10,14,10,10,10,5
20,10,14,10,10,10,10
20,10,14.5,10,10,1,1
20,10,14.5,10,10,1,5
20,10,14.5,10,10,1,10
20,10,14.5,10,10,5,1
20,10,14.5,10,10,5,5
20,10,14.5,10,10,5,10
20,10,14.5,10,10,10,1
20,10,14.5,10,10,10,5
20,10,14.5,10,10,10,10
20,10,15.5,10,10,1,1
20,10,15.5,10,10,1,5
20,10,15.5,10,10,1,10
20,10,15.5,10,10,5,1
20,10,15.5,10,10,5,5
20,10,15.5,10,10,5,10
20,10,15.5,10,10,10,1
20,10,15.5,10,10,10,5
20,10,15.5,10,10,10,10
20,10,16,10,10,1,1
20,10,16,10,10,1,5
20,10,16,10,10,1,10
20,10,16,10,10,5,1
20,10,16,10,10,5,5
20,10,16,10,10,5,10
20,10,16,10,10,10,1
20,10,16,10,10,10,5
20,10,16,10,10,10,10
20,10.5,5,10,10,1,1
20,10.5,5,10,10,1,5
20,10.5,5,10,10,1,10
20,10.5,5,10,10,5,1
20,10.5,5,10,10,5,5
20,10.5,5,10,10,5,10
20,10.5,5,10,10,10,1
20,10.5,5,10,10,10,5
20,10.5,5,10,10,10,10
20,10.5,5.5,10,10,1,1
20,10.5,5.5,10,10,1,5
20,10.5,5.5,10,10,1,10
20,10.5,5.5,10,10,5,1
20,10.5,5.5,10,10,5,5
20,10.5,5.5,10,10,5,10
20,10.5,5.5,10,10,10,1
20,10.5,5.5,10,10,10,5
20,10.5,5.5,10,10,10,10
20,10.5,6,10,10,1,1
20,10.5,6,10,10,1,5
20,10.5,6,10,10,1,10
20,10.5,6,10,10,5,1
20,10.5,6,10,10,5,5
20,10.5,6,10,10,5,10
20,10.5,6,10,10,10,1
20,10.5,6,10,10,10,5
20,10.5,6,10,10,10,10
20,10.5,6.5,10,10,1,1
20,10.5,6.5,10,10,1,5
20,10.5,6.5,10,10,1,10
20,10.5,6.5,10,10,5,1
20,10.5,6.5,10,10,5,5
20,10.5,6.5,10,10,5,10
20,10.5,6.5,10,10,10,1
20,10.5,6.5,10,10,10,5
20,10.5,6.5,10,10,10,10
20,10.5,7,10,10,1,1
20,10.5,7,10,10,1,5
20,10.5,7,10,10,1,10
20,10.5,7,10,10,5,1
20,10.5,7,10,10,5,5
20,10.5,7,10,10,5,10
20,10.5,7,10,10,10,1
20,10.5,7,10,10,10,5
20,10.5,7,10,10,10,10
20,10.5,7.5,10,10,1,1
20,10.5,7.5,10,10,1,5
20,10.5,7.5,10,10,1,10
20,10.5,7.5,10,10,5,1
20,10.5,7.5,10,10,5,5
20,10.5,7.5,10,10,5,10
20,10.5,7.5,10,10,10,1
20,10.5,7.5,10,10,10,5
20,10.5,7.5,10,10,10,10
20,10.5,8,10,10,1,1
20,10.5,8,10,10,1,5
20,10.5,8,10,10,1,10
20,10.5,8,10,10,5,1
20,10.5,8,10,10,5,5
20,10.5,8,10,10,5,10
20,10.5,8,10,10,10,1
20,10.5,8,10,10,10,5
20,10.5,8,10,10,10,10
20,10.5,8.5,10,10,1,1
20,10.5,8.5,10,10,1,5
20,10.5,8.5,10,10,1,10
20,10.5,8.5,10,10,5,1
20,10.5,8.5,10,10,5,5
20,10.5,8.5,10,10,5,10
20,10.5,8.5,10,10,10,1
20,10.5,8.5,10,10,10,5
20,10.5,8.5,10,10,10,10
20,10.5,9,10,10,1,1
20,10.5,9,10,10,1,5
20,10.5,9,10,10,1,10
20,10.5,9,10,10,5,1
20,10.5,9,10,10,5,5
20,10.5,9,10,10,5,10
20,10.5,9,10,10,10,1
20,10.5,9,10,10,10,5
20,10.5,9,10,10,10,10
20,10.5,9.5,10,10,1,1
20,10.5,9.5,10,10,1,5
20,10.5,9.5,10,10,1,10
20,10.5,9.5,10,10,5,1
20,10.5,9.5,10,10,5,5
20,10.5,9.5,10,10,5,10
20,10.5,9.5,10,10,10,1
20,10.5,9.5,10,10,10,5
20,10.5,9.5,10,10,10,10
20,10.5,10,10,10,1,1
20,10.5,10,10,10,1,5
20,10.5,10,10,10,1,10
20,10.5,10,10,10,5,1
20,10.5,10,10,10,5,5
20,10.5,10,10,10,5,10
20,10.5,10,10,10,10,1
20,10.5,10,10,10,10,5
20,10.5,10,10,10,10,10
20,10.5,10.5,10,10,1,1
20,10.5,10.5,10,10,1,5
20,10.5,10.5,10,10,1,10
20,10.5,10.5,10,10,5,1
20,10.5,10.5,10,10,5,5
20,10.5,10.5,10,10,5,10
20,10.5,10.5,10,10,10,1
20,10.5,10.5,10,10,10,5
20,10.5,10.5,10,10,10,10
20,10.5,11,10,10,1,1
20,10.5,11,10,10,1,5
20,10.5,11,10,10,1,10
20,10.5,11,10,10,5,1
20,10.5,11,10,10,5,5
20,10.5,11,10,10,5,10
20,10.5,11,10,10,10,1
20,10.5,11,10,10,10,5
20,10.5,11,10,10,10,10
20,10.5,11.5,10,10,1,1
20,10.5,11.5,10,10,1,5
20,10.5,11.5,10,10,1,10
20,10.5,11.5,10,10,5,1
20,10.5,11.5,10,10,5,5
20,10.5,11.5,10,10,5,10
20,10.5,11.5,10,10,10,1
20,10.5,11.5,10,10,10,5
20,10.5,11.5,10,10,10,10
20,10.5,12,10,10,1,1
20,10.5,12,10,10,1,5
20,10.5,12,10,10,1,10
20,10.5,12,10,10,5,1
20,10.5,12,10,10,5,5
20,10.5,12,10,10,5,10
20,10.5,12,10,10,10,1
20,10.5,12,10,10,10,5
20,10.5,12,10,10,10,10
20,10.5,12.5,10,10,1,1
20,10.5,12.5,10,10,1,5
20,10.5,12.5,10,10,1,10
20,10.5,12.5,10,10,5,1
20,10.5,12.5,10,10,5,5
20,10.5,12.5,10,10,5,10
20,10.5,12.5,10,10,10,1
20,10.5,12.5,10,10,10,5
20,10.5,12.5,10,10,10,10
20,10.5,13,10,10,1,1
20,10.5,13,10,10,1,5
20,10.5,13,10,10,1,10
20,10.5,13,10,10,5,1
20,10.5,13,10,10,5,5
20,10.5,13,10,10,5,10
20,10.5,13,10,10,10,1
20,10.5,13,10,10,10,5
20,10.5,13,10,10,10,10
20,10.5,13.5,10,10,1,1
20,10.5,13.5,10,10,1,5
20,10.5,13.5,10,10,1,10
20,10.5,13.5,10,10,5,1
20,10.5,13.5,10,10,5,5
20,10.5,13.5,10,10,5,10
20,10.5,13.5,10,10,10,1
20,10.5,13.5,10,10,10,5
20,10.5,13.5,10,10,10,10
20,10.5,14,10,10,1,1
20,10.5,14,10,10,1,5
20,10.5,14,10,10,1,10
20,10.5,14,10,10,5,1
20,10.5,14,10,10,5,5
20,10.5,14,10,10,5,10
20,10.5,14,10,10,10,1
20,10.5,14,10,10,10,5
20,10.5,14,10,10,10,10
20,10.5,14.5,10,10,1,1
20,10.5,14.5,10,10,1,5
20,10.5,14.5,10,10,1,10
20,10.5,14.5,10,10,5,1
20,10.5,14.5,10,10,5,5
20,10.5,14.5,10,10,5,10
20,10.5,14.5,10,10,10,1
20,10.5,14.5,10,10,10,5
20,10.5,14.5,10,10,10,10
20,10.5,15,10,10,1,1
20,10.5,15,10,10,1,5
20,10.5,15,10,10,1,10
20,10.5,15,10,10,5,1
20,10.5,15,10,10,5,5
20,10.5,15,10,10,5,10
20,10.5,15,10,10,10,1
20,10.5,15,10,10,10,5
20,10.5,15,10,10,10,10
20,10.5,15.5,10,10,1,1
20,10.5,15.5,10,10,1,5
20,10.5,15.5,10,10,1,10
20,10.5,15.5,10,10,5,1
20,10.5,15.5,10,10,5,5
20,10.5,15.5,10,10,5,10
20,10.5,15.5,10,10,10,1
20,10.5,15.5,10,10,10,5
20,10.5,15.5,10,10,10,10
20,10.5,16,10,10,1,1
20,10.5,16,10,10,1,5
20,10.5,16,10,10,1,10
20,10.5,16,10,10,5,1
20,10.5,16,10,10,5,5
20,10.5,16,10,10,5,10
20,10.5,16,10,10,10,1
20,10.5,16,10,10,10,5
20,10.5,16,10,10,10,10
20,11,5,10,10,1,1
20,11,5,10,10,1,5
20,11,5,10,10,1,10
20,11,5,10,10,5,1
20,11,5,10,10,5,5
20,11,5,10,10,5,10
20,11,5,10,10,10,1
20,11,5,10,10,10,5
20,11,5,10,10,10,10
20,11,5.5,10,10,1,1
20,11,5.5,10,10,1,5
20,11,5.5,10,10,1,10
20,11,5.5,10,10,5,1
20,11,5.5,10,10,5,5
20,11,5.5,10,10,5,10
20,11,5.5,10,10,10,1
20,11,5.5,10,10,10,5
20,11,5.5,10,10,10,10
20,11,6,10,10,1,1
20,11,6,10,10,1,5
20,11,6,10,10,1,10
20,11,6,10,10,5,1
20,11,6,10,10,5,5
20,11,6,10,10,5,10
20,11,6,10,10,10,1
20,11,6,10,10,10,5
20,11,6,10,10,10,10
20,11,6.5,10,10,1,1
20,11,6.5,10,10,1,5
20,11,6.5,10,10,1,10
20,11,6.5,10,10,5,1
20,11,6.5,10,10,5,5
20,11,6.5,10,10,5,10
20,11,6.5,10,10,10,1
20,11,6.5,10,10,10,5
20,11,6.5,10,10,10,10
20,11,7,10,10,1,1
20,11,7,10,10,1,5
20,11,7,10,10,1,10
20,11,7,10,10,5,1
20,11,7,10,10,5,5
20,11,7,10,10,5,10
20,11,7,10,10,10,1
20,11,7,10,10,10,5
20,11,7,10,10,10,10
20,11,7.5,10,10,1,1
20,11,7.5,10,10,1,5
20,11,7.5,10,10,1,10
20,11,7.5,10,10,5,1
20,11,7.5,10,10,5,5
20,11,7.5,10,10,5,10
20,11,7.5,10,10,10,1
20,11,7.5,10,10,10,5
20,11,7.5,10,10,10,10
20,11,8,10,10,1,1
20,11,8,10,10,1,5
20,11,8,10,10,1,10
20,11,8,10,10,5,1
20,11,8,10,10,5,5
20,11,8,10,10,5,10
20,11,8,10,10,10,1
20,11,8,10,10,10,5
20,11,8,10,10,10,10
20,11,8.5,10,10,1,1
20,11,8.5,10,10,1,5
20,11,8.5,10,10,1,10
20,11,8.5,10,10,5,1
20,11,8.5,10,10,5,5
20,11,8.5,10,10,5,10
20,11,8.5,10,10,10,1
20,11,8.5,10,10,10,5
20,11,8.5,10,10,10,10
20,11,9,10,10,1,1
20,11,9,10,10,1,5
20,11,9,10,10,1,10
20,11,9,10,10,5,1
20,11,9,10,10,5,5
20,11,9,10,10,5,10
20,11,9,10,10,10,1
20,11,9,10,10,10,5
20,11,9,10,10,10,10
20,11,9.5,10,10,1,1
20,11,9.5,10,10,1,5
20,11,9.5,10,10,1,10
20,11,9.5,10,10,5,1
20,11,9.5,10,10,5,5
20,11,9.5,10,10,5,10
20,11,9.5,10,10,10,1
20,11,9.5,10,10,10,5
20,11,9.5,10,10,10,10
20,11,10,10,10,1,1
20,11,10,10,10,1,5
20,11,10,10,10,1,10
20,11,10,10,10,5,1
20,11,10,10,10,5,5
20,11,10,10,10,5,10
20,11,10,10,10,10,1
20,11,10,10,10,10,5
20,11,10,10,10,10,10
20,11,10.5,10,10,1,1
20,11,10.5,10,10,1,5
20,11,10.5,10,10,1,10
20,11,10.5,10,10,5,1
20,11,10.5,10,10,5,5
20,11,10.5,10,10,5,10
20,11,10.5,10,10,10,1
20,11,10.5,10,10,10,5
20,11,10.5,10,10,10,10
20,11,11,10,10,1,1
20,11,11,10,10,1,5
20,11,11,10,10,1,10
20,11,11,10,10,5,1
20,11,11,10,10,5,5
20,11,11,10,10,5,10
20,11,11,10,10,10,1
20,11,11,10,10,10,5
20,11,11,10,10,10,10
20,11,11.5,10,10,1,1
20,11,11.5,10,10,1,5
20,11,11.5,10,10,1,10
20,11,11.5,10,10,5,1
20,11,11.5,10,10,5,5
20,11,11.5,10,10,5,10
20,11,11.5,10,10,10,1
20,11,11.5,10,10,10,5
20,11,11.5,10,10,10,10
20,11,12,10,10,1,1
20,11,12,10,10,1,5
20,11,12,10,10,1,10
20,11,12,10,10,5,1
20,11,12,10,10,5,5
20,11,12,10,10,5,10
20,11,12,10,10,10,1
20,11,12,10,10,10,5
20,11,12,10,10,10,10
20,11,12.5,10,10,1,1
20,11,12.5,10,10,1,5
20,11,12.5,10,10,1,10
20,11,12.5,10,10,5,1
20,11,12.5,10,10,5,5
20,11,12.5,10,10,5,10
20,11,12.5,10,10,10,1
20,11,12.5,10,10,10,5
20,11,12.5,10,10,10,10
20,11,13,10,10,1,1
20,11,13,10,10,1,5
20,11,13,10,10,1,10
20,11,13,10,10,5,1
20,11,13,10,10,5,5
20,11,13,10,10,5,10
20,11,13,10,10,10,1
20,11,13,10,10,10,5
20,11,13,10,10,10,10
20,11,13.5,10,10,1,1
20,11,13.5,10,10,1,5
20,11,13.5,10,10,1,10
20,11,13.5,10,10,5,1
20,11,13.5,10,10,5,5
20,11,13.5,10,10,5,10
20,11,13.5,10,10,10,1
20,11,13.5,10,10,10,5
20,11,13.5,10,10,10,10
20,11,14,10,10,1,1
20,11,14,10,10,1,5
20,11,14,10,10,1,10
20,11,14,10,10,5,1
20,11,14,10,10,5,5
20,11,14,10,10,5,10
20,11,14,10,10,10,1
20,11,14,10,10,10,5
20,11,14,10,10,10,10
20,11,14.5,10,10,1,1
20,11,14.5,10,10,1,5
20,11,14.5,10,10,1,10
20,11,14.5,10,10,5,1
20,11,14.5,10,10,5,5
20,11,14.5,10,10,5,10
20,11,14.5,10,10,10,1
20,11,14.5,10,10,10,5
20,11,14.5,10,10,10,10
20,11,15,10,10,1,1
20,11,15,10,10,1,5
20,11,15,10,10,1,10
20,11,15,10,10,5,1
20,11,15,10,10,5,5
20,11,15,10,10,5,10
20,11,15,10,10,10,1
20,11,15,10,10,10,5
20,11,15,10,10,10,10
20,11,15.5,10,10,1,1
20,11,15.5,10,10,1,5
20,11,15.5,10,10,1,10
20,11,15.5,10,10,5,1
20,11,15.5,10,10,5,5
20,11,15.5,10,10,5,10
20,11,15.5,10,10,10,1
20,11,15.5,10,10,10,5
20,11,15.5,10,10,10,10
20,11,16,10,10,1,1
20,11,16,10,10,1,5
20,11,16,10,10,1,10
20,11,16,10,10,5,1
20,11,16,10,10,5,5
20,11,16,10,10,5,10
20,11,16,10,10,10,1
20,11,16,10,10,10,5
20,11,16,10,10,10,10
20,11.5,5,10,10,1,1
20,11.5,5,10,10,1,5
20,11.5,5,10,10,1,10
20,11.5,5,10,10,5,1
20,11.5,5,10,10,5,5
20,11.5,5,10,10,5,10
20,11.5,5,10,10,10,1
20,11.5,5,10,10,10,5
20,11.5,5,10,10,10,10
20,11.5,5.5,10,10,1,1
20,11.5,5.5,10,10,1,5
20,11.5,5.5,10,10,1,10
20,11.5,5.5,10,10,5,1
20,11.5,5.5,10,10,5,5
20,11.5,5.5,10,10,5,10
20,11.5,5.5,10,10,10,1
20,11.5,5.5,10,10,10,5
20,11.5,5.5,10,10,10,10
20,11.5,6,10,10,1,1
20,11.5,6,10,10,1,5
20,11.5,6,10,10,1,10
20,11.5,6,10,10,5,1
20,11.5,6,10,10,5,5
20,11.5,6,10,10,5,10
20,11.5,6,10,10,10,1
20,11.5,6,10,10,10,5
20,11.5,6,10,10,10,10
20,11.5,6.5,10,10,1,1
20,11.5,6.5,10,10,1,5
20,11.5,6.5,10,10,1,10
20,11.5,6.5,10,10,5,1
20,11.5,6.5,10,10,5,5
20,11.5,6.5,10,10,5,10
20,11.5,6.5,10,10,10,1
20,11.5,6.5,10,10,10,5
20,11.5,6.5,10,10,10,10
20,11.5,7,10,10,1,1
20,11.5,7,10,10,1,5
20,11.5,7,10,10,1,10
20,11.5,7,10,10,5,1
20,11.5,7,10,10,5,5
20,11.5,7,10,10,5,10
20,11.5,7,10,10,10,1
20,11.5,7,10,10,10,5
20,11.5,7,10,10,10,10
20,11.5,7.5,10,10,1,1
20,11.5,7.5,10,10,1,5
20,11.5,7.5,10,10,1,10
20,11.5,7.5,10,10,5,1
20,11.5,7.5,10,10,5,5
20,11.5,7.5,10,10,5,10
20,11.5,7.5,10,10,10,1
20,11.5,7.5,10,10,10,5
20,11.5,7.5,10,10,10,10
20,11.5,8,10,10,1,1
20,11.5,8,10,10,1,5
20,11.5,8,10,10,1,10
20,11.5,8,10,10,5,1
20,11.5,8,10,10,5,5
20,11.5,8,10,10,5,10
20,11.5,8,10,10,10,1
20,11.5,8,10,10,10,5
20,11.5,8,10,10,10,10
20,11.5,8.5,10,10,1,1
20,11.5,8.5,10,10,1,5
20,11.5,8.5,10,10,1,10
20,11.5,8.5,10,10,5,1
20,11.5,8.5,10,10,5,5
20,11.5,8.5,10,10,5,10
20,11.5,8.5,10,10,10,1
20,11.5,8.5,10,10,10,5
20,11.5,8.5,10,10,10,10
20,11.5,9,10,10,1,1
20,11.5,9,10,10,1,5
20,11.5,9,10,10,1,10
20,11.5,9,10,10,5,1
20,11.5,9,10,10,5,5
20,11.5,9,10,10,5,10
20,11.5,9,10,10,10,1
20,11.5,9,10,10,10,5
20,11.5,9,10,10,10,10
20,11.5,9.5,10,10,1,1
20,11.5,9.5,10,10,1,5
20,11.5,9.5,10,10,1,10
20,11.5,9.5,10,10,5,1
20,11.5,9.5,10,10,5,5
20,11.5,9.5,10,10,5,10
20,11.5,9.5,10,10,10,1
20,11.5,9.5,10,10,10,5
20,11.5,9.5,10,10,10,10
20,11.5,10,10,10,1,1
20,11.5,10,10,10,1,5
20,11.5,10,10,10,1,10
20,11.5,10,10,10,5,1
20,11.5,10,10,10,5,5
20,11.5,10,10,10,5,10
20,11.5,10,10,10,10,1
20,11.5,10,10,10,10,5
20,11.5,10,10,10,10,10
20,11.5,10.5,10,10,1,1
20,11.5,10.5,10,10,1,5
20,11.5,10.5,10,10,1,10
20,11.5,10.5,10,10,5,1
20,11.5,10.5,10,10,5,5
20,11.5,10.5,10,10,5,10
20,11.5,10.5,10,10,10,1
20,11.5,10.5,10,10,10,5
20,11.5,10.5,10,10,10,10
20,11.5,11,10,10,1,1
20,11.5,11,10,10,1,5
20,11.5,11,10,10,1,10
20,11.5,11,10,10,5,1
20,11.5,11,10,10,5,5
20,11.5,11,10,10,5,10
20,11.5,11,10,10,10,1
20,11.5,11,10,10,10,5
20,11.5,11,10,10,10,10
20,11.5,11.5,10,10,1,1
20,11.5,11.5,10,10,1,5
20,11.5,11.5,10,10,1,10
20,11.5,11.5,10,10,5,1
20,11.5,11.5,10,10,5,5
20,11.5,11.5,10,10,5,10
20,11.5,11.5,10,10,10,1
20,11.5,11.5,10,10,10,5
20,11.5,11.5,10,10,10,10
20,11.5,12,10,10,1,1
20,11.5,12,10,10,1,5
20,11.5,12,10,10,1,10
20,11.5,12,10,10,5,1
20,11.5,12,10,10,5,5
20,11.5,12,10,10,5,10
20,11.5,12,10,10,10,1
20,11.5,12,10,10,10,5
20,11.5,12,10,10,10,10
20,11.5,12.5,10,10,1,1
20,11.5,12.5,10,10,1,5
20,11.5,12.5,10,10,1,10
20,11.5,12.5,10,10,5,1
20,11.5,12.5,10,10,5,5
20,11.5,12.5,10,10,5,10
20,11.5,12.5,10,10,10,1
20,11.5,12.5,10,10,10,5
20,11.5,12.5,10,10,10,10
20,11.5,13,10,10,1,1
20,11.5,13,10,10,1,5
20,11.5,13,10,10,1,10
20,11.5,13,10,10,5,1
20,11.5,13,10,10,5,5
20,11.5,13,10,10,5,10
20,11.5,13,10,10,10,1
20,11.5,13,10,10,10,5
20,11.5,13,10,10,10,10
20,11.5,13.5,10,10,1,1
20,11.5,13.5,10,10,1,5
20,11.5,13.5,10,10,1,10
20,11.5,13.5,10,10,5,1
20,11.5,13.5,10,10,5,5
20,11.5,13.5,10,10,5,10
20,11.5,13.5,10,10,10,1
20,11.5,13.5,10,10,10,5
20,11.5,13.5,10,10,10,10
20,11.5,14,10,10,1,1
20,11.5,14,10,10,1,5
20,11.5,14,10,10,1,10
20,11.5,14,10,10,5,1
20,11.5,14,10,10,5,5
20,11.5,14,10,10,5,10
20,11.5,14,10,10,10,1
20,11.5,14,10,10,10,5
20,11.5,14,10,10,10,10
20,11.5,14.5,10,10,1,1
20,11.5,14.5,10,10,1,5
20,11.5,14.5,10,10,1,10
20,11.5,14.5,10,10,5,1
20,11.5,14.5,10,10,5,5
20,11.5,14.5,10,10,5,10
20,11.5,14.5,10,10,10,1
20,11.5,14.5,10,10,10,5
20,11.5,14.5,10,10,10,10
20,11.5,15,10,10,1,1
20,11.5,15,10,10,1,5
20,11.5,15,10,10,1,10
20,11.5,15,10,10,5,1
20,11.5,15,10,10,5,5
20,11.5,15,10,10,5,10
20,11.5,15,10,10,10,1
20,11.5,15,10,10,10,5
20,11.5,15,10,10,10,10
20,11.5,15.5,10,10,1,1
20,11.5,15.5,10,10,1,5
20,11.5,15.5,10,10,1,10
20,11.5,15.5,10,10,5,1
20,11.5,15.5,10,10,5,5
20,11.5,15.5,10,10,5,10
20,11.5,15.5,10,10,10,1
20,11.5,15.5,10,10,10,5
20,11.5,15.5,10,10,10,10
20,11.5,16,10,10,1,1
20,11.5,16,10,10,1,5
20,11.5,16,10,10,1,10
20,11.5,16,10,10,5,1
20,11.5,16,10,10,5,5
20,11.5,16,10,10,5,10
20,11.5,16,10,10,10,1
20,11.5,16,10,10,10,5
20,11.5,16,10,10,10,10
20,12,5,10,10,1,1
20,12,5,10,10,1,5
20,12,5,10,10,1,10
20,12,5,10,10,5,1
20,12,5,10,10,5,5
20,12,5,10,10,5,10
20,12,5,10,10,10,1
20,12,5,10,10,10,5
20,12,5,10,10,10,10
20,12,5.5,10,10,1,1
20,12,5.5,10,10,1,5
20,12,5.5,10,10,1,10
20,12,5.5,10,10,5,1
20,12,5.5,10,10,5,5
20,12,5.5,10,10,5,10
20,12,5.5,10,10,10,1
20,12,5.5,10,10,10,5
20,12,5.5,10,10,10,10
20,12,6,10,10,1,1
20,12,6,10,10,1,5
20,12,6,10,10,1,10
20,12,6,10,10,5,1
20,12,6,10,10,5,5
20,12,6,10,10,5,10
20,12,6,10,10,10,1
20,12,6,10,10,10,5
20,12,6,10,10,10,10
20,12,6.5,10,10,1,1
20,12,6.5,10,10,1,5
20,12,6.5,10,10,1,10
20,12,6.5,10,10,5,1
20,12,6.5,10,10,5,5
20,12,6.5,10,10,5,10
20,12,6.5,10,10,10,1
20,12,6.5,10,10,10,5
20,12,6.5,10,10,10,10
20,12,7,10,10,1,1
20,12,7,10,10,1,5
20,12,7,10,10,1,10
20,12,7,10,10,5,1
20,12,7,10,10,5,5
20,12,7,10,10,5,10
20,12,7,10,10,10,1
20,12,7,10,10,10,5
20,12,7,10,10,10,10
20,12,7.5,10,10,1,1
20,12,7.5,10,10,1,5
20,12,7.5,10,10,1,10
20,12,7.5,10,10,5,1
20,12,7.5,10,10,5,5
20,12,7.5,10,10,5,10
20,12,7.5,10,10,10,1
20,12,7.5,10,10,10,5
20,12,7.5,10,10,10,10
20,12,8,10,10,1,1
20,12,8,10,10,1,5
20,12,8,10,10,1,10
20,12,8,10,10,5,1
20,12,8,10,10,5,5
20,12,8,10,10,5,10
20,12,8,10,10,10,1
20,12,8,10,10,10,5
20,12,8,10,10,10,10
20,12,8.5,10,10,1,1
20,12,8.5,10,10,1,5
20,12,8.5,10,10,1,10
20,12,8.5,10,10,5,1
20,12,8.5,10,10,5,5
20,12,8.5,10,10,5,10
20,12,8.5,10,10,10,1
20,12,8.5,10,10,10,5
20,12,8.5,10,10,10,10
20,12,9,10,10,1,1
20,12,9,10,10,1,5
20,12,9,10,10,1,10
20,12,9,10,10,5,1
20,12,9,10,10,5,5
20,12,9,10,10,5,10
20,12,9,10,10,10,1
20,12,9,10,10,10,5
20,12,9,10,10,10,10
20,12,9.5,10,10,1,1
20,12,9.5,10,10,1,5
20,12,9.5,10,10,1,10
20,12,9.5,10,10,5,1
20,12,9.5,10,10,5,5
20,12,9.5,10,10,5,10
20,12,9.5,10,10,10,1
20,12,9.5,10,10,10,5
20,12,9.5,10,10,10,10
20,12,10,10,10,1,1
20,12,10,10,10,1,5
20,12,10,10,10,1,10
20,12,10,10,10,5,1
20,12,10,10,10,5,5
20,12,10,10,10,5,10
20,12,10,10,10,10,1
20,12,10,10,10,10,5
20,12,10,10,10,10,10
20,12,10.5,10,10,1,1
20,12,10.5,10,10,1,5
20,12,10.5,10,10,1,10
20,12,10.5,10,10,5,1
20,12,10.5,10,10,5,5
20,12,10.5,10,10,5,10
20,12,10.5,10,10,10,1
20,12,10.5,10,10,10,5
20,12,10.5,10,10,10,10
20,12,11,10,10,1,1
20,12,11,10,10,1,5
20,12,11,10,10,1,10
20,12,11,10,10,5,1
20,12,11,10,10,5,5
20,12,11,10,10,5,10
20,12,11,10,10,10,1
20,12,11,10,10,10,5
20,12,11,10,10,10,10
20,12,11.5,10,10,1,1
20,12,11.5,10,10,1,5
20,12,11.5,10,10,1,10
20,12,11.5,10,10,5,1
20,12,11.5,10,10,5,5
20,12,11.5,10,10,5,10
20,12,11.5,10,10,10,1
20,12,11.5,10,10,10,5
20,12,11.5,10,10,10,10
20,12,12,10,10,1,1
20,12,12,10,10,1,5
20,12,12,10,10,1,10
20,12,12,10,10,5,1
20,12,12,10,10,5,5
20,12,12,10,10,5,10
20,12,12,10,10,10,1
20,12,12,10,10,10,5
20,12,12,10,10,10,10
20,12,12.5,10,10,1,1
20,12,12.5,10,10,1,5
20,12,12.5,10,10,1,10
20,12,12.5,10,10,5,1
20,12,12.5,10,10,5,5
20,12,12.5,10,10,5,10
20,12,12.5,10,10,10,1
20,12,12.5,10,10,10,5
20,12,12.5,10,10,10,10
20,12,13,10,10,1,1
20,12,13,10,10,1,5
20,12,13,10,10,1,10
20,12,13,10,10,5,1
20,12,13,10,10,5,5
20,12,13,10,10,5,10
20,12,13,10,10,10,1
20,12,13,10,10,10,5
20,12,13,10,10,10,10
20,12,13.5,10,10,1,1
20,12,13.5,10,10,1,5
20,12,13.5,10,10,1,10
20,12,13.5,10,10,5,1
20,12,13.5,10,10,5,5
20,12,13.5,10,10,5,10
20,12,13.5,10,10,10,1
20,12,13.5,10,10,10,5
20,12,13.5,10,10,10,10
20,12,14,10,10,1,1
20,12,14,10,10,1,5
20,12,14,10,10,1,10
20,12,14,10,10,5,1
20,12,14,10,10,5,5
20,12,14,10,10,5,10
20,12,14,10,10,10,1
20,12,14,10,10,10,5
20,12,14,10,10,10,10
20,12,14.5,10,10,1,1
20,12,14.5,10,10,1,5
20,12,14.5,10,10,1,10
20,12,14.5,10,10,5,1
20,12,14.5,10,10,5,5
20,12,14.5,10,10,5,10
20,12,14.5,10,10,10,1
20,12,14.5,10,10,10,5
20,12,14.5,10,10,10,10
20,12,15,10,10,1,1
20,12,15,10,10,1,5
20,12,15,10,10,1,10
20,12,15,10,10,5,1
20,12,15,10,10,5,5
20,12,15,10,10,5,10
20,12,15,10,10,10,1
20,12,15,10,10,10,5
20,12,15,10,10,10,10
20,12,15.5,10,10,1,1
20,12,15.5,10,10,1,5
20,12,15.5,10,10,1,10
20,12,15.5,10,10,5,1
20,12,15.5,10,10,5,5
20,12,15.5,10,10,5,10
20,12,15.5,10,10,10,1
20,12,15.5,10,10,10,5
20,12,15.5,10,10,10,10
20,12,16,10,10,1,1
20,12,16,10,10,1,5
20,12,16,10,10,1,10
20,12,16,10,10,5,1
20,12,16,10,10,5,5
20,12,16,10,10,5,10
20,12,16,10,10,10,1
20,12,16,10,10,10,5
20,12,16,10,10,10,10
20,12.5,5,10,10,1,1
20,12.5,5,10,10,1,5
20,12.5,5,10,10,1,10
20,12.5,5,10,10,5,1
20,12.5,5,10,10,5,5
20,12.5,5,10,10,5,10
20,12.5,5,10,10,10,1
20,12.5,5,10,10,10,5
20,12.5,5,10,10,10,10
20,12.5,5.5,10,10,1,1
20,12.5,5.5,10,10,1,5
20,12.5,5.5,10,10,1,10
20,12.5,5.5,10,10,5,1
20,12.5,5.5,10,10,5,5
20,12.5,5.5,10,10,5,10
20,12.5,5.5,10,10,10,1
20,12.5,5.5,10,10,10,5
20,12.5,5.5,10,10,10,10
20,12.5,6,10,10,1,1
20,12.5,6,10,10,1,5
20,12.5,6,10,10,1,10
20,12.5,6,10,10,5,1
20,12.5,6,10,10,5,5
20,12.5,6,10,10,5,10
20,12.5,6,10,10,10,1
20,12.5,6,10,10,10,5
20,12.5,6,10,10,10,10
20,12.5,6.5,10,10,1,1
20,12.5,6.5,10,10,1,5
20,12.5,6.5,10,10,1,10
20,12.5,6.5,10,10,5,1
20,12.5,6.5,10,10,5,5
20,12.5,6.5,10,10,5,10
20,12.5,6.5,10,10,10,1
20,12.5,6.5,10,10,10,5
20,12.5,6.5,10,10,10,10
20,12.5,7,10,10,1,1
20,12.5,7,10,10,1,5
20,12.5,7,10,10,1,10
20,12.5,7,10,10,5,1
20,12.5,7,10,10,5,5
20,12.5,7,10,10,5,10
20,12.5,7,10,10,10,1
20,12.5,7,10,10,10,5
20,12.5,7,10,10,10,10
20,12.5,7.5,10,10,1,1
20,12.5,7.5,10,10,1,5
20,12.5,7.5,10,10,1,10
20,12.5,7.5,10,10,5,1
20,12.5,7.5,10,10,5,5
20,12.5,7.5,10,10,5,10
20,12.5,7.5,10,10,10,1
20,12.5,7.5,10,10,10,5
20,12.5,7.5,10,10,10,10
20,12.5,8,10,10,1,1
20,12.5,8,10,10,1,5
20,12.5,8,10,10,1,10
20,12.5,8,10,10,5,1
20,12.5,8,10,10,5,5
20,12.5,8,10,10,5,10
20,12.5,8,10,10,10,1
20,12.5,8,10,10,10,5
20,12.5,8,10,10,10,10
20,12.5,8.5,10,10,1,1
20,12.5,8.5,10,10,1,5
20,12.5,8.5,10,10,1,10
20,12.5,8.5,10,10,5,1
20,12.5,8.5,10,10,5,5
20,12.5,8.5,10,10,5,10
20,12.5,8.5,10,10,10,1
20,12.5,8.5,10,10,10,5
20,12.5,8.5,10,10,10,10
20,12.5,9,10,10,1,1
20,12.5,9,10,10,1,5
20,12.5,9,10,10,1,10
20,12.5,9,10,10,5,1
20,12.5,9,10,10,5,5
20,12.5,9,10,10,5,10
20,12.5,9,10,10,10,1
20,12.5,9,10,10,10,5
20,12.5,9,10,10,10,10
20,12.5,9.5,10,10,1,1
20,12.5,9.5,10,10,1,5
20,12.5,9.5,10,10,1,10
20,12.5,9.5,10,10,5,1
20,12.5,9.5,10,10,5,5
20,12.5,9.5,10,10,5,10
20,12.5,9.5,10,10,10,1
20,12.5,9.5,10,10,10,5
20,12.5,9.5,10,10,10,10
20,12.5,10,10,10,1,1
20,12.5,10,10,10,1,5
20,12.5,10,10,10,1,10
20,12.5,10,10,10,5,1
20,12.5,10,10,10,5,5
20,12.5,10,10,10,5,10
20,12.5,10,10,10,10,1
20,12.5,10,10,10,10,5
20,12.5,10,10,10,10,10
20,12.5,10.5,10,10,1,1
20,12.5,10.5,10,10,1,5
20,12.5,10.5,10,10,1,10
20,12.5,10.5,10,10,5,1
20,12.5,10.5,10,10,5,5
20,12.5,10.5,10,10,5,10
20,12.5,10.5,10,10,10,1
20,12.5,10.5,10,10,10,5
20,12.5,10.5,10,10,10,10
20,12.5,11,10,10,1,1
20,12.5,11,10,10,1,5
20,12.5,11,10,10,1,10
20,12.5,11,10,10,5,1
20,12.5,11,10,10,5,5
20,12.5,11,10,10,5,10
20,12.5,11,10,10,10,1
20,12.5,11,10,10,10,5
20,12.5,11,10,10,10,10
20,12.5,11.5,10,10,1,1
20,12.5,11.5,10,10,1,5
20,12.5,11.5,10,10,1,10
20,12.5,11.5,10,10,5,1
20,12.5,11.5,10,10,5,5
20,12.5,11.5,10,10,5,10
20,12.5,11.5,10,10,10,1
20,12.5,11.5,10,10,10,5
20,12.5,11.5,10,10,10,10
20,12.5,12,10,10,1,1
20,12.5,12,10,10,1,5
20,12.5,12,10,10,1,10
20,12.5,12,10,10,5,1
20,12.5,12,10,10,5,5
20,12.5,12,10,10,5,10
20,12.5,12,10,10,10,1
20,12.5,12,10,10,10,5
20,12.5,12,10,10,10,10
20,12.5,12.5,10,10,1,1
20,12.5,12.5,10,10,1,5
20,12.5,12.5,10,10,1,10
20,12.5,12.5,10,10,5,1
20,12.5,12.5,10,10,5,5
20,12.5,12.5,10,10,5,10
20,12.5,12.5,10,10,10,1
20,12.5,12.5,10,10,10,5
20,12.5,12.5,10,10,10,10
20,12.5,13,10,10,1,1
20,12.5,13,10,10,1,5
20,12.5,13,10,10,1,10
20,12.5,13,10,10,5,1
20,12.5,13,10,10,5,5
20,12.5,13,10,10,5,10
20,12.5,13,10,10,10,1
20,12.5,13,10,10,10,5
20,12.5,13,10,10,10,10
20,12.5,13.5,10,10,1,1
20,12.5,13.5,10,10,1,5
20,12.5,13.5,10,10,1,10
20,12.5,13.5,10,10,5,1
20,12.5,13.5,10,10,5,5
20,12.5,13.5,10,10,5,10
20,12.5,13.5,10,10,10,1
20,12.5,13.5,10,10,10,5
20,12.5,13.5,10,10,10,10
20,12.5,14,10,10,1,1
20,12.5,14,10,10,1,5
20,12.5,14,10,10,1,10
20,12.5,14,10,10,5,1
20,12.5,14,10,10,5,5
20,12.5,14,10,10,5,10
20,12.5,14,10,10,10,1
20,12.5,14,10,10,10,5
20,12.5,14,10,10,10,10
20,12.5,14.5,10,10,1,1
20,12.5,14.5,10,10,1,5
20,12.5,14.5,10,10,1,10
20,12.5,14.5,10,10,5,1
20,12.5,14.5,10,10,5,5
20,12.5,14.5,10,10,5,10
20,12.5,14.5,10,10,10,1
20,12.5,14.5,10,10,10,5
20,12.5,14.5,10,10,10,10
20,12.5,15,10,10,1,1
20,12.5,15,10,10,1,5
20,12.5,15,10,10,1,10
20,12.5,15,10,10,5,1
20,12.5,15,10,10,5,5
20,12.5,15,10,10,5,10
20,12.5,15,10,10,10,1
20,12.5,15,10,10,10,5
20,12.5,15,10,10,10,10
20,12.5,15.5,10,10,1,1
20,12.5,15.5,10,10,1,5
20,12.5,15.5,10,10,1,10
20,12.5,15.5,10,10,5,1
20,12.5,15.5,10,10,5,5
20,12.5,15.5,10,10,5,10
20,12.5,15.5,10,10,10,1
20,12.5,15.5,10,10,10,5
20,12.5,15.5,10,10,10,10
20,12.5,16,10,10,1,1
20,12.5,16,10,10,1,5
20,12.5,16,10,10,1,10
20,12.5,16,10,10,5,1
20,12.5,16,10,10,5,5
20,12.5,16,10,10,5,10
20,12.5,16,10,10,10,1
20,12.5,16,10,10,10,5
20,12.5,16,10,10,10,10
20,13,5,10,10,1,1
20,13,5,10,10,1,5
20,13,5,10,10,1,10
20,13,5,10,10,5,1
20,13,5,10,10,5,5
20,13,5,10,10,5,10
20,13,5,10,10,10,1
20,13,5,10,10,10,5
20,13,5,10,10,10,10
20,13,5.5,10,10,1,1
20,13,5.5,10,10,1,5
20,13,5.5,10,10,1,10
20,13,5.5,10,10,5,1
20,13,5.5,10,10,5,5
20,13,5.5,10,10,5,10
20,13,5.5,10,10,10,1
20,13,5.5,10,10,10,5
20,13,5.5,10,10,10,10
20,13,6,10,10,1,1
20,13,6,10,10,1,5
20,13,6,10,10,1,10
20,13,6,10,10,5,1
20,13,6,10,10,5,5
20,13,6,10,10,5,10
20,13,6,10,10,10,1
20,13,6,10,10,10,5
20,13,6,10,10,10,10
20,13,6.5,10,10,1,1
20,13,6.5,10,10,1,5
20,13,6.5,10,10,1,10
20,13,6.5,10,10,5,1
20,13,6.5,10,10,5,5
20,13,6.5,10,10,5,10
20,13,6.5,10,10,10,1
20,13,6.5,10,10,10,5
20,13,6.5,10,10,10,10
20,13,7,10,10,1,1
20,13,7,10,10,1,5
20,13,7,10,10,1,10
20,13,7,10,10,5,1
20,13,7,10,10,5,5
20,13,7,10,10,5,10
20,13,7,10,10,10,1
20,13,7,10,10,10,5
20,13,7,10,10,10,10
20,13,7.5,10,10,1,1
20,13,7.5,10,10,1,5
20,13,7.5,10,10,1,10
20,13,7.5,10,10,5,1
20,13,7.5,10,10,5,5
20,13,7.5,10,10,5,10
20,13,7.5,10,10,10,1
20,13,7.5,10,10,10,5
20,13,7.5,10,10,10,10
20,13,8,10,10,1,1
20,13,8,10,10,1,5
20,13,8,10,10,1,10
20,13,8,10,10,5,1
20,13,8,10,10,5,5
20,13,8,10,10,5,10
20,13,8,10,10,10,1
20,13,8,10,10,10,5
20,13,8,10,10,10,10
20,13,8.5,10,10,1,1
20,13,8.5,10,10,1,5
20,13,8.5,10,10,1,10
20,13,8.5,10,10,5,1
20,13,8.5,10,10,5,5
20,13,8.5,10,10,5,10
20,13,8.5,10,10,10,1
20,13,8.5,10,10,10,5
20,13,8.5,10,10,10,10
20,13,9,10,10,1,1
20,13,9,10,10,1,5
20,13,9,10,10,1,10
20,13,9,10,10,5,1
20,13,9,10,10,5,5
20,13,9,10,10,5,10
20,13,9,10,10,10,1
20,13,9,10,10,10,5
20,13,9,10,10,10,10
20,13,9.5,10,10,1,1
20,13,9.5,10,10,1,5
20,13,9.5,10,10,1,10
20,13,9.5,10,10,5,1
20,13,9.5,10,10,5,5
20,13,9.5,10,10,5,10
20,13,9.5,10,10,10,1
20,13,9.5,10,10,10,5
20,13,9.5,10,10,10,10
20,13,10,10,10,1,1
20,13,10,10,10,1,5
20,13,10,10,10,1,10
20,13,10,10,10,5,1
20,13,10,10,10,5,5
20,13,10,10,10,5,10
20,13,10,10,10,10,1
20,13,10,10,10,10,5
20,13,10,10,10,10,10
20,13,10.5,10,10,1,1
20,13,10.5,10,10,1,5
20,13,10.5,10,10,1,10
20,13,10.5,10,10,5,1
20,13,10.5,10,10,5,5
20,13,10.5,10,10,5,10
20,13,10.5,10,10,10,1
20,13,10.5,10,10,10,5
20,13,10.5,10,10,10,10
20,13,11,10,10,1,1
20,13,11,10,10,1,5
20,13,11,10,10,1,10
20,13,11,10,10,5,1
20,13,11,10,10,5,5
20,13,11,10,10,5,10
20,13,11,10,10,10,1
20,13,11,10,10,10,5
20,13,11,10,10,10,10
20,13,11.5,10,10,1,1
20,13,11.5,10,10,1,5
20,13,11.5,10,10,1,10
20,13,11.5,10,10,5,1
20,13,11.5,10,10,5,5
20,13,11.5,10,10,5,10
20,13,11.5,10,10,10,1
20,13,11.5,10,10,10,5
20,13,11.5,10,10,10,10
20,13,12,10,10,1,1
20,13,12,10,10,1,5
20,13,12,10,10,1,10
20,13,12,10,10,5,1
20,13,12,10,10,5,5
20,13,12,10,10,5,10
20,13,12,10,10,10,1
20,13,12,10,10,10,5
20,13,12,10,10,10,10
20,13,12.5,10,10,1,1
20,13,12.5,10,10,1,5
20,13,12.5,10,10,1,10
20,13,12.5,10,10,5,1
20,13,12.5,10,10,5,5
20,13,12.5,10,10,5,10
20,13,12.5,10,10,10,1
20,13,12.5,10,10,10,5
20,13,12.5,10,10,10,10
20,13,13,10,10,1,1
20,13,13,10,10,1,5
20,13,13,10,10,1,10
20,13,13,10,10,5,1
20,13,13,10,10,5,5
20,13,13,10,10,5,10
20,13,13,10,10,10,1
20,13,13,10,10,10,5
20,13,13,10,10,10,10
20,13,13.5,10,10,1,1
20,13,13.5,10,10,1,5
20,13,13.5,10,10,1,10
20,13,13.5,10,10,5,1
20,13,13.5,10,10,5,5
20,13,13.5,10,10,5,10
20,13,13.5,10,10,10,1
20,13,13.5,10,10,10,5
20,13,13.5,10,10,10,10
20,13,14,10,10,1,1
20,13,14,10,10,1,5
20,13,14,10,10,1,10
20,13,14,10,10,5,1
20,13,14,10,10,5,5
20,13,14,10,10,5,10
20,13,14,10,10,10,1
20,13,14,10,10,10,5
20,13,14,10,10,10,10
20,13,14.5,10,10,1,1
20,13,14.5,10,10,1,5
20,13,14.5,10,10,1,10
20,13,14.5,10,10,5,1
20,13,14.5,10,10,5,5
20,13,14.5,10,10,5,10
20,13,14.5,10,10,10,1
20,13,14.5,10,10,10,5
20,13,14.5,10,10,10,10
20,13,15,10,10,1,1
20,13,15,10,10,1,5
20,13,15,10,10,1,10
20,13,15,10,10,5,1
20,13,15,10,10,5,5
20,13,15,10,10,5,10
20,13,15,10,10,10,1
20,13,15,10,10,10,5
20,13,15,10,10,10,10
20,13,15.5,10,10,1,1
20,13,15.5,10,10,1,5
20,13,15.5,10,10,1,10
20,13,15.5,10,10,5,1
20,13,15.5,10,10,5,5
20,13,15.5,10,10,5,10
20,13,15.5,10,10,10,1
20,13,15.5,10,10,10,5
20,13,15.5,10,10,10,10
20,13,16,10,10,1,1
20,13,16,10,10,1,5
20,13,16,10,10,1,10
20,13,16,10,10,5,1
20,13,16,10,10,5,5
20,13,16,10,10,5,10
20,13,16,10,10,10,1
20,13,16,10,10,10,5
20,13,16,10,10,10,10
20,13.5,5,10,10,1,1
20,13.5,5,10,10,1,5
20,13.5,5,10,10,1,10
20,13.5,5,10,10,5,1
20,13.5,5,10,10,5,5
20,13.5,5,10,10,5,10
20,13.5,5,10,10,10,1
20,13.5,5,10,10,10,5
20,13.5,5,10,10,10,10
20,13.5,5.5,10,10,1,1
20,13.5,5.5,10,10,1,5
20,13.5,5.5,10,10,1,10
20,13.5,5.5,10,10,5,1
20,13.5,5.5,10,10,5,5
20,13.5,5.5,10,10,5,10
20,13.5,5.5,10,10,10,1
20,13.5,5.5,10,10,10,5
20,13.5,5.5,10,10,10,10
20,13.5,6,10,10,1,1
20,13.5,6,10,10,1,5
20,13.5,6,10,10,1,10
20,13.5,6,10,10,5,1
20,13.5,6,10,10,5,5
20,13.5,6,10,10,5,10
20,13.5,6,10,10,10,1
20,13.5,6,10,10,10,5
20,13.5,6,10,10,10,10
20,13.5,6.5,10,10,1,1
20,13.5,6.5,10,10,1,5
20,13.5,6.5,10,10,1,10
20,13.5,6.5,10,10,5,1
20,13.5,6.5,10,10,5,5
20,13.5,6.5,10,10,5,10
20,13.5,6.5,10,10,10,1
20,13.5,6.5,10,10,10,5
20,13.5,6.5,10,10,10,10
20,13.5,7,10,10,1,1
20,13.5,7,10,10,1,5
20,13.5,7,10,10,1,10
20,13.5,7,10,10,5,1
20,13.5,7,10,10,5,5
20,13.5,7,10,10,5,10
20,13.5,7,10,10,10,1
20,13.5,7,10,10,10,5
20,13.5,7,10,10,10,10
20,13.5,7.5,10,10,1,1
20,13.5,7.5,10,10,1,5
20,13.5,7.5,10,10,1,10
20,13.5,7.5,10,10,5,1
20,13.5,7.5,10,10,5,5
20,13.5,7.5,10,10,5,10
20,13.5,7.5,10,10,10,1
20,13.5,7.5,10,10,10,5
20,13.5,7.5,10,10,10,10
20,13.5,8,10,10,1,1
20,13.5,8,10,10,1,5
20,13.5,8,10,10,1,10
20,13.5,8,10,10,5,1
20,13.5,8,10,10,5,5
20,13.5,8,10,10,5,10
20,13.5,8,10,10,10,1
20,13.5,8,10,10,10,5
20,13.5,8,10,10,10,10
20,13.5,8.5,10,10,1,1
20,13.5,8.5,10,10,1,5
20,13.5,8.5,10,10,1,10
20,13.5,8.5,10,10,5,1
20,13.5,8.5,10,10,5,5
20,13.5,8.5,10,10,5,10
20,13.5,8.5,10,10,10,1
20,13.5,8.5,10,10,10,5
20,13.5,8.5,10,10,10,10
20,13.5,9,10,10,1,1
20,13.5,9,10,10,1,5
20,13.5,9,10,10,1,10
20,13.5,9,10,10,5,1
20,13.5,9,10,10,5,5
20,13.5,9,10,10,5,10
20,13.5,9,10,10,10,1
20,13.5,9,10,10,10,5
20,13.5,9,10,10,10,10
20,13.5,9.5,10,10,1,1
20,13.5,9.5,10,10,1,5
20,13.5,9.5,10,10,1,10
20,13.5,9.5,10,10,5,1
20,13.5,9.5,10,10,5,5
20,13.5,9.5,10,10,5,10
20,13.5,9.5,10,10,10,1
20,13.5,9.5,10,10,10,5
20,13.5,9.5,10,10,10,10
20,13.5,10,10,10,1,1
20,13.5,10,10,10,1,5
20,13.5,10,10,10,1,10
20,13.5,10,10,10,5,1
20,13.5,10,10,10,5,5
20,13.5,10,10,10,5,10
20,13.5,10,10,10,10,1
20,13.5,10,10,10,10,5
20,13.5,10,10,10,10,10
20,13.5,10.5,10,10,1,1
20,13.5,10.5,10,10,1,5
20,13.5,10.5,10,10,1,10
20,13.5,10.5,10,10,5,1
20,13.5,10.5,10,10,5,5
20,13.5,10.5,10,10,5,10
20,13.5,10.5,10,10,10,1
20,13.5,10.5,10,10,10,5
20,13.5,10.5,10,10,10,10
20,13.5,11,10,10,1,1
20,13.5,11,10,10,1,5
20,13.5,11,10,10,1,10
20,13.5,11,10,10,5,1
20,13.5,11,10,10,5,5
20,13.5,11,10,10,5,10
20,13.5,11,10,10,10,1
20,13.5,11,10,10,10,5
20,13.5,11,10,10,10,10
20,13.5,11.5,10,10,1,1
20,13.5,11.5,10,10,1,5
20,13.5,11.5,10,10,1,10
20,13.5,11.5,10,10,5,1
20,13.5,11.5,10,10,5,5
20,13.5,11.5,10,10,5,10
20,13.5,11.5,10,10,10,1
20,13.5,11.5,10,10,10,5
20,13.5,11.5,10,10,10,10
20,13.5,12,10,10,1,1
20,13.5,12,10,10,1,5
20,13.5,12,10,10,1,10
20,13.5,12,10,10,5,1
20,13.5,12,10,10,5,5
20,13.5,12,10,10,5,10
20,13.5,12,10,10,10,1
20,13.5,12,10,10,10,5
20,13.5,12,10,10,10,10
20,13.5,12.5,10,10,1,1
20,13.5,12.5,10,10,1,5
20,13.5,12.5,10,10,1,10
20,13.5,12.5,10,10,5,1
20,13.5,12.5,10,10,5,5
20,13.5,12.5,10,10,5,10
20,13.5,12.5,10,10,10,1
20,13.5,12.5,10,10,10,5
20,13.5,12.5,10,10,10,10
20,13.5,13,10,10,1,1
20,13.5,13,10,10,1,5
20,13.5,13,10,10,1,10
20,13.5,13,10,10,5,1
20,13.5,13,10,10,5,5
20,13.5,13,10,10,5,10
20,13.5,13,10,10,10,1
20,13.5,13,10,10,10,5
20,13.5,13,10,10,10,10
20,13.5,13.5,10,10,1,1
20,13.5,13.5,10,10,1,5
20,13.5,13.5,10,10,1,10
20,13.5,13.5,10,10,5,1
20,13.5,13.5,10,10,5,5
20,13.5,13.5,10,10,5,10
20,13.5,13.5,10,10,10,1
20,13.5,13.5,10,10,10,5
20,13.5,13.5,10,10,10,10
20,13.5,14,10,10,1,1
20,13.5,14,10,10,1,5
20,13.5,14,10,10,1,10
20,13.5,14,10,10,5,1
20,13.5,14,10,10,5,5
20,13.5,14,10,10,5,10
20,13.5,14,10,10,10,1
20,13.5,14,10,10,10,5
20,13.5,14,10,10,10,10
20,13.5,14.5,10,10,1,1
20,13.5,14.5,10,10,1,5
20,13.5,14.5,10,10,1,10
20,13.5,14.5,10,10,5,1
20,13.5,14.5,10,10,5,5
20,13.5,14.5,10,10,5,10
20,13.5,14.5,10,10,10,1
20,13.5,14.5,10,10,10,5
20,13.5,14.5,10,10,10,10
20,13.5,15,10,10,1,1
20,13.5,15,10,10,1,5
20,13.5,15,10,10,1,10
20,13.5,15,10,10,5,1
20,13.5,15,10,10,5,5
20,13.5,15,10,10,5,10
20,13.5,15,10,10,10,1
20,13.5,15,10,10,10,5
20,13.5,15,10,10,10,10
20,13.5,15.5,10,10,1,1
20,13.5,15.5,10,10,1,5
20,13.5,15.5,10,10,1,10
20,13.5,15.5,10,10,5,1
20,13.5,15.5,10,10,5,5
20,13.5,15.5,10,10,5,10
20,13.5,15.5,10,10,10,1
20,13.5,15.5,10,10,10,5
20,13.5,15.5,10,10,10,10
20,13.5,16,10,10,1,1
20,13.5,16,10,10,1,5
20,13.5,16,10,10,1,10
20,13.5,16,10,10,5,1
20,13.5,16,10,10,5,5
20,13.5,16,10,10,5,10
20,13.5,16,10,10,10,1
20,13.5,16,10,10,10,5
20,13.5,16,10,10,10,10
20,14,5,10,10,1,1
20,14,5,10,10,1,5
20,14,5,10,10,1,10
20,14,5,10,10,5,1
20,14,5,10,10,5,5
20,14,5,10,10,5,10
20,14,5,10,10,10,1
20,14,5,10,10,10,5
20,14,5,10,10,10,10
20,14,5.5,10,10,1,1
20,14,5.5,10,10,1,5
20,14,5.5,10,10,1,10
20,14,5.5,10,10,5,1
20,14,5.5,10,10,5,5
20,14,5.5,10,10,5,10
20,14,5.5,10,10,10,1
20,14,5.5,10,10,10,5
20,14,5.5,10,10,10,10
20,14,6,10,10,1,1
20,14,6,10,10,1,5
20,14,6,10,10,1,10
20,14,6,10,10,5,1
20,14,6,10,10,5,5
20,14,6,10,10,5,10
20,14,6,10,10,10,1
20,14,6,10,10,10,5
20,14,6,10,10,10,10
20,14,6.5,10,10,1,1
20,14,6.5,10,10,1,5
20,14,6.5,10,10,1,10
20,14,6.5,10,10,5,1
20,14,6.5,10,10,5,5
20,14,6.5,10,10,5,10
20,14,6.5,10,10,10,1
20,14,6.5,10,10,10,5
20,14,6.5,10,10,10,10
20,14,7,10,10,1,1
20,14,7,10,10,1,5
20,14,7,10,10,1,10
20,14,7,10,10,5,1
20,14,7,10,10,5,5
20,14,7,10,10,5,10
20,14,7,10,10,10,1
20,14,7,10,10,10,5
20,14,7,10,10,10,10
20,14,7.5,10,10,1,1
20,14,7.5,10,10,1,5
20,14,7.5,10,10,1,10
20,14,7.5,10,10,5,1
20,14,7.5,10,10,5,5
20,14,7.5,10,10,5,10
20,14,7.5,10,10,10,1
20,14,7.5,10,10,10,5
20,14,7.5,10,10,10,10
20,14,8,10,10,1,1
20,14,8,10,10,1,5
20,14,8,10,10,1,10
20,14,8,10,10,5,1
20,14,8,10,10,5,5
20,14,8,10,10,5,10
20,14,8,10,10,10,1
20,14,8,10,10,10,5
20,14,8,10,10,10,10
20,14,8.5,10,10,1,1
20,14,8.5,10,10,1,5
20,14,8.5,10,10,1,10
20,14,8.5,10,10,5,1
20,14,8.5,10,10,5,5
20,14,8.5,10,10,5,10
20,14,8.5,10,10,10,1
20,14,8.5,10,10,10,5
20,14,8.5,10,10,10,10
20,14,9,10,10,1,1
20,14,9,10,10,1,5
20,14,9,10,10,1,10
20,14,9,10,10,5,1
20,14,9,10,10,5,5
20,14,9,10,10,5,10
20,14,9,10,10,10,1
20,14,9,10,10,10,5
20,14,9,10,10,10,10
20,14,9.5,10,10,1,1
20,14,9.5,10,10,1,5
20,14,9.5,10,10,1,10
20,14,9.5,10,10,5,1
20,14,9.5,10,10,5,5
20,14,9.5,10,10,5,10
20,14,9.5,10,10,10,1
20,14,9.5,10,10,10,5
20,14,9.5,10,10,10,10
20,14,10,10,10,1,1
20,14,10,10,10,1,5
20,14,10,10,10,1,10
20,14,10,10,10,5,1
20,14,10,10,10,5,5
20,14,10,10,10,5,10
20,14,10,10,10,10,1
20,14,10,10,10,10,5
20,14,10,10,10,10,10
20,14,10.5,10,10,1,1
20,14,10.5,10,10,1,5
20,14,10.5,10,10,1,10
20,14,10.5,10,10,5,1
20,14,10.5,10,10,5,5
20,14,10.5,10,10,5,10
20,14,10.5,10,10,10,1
20,14,10.5,10,10,10,5
20,14,10.5,10,10,10,10
20,14,11,10,10,1,1
20,14,11,10,10,1,5
20,14,11,10,10,1,10
20,14,11,10,10,5,1
20,14,11,10,10,5,5
20,14,11,10,10,5,10
20,14,11,10,10,10,1
20,14,11,10,10,10,5
20,14,11,10,10,10,10
20,14,11.5,10,10,1,1
20,14,11.5,10,10,1,5
20,14,11.5,10,10,1,10
20,14,11.5,10,10,5,1
20,14,11.5,10,10,5,5
20,14,11.5,10,10,5,10
20,14,11.5,10,10,10,1
20,14,11.5,10,10,10,5
20,14,11.5,10,10,10,10
20,14,12,10,10,1,1
20,14,12,10,10,1,5
20,14,12,10,10,1,10
20,14,12,10,10,5,1
20,14,12,10,10,5,5
20,14,12,10,10,5,10
20,14,12,10,10,10,1
20,14,12,10,10,10,5
20,14,12,10,10,10,10
20,14,12.5,10,10,1,1
20,14,12.5,10,10,1,5
20,14,12.5,10,10,1,10
20,14,12.5,10,10,5,1
20,14,12.5,10,10,5,5
20,14,12.5,10,10,5,10
20,14,12.5,10,10,10,1
20,14,12.5,10,10,10,5
20,14,12.5,10,10,10,10
20,14,13,10,10,1,1
20,14,13,10,10,1,5
20,14,13,10,10,1,10
20,14,13,10,10,5,1
20,14,13,10,10,5,5
20,14,13,10,10,5,10
20,14,13,10,10,10,1
20,14,13,10,10,10,5
20,14,13,10,10,10,10
20,14,13.5,10,10,1,1
20,14,13.5,10,10,1,5
20,14,13.5,10,10,1,10
20,14,13.5,10,10,5,1
20,14,13.5,10,10,5,5
20,14,13.5,10,10,5,10
20,14,13.5,10,10,10,1
20,14,13.5,10,10,10,5
20,14,13.5,10,10,10,10
20,14,14,10,10,1,1
20,14,14,10,10,1,5
20,14,14,10,10,1,10
20,14,14,10,10,5,1
20,14,14,10,10,5,5
20,14,14,10,10,5,10
20,14,14,10,10,10,1
20,14,14,10,10,10,5
20,14,14,10,10,10,10
20,14,14.5,10,10,1,1
20,14,14.5,10,10,1,5
20,14,14.5,10,10,1,10
20,14,14.5,10,10,5,1
20,14,14.5,10,10,5,5
20,14,14.5,10,10,5,10
20,14,14.5,10,10,10,1
20,14,14.5,10,10,10,5
20,14,14.5,10,10,10,10
20,14,15,10,10,1,1
20,14,15,10,10,1,5
20,14,15,10,10,1,10
20,14,15,10,10,5,1
20,14,15,10,10,5,5
20,14,15,10,10,5,10
20,14,15,10,10,10,1
20,14,15,10,10,10,5
20,14,15,10,10,10,10
20,14,15.5,10,10,1,1
20,14,15.5,10,10,1,5
20,14,15.5,10,10,1,10
20,14,15.5,10,10,5,1
20,14,15.5,10,10,5,5
20,14,15.5,10,10,5,10
20,14,15.5,10,10,10,1
20,14,15.5,10,10,10,5
20,14,15.5,10,10,10,10
20,14,16,10,10,1,1
20,14,16,10,10,1,5
20,14,16,10,10,1,10
20,14,16,10,10,5,1
20,14,16,10,10,5,5
20,14,16,10,10,5,10
20,14,16,10,10,10,1
20,14,16,10,10,10,5
20,14,16,10,10,10,10
20,14.5,5,10,10,1,1
20,14.5,5,10,10,1,5
20,14.5,5,10,10,1,10
20,14.5,5,10,10,5,1
20,14.5,5,10,10,5,5
20,14.5,5,10,10,5,10
20,14.5,5,10,10,10,1
20,14.5,5,10,10,10,5
20,14.5,5,10,10,10,10
20,14.5,5.5,10,10,1,1
20,14.5,5.5,10,10,1,5
20,14.5,5.5,10,10,1,10
20,14.5,5.5,10,10,5,1
20,14.5,5.5,10,10,5,5
20,14.5,5.5,10,10,5,10
20,14.5,5.5,10,10,10,1
20,14.5,5.5,10,10,10,5
20,14.5,5.5,10,10,10,10
20,14.5,6,10,10,1,1
20,14.5,6,10,10,1,5
20,14.5,6,10,10,1,10
20,14.5,6,10,10,5,1
20,14.5,6,10,10,5,5
20,14.5,6,10,10,5,10
20,14.5,6,10,10,10,1
20,14.5,6,10,10,10,5
20,14.5,6,10,10,10,10
20,14.5,6.5,10,10,1,1
20,14.5,6.5,10,10,1,5
20,14.5,6.5,10,10,1,10
20,14.5,6.5,10,10,5,1
20,14.5,6.5,10,10,5,5
20,14.5,6.5,10,10,5,10
20,14.5,6.5,10,10,10,1
20,14.5,6.5,10,10,10,5
20,14.5,6.5,10,10,10,10
20,14.5,7,10,10,1,1
20,14.5,7,10,10,1,5
20,14.5,7,10,10,1,10
20,14.5,7,10,10,5,1
20,14.5,7,10,10,5,5
20,14.5,7,10,10,5,10
20,14.5,7,10,10,10,1
20,14.5,7,10,10,10,5
20,14.5,7,10,10,10,10
20,14.5,7.5,10,10,1,1
20,14.5,7.5,10,10,1,5
20,14.5,7.5,10,10,1,10
20,14.5,7.5,10,10,5,1
20,14.5,7.5,10,10,5,5
20,14.5,7.5,10,10,5,10
20,14.5,7.5,10,10,10,1
20,14.5,7.5,10,10,10,5
20,14.5,7.5,10,10,10,10
20,14.5,8,10,10,1,1
20,14.5,8,10,10,1,5
20,14.5,8,10,10,1,10
20,14.5,8,10,10,5,1
20,14.5,8,10,10,5,5
20,14.5,8,10,10,5,10
20,14.5,8,10,10,10,1
20,14.5,8,10,10,10,5
20,14.5,8,10,10,10,10
20,14.5,8.5,10,10,1,1
20,14.5,8.5,10,10,1,5
20,14.5,8.5,10,10,1,10
20,14.5,8.5,10,10,5,1
20,14.5,8.5,10,10,5,5
20,14.5,8.5,10,10,5,10
20,14.5,8.5,10,10,10,1
20,14.5,8.5,10,10,10,5
20,14.5,8.5,10,10,10,10
20,14.5,9,10,10,1,1
20,14.5,9,10,10,1,5
20,14.5,9,10,10,1,10
20,14.5,9,10,10,5,1
20,14.5,9,10,10,5,5
20,14.5,9,10,10,5,10
20,14.5,9,10,10,10,1
20,14.5,9,10,10,10,5
20,14.5,9,10,10,10,10
20,14.5,9.5,10,10,1,1
20,14.5,9.5,10,10,1,5
20,14.5,9.5,10,10,1,10
20,14.5,9.5,10,10,5,1
20,14.5,9.5,10,10,5,5
20,14.5,9.5,10,10,5,10
20,14.5,9.5,10,10,10,1
20,14.5,9.5,10,10,10,5
20,14.5,9.5,10,10,10,10
20,14.5,10,10,10,1,1
20,14.5,10,10,10,1,5
20,14.5,10,10,10,1,10
20,14.5,10,10,10,5,1
20,14.5,10,10,10,5,5
20,14.5,10,10,10,5,10
20,14.5,10,10,10,10,1
20,14.5,10,10,10,10,5
20,14.5,10,10,10,10,10
20,14.5,10.5,10,10,1,1
20,14.5,10.5,10,10,1,5
20,14.5,10.5,10,10,1,10
20,14.5,10.5,10,10,5,1
20,14.5,10.5,10,10,5,5
20,14.5,10.5,10,10,5,10
20,14.5,10.5,10,10,10,1
20,14.5,10.5,10,10,10,5
20,14.5,10.5,10,10,10,10
20,14.5,11,10,10,1,1
20,14.5,11,10,10,1,5
20,14.5,11,10,10,1,10
20,14.5,11,10,10,5,1
20,14.5,11,10,10,5,5
20,14.5,11,10,10,5,10
20,14.5,11,10,10,10,1
20,14.5,11,10,10,10,5
20,14.5,11,10,10,10,10
20,14.5,11.5,10,10,1,1
20,14.5,11.5,10,10,1,5
20,14.5,11.5,10,10,1,10
20,14.5,11.5,10,10,5,1
20,14.5,11.5,10,10,5,5
20,14.5,11.5,10,10,5,10
20,14.5,11.5,10,10,10,1
20,14.5,11.5,10,10,10,5
20,14.5,11.5,10,10,10,10
20,14.5,12,10,10,1,1
20,14.5,12,10,10,1,5
20,14.5,12,10,10,1,10
20,14.5,12,10,10,5,1
20,14.5,12,10,10,5,5
20,14.5,12,10,10,5,10
20,14.5,12,10,10,10,1
20,14.5,12,10,10,10,5
20,14.5,12,10,10,10,10
20,14.5,12.5,10,10,1,1
20,14.5,12.5,10,10,1,5
20,14.5,12.5,10,10,1,10
20,14.5,12.5,10,10,5,1
20,14.5,12.5,10,10,5,5
20,14.5,12.5,10,10,5,10
20,14.5,12.5,10,10,10,1
20,14.5,12.5,10,10,10,5
20,14.5,12.5,10,10,10,10
20,14.5,13,10,10,1,1
20,14.5,13,10,10,1,5
20,14.5,13,10,10,1,10
20,14.5,13,10,10,5,1
20,14.5,13,10,10,5,5
20,14.5,13,10,10,5,10
20,14.5,13,10,10,10,1
20,14.5,13,10,10,10,5
20,14.5,13,10,10,10,10
20,14.5,13.5,10,10,1,1
20,14.5,13.5,10,10,1,5
20,14.5,13.5,10,10,1,10
20,14.5,13.5,10,10,5,1
20,14.5,13.5,10,10,5,5
20,14.5,13.5,10,10,5,10
20,14.5,13.5,10,10,10,1
20,14.5,13.5,10,10,10,5
20,14.5,13.5,10,10,10,10
20,14.5,14,10,10,1,1
20,14.5,14,10,10,1,5
20,14.5,14,10,10,1,10
20,14.5,14,10,10,5,1
20,14.5,14,10,10,5,5
20,14.5,14,10,10,5,10
20,14.5,14,10,10,10,1
20,14.5,14,10,10,10,5
20,14.5,14,10,10,10,10
20,14.5,14.5,10,10,1,1
20,14.5,14.5,10,10,1,5
20,14.5,14.5,10,10,1,10
20,14.5,14.5,10,10,5,1
20,14.5,14.5,10,10,5,5
20,14.5,14.5,10,10,5,10
20,14.5,14.5,10,10,10,1
20,14.5,14.5,10,10,10,5
20,14.5,14.5,10,10,10,10
20,14.5,15,10,10,1,1
20,14.5,15,10,10,1,5
20,14.5,15,10,10,1,10
20,14.5,15,10,10,5,1
20,14.5,15,10,10,5,5
20,14.5,15,10,10,5,10
20,14.5,15,10,10,10,1
20,14.5,15,10,10,10,5
20,14.5,15,10,10,10,10
20,14.5,15.5,10,10,1,1
20,14.5,15.5,10,10,1,5
20,14.5,15.5,10,10,1,10
20,14.5,15.5,10,10,5,1
20,14.5,15.5,10,10,5,5
20,14.5,15.5,10,10,5,10
20,14.5,15.5,10,10,10,1
20,14.5,15.5,10,10,10,5
20,14.5,15.5,10,10,10,10
20,14.5,16,10,10,1,1
20,14.5,16,10,10,1,5
20,14.5,16,10,10,1,10
20,14.5,16,10,10,5,1
20,14.5,16,10,10,5,5
20,14.5,16,10,10,5,10
20,14.5,16,10,10,10,1
20,14.5,16,10,10,10,5
20,14.5,16,10,10,10,10
20,15,5.5,10,10,1,1
20,15,5.5,10,10,1,5
20,15,5.5,10,10,1,10
20,15,5.5,10,10,5,1
20,15,5.5,10,10,5,5
20,15,5.5,10,10,5,10
20,15,5.5,10,10,10,1
20,15,5.5,10,10,10,5
20,15,5.5,10,10,10,10
20,15,6,10,10,1,1
20,15,6,10,10,1,5
20,15,6,10,10,1,10
20,15,6,10,10,5,1
20,15,6,10,10,5,5
20,15,6,10,10,5,10
20,15,6,10,10,10,1
20,15,6,10,10,10,5
20,15,6,10,10,10,10
20,15,6.5,10,10,1,1
20,15,6.5,10,10,1,5
20,15,6.5,10,10,1,10
20,15,6.5,10,10,5,1
20,15,6.5,10,10,5,5
20,15,6.5,10,10,5,10
20,15,6.5,10,10,10,1
20,15,6.5,10,10,10,5
20,15,6.5,10,10,10,10
20,15,7,10,10,1,1
20,15,7,10,10,1,5
20,15,7,10,10,1,10
20,15,7,10,10,5,1
20,15,7,10,10,5,5
20,15,7,10,10,5,10
20,15,7,10,10,10,1
20,15,7,10,10,10,5
20,15,7,10,10,10,10
20,15,7.5,10,10,1,1
20,15,7.5,10,10,1,5
20,15,7.5,10,10,1,10
20,15,7.5,10,10,5,1
20,15,7.5,10,10,5,5
20,15,7.5,10,10,5,10
20,15,7.5,10,10,10,1
20,15,7.5,10,10,10,5
20,15,7.5,10,10,10,10
20,15,8,10,10,1,1
20,15,8,10,10,1,5
20,15,8,10,10,1,10
20,15,8,10,10,5,1
20,15,8,10,10,5,5
20,15,8,10,10,5,10
20,15,8,10,10,10,1
20,15,8,10,10,10,5
20,15,8,10,10,10,10
20,15,8.5,10,10,1,1
20,15,8.5,10,10,1,5
20,15,8.5,10,10,1,10
20,15,8.5,10,10,5,1
20,15,8.5,10,10,5,5
20,15,8.5,10,10,5,10
20,15,8.5,10,10,10,1
20,15,8.5,10,10,10,5
20,15,8.5,10,10,10,10
20,15,9,10,10,1,1
20,15,9,10,10,1,5
20,15,9,10,10,1,10
20,15,9,10,10,5,1
20,15,9,10,10,5,5
20,15,9,10,10,5,10
20,15,9,10,10,10,1
20,15,9,10,10,10,5
20,15,9,10,10,10,10
20,15,9.5,10,10,1,1
20,15,9.5,10,10,1,5
20,15,9.5,10,10,1,10
20,15,9.5,10,10,5,1
20,15,9.5,10,10,5,5
20,15,9.5,10,10,5,10
20,15,9.5,10,10,10,1
20,15,9.5,10,10,10,5
20,15,9.5,10,10,10,10
20,15,10.5,10,10,1,1
20,15,10.5,10,10,1,5
20,15,10.5,10,10,1,10
20,15,10.5,10,10,5,1
20,15,10.5,10,10,5,5
20,15,10.5,10,10,5,10
20,15,10.5,10,10,10,1
20,15,10.5,10,10,10,5
20,15,10.5,10,10,10,10
20,15,11,10,10,1,1
20,15,11,10,10,1,5
20,15,11,10,10,1,10
20,15,11,10,10,5,1
20,15,11,10,10,5,5
20,15,11,10,10,5,10
20,15,11,10,10,10,1
20,15,11,10,10,10,5
20,15,11,10,10,10,10
20,15,11.5,10,10,1,1
20,15,11.5,10,10,1,5
20,15,11.5,10,10,1,10
20,15,11.5,10,10,5,1
20,15,11.5,10,10,5,5
20,15,11.5,10,10,5,10
20,15,11.5,10,10,10,1
20,15,11.5,10,10,10,5
20,15,11.5,10,10,10,10
20,15,12,10,10,1,1
20,15,12,10,10,1,5
20,15,12,10,10,1,10
20,15,12,10,10,5,1
20,15,12,10,10,5,5
20,15,12,10,10,5,10
20,15,12,10,10,10,1
20,15,12,10,10,10,5
20,15,12,10,10,10,10
20,15,12.5,10,10,1,1
20,15,12.5,10,10,1,5
20,15,12.5,10,10,1,10
20,15,12.5,10,10,5,1
20,15,12.5,10,10,5,5
20,15,12.5,10,10,5,10
20,15,12.5,10,10,10,1
20,15,12.5,10,10,10,5
20,15,12.5,10,10,10,10
20,15,13,10,10,1,1
20,15,13,10,10,1,5
20,15,13,10,10,1,10
20,15,13,10,10,5,1
20,15,13,10,10,5,5
20,15,13,10,10,5,10
20,15,13,10,10,10,1
20,15,13,10,10,10,5
20,15,13,10,10,10,10
20,15,13.5,10,10,1,1
20,15,13.5,10,10,1,5
20,15,13.5,10,10,1,10
20,15,13.5,10,10,5,1
20,15,13.5,10,10,5,5
20,15,13.5,10,10,5,10
20,15,13.5,10,10,10,1
20,15,13.5,10,10,10,5
20,15,13.5,10,10,10,10
20,15,14,10,10,1,1
20,15,14,10,10,1,5
20,15,14,10,10,1,10
20,15,14,10,10,5,1
20,15,14,10,10,5,5
20,15,14,10,10,5,10
20,15,14,10,10,10,1
20,15,14,10,10,10,5
20,15,14,10,10,10,10
20,15,14.5,10,10,1,1
20,15,14.5,10,10,1,5
20,15,14.5,10,10,1,10
20,15,14.5,10,10,5,1
20,15,14.5,10,10,5,5
20,15,14.5,10,10,5,10
20,15,14.5,10,10,10,1
20,15,14.5,10,10,10,5
20,15,14.5,10,10,10,10
20,15,15.5,10,10,1,1
20,15,15.5,10,10,1,5
20,15,15.5,10,10,1,10
20,15,15.5,10,10,5,1
20,15,15.5,10,10,5,5
20,15,15.5,10,10,5,10
20,15,15.5,10,10,10,1
20,15,15.5,10,10,10,5
20,15,15.5,10,10,10,10
20,15,16,10,10,1,1
20,15,16,10,10,1,5
20,15,16,10,10,1,10
20,15,16,10,10,5,1
20,15,16,10,10,5,5
20,15,16,10,10,5,10
20,15,16,10,10,10,1
20,15,16,10,10,10,5
20,15,16,10,10,10,10
