20,5,10,10,10,2,2,1
20,5,10,10,10,2,2,2
20,5,10,10,10,2,2,3
20,5,10,10,10,2,2,4
20,5,10,10,10,2,2,5
20,5,10,10,10,2,2,6
20,5,10,10,10,2,2,7
20,5,10,10,10,2,2,8
20,5,10,10,10,2,2,9
20,5,10,10,10,2,2,10
20,5,10,10,10,2,2,11
20,5,10,10,10,2,2,12
20,5,10,10,10,2,2,13
20,5,10,10,10,2,2,14
20,5,10,10,10,2,2,15
20,5,10,10,10,2,2,16
20,5,10,10,10,2,2,17
20,5,10,10,10,2,2,18
20,5,10,10,10,2,2,19
20,5,10,10,10,2,2,20
20,5,10,10,10,2,2.5,1
20,5,10,10,10,2,2.5,2
20,5,10,10,10,2,2.5,3
20,5,10,10,10,2,2.5,4
20,5,10,10,10,2,2.5,5
20,5,10,10,10,2,2.5,6
20,5,10,10,10,2,2.5,7
20,5,10,10,10,2,2.5,8
20,5,10,10,10,2,2.5,9
20,5,10,10,10,2,2.5,10
20,5,10,10,10,2,2.5,11
20,5,10,10,10,2,2.5,12
20,5,10,10,10,2,2.5,13
20,5,10,10,10,2,2.5,14
20,5,10,10,10,2,2.5,15
20,5,10,10,10,2,2.5,16
20,5,10,10,10,2,2.5,17
20,5,10,10,10,2,2.5,18
20,5,10,10,10,2,2.5,19
20,5,10,10,10,2,2.5,20
20,5,10,10,10,2,3,1
20,5,10,10,10,2,3,2
20,5,10,10,10,2,3,3
20,5,10,10,10,2,3,4
20,5,10,10,10,2,3,5
20,5,10,10,10,2,3,6
20,5,10,10,10,2,3,7
20,5,10,10,10,2,3,8
20,5,10,10,10,2,3,9
20,5,10,10,10,2,3,10
20,5,10,10,10,2,3,11
20,5,10,10,10,2,3,12
20,5,10,10,10,2,3,13
20,5,10,10,10,2,3,14
20,5,10,10,10,2,3,15
20,5,10,10,10,2,3,16
20,5,10,10,10,2,3,17
20,5,10,10,10,2,3,18
20,5,10,10,10,2,3,19
20,5,10,10,10,2,3,20
20,5,10,10,10,2,3.5,1
20,5,10,10,10,2,3.5,2
20,5,10,10,10,2,3.5,3
20,5,10,10,10,2,3.5,4
20,5,10,10,10,2,3.5,5
20,5,10,10,10,2,3.5,6
20,5,10,10,10,2,3.5,7
20,5,10,10,10,2,3.5,8
20,5,10,10,10,2,3.5,9
20,5,10,10,10,2,3.5,10
20,5,10,10,10,2,3.5,11
20,5,10,10,10,2,3.5,12
20,5,10,10,10,2,3.5,13
20,5,10,10,10,2,3.5,14
20,5,10,10,10,2,3.5,15
20,5,10,10,10,2,3.5,16
20,5,10,10,10,2,3.5,17
20,5,10,10,10,2,3.5,18
20,5,10,10,10,2,3.5,19
20,5,10,10,10,2,3.5,20
20,5,10,10,10,2,4,1
20,5,10,10,10,2,4,2
20,5,10,10,10,2,4,3
20,5,10,10,10,2,4,4
20,5,10,10,10,2,4,5
20,5,10,10,10,2,4,6
20,5,10,10,10,2,4,7
20,5,10,10,10,2,4,8
20,5,10,10,10,2,4,9
20,5,10,10,10,2,4,10
20,5,10,10,10,2,4,11
20,5,10,10,10,2,4,12
20,5,10,10,10,2,4,13
20,5,10,10,10,2,4,14
20,5,10,10,10,2,4,15
20,5,10,10,10,2,4,16
20,5,10,10,10,2,4,17
20,5,10,10,10,2,4,18
20,5,10,10,10,2,4,19
20,5,10,10,10,2,4,20
20,5,10,10,10,2,4.5,1
20,5,10,10,10,2,4.5,2
20,5,10,10,10,2,4.5,3
20,5,10,10,10,2,4.5,4
20,5,10,10,10,2,4.5,5
20,5,10,10,10,2,4.5,6
20,5,10,10,10,2,4.5,7
20,5,10,10,10,2,4.5,8
20,5,10,10,10,2,4.5,9
20,5,10,10,10,2,4.5,10
20,5,10,10,10,2,4.5,11
20,5,10,10,10,2,4.5,12
20,5,10,10,10,2,4.5,13
20,5,10,10,10,2,4.5,14
20,5,10,10,10,2,4.5,15
20,5,10,10,10,2,4.5,16
20,5,10,10,10,2,4.5,17
20,5,10,10,10,2,4.5,18
20,5,10,10,10,2,4.5,19
20,5,10,10,10,2,4.5,20
20,5,10,10,10,2,5,1
20,5,10,10,10,2,5,2
20,5,10,10,10,2,5,3
20,5,10,10,10,2,5,4
20,5,10,10,10,2,5,5
20,5,10,10,10,2,5,6
20,5,10,10,10,2,5,7
20,5,10,10,10,2,5,8
20,5,10,10,10,2,5,9
20,5,10,10,10,2,5,10
20,5,10,10,10,2,5,11
20,5,10,10,10,2,5,12
20,5,10,10,10,2,5,13
20,5,10,10,10,2,5,14
20,5,10,10,10,2,5,15
20,5,10,10,10,2,5,16
20,5,10,10,10,2,5,17
20,5,10,10,10,2,5,18
20,5,10,10,10,2,5,19
20,5,10,10,10,2,5,20
20,5,10,10,10,4,2,1
20,5,10,10,10,4,2,2
20,5,10,10,10,4,2,3
20,5,10,10,10,4,2,4
20,5,10,10,10,4,2,5
20,5,10,10,10,4,2,6
20,5,10,10,10,4,2,7
20,5,10,10,10,4,2,8
20,5,10,10,10,4,2,9
20,5,10,10,10,4,2,10
20,5,10,10,10,4,2,11
20,5,10,10,10,4,2,12
20,5,10,10,10,4,2,13
20,5,10,10,10,4,2,14
20,5,10,10,10,4,2,15
20,5,10,10,10,4,2,16
20,5,10,10,10,4,2,17
20,5,10,10,10,4,2,18
20,5,10,10,10,4,2,19
20,5,10,10,10,4,2,20
20,5,10,10,10,4,2.5,1
20,5,10,10,10,4,2.5,2
20,5,10,10,10,4,2.5,3
20,5,10,10,10,4,2.5,4
20,5,10,10,10,4,2.5,5
20,5,10,10,10,4,2.5,6
20,5,10,10,10,4,2.5,7
20,5,10,10,10,4,2.5,8
20,5,10,10,10,4,2.5,9
20,5,10,10,10,4,2.5,10
20,5,10,10,10,4,2.5,11
20,5,10,10,10,4,2.5,12
20,5,10,10,10,4,2.5,13
20,5,10,10,10,4,2.5,14
20,5,10,10,10,4,2.5,15
20,5,10,10,10,4,2.5,16
20,5,10,10,10,4,2.5,17
20,5,10,10,10,4,2.5,18
20,5,10,10,10,4,2.5,19
20,5,10,10,10,4,2.5,20
20,5,10,10,10,4,3,1
20,5,10,10,10,4,3,2
20,5,10,10,10,4,3,3
20,5,10,10,10,4,3,4
20,5,10,10,10,4,3,5
20,5,10,10,10,4,3,6
20,5,10,10,10,4,3,7
20,5,10,10,10,4,3,8
20,5,10,10,10,4,3,9
20,5,10,10,10,4,3,10
20,5,10,10,10,4,3,11
20,5,10,10,10,4,3,12
20,5,10,10,10,4,3,13
20,5,10,10,10,4,3,14
20,5,10,10,10,4,3,15
20,5,10,10,10,4,3,16
20,5,10,10,10,4,3,17
20,5,10,10,10,4,3,18
20,5,10,10,10,4,3,19
20,5,10,10,10,4,3,20
20,5,10,10,10,4,3.5,1
20,5,10,10,10,4,3.5,2
20,5,10,10,10,4,3.5,3
20,5,10,10,10,4,3.5,4
20,5,10,10,10,4,3.5,5
20,5,10,10,10,4,3.5,6
20,5,10,10,10,4,3.5,7
20,5,10,10,10,4,3.5,8
20,5,10,10,10,4,3.5,9
20,5,10,10,10,4,3.5,10
20,5,10,10,10,4,3.5,11
20,5,10,10,10,4,3.5,12
20,5,10,10,10,4,3.5,13
20,5,10,10,10,4,3.5,14
20,5,10,10,10,4,3.5,15
20,5,10,10,10,4,3.5,16
20,5,10,10,10,4,3.5,17
20,5,10,10,10,4,3.5,18
20,5,10,10,10,4,3.5,19
20,5,10,10,10,4,3.5,20
20,5,10,10,10,4,4,1
20,5,10,10,10,4,4,2
20,5,10,10,10,4,4,3
20,5,10,10,10,4,4,4
20,5,10,10,10,4,4,5
20,5,10,10,10,4,4,6
20,5,10,10,10,4,4,7
20,5,10,10,10,4,4,8
20,5,10,10,10,4,4,9
20,5,10,10,10,4,4,10
20,5,10,10,10,4,4,11
20,5,10,10,10,4,4,12
20,5,10,10,10,4,4,13
20,5,10,10,10,4,4,14
20,5,10,10,10,4,4,15
20,5,10,10,10,4,4,16
20,5,10,10,10,4,4,17
20,5,10,10,10,4,4,18
20,5,10,10,10,4,4,19
20,5,10,10,10,4,4,20
20,5,10,10,10,4,4.5,1
20,5,10,10,10,4,4.5,2
20,5,10,10,10,4,4.5,3
20,5,10,10,10,4,4.5,4
20,5,10,10,10,4,4.5,5
20,5,10,10,10,4,4.5,6
20,5,10,10,10,4,4.5,7
20,5,10,10,10,4,4.5,8
20,5,10,10,10,4,4.5,9
20,5,10,10,10,4,4.5,10
20,5,10,10,10,4,4.5,11
20,5,10,10,10,4,4.5,12
20,5,10,10,10,4,4.5,13
20,5,10,10,10,4,4.5,14
20,5,10,10,10,4,4.5,15
20,5,10,10,10,4,4.5,16
20,5,10,10,10,4,4.5,17
20,5,10,10,10,4,4.5,18
20,5,10,10,10,4,4.5,19
20,5,10,10,10,4,4.5,20
20,5,10,10,10,4,5,1
20,5,10,10,10,4,5,2
20,5,10,10,10,4,5,3
20,5,10,10,10,4,5,4
20,5,10,10,10,4,5,5
20,5,10,10,10,4,5,6
20,5,10,10,10,4,5,7
20,5,10,10,10,4,5,8
20,5,10,10,10,4,5,9
20,5,10,10,10,4,5,10
20,5,10,10,10,4,5,11
20,5,10,10,10,4,5,12
20,5,10,10,10,4,5,13
20,5,10,10,10,4,5,14
20,5,10,10,10,4,5,15
20,5,10,10,10,4,5,16
20,5,10,10,10,4,5,17
20,5,10,10,10,4,5,18
20,5,10,10,10,4,5,19
20,5,10,10,10,4,5,20
20,5,10,10,10,6,2,1
20,5,10,10,10,6,2,2
20,5,10,10,10,6,2,3
20,5,10,10,10,6,2,4
20,5,10,10,10,6,2,5
20,5,10,10,10,6,2,6
20,5,10,10,10,6,2,7
20,5,10,10,10,6,2,8
20,5,10,10,10,6,2,9
20,5,10,10,10,6,2,10
20,5,10,10,10,6,2,11
20,5,10,10,10,6,2,12
20,5,10,10,10,6,2,13
20,5,10,10,10,6,2,14
20,5,10,10,10,6,2,15
20,5,10,10,10,6,2,16
20,5,10,10,10,6,2,17
20,5,10,10,10,6,2,18
20,5,10,10,10,6,2,19
20,5,10,10,10,6,2,20
20,5,10,10,10,6,2.5,1
20,5,10,10,10,6,2.5,2
20,5,10,10,10,6,2.5,3
20,5,10,10,10,6,2.5,4
20,5,10,10,10,6,2.5,5
20,5,10,10,10,6,2.5,6
20,5,10,10,10,6,2.5,7
20,5,10,10,10,6,2.5,8
20,5,10,10,10,6,2.5,9
20,5,10,10,10,6,2.5,10
20,5,10,10,10,6,2.5,11
20,5,10,10,10,6,2.5,12
20,5,10,10,10,6,2.5,13
20,5,10,10,10,6,2.5,14
20,5,10,10,10,6,2.5,15
20,5,10,10,10,6,2.5,16
20,5,10,10,10,6,2.5,17
20,5,10,10,10,6,2.5,18
20,5,10,10,10,6,2.5,19
20,5,10,10,10,6,2.5,20
20,5,10,10,10,6,3,1
20,5,10,10,10,6,3,2
20,5,10,10,10,6,3,3
20,5,10,10,10,6,3,4
20,5,10,10,10,6,3,5
20,5,10,10,10,6,3,6
20,5,10,10,10,6,3,7
20,5,10,10,10,6,3,8
20,5,10,10,10,6,3,9
20,5,10,10,10,6,3,10
20,5,10,10,10,6,3,11
20,5,10,10,10,6,3,12
20,5,10,10,10,6,3,13
20,5,10,10,10,6,3,14
20,5,10,10,10,6,3,15
20,5,10,10,10,6,3,16
20,5,10,10,10,6,3,17
20,5,10,10,10,6,3,18
20,5,10,10,10,6,3,19
20,5,10,10,10,6,3,20
20,5,10,10,10,6,3.5,1
20,5,10,10,10,6,3.5,2
20,5,10,10,10,6,3.5,3
20,5,10,10,10,6,3.5,4
20,5,10,10,10,6,3.5,5
20,5,10,10,10,6,3.5,6
20,5,10,10,10,6,3.5,7
20,5,10,10,10,6,3.5,8
20,5,10,10,10,6,3.5,9
20,5,10,10,10,6,3.5,10
20,5,10,10,10,6,3.5,11
20,5,10,10,10,6,3.5,12
20,5,10,10,10,6,3.5,13
20,5,10,10,10,6,3.5,14
20,5,10,10,10,6,3.5,15
20,5,10,10,10,6,3.5,16
20,5,10,10,10,6,3.5,17
20,5,10,10,10,6,3.5,18
20,5,10,10,10,6,3.5,19
20,5,10,10,10,6,3.5,20
20,5,10,10,10,6,4,1
20,5,10,10,10,6,4,2
20,5,10,10,10,6,4,3
20,5,10,10,10,6,4,4
20,5,10,10,10,6,4,5
20,5,10,10,10,6,4,6
20,5,10,10,10,6,4,7
20,5,10,10,10,6,4,8
20,5,10,10,10,6,4,9
20,5,10,10,10,6,4,10
20,5,10,10,10,6,4,11
20,5,10,10,10,6,4,12
20,5,10,10,10,6,4,13
20,5,10,10,10,6,4,14
20,5,10,10,10,6,4,15
20,5,10,10,10,6,4,16
20,5,10,10,10,6,4,17
20,5,10,10,10,6,4,18
20,5,10,10,10,6,4,19
20,5,10,10,10,6,4,20
20,5,10,10,10,6,4.5,1
20,5,10,10,10,6,4.5,2
20,5,10,10,10,6,4.5,3
20,5,10,10,10,6,4.5,4
20,5,10,10,10,6,4.5,5
20,5,10,10,10,6,4.5,6
20,5,10,10,10,6,4.5,7
20,5,10,10,10,6,4.5,8
20,5,10,10,10,6,4.5,9
20,5,10,10,10,6,4.5,10
20,5,10,10,10,6,4.5,11
20,5,10,10,10,6,4.5,12
20,5,10,10,10,6,4.5,13
20,5,10,10,10,6,4.5,14
20,5,10,10,10,6,4.5,15
20,5,10,10,10,6,4.5,16
20,5,10,10,10,6,4.5,17
20,5,10,10,10,6,4.5,18
20,5,10,10,10,6,4.5,19
20,5,10,10,10,6,4.5,20
20,5,10,10,10,6,5,1
20,5,10,10,10,6,5,2
20,5,10,10,10,6,5,3
20,5,10,10,10,6,5,4
20,5,10,10,10,6,5,5
20,5,10,10,10,6,5,6
20,5,10,10,10,6,5,7
20,5,10,10,10,6,5,8
20,5,10,10,10,6,5,9
20,5,10,10,10,6,5,10
20,5,10,10,10,6,5,11
20,5,10,10,10,6,5,12
20,5,10,10,10,6,5,13
20,5,10,10,10,6,5,14
20,5,10,10,10,6,5,15
20,5,10,10,10,6,5,16
20,5,10,10,10,6,5,17
20,5,10,10,10,6,5,18
20,5,10,10,10,6,5,19
20,5,10,10,10,6,5,20
20,5,10,10,10,8,2,1
20,5,10,10,10,8,2,2
20,5,10,10,10,8,2,3
20,5,10,10,10,8,2,4
20,5,10,10,10,8,2,5
20,5,10,10,10,8,2,6
20,5,10,10,10,8,2,7
20,5,10,10,10,8,2,8
20,5,10,10,10,8,2,9
20,5,10,10,10,8,2,10
20,5,10,10,10,8,2,11
20,5,10,10,10,8,2,12
20,5,10,10,10,8,2,13
20,5,10,10,10,8,2,14
20,5,10,10,10,8,2,15
20,5,10,10,10,8,2,16
20,5,10,10,10,8,2,17
20,5,10,10,10,8,2,18
20,5,10,10,10,8,2,19
20,5,10,10,10,8,2,20
20,5,10,10,10,8,2.5,1
20,5,10,10,10,8,2.5,2
20,5,10,10,10,8,2.5,3
20,5,10,10,10,8,2.5,4
20,5,10,10,10,8,2.5,5
20,5,10,10,10,8,2.5,6
20,5,10,10,10,8,2.5,7
20,5,10,10,10,8,2.5,8
20,5,10,10,10,8,2.5,9
20,5,10,10,10,8,2.5,10
20,5,10,10,10,8,2.5,11
20,5,10,10,10,8,2.5,12
20,5,10,10,10,8,2.5,13
20,5,10,10,10,8,2.5,14
20,5,10,10,10,8,2.5,15
20,5,10,10,10,8,2.5,16
20,5,10,10,10,8,2.5,17
20,5,10,10,10,8,2.5,18
20,5,10,10,10,8,2.5,19
20,5,10,10,10,8,2.5,20
20,5,10,10,10,8,3,1
20,5,10,10,10,8,3,2
20,5,10,10,10,8,3,3
20,5,10,10,10,8,3,4
20,5,10,10,10,8,3,5
20,5,10,10,10,8,3,6
20,5,10,10,10,8,3,7
20,5,10,10,10,8,3,8
20,5,10,10,10,8,3,9
20,5,10,10,10,8,3,10
20,5,10,10,10,8,3,11
20,5,10,10,10,8,3,12
20,5,10,10,10,8,3,13
20,5,10,10,10,8,3,14
20,5,10,10,10,8,3,15
20,5,10,10,10,8,3,16
20,5,10,10,10,8,3,17
20,5,10,10,10,8,3,18
20,5,10,10,10,8,3,19
20,5,10,10,10,8,3,20
20,5,10,10,10,8,3.5,1
20,5,10,10,10,8,3.5,2
20,5,10,10,10,8,3.5,3
20,5,10,10,10,8,3.5,4
20,5,10,10,10,8,3.5,5
20,5,10,10,10,8,3.5,6
20,5,10,10,10,8,3.5,7
20,5,10,10,10,8,3.5,8
20,5,10,10,10,8,3.5,9
20,5,10,10,10,8,3.5,10
20,5,10,10,10,8,3.5,11
20,5,10,10,10,8,3.5,12
20,5,10,10,10,8,3.5,13
20,5,10,10,10,8,3.5,14
20,5,10,10,10,8,3.5,15
20,5,10,10,10,8,3.5,16
20,5,10,10,10,8,3.5,17
20,5,10,10,10,8,3.5,18
20,5,10,10,10,8,3.5,19
20,5,10,10,10,8,3.5,20
20,5,10,10,10,8,4,1
20,5,10,10,10,8,4,2
20,5,10,10,10,8,4,3
20,5,10,10,10,8,4,4
20,5,10,10,10,8,4,5
20,5,10,10,10,8,4,6
20,5,10,10,10,8,4,7
20,5,10,10,10,8,4,8
20,5,10,10,10,8,4,9
20,5,10,10,10,8,4,10
20,5,10,10,10,8,4,11
20,5,10,10,10,8,4,12
20,5,10,10,10,8,4,13
20,5,10,10,10,8,4,14
20,5,10,10,10,8,4,15
20,5,10,10,10,8,4,16
20,5,10,10,10,8,4,17
20,5,10,10,10,8,4,18
20,5,10,10,10,8,4,19
20,5,10,10,10,8,4,20
20,5,10,10,10,8,4.5,1
20,5,10,10,10,8,4.5,2
20,5,10,10,10,8,4.5,3
20,5,10,10,10,8,4.5,4
20,5,10,10,10,8,4.5,5
20,5,10,10,10,8,4.5,6
20,5,10,10,10,8,4.5,7
20,5,10,10,10,8,4.5,8
20,5,10,10,10,8,4.5,9
20,5,10,10,10,8,4.5,10
20,5,10,10,10,8,4.5,11
20,5,10,10,10,8,4.5,12
20,5,10,10,10,8,4.5,13
20,5,10,10,10,8,4.5,14
20,5,10,10,10,8,4.5,15
20,5,10,10,10,8,4.5,16
20,5,10,10,10,8,4.5,17
20,5,10,10,10,8,4.5,18
20,5,10,10,10,8,4.5,19
20,5,10,10,10,8,4.5,20
20,5,10,10,10,8,5,1
20,5,10,10,10,8,5,2
20,5,10,10,10,8,5,3
20,5,10,10,10,8,5,4
20,5,10,10,10,8,5,5
20,5,10,10,10,8,5,6
20,5,10,10,10,8,5,7
20,5,10,10,10,8,5,8
20,5,10,10,10,8,5,9
20,5,10,10,10,8,5,10
20,5,10,10,10,8,5,11
20,5,10,10,10,8,5,12
20,5,10,10,10,8,5,13
20,5,10,10,10,8,5,14
20,5,10,10,10,8,5,15
20,5,10,10,10,8,5,16
20,5,10,10,10,8,5,17
20,5,10,10,10,8,5,18
20,5,10,10,10,8,5,19
20,5,10,10,10,8,5,20
20,5,10,10,10,10,2,1
20,5,10,10,10,10,2,2
20,5,10,10,10,10,2,3
20,5,10,10,10,10,2,4
20,5,10,10,10,10,2,5
20,5,10,10,10,10,2,6
20,5,10,10,10,10,2,7
20,5,10,10,10,10,2,8
20,5,10,10,10,10,2,9
20,5,10,10,10,10,2,10
20,5,10,10,10,10,2,11
20,5,10,10,10,10,2,12
20,5,10,10,10,10,2,13
20,5,10,10,10,10,2,14
20,5,10,10,10,10,2,15
20,5,10,10,10,10,2,16
20,5,10,10,10,10,2,17
20,5,10,10,10,10,2,18
20,5,10,10,10,10,2,19
20,5,10,10,10,10,2,20
20,5,10,10,10,10,2.5,1
20,5,10,10,10,10,2.5,2
20,5,10,10,10,10,2.5,3
20,5,10,10,10,10,2.5,4
20,5,10,10,10,10,2.5,5
20,5,10,10,10,10,2.5,6
20,5,10,10,10,10,2.5,7
20,5,10,10,10,10,2.5,8
20,5,10,10,10,10,2.5,9
20,5,10,10,10,10,2.5,10
20,5,10,10,10,10,2.5,11
20,5,10,10,10,10,2.5,12
20,5,10,10,10,10,2.5,13
20,5,10,10,10,10,2.5,14
20,5,10,10,10,10,2.5,15
20,5,10,10,10,10,2.5,16
20,5,10,10,10,10,2.5,17
20,5,10,10,10,10,2.5,18
20,5,10,10,10,10,2.5,19
20,5,10,10,10,10,2.5,20
20,5,10,10,10,10,3,1
20,5,10,10,10,10,3,2
20,5,10,10,10,10,3,3
20,5,10,10,10,10,3,4
20,5,10,10,10,10,3,5
20,5,10,10,10,10,3,6
20,5,10,10,10,10,3,7
20,5,10,10,10,10,3,8
20,5,10,10,10,10,3,9
20,5,10,10,10,10,3,10
20,5,10,10,10,10,3,11
20,5,10,10,10,10,3,12
20,5,10,10,10,10,3,13
20,5,10,10,10,10,3,14
20,5,10,10,10,10,3,15
20,5,10,10,10,10,3,16
20,5,10,10,10,10,3,17
20,5,10,10,10,10,3,18
20,5,10,10,10,10,3,19
20,5,10,10,10,10,3,20
20,5,10,10,10,10,3.5,1
20,5,10,10,10,10,3.5,2
20,5,10,10,10,10,3.5,3
20,5,10,10,10,10,3.5,4
20,5,10,10,10,10,3.5,5
20,5,10,10,10,10,3.5,6
20,5,10,10,10,10,3.5,7
20,5,10,10,10,10,3.5,8
20,5,10,10,10,10,3.5,9
20,5,10,10,10,10,3.5,10
20,5,10,10,10,10,3.5,11
20,5,10,10,10,10,3.5,12
20,5,10,10,10,10,3.5,13
20,5,10,10,10,10,3.5,14
20,5,10,10,10,10,3.5,15
20,5,10,10,10,10,3.5,16
20,5,10,10,10,10,3.5,17
20,5,10,10,10,10,3.5,18
20,5,10,10,10,10,3.5,19
20,5,10,10,10,10,3.5,20
20,5,10,10,10,10,4,1
20,5,10,10,10,10,4,2
20,5,10,10,10,10,4,3
20,5,10,10,10,10,4,4
20,5,10,10,10,10,4,5
20,5,10,10,10,10,4,6
20,5,10,10,10,10,4,7
20,5,10,10,10,10,4,8
20,5,10,10,10,10,4,9
20,5,10,10,10,10,4,10
20,5,10,10,10,10,4,11
20,5,10,10,10,10,4,12
20,5,10,10,10,10,4,13
20,5,10,10,10,10,4,14
20,5,10,10,10,10,4,15
20,5,10,10,10,10,4,16
20,5,10,10,10,10,4,17
20,5,10,10,10,10,4,18
20,5,10,10,10,10,4,19
20,5,10,10,10,10,4,20
20,5,10,10,10,10,4.5,1
20,5,10,10,10,10,4.5,2
20,5,10,10,10,10,4.5,3
20,5,10,10,10,10,4.5,4
20,5,10,10,10,10,4.5,5
20,5,10,10,10,10,4.5,6
20,5,10,10,10,10,4.5,7
20,5,10,10,10,10,4.5,8
20,5,10,10,10,10,4.5,9
20,5,10,10,10,10,4.5,10
20,5,10,10,10,10,4.5,11
20,5,10,10,10,10,4.5,12
20,5,10,10,10,10,4.5,13
20,5,10,10,10,10,4.5,14
20,5,10,10,10,10,4.5,15
20,5,10,10,10,10,4.5,16
20,5,10,10,10,10,4.5,17
20,5,10,10,10,10,4.5,18
20,5,10,10,10,10,4.5,19
20,5,10,10,10,10,4.5,20
20,5,10,10,10,10,5,1
20,5,10,10,10,10,5,2
20,5,10,10,10,10,5,3
20,5,10,10,10,10,5,4
20,5,10,10,10,10,5,5
20,5,10,10,10,10,5,6
20,5,10,10,10,10,5,7
20,5,10,10,10,10,5,8
20,5,10,10,10,10,5,9
20,5,10,10,10,10,5,10
20,5,10,10,10,10,5,11
20,5,10,10,10,10,5,12
20,5,10,10,10,10,5,13
20,5,10,10,10,10,5,14
20,5,10,10,10,10,5,15
20,5,10,10,10,10,5,16
20,5,10,10,10,10,5,17
20,5,10,10,10,10,5,18
20,5,10,10,10,10,5,19
20,5,10,10,10,10,5,20
20,5,10,10,10,12,2,1
20,5,10,10,10,12,2,2
20,5,10,10,10,12,2,3
20,5,10,10,10,12,2,4
20,5,10,10,10,12,2,5
20,5,10,10,10,12,2,6
20,5,10,10,10,12,2,7
20,5,10,10,10,12,2,8
20,5,10,10,10,12,2,9
20,5,10,10,10,12,2,10
20,5,10,10,10,12,2,11
20,5,10,10,10,12,2,12
20,5,10,10,10,12,2,13
20,5,10,10,10,12,2,14
20,5,10,10,10,12,2,15
20,5,10,10,10,12,2,16
20,5,10,10,10,12,2,17
20,5,10,10,10,12,2,18
20,5,10,10,10,12,2,19
20,5,10,10,10,12,2,20
20,5,10,10,10,12,2.5,1
20,5,10,10,10,12,2.5,2
20,5,10,10,10,12,2.5,3
20,5,10,10,10,12,2.5,4
20,5,10,10,10,12,2.5,5
20,5,10,10,10,12,2.5,6
20,5,10,10,10,12,2.5,7
20,5,10,10,10,12,2.5,8
20,5,10,10,10,12,2.5,9
20,5,10,10,10,12,2.5,10
20,5,10,10,10,12,2.5,11
20,5,10,10,10,12,2.5,12
20,5,10,10,10,12,2.5,13
20,5,10,10,10,12,2.5,14
20,5,10,10,10,12,2.5,15
20,5,10,10,10,12,2.5,16
20,5,10,10,10,12,2.5,17
20,5,10,10,10,12,2.5,18
20,5,10,10,10,12,2.5,19
20,5,10,10,10,12,2.5,20
20,5,10,10,10,12,3,1
20,5,10,10,10,12,3,2
20,5,10,10,10,12,3,3
20,5,10,10,10,12,3,4
20,5,10,10,10,12,3,5
20,5,10,10,10,12,3,6
20,5,10,10,10,12,3,7
20,5,10,10,10,12,3,8
20,5,10,10,10,12,3,9
20,5,10,10,10,12,3,10
20,5,10,10,10,12,3,11
20,5,10,10,10,12,3,12
20,5,10,10,10,12,3,13
20,5,10,10,10,12,3,14
20,5,10,10,10,12,3,15
20,5,10,10,10,12,3,16
20,5,10,10,10,12,3,17
20,5,10,10,10,12,3,18
20,5,10,10,10,12,3,19
20,5,10,10,10,12,3,20
20,5,10,10,10,12,3.5,1
20,5,10,10,10,12,3.5,2
20,5,10,10,10,12,3.5,3
20,5,10,10,10,12,3.5,4
20,5,10,10,10,12,3.5,5
20,5,10,10,10,12,3.5,6
20,5,10,10,10,12,3.5,7
20,5,10,10,10,12,3.5,8
20,5,10,10,10,12,3.5,9
20,5,10,10,10,12,3.5,10
20,5,10,10,10,12,3.5,11
20,5,10,10,10,12,3.5,12
20,5,10,10,10,12,3.5,13
20,5,10,10,10,12,3.5,14
20,5,10,10,10,12,3.5,15
20,5,10,10,10,12,3.5,16
20,5,10,10,10,12,3.5,17
20,5,10,10,10,12,3.5,18
20,5,10,10,10,12,3.5,19
20,5,10,10,10,12,3.5,20
20,5,10,10,10,12,4,1
20,5,10,10,10,12,4,2
20,5,10,10,10,12,4,3
20,5,10,10,10,12,4,4
20,5,10,10,10,12,4,5
20,5,10,10,10,12,4,6
20,5,10,10,10,12,4,7
20,5,10,10,10,12,4,8
20,5,10,10,10,12,4,9
20,5,10,10,10,12,4,10
20,5,10,10,10,12,4,11
20,5,10,10,10,12,4,12
20,5,10,10,10,12,4,13
20,5,10,10,10,12,4,14
20,5,10,10,10,12,4,15
20,5,10,10,10,12,4,16
20,5,10,10,10,12,4,17
20,5,10,10,10,12,4,18
20,5,10,10,10,12,4,19
20,5,10,10,10,12,4,20
20,5,10,10,10,12,4.5,1
20,5,10,10,10,12,4.5,2
20,5,10,10,10,12,4.5,3
20,5,10,10,10,12,4.5,4
20,5,10,10,10,12,4.5,5
20,5,10,10,10,12,4.5,6
20,5,10,10,10,12,4.5,7
20,5,10,10,10,12,4.5,8
20,5,10,10,10,12,4.5,9
20,5,10,10,10,12,4.5,10
20,5,10,10,10,12,4.5,11
20,5,10,10,10,12,4.5,12
20,5,10,10,10,12,4.5,13
20,5,10,10,10,12,4.5,14
20,5,10,10,10,12,4.5,15
20,5,10,10,10,12,4.5,16
20,5,10,10,10,12,4.5,17
20,5,10,10,10,12,4.5,18
20,5,10,10,10,12,4.5,19
20,5,10,10,10,12,4.5,20
20,5,10,10,10,12,5,1
20,5,10,10,10,12,5,2
20,5,10,10,10,12,5,3
20,5,10,10,10,12,5,4
20,5,10,10,10,12,5,5
20,5,10,10,10,12,5,6
20,5,10,10,10,12,5,7
20,5,10,10,10,12,5,8
20,5,10,10,10,12,5,9
20,5,10,10,10,12,5,10
20,5,10,10,10,12,5,11
20,5,10,10,10,12,5,12
20,5,10,10,10,12,5,13
20,5,10,10,10,12,5,14
20,5,10,10,10,12,5,15
20,5,10,10,10,12,5,16
20,5,10,10,10,12,5,17
20,5,10,10,10,12,5,18
20,5,10,10,10,12,5,19
20,5,10,10,10,12,5,20
20,5,10,10,10,14,2,1
20,5,10,10,10,14,2,2
20,5,10,10,10,14,2,3
20,5,10,10,10,14,2,4
20,5,10,10,10,14,2,5
20,5,10,10,10,14,2,6
20,5,10,10,10,14,2,7
20,5,10,10,10,14,2,8
20,5,10,10,10,14,2,9
20,5,10,10,10,14,2,10
20,5,10,10,10,14,2,11
20,5,10,10,10,14,2,12
20,5,10,10,10,14,2,13
20,5,10,10,10,14,2,14
20,5,10,10,10,14,2,15
20,5,10,10,10,14,2,16
20,5,10,10,10,14,2,17
20,5,10,10,10,14,2,18
20,5,10,10,10,14,2,19
20,5,10,10,10,14,2,20
20,5,10,10,10,14,2.5,1
20,5,10,10,10,14,2.5,2
20,5,10,10,10,14,2.5,3
20,5,10,10,10,14,2.5,4
20,5,10,10,10,14,2.5,5
20,5,10,10,10,14,2.5,6
20,5,10,10,10,14,2.5,7
20,5,10,10,10,14,2.5,8
20,5,10,10,10,14,2.5,9
20,5,10,10,10,14,2.5,10
20,5,10,10,10,14,2.5,11
20,5,10,10,10,14,2.5,12
20,5,10,10,10,14,2.5,13
20,5,10,10,10,14,2.5,14
20,5,10,10,10,14,2.5,15
20,5,10,10,10,14,2.5,16
20,5,10,10,10,14,2.5,17
20,5,10,10,10,14,2.5,18
20,5,10,10,10,14,2.5,19
20,5,10,10,10,14,2.5,20
20,5,10,10,10,14,3,1
20,5,10,10,10,14,3,2
20,5,10,10,10,14,3,3
20,5,10,10,10,14,3,4
20,5,10,10,10,14,3,5
20,5,10,10,10,14,3,6
20,5,10,10,10,14,3,7
20,5,10,10,10,14,3,8
20,5,10,10,10,14,3,9
20,5,10,10,10,14,3,10
20,5,10,10,10,14,3,11
20,5,10,10,10,14,3,12
20,5,10,10,10,14,3,13
20,5,10,10,10,14,3,14
20,5,10,10,10,14,3,15
20,5,10,10,10,14,3,16
20,5,10,10,10,14,3,17
20,5,10,10,10,14,3,18
20,5,10,10,10,14,3,19
20,5,10,10,10,14,3,20
20,5,10,10,10,14,3.5,1
20,5,10,10,10,14,3.5,2
20,5,10,10,10,14,3.5,3
20,5,10,10,10,14,3.5,4
20,5,10,10,10,14,3.5,5
20,5,10,10,10,14,3.5,6
20,5,10,10,10,14,3.5,7
20,5,10,10,10,14,3.5,8
20,5,10,10,10,14,3.5,9
20,5,10,10,10,14,3.5,10
20,5,10,10,10,14,3.5,11
20,5,10,10,10,14,3.5,12
20,5,10,10,10,14,3.5,13
20,5,10,10,10,14,3.5,14
20,5,10,10,10,14,3.5,15
20,5,10,10,10,14,3.5,16
20,5,10,10,10,14,3.5,17
20,5,10,10,10,14,3.5,18
20,5,10,10,10,14,3.5,19
20,5,10,10,10,14,3.5,20
20,5,10,10,10,14,4,1
20,5,10,10,10,14,4,2
20,5,10,10,10,14,4,3
20,5,10,10,10,14,4,4
20,5,10,10,10,14,4,5
20,5,10,10,10,14,4,6
20,5,10,10,10,14,4,7
20,5,10,10,10,14,4,8
20,5,10,10,10,14,4,9
20,5,10,10,10,14,4,10
20,5,10,10,10,14,4,11
20,5,10,10,10,14,4,12
20,5,10,10,10,14,4,13
20,5,10,10,10,14,4,14
20,5,10,10,10,14,4,15
20,5,10,10,10,14,4,16
20,5,10,10,10,14,4,17
20,5,10,10,10,14,4,18
20,5,10,10,10,14,4,19
20,5,10,10,10,14,4,20
20,5,10,10,10,14,4.5,1
20,5,10,10,10,14,4.5,2
20,5,10,10,10,14,4.5,3
20,5,10,10,10,14,4.5,4
20,5,10,10,10,14,4.5,5
20,5,10,10,10,14,4.5,6
20,5,10,10,10,14,4.5,7
20,5,10,10,10,14,4.5,8
20,5,10,10,10,14,4.5,9
20,5,10,10,10,14,4.5,10
20,5,10,10,10,14,4.5,11
20,5,10,10,10,14,4.5,12
20,5,10,10,10,14,4.5,13
20,5,10,10,10,14,4.5,14
20,5,10,10,10,14,4.5,15
20,5,10,10,10,14,4.5,16
20,5,10,10,10,14,4.5,17
20,5,10,10,10,14,4.5,18
20,5,10,10,10,14,4.5,19
20,5,10,10,10,14,4.5,20
20,5,10,10,10,14,5,1
20,5,10,10,10,14,5,2
20,5,10,10,10,14,5,3
20,5,10,10,10,14,5,4
20,5,10,10,10,14,5,5
20,5,10,10,10,14,5,6
20,5,10,10,10,14,5,7
20,5,10,10,10,14,5,8
20,5,10,10,10,14,5,9
20,5,10,10,10,14,5,10
20,5,10,10,10,14,5,11
20,5,10,10,10,14,5,12
20,5,10,10,10,14,5,13
20,5,10,10,10,14,5,14
20,5,10,10,10,14,5,15
20,5,10,10,10,14,5,16
20,5,10,10,10,14,5,17
20,5,10,10,10,14,5,18
20,5,10,10,10,14,5,19
20,5,10,10,10,14,5,20
20,5,10,10,10,16,2,1
20,5,10,10,10,16,2,2
20,5,10,10,10,16,2,3
20,5,10,10,10,16,2,4
20,5,10,10,10,16,2,5
20,5,10,10,10,16,2,6
20,5,10,10,10,16,2,7
20,5,10,10,10,16,2,8
20,5,10,10,10,16,2,9
20,5,10,10,10,16,2,10
20,5,10,10,10,16,2,11
20,5,10,10,10,16,2,12
20,5,10,10,10,16,2,13
20,5,10,10,10,16,2,14
20,5,10,10,10,16,2,15
20,5,10,10,10,16,2,16
20,5,10,10,10,16,2,17
20,5,10,10,10,16,2,18
20,5,10,10,10,16,2,19
20,5,10,10,10,16,2,20
20,5,10,10,10,16,2.5,1
20,5,10,10,10,16,2.5,2
20,5,10,10,10,16,2.5,3
20,5,10,10,10,16,2.5,4
20,5,10,10,10,16,2.5,5
20,5,10,10,10,16,2.5,6
20,5,10,10,10,16,2.5,7
20,5,10,10,10,16,2.5,8
20,5,10,10,10,16,2.5,9
20,5,10,10,10,16,2.5,10
20,5,10,10,10,16,2.5,11
20,5,10,10,10,16,2.5,12
20,5,10,10,10,16,2.5,13
20,5,10,10,10,16,2.5,14
20,5,10,10,10,16,2.5,15
20,5,10,10,10,16,2.5,16
20,5,10,10,10,16,2.5,17
20,5,10,10,10,16,2.5,18
20,5,10,10,10,16,2.5,19
20,5,10,10,10,16,2.5,20
20,5,10,10,10,16,3,1
20,5,10,10,10,16,3,2
20,5,10,10,10,16,3,3
20,5,10,10,10,16,3,4
20,5,10,10,10,16,3,5
20,5,10,10,10,16,3,6
20,5,10,10,10,16,3,7
20,5,10,10,10,16,3,8
20,5,10,10,10,16,3,9
20,5,10,10,10,16,3,10
20,5,10,10,10,16,3,11
20,5,10,10,10,16,3,12
20,5,10,10,10,16,3,13
20,5,10,10,10,16,3,14
20,5,10,10,10,16,3,15
20,5,10,10,10,16,3,16
20,5,10,10,10,16,3,17
20,5,10,10,10,16,3,18
20,5,10,10,10,16,3,19
20,5,10,10,10,16,3,20
20,5,10,10,10,16,3.5,1
20,5,10,10,10,16,3.5,2
20,5,10,10,10,16,3.5,3
20,5,10,10,10,16,3.5,4
20,5,10,10,10,16,3.5,5
20,5,10,10,10,16,3.5,6
20,5,10,10,10,16,3.5,7
20,5,10,10,10,16,3.5,8
20,5,10,10,10,16,3.5,9
20,5,10,10,10,16,3.5,10
20,5,10,10,10,16,3.5,11
20,5,10,10,10,16,3.5,12
20,5,10,10,10,16,3.5,13
20,5,10,10,10,16,3.5,14
20,5,10,10,10,16,3.5,15
20,5,10,10,10,16,3.5,16
20,5,10,10,10,16,3.5,17
20,5,10,10,10,16,3.5,18
20,5,10,10,10,16,3.5,19
20,5,10,10,10,16,3.5,20
20,5,10,10,10,16,4,1
20,5,10,10,10,16,4,2
20,5,10,10,10,16,4,3
20,5,10,10,10,16,4,4
20,5,10,10,10,16,4,5
20,5,10,10,10,16,4,6
20,5,10,10,10,16,4,7
20,5,10,10,10,16,4,8
20,5,10,10,10,16,4,9
20,5,10,10,10,16,4,10
20,5,10,10,10,16,4,11
20,5,10,10,10,16,4,12
20,5,10,10,10,16,4,13
20,5,10,10,10,16,4,14
20,5,10,10,10,16,4,15
20,5,10,10,10,16,4,16
20,5,10,10,10,16,4,17
20,5,10,10,10,16,4,18
20,5,10,10,10,16,4,19
20,5,10,10,10,16,4,20
20,5,10,10,10,16,4.5,1
20,5,10,10,10,16,4.5,2
20,5,10,10,10,16,4.5,3
20,5,10,10,10,16,4.5,4
20,5,10,10,10,16,4.5,5
20,5,10,10,10,16,4.5,6
20,5,10,10,10,16,4.5,7
20,5,10,10,10,16,4.5,8
20,5,10,10,10,16,4.5,9
20,5,10,10,10,16,4.5,10
20,5,10,10,10,16,4.5,11
20,5,10,10,10,16,4.5,12
20,5,10,10,10,16,4.5,13
20,5,10,10,10,16,4.5,14
20,5,10,10,10,16,4.5,15
20,5,10,10,10,16,4.5,16
20,5,10,10,10,16,4.5,17
20,5,10,10,10,16,4.5,18
20,5,10,10,10,16,4.5,19
20,5,10,10,10,16,4.5,20
20,5,10,10,10,16,5,1
20,5,10,10,10,16,5,2
20,5,10,10,10,16,5,3
20,5,10,10,10,16,5,4
20,5,10,10,10,16,5,5
20,5,10,10,10,16,5,6
20,5,10,10,10,16,5,7
20,5,10,10,10,16,5,8
20,5,10,10,10,16,5,9
20,5,10,10,10,16,5,10
20,5,10,10,10,16,5,11
20,5,10,10,10,16,5,12
20,5,10,10,10,16,5,13
20,5,10,10,10,16,5,14
20,5,10,10,10,16,5,15
20,5,10,10,10,16,5,16
20,5,10,10,10,16,5,17
20,5,10,10,10,16,5,18
20,5,10,10,10,16,5,19
20,5,10,10,10,16,5,20
20,5,10,10,10,18,2,1
20,5,10,10,10,18,2,2
20,5,10,10,10,18,2,3
20,5,10,10,10,18,2,4
20,5,10,10,10,18,2,5
20,5,10,10,10,18,2,6
20,5,10,10,10,18,2,7
20,5,10,10,10,18,2,8
20,5,10,10,10,18,2,9
20,5,10,10,10,18,2,10
20,5,10,10,10,18,2,11
20,5,10,10,10,18,2,12
20,5,10,10,10,18,2,13
20,5,10,10,10,18,2,14
20,5,10,10,10,18,2,15
20,5,10,10,10,18,2,16
20,5,10,10,10,18,2,17
20,5,10,10,10,18,2,18
20,5,10,10,10,18,2,19
20,5,10,10,10,18,2,20
20,5,10,10,10,18,2.5,1
20,5,10,10,10,18,2.5,2
20,5,10,10,10,18,2.5,3
20,5,10,10,10,18,2.5,4
20,5,10,10,10,18,2.5,5
20,5,10,10,10,18,2.5,6
20,5,10,10,10,18,2.5,7
20,5,10,10,10,18,2.5,8
20,5,10,10,10,18,2.5,9
20,5,10,10,10,18,2.5,10
20,5,10,10,10,18,2.5,11
20,5,10,10,10,18,2.5,12
20,5,10,10,10,18,2.5,13
20,5,10,10,10,18,2.5,14
20,5,10,10,10,18,2.5,15
20,5,10,10,10,18,2.5,16
20,5,10,10,10,18,2.5,17
20,5,10,10,10,18,2.5,18
20,5,10,10,10,18,2.5,19
20,5,10,10,10,18,2.5,20
20,5,10,10,10,18,3,1
20,5,10,10,10,18,3,2
20,5,10,10,10,18,3,3
20,5,10,10,10,18,3,4
20,5,10,10,10,18,3,5
20,5,10,10,10,18,3,6
20,5,10,10,10,18,3,7
20,5,10,10,10,18,3,8
20,5,10,10,10,18,3,9
20,5,10,10,10,18,3,10
20,5,10,10,10,18,3,11
20,5,10,10,10,18,3,12
20,5,10,10,10,18,3,13
20,5,10,10,10,18,3,14
20,5,10,10,10,18,3,15
20,5,10,10,10,18,3,16
20,5,10,10,10,18,3,17
20,5,10,10,10,18,3,18
20,5,10,10,10,18,3,19
20,5,10,10,10,18,3,20
20,5,10,10,10,18,3.5,1
20,5,10,10,10,18,3.5,2
20,5,10,10,10,18,3.5,3
20,5,10,10,10,18,3.5,4
20,5,10,10,10,18,3.5,5
20,5,10,10,10,18,3.5,6
20,5,10,10,10,18,3.5,7
20,5,10,10,10,18,3.5,8
20,5,10,10,10,18,3.5,9
20,5,10,10,10,18,3.5,10
20,5,10,10,10,18,3.5,11
20,5,10,10,10,18,3.5,12
20,5,10,10,10,18,3.5,13
20,5,10,10,10,18,3.5,14
20,5,10,10,10,18,3.5,15
20,5,10,10,10,18,3.5,16
20,5,10,10,10,18,3.5,17
20,5,10,10,10,18,3.5,18
20,5,10,10,10,18,3.5,19
20,5,10,10,10,18,3.5,20
20,5,10,10,10,18,4,1
20,5,10,10,10,18,4,2
20,5,10,10,10,18,4,3
20,5,10,10,10,18,4,4
20,5,10,10,10,18,4,5
20,5,10,10,10,18,4,6
20,5,10,10,10,18,4,7
20,5,10,10,10,18,4,8
20,5,10,10,10,18,4,9
20,5,10,10,10,18,4,10
20,5,10,10,10,18,4,11
20,5,10,10,10,18,4,12
20,5,10,10,10,18,4,13
20,5,10,10,10,18,4,14
20,5,10,10,10,18,4,15
20,5,10,10,10,18,4,16
20,5,10,10,10,18,4,17
20,5,10,10,10,18,4,18
20,5,10,10,10,18,4,19
20,5,10,10,10,18,4,20
20,5,10,10,10,18,4.5,1
20,5,10,10,10,18,4.5,2
20,5,10,10,10,18,4.5,3
20,5,10,10,10,18,4.5,4
20,5,10,10,10,18,4.5,5
20,5,10,10,10,18,4.5,6
20,5,10,10,10,18,4.5,7
20,5,10,10,10,18,4.5,8
20,5,10,10,10,18,4.5,9
20,5,10,10,10,18,4.5,10
20,5,10,10,10,18,4.5,11
20,5,10,10,10,18,4.5,12
20,5,10,10,10,18,4.5,13
20,5,10,10,10,18,4.5,14
20,5,10,10,10,18,4.5,15
20,5,10,10,10,18,4.5,16
20,5,10,10,10,18,4.5,17
20,5,10,10,10,18,4.5,18
20,5,10,10,10,18,4.5,19
20,5,10,10,10,18,4.5,20
20,5,10,10,10,18,5,1
20,5,10,10,10,18,5,2
20,5,10,10,10,18,5,3
20,5,10,10,10,18,5,4
20,5,10,10,10,18,5,5
20,5,10,10,10,18,5,6
20,5,10,10,10,18,5,7
20,5,10,10,10,18,5,8
20,5,10,10,10,18,5,9
20,5,10,10,10,18,5,10
20,5,10,10,10,18,5,11
20,5,10,10,10,18,5,12
20,5,10,10,10,18,5,13
20,5,10,10,10,18,5,14
20,5,10,10,10,18,5,15
20,5,10,10,10,18,5,16
20,5,10,10,10,18,5,17
20,5,10,10,10,18,5,18
20,5,10,10,10,18,5,19
20,5,10,10,10,18,5,20
20,5,10,10,10,20,2,1
20,5,10,10,10,20,2,2
20,5,10,10,10,20,2,3
20,5,10,10,10,20,2,4
20,5,10,10,10,20,2,5
20,5,10,10,10,20,2,6
20,5,10,10,10,20,2,7
20,5,10,10,10,20,2,8
20,5,10,10,10,20,2,9
20,5,10,10,10,20,2,10
20,5,10,10,10,20,2,11
20,5,10,10,10,20,2,12
20,5,10,10,10,20,2,13
20,5,10,10,10,20,2,14
20,5,10,10,10,20,2,15
20,5,10,10,10,20,2,16
20,5,10,10,10,20,2,17
20,5,10,10,10,20,2,18
20,5,10,10,10,20,2,19
20,5,10,10,10,20,2,20
20,5,10,10,10,20,2.5,1
20,5,10,10,10,20,2.5,2
20,5,10,10,10,20,2.5,3
20,5,10,10,10,20,2.5,4
20,5,10,10,10,20,2.5,5
20,5,10,10,10,20,2.5,6
20,5,10,10,10,20,2.5,7
20,5,10,10,10,20,2.5,8
20,5,10,10,10,20,2.5,9
20,5,10,10,10,20,2.5,10
20,5,10,10,10,20,2.5,11
20,5,10,10,10,20,2.5,12
20,5,10,10,10,20,2.5,13
20,5,10,10,10,20,2.5,14
20,5,10,10,10,20,2.5,15
20,5,10,10,10,20,2.5,16
20,5,10,10,10,20,2.5,17
20,5,10,10,10,20,2.5,18
20,5,10,10,10,20,2.5,19
20,5,10,10,10,20,2.5,20
20,5,10,10,10,20,3,1
20,5,10,10,10,20,3,2
20,5,10,10,10,20,3,3
20,5,10,10,10,20,3,4
20,5,10,10,10,20,3,5
20,5,10,10,10,20,3,6
20,5,10,10,10,20,3,7
20,5,10,10,10,20,3,8
20,5,10,10,10,20,3,9
20,5,10,10,10,20,3,10
20,5,10,10,10,20,3,11
20,5,10,10,10,20,3,12
20,5,10,10,10,20,3,13
20,5,10,10,10,20,3,14
20,5,10,10,10,20,3,15
20,5,10,10,10,20,3,16
20,5,10,10,10,20,3,17
20,5,10,10,10,20,3,18
20,5,10,10,10,20,3,19
20,5,10,10,10,20,3,20
20,5,10,10,10,20,3.5,1
20,5,10,10,10,20,3.5,2
20,5,10,10,10,20,3.5,3
20,5,10,10,10,20,3.5,4
20,5,10,10,10,20,3.5,5
20,5,10,10,10,20,3.5,6
20,5,10,10,10,20,3.5,7
20,5,10,10,10,20,3.5,8
20,5,10,10,10,20,3.5,9
20,5,10,10,10,20,3.5,10
20,5,10,10,10,20,3.5,11
20,5,10,10,10,20,3.5,12
20,5,10,10,10,20,3.5,13
20,5,10,10,10,20,3.5,14
20,5,10,10,10,20,3.5,15
20,5,10,10,10,20,3.5,16
20,5,10,10,10,20,3.5,17
20,5,10,10,10,20,3.5,18
20,5,10,10,10,20,3.5,19
20,5,10,10,10,20,3.5,20
20,5,10,10,10,20,4,1
20,5,10,10,10,20,4,2
20,5,10,10,10,20,4,3
20,5,10,10,10,20,4,4
20,5,10,10,10,20,4,5
20,5,10,10,10,20,4,6
20,5,10,10,10,20,4,7
20,5,10,10,10,20,4,8
20,5,10,10,10,20,4,9
20,5,10,10,10,20,4,10
20,5,10,10,10,20,4,11
20,5,10,10,10,20,4,12
20,5,10,10,10,20,4,13
20,5,10,10,10,20,4,14
20,5,10,10,10,20,4,15
20,5,10,10,10,20,4,16
20,5,10,10,10,20,4,17
20,5,10,10,10,20,4,18
20,5,10,10,10,20,4,19
20,5,10,10,10,20,4,20
20,5,10,10,10,20,4.5,1
20,5,10,10,10,20,4.5,2
20,5,10,10,10,20,4.5,3
20,5,10,10,10,20,4.5,4
20,5,10,10,10,20,4.5,5
20,5,10,10,10,20,4.5,6
20,5,10,10,10,20,4.5,7
20,5,10,10,10,20,4.5,8
20,5,10,10,10,20,4.5,9
20,5,10,10,10,20,4.5,10
20,5,10,10,10,20,4.5,11
20,5,10,10,10,20,4.5,12
20,5,10,10,10,20,4.5,13
20,5,10,10,10,20,4.5,14
20,5,10,10,10,20,4.5,15
20,5,10,10,10,20,4.5,16
20,5,10,10,10,20,4.5,17
20,5,10,10,10,20,4.5,18
20,5,10,10,10,20,4.5,19
20,5,10,10,10,20,4.5,20
20,5,10,10,10,20,5,1
20,5,10,10,10,20,5,2
20,5,10,10,10,20,5,3
20,5,10,10,10,20,5,4
20,5,10,10,10,20,5,5
20,5,10,10,10,20,5,6
20,5,10,10,10,20,5,7
20,5,10,10,10,20,5,8
20,5,10,10,10,20,5,9
20,5,10,10,10,20,5,10
20,5,10,10,10,20,5,11
20,5,10,10,10,20,5,12
20,5,10,10,10,20,5,13
20,5,10,10,10,20,5,14
20,5,10,10,10,20,5,15
20,5,10,10,10,20,5,16
20,5,10,10,10,20,5,17
20,5,10,10,10,20,5,18
20,5,10,10,10,20,5,19
20,5,10,10,10,20,5,20
20,5,10,10,10,22,2,1
20,5,10,10,10,22,2,2
20,5,10,10,10,22,2,3
20,5,10,10,10,22,2,4
20,5,10,10,10,22,2,5
20,5,10,10,10,22,2,6
20,5,10,10,10,22,2,7
20,5,10,10,10,22,2,8
20,5,10,10,10,22,2,9
20,5,10,10,10,22,2,10
20,5,10,10,10,22,2,11
20,5,10,10,10,22,2,12
20,5,10,10,10,22,2,13
20,5,10,10,10,22,2,14
20,5,10,10,10,22,2,15
20,5,10,10,10,22,2,16
20,5,10,10,10,22,2,17
20,5,10,10,10,22,2,18
20,5,10,10,10,22,2,19
20,5,10,10,10,22,2,20
20,5,10,10,10,22,2.5,1
20,5,10,10,10,22,2.5,2
20,5,10,10,10,22,2.5,3
20,5,10,10,10,22,2.5,4
20,5,10,10,10,22,2.5,5
20,5,10,10,10,22,2.5,6
20,5,10,10,10,22,2.5,7
20,5,10,10,10,22,2.5,8
20,5,10,10,10,22,2.5,9
20,5,10,10,10,22,2.5,10
20,5,10,10,10,22,2.5,11
20,5,10,10,10,22,2.5,12
20,5,10,10,10,22,2.5,13
20,5,10,10,10,22,2.5,14
20,5,10,10,10,22,2.5,15
20,5,10,10,10,22,2.5,16
20,5,10,10,10,22,2.5,17
20,5,10,10,10,22,2.5,18
20,5,10,10,10,22,2.5,19
20,5,10,10,10,22,2.5,20
20,5,10,10,10,22,3,1
20,5,10,10,10,22,3,2
20,5,10,10,10,22,3,3
20,5,10,10,10,22,3,4
20,5,10,10,10,22,3,5
20,5,10,10,10,22,3,6
20,5,10,10,10,22,3,7
20,5,10,10,10,22,3,8
20,5,10,10,10,22,3,9
20,5,10,10,10,22,3,10
20,5,10,10,10,22,3,11
20,5,10,10,10,22,3,12
20,5,10,10,10,22,3,13
20,5,10,10,10,22,3,14
20,5,10,10,10,22,3,15
20,5,10,10,10,22,3,16
20,5,10,10,10,22,3,17
20,5,10,10,10,22,3,18
20,5,10,10,10,22,3,19
20,5,10,10,10,22,3,20
20,5,10,10,10,22,3.5,1
20,5,10,10,10,22,3.5,2
20,5,10,10,10,22,3.5,3
20,5,10,10,10,22,3.5,4
20,5,10,10,10,22,3.5,5
20,5,10,10,10,22,3.5,6
20,5,10,10,10,22,3.5,7
20,5,10,10,10,22,3.5,8
20,5,10,10,10,22,3.5,9
20,5,10,10,10,22,3.5,10
20,5,10,10,10,22,3.5,11
20,5,10,10,10,22,3.5,12
20,5,10,10,10,22,3.5,13
20,5,10,10,10,22,3.5,14
20,5,10,10,10,22,3.5,15
20,5,10,10,10,22,3.5,16
20,5,10,10,10,22,3.5,17
20,5,10,10,10,22,3.5,18
20,5,10,10,10,22,3.5,19
20,5,10,10,10,22,3.5,20
20,5,10,10,10,22,4,1
20,5,10,10,10,22,4,2
20,5,10,10,10,22,4,3
20,5,10,10,10,22,4,4
20,5,10,10,10,22,4,5
20,5,10,10,10,22,4,6
20,5,10,10,10,22,4,7
20,5,10,10,10,22,4,8
20,5,10,10,10,22,4,9
20,5,10,10,10,22,4,10
20,5,10,10,10,22,4,11
20,5,10,10,10,22,4,12
20,5,10,10,10,22,4,13
20,5,10,10,10,22,4,14
20,5,10,10,10,22,4,15
20,5,10,10,10,22,4,16
20,5,10,10,10,22,4,17
20,5,10,10,10,22,4,18
20,5,10,10,10,22,4,19
20,5,10,10,10,22,4,20
20,5,10,10,10,22,4.5,1
20,5,10,10,10,22,4.5,2
20,5,10,10,10,22,4.5,3
20,5,10,10,10,22,4.5,4
20,5,10,10,10,22,4.5,5
20,5,10,10,10,22,4.5,6
20,5,10,10,10,22,4.5,7
20,5,10,10,10,22,4.5,8
20,5,10,10,10,22,4.5,9
20,5,10,10,10,22,4.5,10
20,5,10,10,10,22,4.5,11
20,5,10,10,10,22,4.5,12
20,5,10,10,10,22,4.5,13
20,5,10,10,10,22,4.5,14
20,5,10,10,10,22,4.5,15
20,5,10,10,10,22,4.5,16
20,5,10,10,10,22,4.5,17
20,5,10,10,10,22,4.5,18
20,5,10,10,10,22,4.5,19
20,5,10,10,10,22,4.5,20
20,5,10,10,10,22,5,1
20,5,10,10,10,22,5,2
20,5,10,10,10,22,5,3
20,5,10,10,10,22,5,4
20,5,10,10,10,22,5,5
20,5,10,10,10,22,5,6
20,5,10,10,10,22,5,7
20,5,10,10,10,22,5,8
20,5,10,10,10,22,5,9
20,5,10,10,10,22,5,10
20,5,10,10,10,22,5,11
20,5,10,10,10,22,5,12
20,5,10,10,10,22,5,13
20,5,10,10,10,22,5,14
20,5,10,10,10,22,5,15
20,5,10,10,10,22,5,16
20,5,10,10,10,22,5,17
20,5,10,10,10,22,5,18
20,5,10,10,10,22,5,19
20,5,10,10,10,22,5,20
20,5,10,10,10,24,2,1
20,5,10,10,10,24,2,2
20,5,10,10,10,24,2,3
20,5,10,10,10,24,2,4
20,5,10,10,10,24,2,5
20,5,10,10,10,24,2,6
20,5,10,10,10,24,2,7
20,5,10,10,10,24,2,8
20,5,10,10,10,24,2,9
20,5,10,10,10,24,2,10
20,5,10,10,10,24,2,11
20,5,10,10,10,24,2,12
20,5,10,10,10,24,2,13
20,5,10,10,10,24,2,14
20,5,10,10,10,24,2,15
20,5,10,10,10,24,2,16
20,5,10,10,10,24,2,17
20,5,10,10,10,24,2,18
20,5,10,10,10,24,2,19
20,5,10,10,10,24,2,20
20,5,10,10,10,24,2.5,1
20,5,10,10,10,24,2.5,2
20,5,10,10,10,24,2.5,3
20,5,10,10,10,24,2.5,4
20,5,10,10,10,24,2.5,5
20,5,10,10,10,24,2.5,6
20,5,10,10,10,24,2.5,7
20,5,10,10,10,24,2.5,8
20,5,10,10,10,24,2.5,9
20,5,10,10,10,24,2.5,10
20,5,10,10,10,24,2.5,11
20,5,10,10,10,24,2.5,12
20,5,10,10,10,24,2.5,13
20,5,10,10,10,24,2.5,14
20,5,10,10,10,24,2.5,15
20,5,10,10,10,24,2.5,16
20,5,10,10,10,24,2.5,17
20,5,10,10,10,24,2.5,18
20,5,10,10,10,24,2.5,19
20,5,10,10,10,24,2.5,20
20,5,10,10,10,24,3,1
20,5,10,10,10,24,3,2
20,5,10,10,10,24,3,3
20,5,10,10,10,24,3,4
20,5,10,10,10,24,3,5
20,5,10,10,10,24,3,6
20,5,10,10,10,24,3,7
20,5,10,10,10,24,3,8
20,5,10,10,10,24,3,9
20,5,10,10,10,24,3,10
20,5,10,10,10,24,3,11
20,5,10,10,10,24,3,12
20,5,10,10,10,24,3,13
20,5,10,10,10,24,3,14
20,5,10,10,10,24,3,15
20,5,10,10,10,24,3,16
20,5,10,10,10,24,3,17
20,5,10,10,10,24,3,18
20,5,10,10,10,24,3,19
20,5,10,10,10,24,3,20
20,5,10,10,10,24,3.5,1
20,5,10,10,10,24,3.5,2
20,5,10,10,10,24,3.5,3
20,5,10,10,10,24,3.5,4
20,5,10,10,10,24,3.5,5
20,5,10,10,10,24,3.5,6
20,5,10,10,10,24,3.5,7
20,5,10,10,10,24,3.5,8
20,5,10,10,10,24,3.5,9
20,5,10,10,10,24,3.5,10
20,5,10,10,10,24,3.5,11
20,5,10,10,10,24,3.5,12
20,5,10,10,10,24,3.5,13
20,5,10,10,10,24,3.5,14
20,5,10,10,10,24,3.5,15
20,5,10,10,10,24,3.5,16
20,5,10,10,10,24,3.5,17
20,5,10,10,10,24,3.5,18
20,5,10,10,10,24,3.5,19
20,5,10,10,10,24,3.5,20
20,5,10,10,10,24,4,1
20,5,10,10,10,24,4,2
20,5,10,10,10,24,4,3
20,5,10,10,10,24,4,4
20,5,10,10,10,24,4,5
20,5,10,10,10,24,4,6
20,5,10,10,10,24,4,7
20,5,10,10,10,24,4,8
20,5,10,10,10,24,4,9
20,5,10,10,10,24,4,10
20,5,10,10,10,24,4,11
20,5,10,10,10,24,4,12
20,5,10,10,10,24,4,13
20,5,10,10,10,24,4,14
20,5,10,10,10,24,4,15
20,5,10,10,10,24,4,16
20,5,10,10,10,24,4,17
20,5,10,10,10,24,4,18
20,5,10,10,10,24,4,19
20,5,10,10,10,24,4,20
20,5,10,10,10,24,4.5,1
20,5,10,10,10,24,4.5,2
20,5,10,10,10,24,4.5,3
20,5,10,10,10,24,4.5,4
20,5,10,10,10,24,4.5,5
20,5,10,10,10,24,4.5,6
20,5,10,10,10,24,4.5,7
20,5,10,10,10,24,4.5,8
20,5,10,10,10,24,4.5,9
20,5,10,10,10,24,4.5,10
20,5,10,10,10,24,4.5,11
20,5,10,10,10,24,4.5,12
20,5,10,10,10,24,4.5,13
20,5,10,10,10,24,4.5,14
20,5,10,10,10,24,4.5,15
20,5,10,10,10,24,4.5,16
20,5,10,10,10,24,4.5,17
20,5,10,10,10,24,4.5,18
20,5,10,10,10,24,4.5,19
20,5,10,10,10,24,4.5,20
20,5,10,10,10,24,5,1
20,5,10,10,10,24,5,2
20,5,10,10,10,24,5,3
20,5,10,10,10,24,5,4
20,5,10,10,10,24,5,5
20,5,10,10,10,24,5,6
20,5,10,10,10,24,5,7
20,5,10,10,10,24,5,8
20,5,10,10,10,24,5,9
20,5,10,10,10,24,5,10
20,5,10,10,10,24,5,11
20,5,10,10,10,24,5,12
20,5,10,10,10,24,5,13
20,5,10,10,10,24,5,14
20,5,10,10,10,24,5,15
20,5,10,10,10,24,5,16
20,5,10,10,10,24,5,17
20,5,10,10,10,24,5,18
20,5,10,10,10,24,5,19
20,5,10,10,10,24,5,20
20,5,10,10,10,26,2,1
20,5,10,10,10,26,2,2
20,5,10,10,10,26,2,3
20,5,10,10,10,26,2,4
20,5,10,10,10,26,2,5
20,5,10,10,10,26,2,6
20,5,10,10,10,26,2,7
20,5,10,10,10,26,2,8
20,5,10,10,10,26,2,9
20,5,10,10,10,26,2,10
20,5,10,10,10,26,2,11
20,5,10,10,10,26,2,12
20,5,10,10,10,26,2,13
20,5,10,10,10,26,2,14
20,5,10,10,10,26,2,15
20,5,10,10,10,26,2,16
20,5,10,10,10,26,2,17
20,5,10,10,10,26,2,18
20,5,10,10,10,26,2,19
20,5,10,10,10,26,2,20
20,5,10,10,10,26,2.5,1
20,5,10,10,10,26,2.5,2
20,5,10,10,10,26,2.5,3
20,5,10,10,10,26,2.5,4
20,5,10,10,10,26,2.5,5
20,5,10,10,10,26,2.5,6
20,5,10,10,10,26,2.5,7
20,5,10,10,10,26,2.5,8
20,5,10,10,10,26,2.5,9
20,5,10,10,10,26,2.5,10
20,5,10,10,10,26,2.5,11
20,5,10,10,10,26,2.5,12
20,5,10,10,10,26,2.5,13
20,5,10,10,10,26,2.5,14
20,5,10,10,10,26,2.5,15
20,5,10,10,10,26,2.5,16
20,5,10,10,10,26,2.5,17
20,5,10,10,10,26,2.5,18
20,5,10,10,10,26,2.5,19
20,5,10,10,10,26,2.5,20
20,5,10,10,10,26,3,1
20,5,10,10,10,26,3,2
20,5,10,10,10,26,3,3
20,5,10,10,10,26,3,4
20,5,10,10,10,26,3,5
20,5,10,10,10,26,3,6
20,5,10,10,10,26,3,7
20,5,10,10,10,26,3,8
20,5,10,10,10,26,3,9
20,5,10,10,10,26,3,10
20,5,10,10,10,26,3,11
20,5,10,10,10,26,3,12
20,5,10,10,10,26,3,13
20,5,10,10,10,26,3,14
20,5,10,10,10,26,3,15
20,5,10,10,10,26,3,16
20,5,10,10,10,26,3,17
20,5,10,10,10,26,3,18
20,5,10,10,10,26,3,19
20,5,10,10,10,26,3,20
20,5,10,10,10,26,3.5,1
20,5,10,10,10,26,3.5,2
20,5,10,10,10,26,3.5,3
20,5,10,10,10,26,3.5,4
20,5,10,10,10,26,3.5,5
20,5,10,10,10,26,3.5,6
20,5,10,10,10,26,3.5,7
20,5,10,10,10,26,3.5,8
20,5,10,10,10,26,3.5,9
20,5,10,10,10,26,3.5,10
20,5,10,10,10,26,3.5,11
20,5,10,10,10,26,3.5,12
20,5,10,10,10,26,3.5,13
20,5,10,10,10,26,3.5,14
20,5,10,10,10,26,3.5,15
20,5,10,10,10,26,3.5,16
20,5,10,10,10,26,3.5,17
20,5,10,10,10,26,3.5,18
20,5,10,10,10,26,3.5,19
20,5,10,10,10,26,3.5,20
20,5,10,10,10,26,4,1
20,5,10,10,10,26,4,2
20,5,10,10,10,26,4,3
20,5,10,10,10,26,4,4
20,5,10,10,10,26,4,5
20,5,10,10,10,26,4,6
20,5,10,10,10,26,4,7
20,5,10,10,10,26,4,8
20,5,10,10,10,26,4,9
20,5,10,10,10,26,4,10
20,5,10,10,10,26,4,11
20,5,10,10,10,26,4,12
20,5,10,10,10,26,4,13
20,5,10,10,10,26,4,14
20,5,10,10,10,26,4,15
20,5,10,10,10,26,4,16
20,5,10,10,10,26,4,17
20,5,10,10,10,26,4,18
20,5,10,10,10,26,4,19
20,5,10,10,10,26,4,20
20,5,10,10,10,26,4.5,1
20,5,10,10,10,26,4.5,2
20,5,10,10,10,26,4.5,3
20,5,10,10,10,26,4.5,4
20,5,10,10,10,26,4.5,5
20,5,10,10,10,26,4.5,6
20,5,10,10,10,26,4.5,7
20,5,10,10,10,26,4.5,8
20,5,10,10,10,26,4.5,9
20,5,10,10,10,26,4.5,10
20,5,10,10,10,26,4.5,11
20,5,10,10,10,26,4.5,12
20,5,10,10,10,26,4.5,13
20,5,10,10,10,26,4.5,14
20,5,10,10,10,26,4.5,15
20,5,10,10,10,26,4.5,16
20,5,10,10,10,26,4.5,17
20,5,10,10,10,26,4.5,18
20,5,10,10,10,26,4.5,19
20,5,10,10,10,26,4.5,20
20,5,10,10,10,26,5,1
20,5,10,10,10,26,5,2
20,5,10,10,10,26,5,3
20,5,10,10,10,26,5,4
20,5,10,10,10,26,5,5
20,5,10,10,10,26,5,6
20,5,10,10,10,26,5,7
20,5,10,10,10,26,5,8
20,5,10,10,10,26,5,9
20,5,10,10,10,26,5,10
20,5,10,10,10,26,5,11
20,5,10,10,10,26,5,12
20,5,10,10,10,26,5,13
20,5,10,10,10,26,5,14
20,5,10,10,10,26,5,15
20,5,10,10,10,26,5,16
20,5,10,10,10,26,5,17
20,5,10,10,10,26,5,18
20,5,10,10,10,26,5,19
20,5,10,10,10,26,5,20
20,5,10,10,10,28,2,1
20,5,10,10,10,28,2,2
20,5,10,10,10,28,2,3
20,5,10,10,10,28,2,4
20,5,10,10,10,28,2,5
20,5,10,10,10,28,2,6
20,5,10,10,10,28,2,7
20,5,10,10,10,28,2,8
20,5,10,10,10,28,2,9
20,5,10,10,10,28,2,10
20,5,10,10,10,28,2,11
20,5,10,10,10,28,2,12
20,5,10,10,10,28,2,13
20,5,10,10,10,28,2,14
20,5,10,10,10,28,2,15
20,5,10,10,10,28,2,16
20,5,10,10,10,28,2,17
20,5,10,10,10,28,2,18
20,5,10,10,10,28,2,19
20,5,10,10,10,28,2,20
20,5,10,10,10,28,2.5,1
20,5,10,10,10,28,2.5,2
20,5,10,10,10,28,2.5,3
20,5,10,10,10,28,2.5,4
20,5,10,10,10,28,2.5,5
20,5,10,10,10,28,2.5,6
20,5,10,10,10,28,2.5,7
20,5,10,10,10,28,2.5,8
20,5,10,10,10,28,2.5,9
20,5,10,10,10,28,2.5,10
20,5,10,10,10,28,2.5,11
20,5,10,10,10,28,2.5,12
20,5,10,10,10,28,2.5,13
20,5,10,10,10,28,2.5,14
20,5,10,10,10,28,2.5,15
20,5,10,10,10,28,2.5,16
20,5,10,10,10,28,2.5,17
20,5,10,10,10,28,2.5,18
20,5,10,10,10,28,2.5,19
20,5,10,10,10,28,2.5,20
20,5,10,10,10,28,3,1
20,5,10,10,10,28,3,2
20,5,10,10,10,28,3,3
20,5,10,10,10,28,3,4
20,5,10,10,10,28,3,5
20,5,10,10,10,28,3,6
20,5,10,10,10,28,3,7
20,5,10,10,10,28,3,8
20,5,10,10,10,28,3,9
20,5,10,10,10,28,3,10
20,5,10,10,10,28,3,11
20,5,10,10,10,28,3,12
20,5,10,10,10,28,3,13
20,5,10,10,10,28,3,14
20,5,10,10,10,28,3,15
20,5,10,10,10,28,3,16
20,5,10,10,10,28,3,17
20,5,10,10,10,28,3,18
20,5,10,10,10,28,3,19
20,5,10,10,10,28,3,20
20,5,10,10,10,28,3.5,1
20,5,10,10,10,28,3.5,2
20,5,10,10,10,28,3.5,3
20,5,10,10,10,28,3.5,4
20,5,10,10,10,28,3.5,5
20,5,10,10,10,28,3.5,6
20,5,10,10,10,28,3.5,7
20,5,10,10,10,28,3.5,8
20,5,10,10,10,28,3.5,9
20,5,10,10,10,28,3.5,10
20,5,10,10,10,28,3.5,11
20,5,10,10,10,28,3.5,12
20,5,10,10,10,28,3.5,13
20,5,10,10,10,28,3.5,14
20,5,10,10,10,28,3.5,15
20,5,10,10,10,28,3.5,16
20,5,10,10,10,28,3.5,17
20,5,10,10,10,28,3.5,18
20,5,10,10,10,28,3.5,19
20,5,10,10,10,28,3.5,20
20,5,10,10,10,28,4,1
20,5,10,10,10,28,4,2
20,5,10,10,10,28,4,3
20,5,10,10,10,28,4,4
20,5,10,10,10,28,4,5
20,5,10,10,10,28,4,6
20,5,10,10,10,28,4,7
20,5,10,10,10,28,4,8
20,5,10,10,10,28,4,9
20,5,10,10,10,28,4,10
20,5,10,10,10,28,4,11
20,5,10,10,10,28,4,12
20,5,10,10,10,28,4,13
20,5,10,10,10,28,4,14
20,5,10,10,10,28,4,15
20,5,10,10,10,28,4,16
20,5,10,10,10,28,4,17
20,5,10,10,10,28,4,18
20,5,10,10,10,28,4,19
20,5,10,10,10,28,4,20
20,5,10,10,10,28,4.5,1
20,5,10,10,10,28,4.5,2
20,5,10,10,10,28,4.5,3
20,5,10,10,10,28,4.5,4
20,5,10,10,10,28,4.5,5
20,5,10,10,10,28,4.5,6
20,5,10,10,10,28,4.5,7
20,5,10,10,10,28,4.5,8
20,5,10,10,10,28,4.5,9
20,5,10,10,10,28,4.5,10
20,5,10,10,10,28,4.5,11
20,5,10,10,10,28,4.5,12
20,5,10,10,10,28,4.5,13
20,5,10,10,10,28,4.5,14
20,5,10,10,10,28,4.5,15
20,5,10,10,10,28,4.5,16
20,5,10,10,10,28,4.5,17
20,5,10,10,10,28,4.5,18
20,5,10,10,10,28,4.5,19
20,5,10,10,10,28,4.5,20
20,5,10,10,10,28,5,1
20,5,10,10,10,28,5,2
20,5,10,10,10,28,5,3
20,5,10,10,10,28,5,4
20,5,10,10,10,28,5,5
20,5,10,10,10,28,5,6
20,5,10,10,10,28,5,7
20,5,10,10,10,28,5,8
20,5,10,10,10,28,5,9
20,5,10,10,10,28,5,10
20,5,10,10,10,28,5,11
20,5,10,10,10,28,5,12
20,5,10,10,10,28,5,13
20,5,10,10,10,28,5,14
20,5,10,10,10,28,5,15
20,5,10,10,10,28,5,16
20,5,10,10,10,28,5,17
20,5,10,10,10,28,5,18
20,5,10,10,10,28,5,19
20,5,10,10,10,28,5,20
20,5,10,10,10,30,2,1
20,5,10,10,10,30,2,2
20,5,10,10,10,30,2,3
20,5,10,10,10,30,2,4
20,5,10,10,10,30,2,5
20,5,10,10,10,30,2,6
20,5,10,10,10,30,2,7
20,5,10,10,10,30,2,8
20,5,10,10,10,30,2,9
20,5,10,10,10,30,2,10
20,5,10,10,10,30,2,11
20,5,10,10,10,30,2,12
20,5,10,10,10,30,2,13
20,5,10,10,10,30,2,14
20,5,10,10,10,30,2,15
20,5,10,10,10,30,2,16
20,5,10,10,10,30,2,17
20,5,10,10,10,30,2,18
20,5,10,10,10,30,2,19
20,5,10,10,10,30,2,20
20,5,10,10,10,30,2.5,1
20,5,10,10,10,30,2.5,2
20,5,10,10,10,30,2.5,3
20,5,10,10,10,30,2.5,4
20,5,10,10,10,30,2.5,5
20,5,10,10,10,30,2.5,6
20,5,10,10,10,30,2.5,7
20,5,10,10,10,30,2.5,8
20,5,10,10,10,30,2.5,9
20,5,10,10,10,30,2.5,10
20,5,10,10,10,30,2.5,11
20,5,10,10,10,30,2.5,12
20,5,10,10,10,30,2.5,13
20,5,10,10,10,30,2.5,14
20,5,10,10,10,30,2.5,15
20,5,10,10,10,30,2.5,16
20,5,10,10,10,30,2.5,17
20,5,10,10,10,30,2.5,18
20,5,10,10,10,30,2.5,19
20,5,10,10,10,30,2.5,20
20,5,10,10,10,30,3,1
20,5,10,10,10,30,3,2
20,5,10,10,10,30,3,3
20,5,10,10,10,30,3,4
20,5,10,10,10,30,3,5
20,5,10,10,10,30,3,6
20,5,10,10,10,30,3,7
20,5,10,10,10,30,3,8
20,5,10,10,10,30,3,9
20,5,10,10,10,30,3,10
20,5,10,10,10,30,3,11
20,5,10,10,10,30,3,12
20,5,10,10,10,30,3,13
20,5,10,10,10,30,3,14
20,5,10,10,10,30,3,15
20,5,10,10,10,30,3,16
20,5,10,10,10,30,3,17
20,5,10,10,10,30,3,18
20,5,10,10,10,30,3,19
20,5,10,10,10,30,3,20
20,5,10,10,10,30,3.5,1
20,5,10,10,10,30,3.5,2
20,5,10,10,10,30,3.5,3
20,5,10,10,10,30,3.5,4
20,5,10,10,10,30,3.5,5
20,5,10,10,10,30,3.5,6
20,5,10,10,10,30,3.5,7
20,5,10,10,10,30,3.5,8
20,5,10,10,10,30,3.5,9
20,5,10,10,10,30,3.5,10
20,5,10,10,10,30,3.5,11
20,5,10,10,10,30,3.5,12
20,5,10,10,10,30,3.5,13
20,5,10,10,10,30,3.5,14
20,5,10,10,10,30,3.5,15
20,5,10,10,10,30,3.5,16
20,5,10,10,10,30,3.5,17
20,5,10,10,10,30,3.5,18
20,5,10,10,10,30,3.5,19
20,5,10,10,10,30,3.5,20
20,5,10,10,10,30,4,1
20,5,10,10,10,30,4,2
20,5,10,10,10,30,4,3
20,5,10,10,10,30,4,4
20,5,10,10,10,30,4,5
20,5,10,10,10,30,4,6
20,5,10,10,10,30,4,7
20,5,10,10,10,30,4,8
20,5,10,10,10,30,4,9
20,5,10,10,10,30,4,10
20,5,10,10,10,30,4,11
20,5,10,10,10,30,4,12
20,5,10,10,10,30,4,13
20,5,10,10,10,30,4,14
20,5,10,10,10,30,4,15
20,5,10,10,10,30,4,16
20,5,10,10,10,30,4,17
20,5,10,10,10,30,4,18
20,5,10,10,10,30,4,19
20,5,10,10,10,30,4,20
20,5,10,10,10,30,4.5,1
20,5,10,10,10,30,4.5,2
20,5,10,10,10,30,4.5,3
20,5,10,10,10,30,4.5,4
20,5,10,10,10,30,4.5,5
20,5,10,10,10,30,4.5,6
20,5,10,10,10,30,4.5,7
20,5,10,10,10,30,4.5,8
20,5,10,10,10,30,4.5,9
20,5,10,10,10,30,4.5,10
20,5,10,10,10,30,4.5,11
20,5,10,10,10,30,4.5,12
20,5,10,10,10,30,4.5,13
20,5,10,10,10,30,4.5,14
20,5,10,10,10,30,4.5,15
20,5,10,10,10,30,4.5,16
20,5,10,10,10,30,4.5,17
20,5,10,10,10,30,4.5,18
20,5,10,10,10,30,4.5,19
20,5,10,10,10,30,4.5,20
20,5,10,10,10,30,5,1
20,5,10,10,10,30,5,2
20,5,10,10,10,30,5,3
20,5,10,10,10,30,5,4
20,5,10,10,10,30,5,5
20,5,10,10,10,30,5,6
20,5,10,10,10,30,5,7
20,5,10,10,10,30,5,8
20,5,10,10,10,30,5,9
20,5,10,10,10,30,5,10
20,5,10,10,10,30,5,11
20,5,10,10,10,30,5,12
20,5,10,10,10,30,5,13
20,5,10,10,10,30,5,14
20,5,10,10,10,30,5,15
20,5,10,10,10,30,5,16
20,5,10,10,10,30,5,17
20,5,10,10,10,30,5,18
20,5,10,10,10,30,5,19
20,5,10,10,10,30,5,20
20,5,10,10,10,32,2,1
20,5,10,10,10,32,2,2
20,5,10,10,10,32,2,3
20,5,10,10,10,32,2,4
20,5,10,10,10,32,2,5
20,5,10,10,10,32,2,6
20,5,10,10,10,32,2,7
20,5,10,10,10,32,2,8
20,5,10,10,10,32,2,9
20,5,10,10,10,32,2,10
20,5,10,10,10,32,2,11
20,5,10,10,10,32,2,12
20,5,10,10,10,32,2,13
20,5,10,10,10,32,2,14
20,5,10,10,10,32,2,15
20,5,10,10,10,32,2,16
20,5,10,10,10,32,2,17
20,5,10,10,10,32,2,18
20,5,10,10,10,32,2,19
20,5,10,10,10,32,2,20
20,5,10,10,10,32,2.5,1
20,5,10,10,10,32,2.5,2
20,5,10,10,10,32,2.5,3
20,5,10,10,10,32,2.5,4
20,5,10,10,10,32,2.5,5
20,5,10,10,10,32,2.5,6
20,5,10,10,10,32,2.5,7
20,5,10,10,10,32,2.5,8
20,5,10,10,10,32,2.5,9
20,5,10,10,10,32,2.5,10
20,5,10,10,10,32,2.5,11
20,5,10,10,10,32,2.5,12
20,5,10,10,10,32,2.5,13
20,5,10,10,10,32,2.5,14
20,5,10,10,10,32,2.5,15
20,5,10,10,10,32,2.5,16
20,5,10,10,10,32,2.5,17
20,5,10,10,10,32,2.5,18
20,5,10,10,10,32,2.5,19
20,5,10,10,10,32,2.5,20
20,5,10,10,10,32,3,1
20,5,10,10,10,32,3,2
20,5,10,10,10,32,3,3
20,5,10,10,10,32,3,4
20,5,10,10,10,32,3,5
20,5,10,10,10,32,3,6
20,5,10,10,10,32,3,7
20,5,10,10,10,32,3,8
20,5,10,10,10,32,3,9
20,5,10,10,10,32,3,10
20,5,10,10,10,32,3,11
20,5,10,10,10,32,3,12
20,5,10,10,10,32,3,13
20,5,10,10,10,32,3,14
20,5,10,10,10,32,3,15
20,5,10,10,10,32,3,16
20,5,10,10,10,32,3,17
20,5,10,10,10,32,3,18
20,5,10,10,10,32,3,19
20,5,10,10,10,32,3,20
20,5,10,10,10,32,3.5,1
20,5,10,10,10,32,3.5,2
20,5,10,10,10,32,3.5,3
20,5,10,10,10,32,3.5,4
20,5,10,10,10,32,3.5,5
20,5,10,10,10,32,3.5,6
20,5,10,10,10,32,3.5,7
20,5,10,10,10,32,3.5,8
20,5,10,10,10,32,3.5,9
20,5,10,10,10,32,3.5,10
20,5,10,10,10,32,3.5,11
20,5,10,10,10,32,3.5,12
20,5,10,10,10,32,3.5,13
20,5,10,10,10,32,3.5,14
20,5,10,10,10,32,3.5,15
20,5,10,10,10,32,3.5,16
20,5,10,10,10,32,3.5,17
20,5,10,10,10,32,3.5,18
20,5,10,10,10,32,3.5,19
20,5,10,10,10,32,3.5,20
20,5,10,10,10,32,4,1
20,5,10,10,10,32,4,2
20,5,10,10,10,32,4,3
20,5,10,10,10,32,4,4
20,5,10,10,10,32,4,5
20,5,10,10,10,32,4,6
20,5,10,10,10,32,4,7
20,5,10,10,10,32,4,8
20,5,10,10,10,32,4,9
20,5,10,10,10,32,4,10
20,5,10,10,10,32,4,11
20,5,10,10,10,32,4,12
20,5,10,10,10,32,4,13
20,5,10,10,10,32,4,14
20,5,10,10,10,32,4,15
20,5,10,10,10,32,4,16
20,5,10,10,10,32,4,17
20,5,10,10,10,32,4,18
20,5,10,10,10,32,4,19
20,5,10,10,10,32,4,20
20,5,10,10,10,32,4.5,1
20,5,10,10,10,32,4.5,2
20,5,10,10,10,32,4.5,3
20,5,10,10,10,32,4.5,4
20,5,10,10,10,32,4.5,5
20,5,10,10,10,32,4.5,6
20,5,10,10,10,32,4.5,7
20,5,10,10,10,32,4.5,8
20,5,10,10,10,32,4.5,9
20,5,10,10,10,32,4.5,10
20,5,10,10,10,32,4.5,11
20,5,10,10,10,32,4.5,12
20,5,10,10,10,32,4.5,13
20,5,10,10,10,32,4.5,14
20,5,10,10,10,32,4.5,15
20,5,10,10,10,32,4.5,16
20,5,10,10,10,32,4.5,17
20,5,10,10,10,32,4.5,18
20,5,10,10,10,32,4.5,19
20,5,10,10,10,32,4.5,20
20,5,10,10,10,32,5,1
20,5,10,10,10,32,5,2
20,5,10,10,10,32,5,3
20,5,10,10,10,32,5,4
20,5,10,10,10,32,5,5
20,5,10,10,10,32,5,6
20,5,10,10,10,32,5,7
20,5,10,10,10,32,5,8
20,5,10,10,10,32,5,9
20,5,10,10,10,32,5,10
20,5,10,10,10,32,5,11
20,5,10,10,10,32,5,12
20,5,10,10,10,32,5,13
20,5,10,10,10,32,5,14
20,5,10,10,10,32,5,15
20,5,10,10,10,32,5,16
20,5,10,10,10,32,5,17
20,5,10,10,10,32,5,18
20,5,10,10,10,32,5,19
20,5,10,10,10,32,5,20
20,5,10,10,10,34,2,1
20,5,10,10,10,34,2,2
20,5,10,10,10,34,2,3
20,5,10,10,10,34,2,4
20,5,10,10,10,34,2,5
20,5,10,10,10,34,2,6
20,5,10,10,10,34,2,7
20,5,10,10,10,34,2,8
20,5,10,10,10,34,2,9
20,5,10,10,10,34,2,10
20,5,10,10,10,34,2,11
20,5,10,10,10,34,2,12
20,5,10,10,10,34,2,13
20,5,10,10,10,34,2,14
20,5,10,10,10,34,2,15
20,5,10,10,10,34,2,16
20,5,10,10,10,34,2,17
20,5,10,10,10,34,2,18
20,5,10,10,10,34,2,19
20,5,10,10,10,34,2,20
20,5,10,10,10,34,2.5,1
20,5,10,10,10,34,2.5,2
20,5,10,10,10,34,2.5,3
20,5,10,10,10,34,2.5,4
20,5,10,10,10,34,2.5,5
20,5,10,10,10,34,2.5,6
20,5,10,10,10,34,2.5,7
20,5,10,10,10,34,2.5,8
20,5,10,10,10,34,2.5,9
20,5,10,10,10,34,2.5,10
20,5,10,10,10,34,2.5,11
20,5,10,10,10,34,2.5,12
20,5,10,10,10,34,2.5,13
20,5,10,10,10,34,2.5,14
20,5,10,10,10,34,2.5,15
20,5,10,10,10,34,2.5,16
20,5,10,10,10,34,2.5,17
20,5,10,10,10,34,2.5,18
20,5,10,10,10,34,2.5,19
20,5,10,10,10,34,2.5,20
20,5,10,10,10,34,3,1
20,5,10,10,10,34,3,2
20,5,10,10,10,34,3,3
20,5,10,10,10,34,3,4
20,5,10,10,10,34,3,5
20,5,10,10,10,34,3,6
20,5,10,10,10,34,3,7
20,5,10,10,10,34,3,8
20,5,10,10,10,34,3,9
20,5,10,10,10,34,3,10
20,5,10,10,10,34,3,11
20,5,10,10,10,34,3,12
20,5,10,10,10,34,3,13
20,5,10,10,10,34,3,14
20,5,10,10,10,34,3,15
20,5,10,10,10,34,3,16
20,5,10,10,10,34,3,17
20,5,10,10,10,34,3,18
20,5,10,10,10,34,3,19
20,5,10,10,10,34,3,20
20,5,10,10,10,34,3.5,1
20,5,10,10,10,34,3.5,2
20,5,10,10,10,34,3.5,3
20,5,10,10,10,34,3.5,4
20,5,10,10,10,34,3.5,5
20,5,10,10,10,34,3.5,6
20,5,10,10,10,34,3.5,7
20,5,10,10,10,34,3.5,8
20,5,10,10,10,34,3.5,9
20,5,10,10,10,34,3.5,10
20,5,10,10,10,34,3.5,11
20,5,10,10,10,34,3.5,12
20,5,10,10,10,34,3.5,13
20,5,10,10,10,34,3.5,14
20,5,10,10,10,34,3.5,15
20,5,10,10,10,34,3.5,16
20,5,10,10,10,34,3.5,17
20,5,10,10,10,34,3.5,18
20,5,10,10,10,34,3.5,19
20,5,10,10,10,34,3.5,20
20,5,10,10,10,34,4,1
20,5,10,10,10,34,4,2
20,5,10,10,10,34,4,3
20,5,10,10,10,34,4,4
20,5,10,10,10,34,4,5
20,5,10,10,10,34,4,6
20,5,10,10,10,34,4,7
20,5,10,10,10,34,4,8
20,5,10,10,10,34,4,9
20,5,10,10,10,34,4,10
20,5,10,10,10,34,4,11
20,5,10,10,10,34,4,12
20,5,10,10,10,34,4,13
20,5,10,10,10,34,4,14
20,5,10,10,10,34,4,15
20,5,10,10,10,34,4,16
20,5,10,10,10,34,4,17
20,5,10,10,10,34,4,18
20,5,10,10,10,34,4,19
20,5,10,10,10,34,4,20
20,5,10,10,10,34,4.5,1
20,5,10,10,10,34,4.5,2
20,5,10,10,10,34,4.5,3
20,5,10,10,10,34,4.5,4
20,5,10,10,10,34,4.5,5
20,5,10,10,10,34,4.5,6
20,5,10,10,10,34,4.5,7
20,5,10,10,10,34,4.5,8
20,5,10,10,10,34,4.5,9
20,5,10,10,10,34,4.5,10
20,5,10,10,10,34,4.5,11
20,5,10,10,10,34,4.5,12
20,5,10,10,10,34,4.5,13
20,5,10,10,10,34,4.5,14
20,5,10,10,10,34,4.5,15
20,5,10,10,10,34,4.5,16
20,5,10,10,10,34,4.5,17
20,5,10,10,10,34,4.5,18
20,5,10,10,10,34,4.5,19
20,5,10,10,10,34,4.5,20
20,5,10,10,10,34,5,1
20,5,10,10,10,34,5,2
20,5,10,10,10,34,5,3
20,5,10,10,10,34,5,4
20,5,10,10,10,34,5,5
20,5,10,10,10,34,5,6
20,5,10,10,10,34,5,7
20,5,10,10,10,34,5,8
20,5,10,10,10,34,5,9
20,5,10,10,10,34,5,10
20,5,10,10,10,34,5,11
20,5,10,10,10,34,5,12
20,5,10,10,10,34,5,13
20,5,10,10,10,34,5,14
20,5,10,10,10,34,5,15
20,5,10,10,10,34,5,16
20,5,10,10,10,34,5,17
20,5,10,10,10,34,5,18
20,5,10,10,10,34,5,19
20,5,10,10,10,34,5,20
20,5,10,10,10,36,2,1
20,5,10,10,10,36,2,2
20,5,10,10,10,36,2,3
20,5,10,10,10,36,2,4
20,5,10,10,10,36,2,5
20,5,10,10,10,36,2,6
20,5,10,10,10,36,2,7
20,5,10,10,10,36,2,8
20,5,10,10,10,36,2,9
20,5,10,10,10,36,2,10
20,5,10,10,10,36,2,11
20,5,10,10,10,36,2,12
20,5,10,10,10,36,2,13
20,5,10,10,10,36,2,14
20,5,10,10,10,36,2,15
20,5,10,10,10,36,2,16
20,5,10,10,10,36,2,17
20,5,10,10,10,36,2,18
20,5,10,10,10,36,2,19
20,5,10,10,10,36,2,20
20,5,10,10,10,36,2.5,1
20,5,10,10,10,36,2.5,2
20,5,10,10,10,36,2.5,3
20,5,10,10,10,36,2.5,4
20,5,10,10,10,36,2.5,5
20,5,10,10,10,36,2.5,6
20,5,10,10,10,36,2.5,7
20,5,10,10,10,36,2.5,8
20,5,10,10,10,36,2.5,9
20,5,10,10,10,36,2.5,10
20,5,10,10,10,36,2.5,11
20,5,10,10,10,36,2.5,12
20,5,10,10,10,36,2.5,13
20,5,10,10,10,36,2.5,14
20,5,10,10,10,36,2.5,15
20,5,10,10,10,36,2.5,16
20,5,10,10,10,36,2.5,17
20,5,10,10,10,36,2.5,18
20,5,10,10,10,36,2.5,19
20,5,10,10,10,36,2.5,20
20,5,10,10,10,36,3,1
20,5,10,10,10,36,3,2
20,5,10,10,10,36,3,3
20,5,10,10,10,36,3,4
20,5,10,10,10,36,3,5
20,5,10,10,10,36,3,6
20,5,10,10,10,36,3,7
20,5,10,10,10,36,3,8
20,5,10,10,10,36,3,9
20,5,10,10,10,36,3,10
20,5,10,10,10,36,3,11
20,5,10,10,10,36,3,12
20,5,10,10,10,36,3,13
20,5,10,10,10,36,3,14
20,5,10,10,10,36,3,15
20,5,10,10,10,36,3,16
20,5,10,10,10,36,3,17
20,5,10,10,10,36,3,18
20,5,10,10,10,36,3,19
20,5,10,10,10,36,3,20
20,5,10,10,10,36,3.5,1
20,5,10,10,10,36,3.5,2
20,5,10,10,10,36,3.5,3
20,5,10,10,10,36,3.5,4
20,5,10,10,10,36,3.5,5
20,5,10,10,10,36,3.5,6
20,5,10,10,10,36,3.5,7
20,5,10,10,10,36,3.5,8
20,5,10,10,10,36,3.5,9
20,5,10,10,10,36,3.5,10
20,5,10,10,10,36,3.5,11
20,5,10,10,10,36,3.5,12
20,5,10,10,10,36,3.5,13
20,5,10,10,10,36,3.5,14
20,5,10,10,10,36,3.5,15
20,5,10,10,10,36,3.5,16
20,5,10,10,10,36,3.5,17
20,5,10,10,10,36,3.5,18
20,5,10,10,10,36,3.5,19
20,5,10,10,10,36,3.5,20
20,5,10,10,10,36,4,1
20,5,10,10,10,36,4,2
20,5,10,10,10,36,4,3
20,5,10,10,10,36,4,4
20,5,10,10,10,36,4,5
20,5,10,10,10,36,4,6
20,5,10,10,10,36,4,7
20,5,10,10,10,36,4,8
20,5,10,10,10,36,4,9
20,5,10,10,10,36,4,10
20,5,10,10,10,36,4,11
20,5,10,10,10,36,4,12
20,5,10,10,10,36,4,13
20,5,10,10,10,36,4,14
20,5,10,10,10,36,4,15
20,5,10,10,10,36,4,16
20,5,10,10,10,36,4,17
20,5,10,10,10,36,4,18
20,5,10,10,10,36,4,19
20,5,10,10,10,36,4,20
20,5,10,10,10,36,4.5,1
20,5,10,10,10,36,4.5,2
20,5,10,10,10,36,4.5,3
20,5,10,10,10,36,4.5,4
20,5,10,10,10,36,4.5,5
20,5,10,10,10,36,4.5,6
20,5,10,10,10,36,4.5,7
20,5,10,10,10,36,4.5,8
20,5,10,10,10,36,4.5,9
20,5,10,10,10,36,4.5,10
20,5,10,10,10,36,4.5,11
20,5,10,10,10,36,4.5,12
20,5,10,10,10,36,4.5,13
20,5,10,10,10,36,4.5,14
20,5,10,10,10,36,4.5,15
20,5,10,10,10,36,4.5,16
20,5,10,10,10,36,4.5,17
20,5,10,10,10,36,4.5,18
20,5,10,10,10,36,4.5,19
20,5,10,10,10,36,4.5,20
20,5,10,10,10,36,5,1
20,5,10,10,10,36,5,2
20,5,10,10,10,36,5,3
20,5,10,10,10,36,5,4
20,5,10,10,10,36,5,5
20,5,10,10,10,36,5,6
20,5,10,10,10,36,5,7
20,5,10,10,10,36,5,8
20,5,10,10,10,36,5,9
20,5,10,10,10,36,5,10
20,5,10,10,10,36,5,11
20,5,10,10,10,36,5,12
20,5,10,10,10,36,5,13
20,5,10,10,10,36,5,14
20,5,10,10,10,36,5,15
20,5,10,10,10,36,5,16
20,5,10,10,10,36,5,17
20,5,10,10,10,36,5,18
20,5,10,10,10,36,5,19
20,5,10,10,10,36,5,20
20,5,10,10,10,38,2,1
20,5,10,10,10,38,2,2
20,5,10,10,10,38,2,3
20,5,10,10,10,38,2,4
20,5,10,10,10,38,2,5
20,5,10,10,10,38,2,6
20,5,10,10,10,38,2,7
20,5,10,10,10,38,2,8
20,5,10,10,10,38,2,9
20,5,10,10,10,38,2,10
20,5,10,10,10,38,2,11
20,5,10,10,10,38,2,12
20,5,10,10,10,38,2,13
20,5,10,10,10,38,2,14
20,5,10,10,10,38,2,15
20,5,10,10,10,38,2,16
20,5,10,10,10,38,2,17
20,5,10,10,10,38,2,18
20,5,10,10,10,38,2,19
20,5,10,10,10,38,2,20
20,5,10,10,10,38,2.5,1
20,5,10,10,10,38,2.5,2
20,5,10,10,10,38,2.5,3
20,5,10,10,10,38,2.5,4
20,5,10,10,10,38,2.5,5
20,5,10,10,10,38,2.5,6
20,5,10,10,10,38,2.5,7
20,5,10,10,10,38,2.5,8
20,5,10,10,10,38,2.5,9
20,5,10,10,10,38,2.5,10
20,5,10,10,10,38,2.5,11
20,5,10,10,10,38,2.5,12
20,5,10,10,10,38,2.5,13
20,5,10,10,10,38,2.5,14
20,5,10,10,10,38,2.5,15
20,5,10,10,10,38,2.5,16
20,5,10,10,10,38,2.5,17
20,5,10,10,10,38,2.5,18
20,5,10,10,10,38,2.5,19
20,5,10,10,10,38,2.5,20
20,5,10,10,10,38,3,1
20,5,10,10,10,38,3,2
20,5,10,10,10,38,3,3
20,5,10,10,10,38,3,4
20,5,10,10,10,38,3,5
20,5,10,10,10,38,3,6
20,5,10,10,10,38,3,7
20,5,10,10,10,38,3,8
20,5,10,10,10,38,3,9
20,5,10,10,10,38,3,10
20,5,10,10,10,38,3,11
20,5,10,10,10,38,3,12
20,5,10,10,10,38,3,13
20,5,10,10,10,38,3,14
20,5,10,10,10,38,3,15
20,5,10,10,10,38,3,16
20,5,10,10,10,38,3,17
20,5,10,10,10,38,3,18
20,5,10,10,10,38,3,19
20,5,10,10,10,38,3,20
20,5,10,10,10,38,3.5,1
20,5,10,10,10,38,3.5,2
20,5,10,10,10,38,3.5,3
20,5,10,10,10,38,3.5,4
20,5,10,10,10,38,3.5,5
20,5,10,10,10,38,3.5,6
20,5,10,10,10,38,3.5,7
20,5,10,10,10,38,3.5,8
20,5,10,10,10,38,3.5,9
20,5,10,10,10,38,3.5,10
20,5,10,10,10,38,3.5,11
20,5,10,10,10,38,3.5,12
20,5,10,10,10,38,3.5,13
20,5,10,10,10,38,3.5,14
20,5,10,10,10,38,3.5,15
20,5,10,10,10,38,3.5,16
20,5,10,10,10,38,3.5,17
20,5,10,10,10,38,3.5,18
20,5,10,10,10,38,3.5,19
20,5,10,10,10,38,3.5,20
20,5,10,10,10,38,4,1
20,5,10,10,10,38,4,2
20,5,10,10,10,38,4,3
20,5,10,10,10,38,4,4
20,5,10,10,10,38,4,5
20,5,10,10,10,38,4,6
20,5,10,10,10,38,4,7
20,5,10,10,10,38,4,8
20,5,10,10,10,38,4,9
20,5,10,10,10,38,4,10
20,5,10,10,10,38,4,11
20,5,10,10,10,38,4,12
20,5,10,10,10,38,4,13
20,5,10,10,10,38,4,14
20,5,10,10,10,38,4,15
20,5,10,10,10,38,4,16
20,5,10,10,10,38,4,17
20,5,10,10,10,38,4,18
20,5,10,10,10,38,4,19
20,5,10,10,10,38,4,20
20,5,10,10,10,38,4.5,1
20,5,10,10,10,38,4.5,2
20,5,10,10,10,38,4.5,3
20,5,10,10,10,38,4.5,4
20,5,10,10,10,38,4.5,5
20,5,10,10,10,38,4.5,6
20,5,10,10,10,38,4.5,7
20,5,10,10,10,38,4.5,8
20,5,10,10,10,38,4.5,9
20,5,10,10,10,38,4.5,10
20,5,10,10,10,38,4.5,11
20,5,10,10,10,38,4.5,12
20,5,10,10,10,38,4.5,13
20,5,10,10,10,38,4.5,14
20,5,10,10,10,38,4.5,15
20,5,10,10,10,38,4.5,16
20,5,10,10,10,38,4.5,17
20,5,10,10,10,38,4.5,18
20,5,10,10,10,38,4.5,19
20,5,10,10,10,38,4.5,20
20,5,10,10,10,38,5,1
20,5,10,10,10,38,5,2
20,5,10,10,10,38,5,3
20,5,10,10,10,38,5,4
20,5,10,10,10,38,5,5
20,5,10,10,10,38,5,6
20,5,10,10,10,38,5,7
20,5,10,10,10,38,5,8
20,5,10,10,10,38,5,9
20,5,10,10,10,38,5,10
20,5,10,10,10,38,5,11
20,5,10,10,10,38,5,12
20,5,10,10,10,38,5,13
20,5,10,10,10,38,5,14
20,5,10,10,10,38,5,15
20,5,10,10,10,38,5,16
20,5,10,10,10,38,5,17
20,5,10,10,10,38,5,18
20,5,10,10,10,38,5,19
20,5,10,10,10,38,5,20
20,5,10,10,10,40,2,1
20,5,10,10,10,40,2,2
20,5,10,10,10,40,2,3
20,5,10,10,10,40,2,4
20,5,10,10,10,40,2,5
20,5,10,10,10,40,2,6
20,5,10,10,10,40,2,7
20,5,10,10,10,40,2,8
20,5,10,10,10,40,2,9
20,5,10,10,10,40,2,10
20,5,10,10,10,40,2,11
20,5,10,10,10,40,2,12
20,5,10,10,10,40,2,13
20,5,10,10,10,40,2,14
20,5,10,10,10,40,2,15
20,5,10,10,10,40,2,16
20,5,10,10,10,40,2,17
20,5,10,10,10,40,2,18
20,5,10,10,10,40,2,19
20,5,10,10,10,40,2,20
20,5,10,10,10,40,2.5,1
20,5,10,10,10,40,2.5,2
20,5,10,10,10,40,2.5,3
20,5,10,10,10,40,2.5,4
20,5,10,10,10,40,2.5,5
20,5,10,10,10,40,2.5,6
20,5,10,10,10,40,2.5,7
20,5,10,10,10,40,2.5,8
20,5,10,10,10,40,2.5,9
20,5,10,10,10,40,2.5,10
20,5,10,10,10,40,2.5,11
20,5,10,10,10,40,2.5,12
20,5,10,10,10,40,2.5,13
20,5,10,10,10,40,2.5,14
20,5,10,10,10,40,2.5,15
20,5,10,10,10,40,2.5,16
20,5,10,10,10,40,2.5,17
20,5,10,10,10,40,2.5,18
20,5,10,10,10,40,2.5,19
20,5,10,10,10,40,2.5,20
20,5,10,10,10,40,3,1
20,5,10,10,10,40,3,2
20,5,10,10,10,40,3,3
20,5,10,10,10,40,3,4
20,5,10,10,10,40,3,5
20,5,10,10,10,40,3,6
20,5,10,10,10,40,3,7
20,5,10,10,10,40,3,8
20,5,10,10,10,40,3,9
20,5,10,10,10,40,3,10
20,5,10,10,10,40,3,11
20,5,10,10,10,40,3,12
20,5,10,10,10,40,3,13
20,5,10,10,10,40,3,14
20,5,10,10,10,40,3,15
20,5,10,10,10,40,3,16
20,5,10,10,10,40,3,17
20,5,10,10,10,40,3,18
20,5,10,10,10,40,3,19
20,5,10,10,10,40,3,20
20,5,10,10,10,40,3.5,1
20,5,10,10,10,40,3.5,2
20,5,10,10,10,40,3.5,3
20,5,10,10,10,40,3.5,4
20,5,10,10,10,40,3.5,5
20,5,10,10,10,40,3.5,6
20,5,10,10,10,40,3.5,7
20,5,10,10,10,40,3.5,8
20,5,10,10,10,40,3.5,9
20,5,10,10,10,40,3.5,10
20,5,10,10,10,40,3.5,11
20,5,10,10,10,40,3.5,12
20,5,10,10,10,40,3.5,13
20,5,10,10,10,40,3.5,14
20,5,10,10,10,40,3.5,15
20,5,10,10,10,40,3.5,16
20,5,10,10,10,40,3.5,17
20,5,10,10,10,40,3.5,18
20,5,10,10,10,40,3.5,19
20,5,10,10,10,40,3.5,20
20,5,10,10,10,40,4,1
20,5,10,10,10,40,4,2
20,5,10,10,10,40,4,3
20,5,10,10,10,40,4,4
20,5,10,10,10,40,4,5
20,5,10,10,10,40,4,6
20,5,10,10,10,40,4,7
20,5,10,10,10,40,4,8
20,5,10,10,10,40,4,9
20,5,10,10,10,40,4,10
20,5,10,10,10,40,4,11
20,5,10,10,10,40,4,12
20,5,10,10,10,40,4,13
20,5,10,10,10,40,4,14
20,5,10,10,10,40,4,15
20,5,10,10,10,40,4,16
20,5,10,10,10,40,4,17
20,5,10,10,10,40,4,18
20,5,10,10,10,40,4,19
20,5,10,10,10,40,4,20
20,5,10,10,10,40,4.5,1
20,5,10,10,10,40,4.5,2
20,5,10,10,10,40,4.5,3
20,5,10,10,10,40,4.5,4
20,5,10,10,10,40,4.5,5
20,5,10,10,10,40,4.5,6
20,5,10,10,10,40,4.5,7
20,5,10,10,10,40,4.5,8
20,5,10,10,10,40,4.5,9
20,5,10,10,10,40,4.5,10
20,5,10,10,10,40,4.5,11
20,5,10,10,10,40,4.5,12
20,5,10,10,10,40,4.5,13
20,5,10,10,10,40,4.5,14
20,5,10,10,10,40,4.5,15
20,5,10,10,10,40,4.5,16
20,5,10,10,10,40,4.5,17
20,5,10,10,10,40,4.5,18
20,5,10,10,10,40,4.5,19
20,5,10,10,10,40,4.5,20
20,5,10,10,10,40,5,1
20,5,10,10,10,40,5,2
20,5,10,10,10,40,5,3
20,5,10,10,10,40,5,4
20,5,10,10,10,40,5,5
20,5,10,10,10,40,5,6
20,5,10,10,10,40,5,7
20,5,10,10,10,40,5,8
20,5,10,10,10,40,5,9
20,5,10,10,10,40,5,10
20,5,10,10,10,40,5,11
20,5,10,10,10,40,5,12
20,5,10,10,10,40,5,13
20,5,10,10,10,40,5,14
20,5,10,10,10,40,5,15
20,5,10,10,10,40,5,16
20,5,10,10,10,40,5,17
20,5,10,10,10,40,5,18
20,5,10,10,10,40,5,19
20,5,10,10,10,40,5,20
