16.8,7.1,55,455,12.8,8.2,0.669
20.5,9,88,185,12.6,4.4,0.909
18.3,9.6,237,170,22.8,9.1,0.985
16.1,6.9,75,122,18,5.8,0.548
19.3,8.3,284,197,24.3,10.5,0.543
20,9.2,98,65,20.8,10.2,0.925
19,8,486,406,14.9,9.3,0.926
15.6,6.9,413,134,13.6,10.3,0.714
16,8.3,323,387,23.4,11,0.553
22.3,7.9,424,128,19.7,9.9,0.801
20.6,8.2,378,313,21.8,16.1,0.794
22.4,9.1,446,153,24.7,19.6,0.783
19.2,7.4,464,239,14.4,4.2,0.597
18.9,9.1,177,74,23.4,6.2,0.82
21.2,6.7,265,36,20.7,12.5,0.527
17.5,7.6,382,227,18.7,5.3,0.686
22.7,6.6,286,95,15.4,10.2,0.587
18,8.5,125,295,19.9,10.3,0.62
18.4,8.2,60,174,13.5,7.8,0.743
21.5,9.2,490,399,21.1,4.2,0.671
20.4,6.6,155,32,17,7.4,0.631
17.8,7.5,309,49,22,15.8,0.51
20.2,6.8,475,445,16.7,12.5,0.729
21.8,7.7,327,141,18.2,9.9,0.937
22.5,9.5,220,182,24.9,5.4,0.558
17.9,8.7,212,42,22.7,10.5,0.875
16.7,9.4,499,257,13,5.4,0.788
17,7,194,162,19.3,10.2,0.953
18.1,7.8,246,139,20.2,6.7,0.897
20.8,7.3,143,100,20.5,9.8,0.57
18.8,8.1,68,374,14.1,4.3,0.52
17.4,8.6,448,337,14.6,12,0.885
16.3,9.3,210,383,15.1,10.6,0.807
18,9.3,170,458,20.4,8.1,0.653
15.7,6.9,396,211,24.6,19.8,0.693
19.8,9.2,149,470,17.3,13.5,0.972
19.1,9.2,279,275,18.9,6.7,0.832
16,7.5,461,109,16.2,5.5,0.512
20.3,7.3,46,85,19.7,12.8,0.601
22.1,7.2,110,158,16.5,2.6,0.919
19.6,9.4,161,80,12.8,10.8,0.683
20.8,7.1,242,54,24,13.5,0.766
21.7,7.2,420,419,21.2,5,0.948
19.9,8.4,182,202,15.2,3.5,0.52
17.6,7.4,222,484,22.4,9.1,0.894
19.4,7.7,189,317,21,10.1,0.539
17.4,7.6,476,44,21.9,4.6,0.966
16.2,8.8,304,492,19.2,5.2,0.721
18.7,9.4,403,439,21.3,12.1,0.837
17.3,9.5,137,62,20,7.5,0.611
16.6,6.6,373,425,22.3,10,0.636
17.6,7.9,387,437,17.1,12.5,0.644
15.3,8,488,359,15.3,9.7,0.75
17.7,8.2,320,216,14.7,8.6,0.504
17,8.8,435,367,25.2,19.8,0.995
16.5,9.5,202,379,18.6,11.1,0.531
18.3,8.6,470,495,15.8,2.7,0.628
21.7,9.1,29,303,20.8,5.8,0.931
18.8,8.1,167,307,13.1,2.5,0.904
19.7,7.1,342,343,24.3,17.4,0.978
21.5,7.6,438,328,17,9.4,0.814
16.9,8.4,353,102,16.6,11.3,0.855
22.7,7,86,394,14.5,5.2,0.981
15.3,7,234,268,23.8,16.5,0.648
18.6,9,92,411,13.7,2.8,0.876
20.5,7.7,129,253,18.5,5.9,0.679
22.5,9,390,464,15.7,8,0.658
16.4,8.9,367,362,14.2,3.5,0.958
21.4,6.8,131,226,22.6,16.5,0.61
18.5,7.3,452,199,17.7,7.5,0.775
21.1,8.5,428,417,23,17.7,0.703
20.1,8.9,350,475,21.5,16.7,0.86
22.6,7.5,414,149,13.9,6.2,0.581
17.2,7.9,404,166,22.2,14.4,0.576
19.3,8.4,184,72,17.5,3.3,0.848
15.4,8.7,270,288,19.5,11.5,0.734
22.1,8.6,366,350,16.8,13.6,0.568
16.9,8.6,256,318,18.9,7.3,0.911
21,7.9,103,479,18.1,9.7,0.719
15.4,6.5,255,289,20.1,9.2,0.662
16.2,7.8,315,281,13.3,4.2,0.777
21.3,8.3,111,333,15.5,10.9,0.756
22,8.2,338,489,13.4,9,0.817
21.2,7,72,232,18.3,15,0.762
15.9,8.9,261,265,14,3.6,0.737
21.6,6.7,21,428,24.4,12.1,0.591
15.8,7.5,335,218,15.9,13.2,0.842
16.4,6.8,82,246,24,16.5,0.796
15.6,7.2,39,116,19.1,7,0.707
19.7,9.1,303,242,23.2,15.6,0.96
22,8.8,35,112,23.5,7,0.827
20,7.8,292,20,16.1,12.2,0.616
20.7,6.4,204,88,23.7,9.1,0.87
17.2,8,295,403,23,4.1,0.991
20.2,6.5,33,354,21.7,5.4,0.749
19,6.6,121,27,17.4,3.9,0.858
22.2,8.5,150,191,24.9,15.4,0.564
20.9,6.5,53,324,16.3,8.7,0.7
18.2,6.7,227,448,25,15.2,0.942
19.5,9.5,357,273,17.8,10,0.887
19.1,8,41,153,21,11.4,0.54
16.1,8.4,294,94,22.7,6.6,0.985
17.1,7.9,193,83,22.5,12.6,0.841
19.3,9.2,344,438,18.2,9.3,0.752
16.8,8,65,396,22.1,3.5,0.649
18.3,7.2,80,396,18.4,6.6,0.553
17.2,8.4,235,79,19.2,3.6,0.92
20.2,8.4,22,103,15.9,6.9,0.999
16.3,8.4,170,34,16.7,13.5,0.715
21.3,8.8,242,443,18.2,6.4,0.672
20.9,7.9,62,350,17.9,14.2,0.556
15.5,7.5,97,24,16,5.7,0.915
18.8,7.7,283,179,18.9,11.8,0.67
19.6,8.6,66,204,15.4,5.3,0.544
18.2,7.2,20,444,20.6,10.1,0.651
19.2,9.6,192,412,19,7.5,0.735
22.3,8.6,266,25,18.9,6.4,0.835
22.8,8.7,447,497,21.9,7.4,0.878
22.7,7.4,389,77,19,15,0.622
17.7,7.9,489,484,17.6,3.5,0.998
15.9,8.1,22,32,15.7,4.3,0.95
19.6,6.5,375,358,21.5,8.3,0.612
16.8,8.5,42,295,17,12.8,0.802
18.3,8.6,116,106,19.7,11.8,0.522
21.2,9.2,471,467,21.2,18.3,0.56
19.3,6.9,277,495,18.2,13.2,0.663
20.5,8.3,365,404,15.8,10.7,0.634
22.2,9.1,169,218,19.5,10.7,0.705
16.8,7.9,21,154,16.2,8.3,0.678
18,7.5,401,408,21.3,16.7,0.53
17.4,6.9,173,459,18.8,10.9,0.942
21.4,7.9,204,256,15.3,10.3,0.994
22.8,8.7,474,377,19.6,2.8,0.935
21.8,9.6,490,479,19.8,9.8,0.863
22,9.1,371,456,20,13.3,0.982
22.5,7.1,328,84,20.3,12.2,0.879
21.1,9.4,288,136,16.8,7.8,0.664
16.6,7.6,476,386,20.4,17.5,0.837
17,6.9,418,435,20.4,9.6,0.763
16.6,7.4,348,499,21.1,13.7,0.624
17.9,8.4,293,294,15.4,10.2,0.573
16.1,6.9,461,467,17.4,4.5,0.716
22,9.4,251,121,21.9,4.8,0.819
15.5,9,78,356,21.6,8.2,0.906
20.9,9.3,282,61,15.8,5.8,0.791
20,7.2,278,128,19.5,10.9,0.911
20.7,7.3,361,33,19.9,12.9,0.713
15.3,9,24,340,19.3,8.3,0.813
22.3,9.4,122,264,20.7,15.8,0.777
20,7.3,294,474,21.5,6.8,0.63
15.7,8.8,291,409,22.1,17,0.587
22.1,8.8,333,109,17.1,7.4,0.639
16.9,7,335,151,17.1,8.4,0.8
21.8,7.1,415,268,15.5,3,0.723
17.9,9.6,472,410,15.8,2.7,0.761
18.3,8.3,105,431,16.8,6.5,0.603
15.9,7.5,254,427,20.5,17.1,0.778
22.1,9.5,194,300,21.9,16.2,0.974
16.7,8,329,356,17.4,12.9,0.96
15.6,7.7,404,141,20.3,12.5,0.867
15.4,6.6,85,319,16.7,7.4,0.563
17.5,7.2,85,204,16.3,4.3,0.904
16.9,8.7,370,129,17.9,5.1,0.918
21.8,8.8,175,147,17.1,3.5,0.651
16.5,6.7,25,254,21.9,5.7,0.524
17.3,8,358,400,21.8,8.3,0.696
15.8,6.4,309,352,19.7,15.7,0.623
16.9,7.7,402,340,15.9,6,0.71
21.5,6.5,394,152,17.5,8.5,0.838
19.8,9.5,275,64,16.2,4.4,0.555
17.1,8.7,38,138,16.5,8.7,0.794
20.7,8.7,25,200,17.5,5,0.888
20,8.9,91,420,15.6,12.3,0.64
20.2,7.1,238,49,19.4,15.4,0.839
22.1,7.4,380,54,16.6,13.4,0.662
21.9,8.8,400,423,16.3,2.1,0.924
20.1,6.7,478,108,15.3,6.4,0.834
17.2,8.9,385,155,19.4,6.2,0.69
15.2,7.7,221,48,16.3,4.8,0.618
21.7,6.5,125,96,17.7,10.3,0.747
19.1,9.2,488,483,19,9.8,0.768
18.6,7.5,32,254,20.9,12.7,0.946
17.8,7.7,130,395,22.4,4.2,0.844
19.2,8.8,33,486,16.1,2.5,0.935
21.3,6.5,107,83,22.8,5.8,0.913
20.8,8.7,437,181,21.4,6.3,0.717
19.9,6.9,227,494,22,6.4,0.83
19.2,7.9,391,375,18.7,7.5,0.541
20.9,8.6,486,389,22,12.5,0.743
18.3,8.9,375,411,21.9,18.7,0.853
20.6,6.9,64,337,17.5,7.1,0.762
20.1,8.8,178,420,19.6,7.7,0.882
20.8,6.9,466,376,15.7,10.7,0.685
16,8.5,356,354,17.1,8.8,0.851
22,8.8,70,188,17.5,4.1,0.734
16,9.5,45,483,20.1,14.5,0.656
18,6.7,353,318,22.5,7.3,0.97
18.2,7.2,154,355,20.9,15.5,0.934
15.9,6.6,433,87,19.9,11.5,0.824
17.8,9.1,325,453,19.8,3.6,0.585
15.4,9.2,345,135,16.7,9.9,0.596
21.8,9.3,287,353,19.9,3,0.537
18,6.9,341,66,22.5,14.9,0.509
19,9,281,383,18.5,4.7,0.732
22.4,8.3,140,146,19.3,7.8,0.666
21,9,72,238,19.4,8.6,0.634
16.4,7.1,243,131,20,5.2,0.608
21,7.7,407,183,21.8,3.4,0.586
18.6,8.7,124,267,15.8,13.5,0.875
20.7,6.7,106,248,22,16.2,0.731
20.2,6.9,187,95,16.4,10.6,0.989
20.2,9,161,367,21,13.5,0.744
17.5,6.9,71,494,15.5,5.9,0.687
20.1,9,500,178,16.4,7.3,0.807
20.3,8.9,388,158,22.8,15.2,0.809
20.4,9.2,215,192,16.3,7.5,0.528
19.5,6.8,147,65,19.6,11.9,0.916
17.5,8.9,456,49,21.7,5,0.691
20.4,7.9,229,312,18.7,12.6,0.516
17.5,9.5,158,405,19.1,11.2,0.62
20.5,7.9,219,242,21.5,17.4,0.641
20.8,8.6,421,463,18.5,5.8,0.591
22.3,9,81,434,18.5,5.1,0.88
21.4,8.9,94,374,20.2,8.8,0.52
22.3,7.3,328,391,16,13.8,0.563
16.8,7.6,107,61,17.9,9.8,0.78
20.4,9.3,113,230,15.3,10.7,0.751
15.3,8.4,255,329,15.8,8.9,0.745
15.3,9.3,346,37,22.3,13.9,0.799
17.4,8.7,315,419,15.5,7.3,0.673
17.8,9.1,286,325,21.5,16.1,0.781
20.1,9.2,365,305,19.3,15.9,0.569
17.1,6.8,331,23,16.4,11.9,0.733
15.7,7.8,270,255,16.4,7,0.855
21.6,6.9,417,80,19.9,5,0.549
18.5,8.7,439,497,20.3,11,0.981
20.7,9.5,102,328,19.4,4.7,0.932
19.1,7.3,460,327,16.4,5.7,0.958
19,8.6,125,253,18.9,13,0.863
19.7,9.2,297,210,19.2,3,0.941
22.5,9.3,138,347,20.5,12,0.846
19,7.1,106,203,15.9,10,0.992
22.4,6.8,310,90,18.2,13.2,0.75
22.6,8,141,276,21.1,8.4,0.866
19.1,9.2,490,351,20.8,9.3,0.873
22.3,9.2,315,74,17,5.8,0.654
16,8.2,453,278,16.1,6.5,0.703
19.7,7,408,245,20.7,15,0.583
15.7,8.2,186,151,21.9,7.4,0.506
22.3,7.2,282,240,15.8,2.4,0.688
22,8,37,303,20.7,6.6,0.979
18.1,9.2,206,292,21,9.5,0.604
19.1,9.3,279,22,22.6,19.1,0.551
21.1,7.7,343,332,15.7,7.2,0.742
20.4,8.8,326,120,17.4,12.2,0.94
15.8,8.4,451,398,19.7,11.1,0.858
20.1,8.7,216,93,21,17.6,0.813
22.2,6.6,48,237,17.9,11.8,0.522
21.1,7.6,137,451,17.8,12.2,0.575
22.4,6.6,158,120,22.1,10.3,0.749
16.7,7.2,280,117,18.9,15.9,0.756
18.7,8.7,233,494,19.3,4,0.807
17.3,7.2,486,323,19.8,4.9,0.701
19.4,8.1,134,464,18,3.8,0.949
17.9,7.4,55,366,20.8,8.5,0.8
16.4,8.4,318,322,15.3,7.6,0.514
18.8,9,112,71,18.4,9.2,0.503
17.3,6.9,251,357,16.7,8,0.861
21.1,8,109,424,21.4,18.1,0.828
17.1,7.9,424,318,20.6,12.2,0.9
22.6,7.1,243,375,22.7,5.5,0.792
16,6.9,415,399,20,3.5,0.882
22.3,7.5,164,218,16.1,8.5,0.938
18.6,8.5,362,463,17.8,5.3,0.905
21.1,9.5,283,112,19.5,5.2,0.86
16.6,7.2,455,284,22.6,13.3,0.574
16.3,9.3,26,274,18.1,15.3,0.962
17.2,6.7,449,97,18.4,12.1,0.9
19.6,7.9,57,27,15.2,5.8,0.736
17,7.3,23,38,20.2,6.7,0.502
22.8,6.7,350,473,20.8,12.9,0.692
19.5,8.9,51,41,21.6,14.9,0.909
15.9,7.8,298,47,15.9,4.4,0.657
22.7,7,335,460,22.3,12.8,0.734
15.6,6.6,136,37,20.3,7.3,0.768
18.7,8.7,156,76,15.8,2.2,0.508
20.6,8,384,114,20,9.1,0.711
22.5,7.7,311,212,15.7,4.9,0.502
19.7,8.9,395,229,19.3,12.2,0.653
21.6,8.8,157,187,16.2,9.4,0.972
17.4,8.2,324,370,20.5,14.5,0.914
20.2,6.6,79,348,21.2,16.9,0.844
17.8,9.2,46,27,18.6,14.6,0.939
19.1,6.9,289,53,20,5.8,0.668
17.3,8,105,207,20.3,7.6,0.699
18.8,8.8,129,21,19.1,9.9,0.697
19.3,7.8,491,98,21.2,8.6,0.853
19.7,6.9,317,288,19.8,6.1,0.77
20.1,7.8,368,87,16.8,12.2,0.594
18.4,8.4,248,193,16.9,11.2,0.909
15.7,8.7,313,421,20.1,3.9,0.727
21.7,7.5,324,432,17,14.2,0.718
16.4,7.9,429,39,17.6,6.6,0.892
20.5,8.5,387,325,16.7,3.5,0.545
15.7,8.5,484,493,19,4.4,0.735
15.3,7.1,86,487,21.5,10,0.869
18.6,7.7,499,309,16.2,9.7,0.789
21.6,6.4,443,343,18.9,3.6,0.648
21.7,8.8,381,499,16.9,14.4,0.93
17.7,7.3,196,135,22.8,5.9,0.693
16.7,6.7,479,487,20.4,10.2,0.612
15.5,7.2,288,219,16.4,4.9,0.67
16.7,8.4,385,117,16.5,6.2,0.931
20.1,7.5,113,46,19.1,3.9,0.749
19.6,7.5,286,261,21.5,13.6,0.523
17,8.7,168,76,17.2,10.4,0.669
19.5,8.9,174,34,21.2,9.5,0.566
21.5,9.1,285,175,18.3,8.5,0.899
20.8,7.3,160,452,15.9,10.1,0.972
20.6,9.1,149,481,16.2,12.3,0.68
21.9,7.7,352,426,20.4,3.9,0.88
18.1,7.5,140,162,18.8,12,0.951
21.1,9.4,481,450,22.6,8.8,0.724
16.3,7.5,333,240,21.6,3.1,0.958
18.7,6.8,394,404,21,10.3,0.921
21.7,7.1,119,255,19.2,15.3,0.564
17.5,7.2,185,349,18.3,6,0.772
18.9,9,29,116,18,3.6,0.825
16.3,6.8,73,200,20.1,13.3,0.536
18.1,7.4,346,131,16.7,4.4,0.647
17.5,9.6,462,461,21.5,16.4,0.838
17.3,7.6,258,349,22.6,11.1,0.553
20.5,7.3,357,202,17.5,8.8,0.572
18.4,8.5,112,174,21.8,15.5,0.963
16.6,7.5,431,377,15.4,10.7,0.547
18,8.3,115,414,21.7,13.8,0.831
16.2,9.2,60,123,18.5,10.7,0.541
20.1,7.8,87,372,17.3,6.3,0.548
21.6,7.8,252,327,20.8,14,0.627
19.3,7.9,90,320,16.6,10.1,0.922
18.5,7.8,497,489,22.1,12.2,0.978
20.6,7.6,441,29,22.7,15.3,0.948
16.5,9.5,426,59,21.2,10.9,0.66
20.9,8.2,164,178,22.6,7.9,0.705
21.6,7.6,145,307,16.4,4.1,0.652
19.9,9.3,253,118,15.5,9.8,0.535
15.3,7.4,98,190,17.9,12.3,0.552
17.6,9,227,70,21.8,12.3,0.962
19.9,8.9,396,481,20.6,14.5,0.974
18.9,8.2,371,271,20.8,7.2,0.943
18.7,7.4,54,392,19.6,12.3,0.671
21.1,7.4,48,489,20.3,9.7,0.932
20.5,6.6,150,248,16.8,9.1,0.526
22.6,6.6,82,149,19.7,16.4,0.846
16.7,7.3,343,82,19.4,14.4,0.673
16.1,9.1,63,492,22.6,12.5,0.595
22.6,9.4,463,211,19.3,16.2,0.636
20.9,9.1,327,282,19.1,15.5,0.908
22.4,7.2,309,421,21.1,16.1,0.549
18.6,7.9,250,128,15.3,3.5,0.684
20.8,6.6,427,451,20.3,5,0.938
22.4,9.3,423,307,19.5,12.8,0.597
16.3,7.5,485,142,18.4,9.3,0.926
21.4,8.2,72,22,21.8,13.5,0.551
22,8.8,201,362,16.3,9.2,0.683
20,8.3,443,127,15.9,12.9,0.995
22.1,8.3,95,122,18.6,3.2,0.51
21.4,8.3,492,241,21.5,3.2,0.891
21,7.2,30,329,20.1,5.5,0.815
17.5,9.4,92,45,15.6,8.1,0.742
18.9,8.6,62,314,17,4.6,0.903
15.8,7.2,242,290,15.2,9.1,0.782
22.7,6.5,78,155,22.1,7.2,0.649
19.5,6.4,452,430,16.5,5.1,0.818
19.7,7.8,236,445,16,11.4,0.855
19.9,8.4,334,107,21.6,4.8,0.521
20.3,8.9,89,216,22.7,12.2,0.595
21.3,9.5,69,52,15.8,13.3,0.552
18.3,7,445,155,20.4,9.4,0.506
15.4,8.4,404,458,16.6,4.5,0.697
20.8,8.3,232,269,15.5,8.4,0.788
19.9,6.4,340,309,15.4,5,0.767
22.7,8.9,307,311,18.8,16.2,0.648
18.8,7.6,44,473,17.2,14.6,0.723
17.8,6.6,45,427,16.5,6.7,0.687
20.3,9.3,363,455,20.6,14,0.99
15.9,9.6,456,346,21.9,4.5,0.538
20.7,8.1,323,219,21.3,6,0.788
22.7,9.3,210,35,18.2,12.7,0.757
18,8.6,151,133,17,3.6,0.89
16.4,8.4,270,51,16.6,12.5,0.806
18.3,8.2,65,227,19.5,12.6,0.667
21.7,8.8,274,232,18.2,10.8,0.627
19,9.3,498,229,17.9,12.5,0.661
20.2,9,216,67,18.1,6.8,0.965
22.6,6.6,316,160,19.7,13.1,0.835
21.7,6.6,322,91,21.7,9.5,0.739
17.2,6.7,202,84,18.3,4.4,0.504
17.4,7.1,237,35,17.1,3.2,0.759
16.6,8,239,140,17.7,4,0.968
15.5,6.5,276,479,17.4,14.3,0.868
21.5,8.8,411,65,21.6,14.6,0.793
17.1,6.6,223,211,21.6,5,0.864
17.1,7.7,205,208,18.8,15.6,0.834
17.5,8.6,142,209,20,14,0.896
21.3,7.2,481,417,16.4,12.8,0.674
18.1,8.5,57,330,21.8,3.9,0.603
15.9,8.3,339,443,21,5,0.631
15.4,8.4,24,217,16.6,9.5,0.751
18.1,8.4,35,90,19.8,10.6,0.538
16.5,8.4,379,234,16.3,13.2,0.881
21.8,8.6,27,433,21.3,10,0.624
17.1,8.1,171,390,21.4,8.9,0.663
17.7,6.6,203,44,19.4,3.5,0.759
17.1,8.2,490,260,21.8,10.2,0.939
22.1,6.8,368,124,18.9,4.5,0.887
16.2,9,190,71,16.1,2.2,0.927
21.3,6.4,137,240,22.2,10.8,0.857
16.1,6.9,495,245,16.4,8,0.91
20.4,7.9,131,417,16.2,2.6,0.534
18.7,6.5,38,257,21.4,12.3,0.944
20.4,7.2,463,265,18,5.6,0.955
19.1,6.6,379,179,21.3,13.4,0.576
20.4,7.6,265,333,19.1,14.9,0.769
22.6,8.5,139,330,18.8,14.6,0.871
21.1,8.7,88,441,18,5.7,0.922
16.4,8.1,384,331,17,12.5,0.833
17.6,8.5,313,244,20.4,3.8,0.769
15.6,6.9,155,49,21.5,10.7,0.704
18.6,8.5,40,442,19.9,14.5,0.801
20.3,7.8,111,288,21.7,3.6,0.942
17.4,8.1,313,258,16.6,4.8,0.872
22.7,7.4,398,75,20.9,4.9,0.511
17.7,7.1,377,428,16.9,4.3,0.547
21.7,6.8,75,246,18.3,9.2,0.501
18.3,7.3,375,126,17.7,15.3,0.805
22.6,8.3,395,438,17,7.1,0.895
22.7,7.6,469,279,15.3,7.5,0.852
18.4,8.3,435,160,17.3,8.8,0.616
17.9,9.4,114,92,18.6,15.1,0.894
16.8,8.9,427,496,15.6,12.8,0.588
15.5,9.4,387,56,20.4,17.6,0.609
16.3,6.9,94,322,22.5,9.2,0.802
17.1,8.6,338,193,15.7,11.2,0.621
17.2,7,182,499,19.9,9.8,0.783
16.4,9.4,428,344,19.5,12.5,0.897
16.5,8.2,410,188,17.4,8.4,0.526
15.5,7.2,480,27,18.1,7.9,0.613
21.7,7.1,212,63,17.4,14.4,0.681
17.6,7,52,163,17.3,4.4,0.62
19,8.1,203,295,16.1,7.9,0.859
18.5,9.2,44,353,17.5,13,0.814
21.6,8.3,92,81,20.7,7.8,0.593
22,8,408,163,15.9,2.9,0.779
18,6.4,305,26,22.3,2.9,0.722
18.4,6.5,96,371,22,13.5,0.862
19.8,7.4,393,145,21.3,12.5,0.971
16.5,9.4,405,213,17.1,6.9,0.789
19.4,8.6,170,269,21.9,10,0.679
16.1,6.7,190,182,20.5,2.8,0.778
22.1,7.7,398,386,16.9,13,0.519
15.7,7.8,208,465,17.6,6.5,0.615
22.1,8.4,465,214,22.7,12.9,0.785
16.7,7.4,152,67,19.2,3.8,0.76
15.6,8.5,55,457,17,12.7,0.965
18.1,7.1,143,274,20.6,3.4,0.611
15.8,7.2,135,81,17.8,3.9,0.924
21.8,9.5,155,168,18.4,13.2,0.527
18.2,9.4,418,304,21.7,15,0.884
16.1,7.7,195,137,21.7,11.4,0.849
21.6,7.2,442,471,20.7,11.1,0.708
20,8.1,293,96,22.5,16.4,0.803
19.4,7.4,191,297,16,8.2,0.719
15.6,7.6,304,109,17.2,14.6,0.645
17.2,6.9,288,260,20.1,15.1,0.881
17.3,7.3,59,173,15.3,6.6,0.903
17,9.2,225,116,17.9,9.5,0.978
21.6,7.1,470,246,17.8,11.4,0.578
17.7,8.3,360,208,21.9,5.7,0.693
21.9,6.5,326,283,17.6,13.4,0.678
16.2,9.5,305,214,21.1,10.7,0.821
17.9,7.2,67,363,16.6,3.1,0.518
21.4,7.2,489,436,16,3.2,0.947
20.9,8.6,69,313,19.2,13.1,0.792
17.4,8.3,260,337,18.9,12.7,0.912
20.3,8.4,84,208,17.8,2.8,0.836
22.2,7.8,481,372,19.9,14,0.524
15.4,6.8,177,424,20.9,13.4,0.774
15.3,9.4,148,455,17.7,5.3,0.911
18,9.3,226,89,18.5,8,0.775
19.6,8.8,233,201,17.6,11.3,0.971
21.7,6.5,60,498,18.7,2.5,0.776
21.8,7,214,40,17.5,5.4,0.698
16.2,8.1,297,68,22.6,13.5,0.625
21.2,8.9,104,42,19,4.4,0.605
21.8,7.4,49,381,17.5,5.2,0.531
18.7,7.2,171,142,20.6,12.2,0.628
17.6,8.9,177,347,21.4,7.9,0.61
20,7.3,285,440,21.3,12.2,0.677
22.6,8.1,358,397,20.1,11.5,0.893
18.5,8.9,311,364,17.5,13.9,0.587
17.6,7.5,379,20,20.7,7.2,0.692
20.2,6.6,340,285,19.7,6.6,0.583
22.5,7.2,60,145,15.6,2.1,0.837
15.3,7.5,499,206,17.1,3.8,0.604
17.7,8.2,67,250,16.1,6.3,0.985
22.5,9.2,357,125,21.7,12,0.973
18.7,7.8,383,197,22.7,7.6,0.682
20,7.8,162,284,19.9,6.2,0.57
19,7.7,176,258,22.7,18.3,0.619
18.8,7.7,350,71,16.5,10.2,0.899
15.5,6.7,458,32,21.9,11.5,0.907
22.5,9.5,467,77,18.1,14.6,0.558
17.2,8.5,117,384,22.3,10,0.528
17.4,7.3,249,55,19,9.4,0.579
20.8,7.6,200,384,20,4.1,0.608
15.4,9.2,338,108,17.4,2.5,0.683
18,7.4,366,317,20,17.1,0.873
21.6,8,224,365,21.2,4.9,0.988
21.3,7.6,399,332,20.5,7.2,0.923
19.1,8.7,126,79,17.6,7.4,0.565
22.1,7.4,179,291,19.4,14.3,0.671
15.8,6.7,494,228,19.5,3.5,0.929
17.6,7.1,316,135,18,12.5,0.518
20.3,9.2,454,307,17.8,2.9,0.546
17.8,9.5,237,490,17.7,2.5,0.728
21,7.8,408,446,15.9,8.2,0.952
20.3,8.4,194,236,22.6,13.6,0.516
20.4,8.1,284,464,20.6,16,0.508
18.9,6.7,341,80,21.1,9.6,0.591
20.3,7.5,36,159,15.5,7,0.514
20,6.6,339,475,18.4,7.7,0.716
20.8,7.4,144,361,17.6,5.4,0.913
20.3,8.2,270,490,16,8,0.576
20.7,7.2,213,287,15.7,13,0.926
19.2,9.1,257,175,16.6,13.9,0.511
19.2,7,126,409,20.4,17.1,0.921
19.3,8.6,240,448,16.2,2.8,0.993
17.9,8.1,310,104,15.6,8.8,0.877
16.2,6.8,264,362,22.1,12.5,0.947
17.1,7.9,367,225,18.4,3.1,0.762
16,7.9,380,482,22.6,11.8,0.585
15.3,8.1,185,127,15.5,6.3,0.799
19.6,8.7,454,314,21.5,17.8,0.719
18.4,8,179,359,18.5,8.8,0.509
17.6,7.5,51,281,17.7,9,0.831
16.5,9.6,165,45,17.6,11.4,0.61
20.1,9.1,215,310,18,6.7,0.638
18.9,8,298,249,20.8,9.5,0.65
22.5,7.1,447,238,19.6,5.6,0.581
16.9,8.6,206,435,18.8,10.8,0.946
17,9.1,123,368,18.6,12.5,0.53
15.7,6.4,300,60,18.7,15.7,0.656
19.3,9.2,228,416,21,17,0.707
19.3,9.5,89,365,18.3,7.9,0.914
20.8,6.8,320,335,19.1,4.7,0.711
18,8.3,389,320,16.5,9.1,0.919
17,9.3,183,100,15.6,9.7,0.633
18.3,6.5,121,26,22.4,17.7,0.961
16.3,9.2,146,66,16.4,7.2,0.667
20.6,7.3,302,338,19.3,10.1,0.983
15.4,8.6,482,275,19.5,12.5,0.689
22.1,7.8,49,214,19.4,6.4,0.642
16.3,7.1,394,414,17.2,5.1,0.73
21.6,6.5,469,477,18,8.6,0.887
20.3,7.2,496,293,21.3,17.5,0.756
19,8.9,360,257,22.3,7.9,0.915
16.4,9,448,271,16.6,6.8,0.761
15.6,6.7,189,385,15.3,7.8,0.845
16.8,7.6,176,197,21.6,15.3,0.934
20.6,6.7,241,122,15.4,10.5,0.626
17.9,6.8,390,342,19,13.3,0.5
17.8,8,26,215,22.8,19,0.826
17.6,8.8,74,36,16.9,3.7,0.725
20.4,6.6,308,233,16.2,11.4,0.589
20.2,8.4,417,449,15.8,13.6,0.977
18.7,7.6,61,459,21.8,3.2,0.953
18.2,8,445,58,22.4,16.6,0.784
15.3,6.4,191,379,19.8,16.7,0.907
17.3,8.4,245,100,17.1,7.2,0.611
17.9,8.5,363,473,19,10.2,0.885
16.1,8.8,118,114,20.5,8.6,0.542
21.7,6.7,33,416,21.9,17.1,0.85
18.5,7.1,151,395,21.1,11.8,0.968
16.7,7.5,195,482,21.4,6,0.617
21.2,6.9,436,267,20.9,13.2,0.933
17.3,7,168,383,15.7,9.8,0.848
16.2,6.7,80,308,18.9,3.7,0.995
17.8,6.5,337,221,19.7,4.3,0.791
18.3,8.1,332,317,18,4.9,0.79
22.1,8.2,354,352,16.1,3.8,0.954
15.8,9,458,299,20,2.7,0.916
19.2,7,433,191,16.2,7.3,0.548
22.5,9,99,428,19.4,11,0.886
20.5,9.5,473,252,20.9,8.7,0.726
17.2,8.5,262,392,19,15.1,0.664
18.2,8.9,254,90,20.1,5.6,0.954
22.2,7.6,114,62,18.6,10,0.654
19.5,9.5,68,355,21,12.4,0.544
19.4,8.1,257,334,21.1,17.1,0.765
18.8,6.4,455,168,16.3,10.6,0.869
15.4,8.5,439,157,18.2,9.5,0.957
18.6,6.6,330,196,18.1,14.9,0.66
19.5,8.1,76,33,19.1,14.9,0.577
18.6,9.6,65,158,15.4,12.6,0.621
22,8.5,117,102,20.8,15.3,0.545
19.9,7.8,431,101,18.3,2.8,0.748
19.8,7.7,279,378,22.6,5.9,0.884
21.2,8.3,83,378,21,15.1,0.607
20.2,7.1,421,237,20.2,2.8,0.74
16.8,7,461,172,20.6,6.8,0.819
18.2,9.2,141,265,20.5,6.1,0.856
19.6,6.5,111,254,18.6,12.6,0.629
15.2,9.3,53,462,22.4,5.3,0.823
20,8.2,119,54,22.5,19.5,0.951
17.4,7,412,300,17.6,5.2,0.747
18.2,8.6,124,419,21.2,4.7,0.645
20.8,9.1,83,282,22.3,19.2,0.596
15.7,7.8,252,113,17.4,5.2,0.977
20.6,8.9,132,111,18,7.7,0.857
16.1,6.4,43,171,18.5,15.1,0.817
21.3,7.7,128,247,22.7,8.2,0.871
16.2,6.6,271,469,21.7,17,0.676
20.6,9.4,88,468,22.4,8.9,0.82
18.2,7,102,439,22.2,17.8,0.659
18.4,8.2,229,367,16.2,7,0.847
16.9,8.6,321,262,21.7,16.7,0.743
16.6,7.6,232,477,16.2,8.9,0.963
18.4,9.1,359,370,15.9,6.8,0.906
19,9.5,296,478,20.1,6.2,0.643
21.7,9.3,202,345,20.2,15.2,0.733
21.1,9,411,146,17.6,4.7,0.564
16.3,7.5,311,363,18.7,12.9,0.74
15.8,7.4,365,231,19.2,9.3,0.879
19.2,7.4,68,393,19.3,3.3,0.577
21.6,9,95,236,20.8,12.5,0.94
19.8,6.5,262,476,16.4,3.7,0.517
18.8,7.7,492,259,16.9,9.2,0.737
21,7.1,101,411,18.9,10,0.637
17.6,9.4,99,29,21.1,9.8,0.87
19.7,8.4,158,84,19.9,7.9,0.798
21.5,9.1,188,418,16.1,14,0.682
17.9,9.5,416,57,16.8,13.1,0.898
16.9,6.6,47,315,20.2,9.6,0.888
20.7,9,145,299,16.1,4.7,0.662
19.9,6.6,486,205,17.2,5.7,0.797
22.2,8,175,184,19.5,3.3,0.586
16,8.9,104,45,15.4,6.1,0.787
19.7,8.2,129,220,20.6,13.8,0.666
19.6,6.7,133,109,21.1,7,0.69
17.4,6.6,180,380,22.2,7.9,0.722
16.7,7,64,333,22.2,11.3,0.584
22.4,7,419,112,18.1,15.7,0.96
15.7,6.6,475,162,16,6,0.772
18.1,9.1,337,316,20.1,3.1,0.917
15.9,6.7,440,265,19.7,8.7,0.571
17.7,7.6,334,276,17.4,6.3,0.599
17.2,7.6,234,174,18,11,0.957
20.5,8.5,127,289,15.8,11,0.822
20.7,7.8,428,227,15.7,8.7,0.98
19.7,8.1,223,423,18.9,11.8,0.98
20.8,9.1,205,456,19,8,0.703
22,7.3,362,148,15.9,8.6,0.812
15.5,8.6,211,61,22.7,9.2,0.917
20.5,7,222,223,22.3,3.7,0.641
16.3,8.5,495,166,20.2,17.5,0.652
16.1,6.5,390,187,20.3,15.9,0.589
20.4,7,370,345,15.3,13.2,0.588
18.2,8.5,147,385,19.9,16.4,0.571
17,9.2,430,21,17.9,6.1,0.628
18.8,8.3,173,139,19.8,11.6,0.689
21.2,7.9,345,156,19.8,14.4,0.637
19.8,9.4,351,217,20.2,14,0.618
18.7,6.5,376,407,22.2,17.5,0.969
17.9,6.6,448,107,18.3,4.8,0.776
15.8,6.5,312,251,17.7,4.4,0.805
21,7.8,201,272,16.6,12.3,0.695
21.7,9.4,103,496,16.3,13.1,0.698
18.4,9.1,261,224,16.1,2.9,0.99
15.7,8.1,446,277,21.7,10.4,0.829
15.7,7.1,382,319,18.6,12.4,0.568
21.2,7.9,36,454,22.4,14.2,0.635
20,9.6,142,371,16.8,10.5,0.892
17.1,7.7,317,480,19.6,10.1,0.836
19,8,497,388,18.3,10.9,0.861
21.9,7.1,165,132,21.7,9.7,0.996
16,9.2,465,207,21.1,11.7,0.864
15.3,8,420,44,15.4,4.2,0.732
19.6,7.9,488,174,22,5.4,0.644
20.8,9.1,40,74,20.9,11.5,0.619
16.2,9.5,338,25,17.8,2.5,0.602
15.4,7.7,273,119,15.2,4.4,0.927
22.8,8.3,292,202,19.7,13.1,0.994
21.2,9.3,39,317,17.2,13.8,0.738
19.4,7.1,435,292,22.4,16.9,0.852
16,9.4,71,287,16.6,9.3,0.748
21.4,9.3,328,37,15.6,4.4,0.898
19.5,7.6,187,331,19.3,7,0.758
19.9,9,272,356,18.1,9.1,0.961
15.6,8.1,498,348,19.3,11.2,0.655
21,9.4,79,437,21.8,7.1,0.6
21.9,6.8,476,500,21,7,0.941
18.1,8.3,251,196,18.8,14.2,0.677
18.6,7.5,160,306,22.1,15.7,0.599
21.2,9.4,342,150,21.4,6.5,0.795
15.5,8.2,346,495,17.4,3.6,0.702
21.7,8.8,392,285,16.2,2.3,0.504
21.9,6.7,116,324,22.5,15.2,0.981
16.4,7.3,74,476,18.7,4.3,0.724
17.9,8.1,295,194,15.6,5.9,0.949
19.5,8.4,483,69,15.7,11.2,0.575
21.3,6.8,373,185,16.1,10.9,0.643
22.2,6.7,84,485,18.2,5.5,0.976
17.4,6.6,41,446,21.5,10.1,0.891
17.7,9.6,374,198,17.7,9.2,0.72
21,6.6,109,73,16.4,14,0.979
19.6,7.4,485,39,22,9.2,0.948
19.4,6.8,478,480,22.4,12.6,0.781
22.3,7,377,150,22.4,4.1,0.55
17,9.2,446,281,15.6,13.5,0.539
22.4,9.2,299,440,17.1,10.2,0.804
21.9,8.5,302,350,20.7,16.6,0.842
22.1,8.1,372,369,19.2,16.3,0.745
20.9,6.7,482,430,18.6,10.3,0.721
20.9,7.7,29,144,18.2,6.4,0.883
16,8.7,147,222,15.9,12.1,0.986
19.6,7.3,152,234,19.4,15.7,0.688
18.7,8.1,418,452,18.5,9.5,0.967
22.4,7.8,213,194,22.7,16.5,0.81
18.4,6.5,230,407,21.4,18.6,0.937
16.7,8.3,322,267,17.8,5.6,0.64
17.3,8.5,47,328,16.4,3.2,0.633
21.1,8.3,262,252,21.2,9.4,0.865
18.1,9.6,440,68,16.5,3,0.567
22.1,7.9,249,52,20.6,7.3,0.794
22.3,9.5,196,373,16.8,10.2,0.764
22.6,9,81,381,21.4,13.2,0.814
16.8,9.1,198,457,16.5,12.5,0.622
19.4,6.7,199,103,20.7,10,0.505
21.6,7.9,98,374,20.7,3.1,0.582
22.3,6.8,56,394,22.2,5.4,0.534
22.6,8.9,238,437,21.2,13.9,0.561
18.5,8.3,478,429,15.6,8.5,0.945
22.4,7.7,342,389,21.3,11.5,0.976
22.5,9.1,77,279,20,11.1,0.912
21.5,8.1,77,30,19.6,6.6,0.876
19.1,8.3,200,115,20.5,5.4,0.944
20,8,50,248,15.4,5.6,0.872
17.1,8,281,212,19.2,11.9,0.908
18.1,6.8,372,403,21.1,7.8,0.843
15.5,6.4,29,62,21.9,7.1,0.513
20.3,8.2,284,98,19.3,7.6,0.702
19.7,9.5,397,158,22.3,7.1,0.931
17.7,8.2,149,190,17.1,12,0.635
21.5,9.2,93,213,20.2,4.2,0.694
16.5,7.8,226,289,20.9,8.5,0.856
20.4,8.8,431,119,16.5,10,0.84
20.2,9.1,378,87,21.5,7.3,0.626
18.9,8.5,487,198,22.5,15.6,0.617
18.9,8.6,464,82,21.6,8.4,0.566
17.5,8.5,493,161,19.9,10.6,0.862
17.8,8.2,221,291,15.8,2.4,0.706
15.6,7.2,421,286,19.1,3.3,0.868
20.7,7,96,55,18.4,8.2,0.77
16.9,7.9,215,357,15.4,3.3,0.841
16.5,8.4,471,243,18.6,3.6,0.923
18.5,9.2,320,139,20.3,3.9,0.65
19.7,6.8,291,137,18.4,6.6,0.582
17.2,8.3,52,165,21.4,18.5,0.569
19.6,9,467,29,20,2.9,0.956
17.7,7.9,234,372,20.9,4.2,0.929
19.3,8.9,56,47,17.2,12.6,0.829
18.2,7.5,160,275,19.1,15.6,0.945
15.6,8,393,362,20.1,15.6,0.712
19.4,8.2,398,78,22.2,12.1,0.798
19.2,8.8,438,384,21.6,15.8,0.773
22.2,8.2,247,199,17.6,11.3,0.975
19,7.7,330,343,18.7,3.6,0.625
16.5,8.2,360,105,15.3,4.9,0.817
20.6,7.9,242,297,19.5,15.8,0.598
21.5,8.6,207,405,17,11.1,0.554
20.8,7.9,107,98,16.9,12,0.877
21.4,7,301,251,17.7,12.9,0.764
19.8,8.6,173,311,21.2,3.5,0.555
21.8,7.8,76,400,17.2,3.8,0.989
17.3,8.7,172,296,22.3,17.1,0.811
19.3,9.3,303,177,16.8,5.9,0.883
17.2,7,88,322,21,10.1,0.967
20,8.8,239,456,15.5,3.9,0.878
21.5,6.9,143,263,22.2,5.6,0.7
17.5,7.9,358,488,21.3,8.3,0.746
19,8.8,451,276,18,6.7,0.593
18,9,91,73,22.8,15.6,0.659
15.6,9.1,361,60,16.7,12.8,0.986
15.9,7.2,354,277,15.2,5.4,0.532
19.4,7.3,308,485,16.9,5.7,0.812
22.3,7.8,326,32,17.8,11.6,0.771
18.5,7.4,433,85,18.8,9,0.579
18.6,6.9,153,85,16.4,8.2,0.665
21.2,7.9,217,270,20.4,8.1,0.757
16.9,6.5,204,91,17.3,10.6,0.801
18.6,6.8,331,420,17,12.9,0.715
19.5,7.1,54,148,20.2,17.1,0.669
18.3,9.1,437,475,16.9,2.7,0.73
18.2,8.2,348,436,16,12.8,0.696
20.6,7.7,369,203,20.2,7,0.875
22.7,7.3,131,134,16.6,12.7,0.767
18.5,7.8,246,149,21.4,8.8,0.515
19.9,8.8,304,204,22.8,9.7,0.943
15.5,9.3,182,99,16.7,3.3,0.919
16.9,9.4,318,134,22.7,4.7,0.706
20.6,9,460,119,15.6,4.2,0.779
21.3,6.6,356,199,22.6,11.2,0.607
20.4,7,136,344,22.1,7.9,0.851
15.5,7.4,459,310,18,4.5,0.717
17.3,8.2,110,235,18.4,2.7,0.84
20.5,7.1,422,172,18.6,7.2,0.513
19,9.4,246,297,17.3,3.2,0.893
18,8.7,143,325,18.5,11.1,0.966
19.4,7.4,441,166,20.9,15.1,0.964
20.5,7.6,472,250,19.6,6.3,0.675
17.2,8.6,277,471,20.8,3.3,0.752
15.5,7.2,163,447,16.2,10.7,0.78
21.4,7.8,222,231,17.8,4.5,0.685
20.1,6.9,336,462,22.1,15.2,0.997
19.3,7.8,197,224,22.5,4.8,0.729
16.9,8.6,452,321,22.5,11.9,0.507
16.3,7.4,162,326,19,12.3,0.616
16.6,8.7,21,40,21.3,17.9,0.679
16.7,6.5,301,302,22.5,9.9,0.984
15.6,9.2,214,169,17.3,2.8,0.572
19.1,9.3,220,221,22,3.4,0.937
17.6,9.1,42,401,16.7,9.8,0.644
16.5,9.3,319,97,17.1,4.9,0.754
18.2,7.4,133,399,16.5,3.5,0.58
19.4,9,109,182,21.6,5.8,0.896
21.5,8.4,349,380,15.5,4.5,0.613
19.6,8.7,30,43,19.1,10.5,0.91
15.2,9,31,23,15.2,7.4,0.615
21.8,8.3,306,402,17.3,5.6,0.832
18,8.6,70,78,19.3,12.9,0.826
18.1,7.1,400,205,22,7.1,0.766
17.8,7.3,442,394,18.7,5.3,0.843
21.4,7.6,174,167,21.1,14.4,0.59
19.3,8.3,458,101,16.8,10.9,0.714
19,9.3,261,170,20.6,3.2,0.515
21.5,6.4,267,130,20.8,8.3,0.991
19.7,7.6,185,448,19.7,14,0.543
21.4,8.4,347,86,17.8,13.6,0.537
20.6,9,438,388,18.1,7,0.729
15.4,9.3,475,263,22.6,19.1,0.89
16.5,7.5,254,305,18.3,12.9,0.81
18.6,8.8,302,430,15.7,13.4,0.966
21.9,6.7,319,239,16.8,11.7,0.842
20.9,8,477,450,15.4,5.9,0.973
17,9.5,450,70,22.2,17.7,0.858
20.1,7.8,59,382,19.6,8.7,0.646
21.5,7.3,159,94,17.2,7.1,0.889
22.4,7.3,293,133,22.1,10.1,0.623
16.2,6.8,132,247,21.8,6.5,0.975
20.4,9.4,314,491,17.5,13.3,0.845
19.2,7.3,493,342,19.1,12.3,0.82
16.9,7.5,469,56,17.3,10.9,0.828
20.5,9,484,401,16,9.7,0.594
15.9,6.4,474,95,17.8,9.5,0.901
21.2,6.8,424,461,18.7,14.1,0.739
16.6,8.3,156,187,17.1,5.2,0.859
17.1,9.3,180,262,17.3,6.7,0.849
15.8,6.8,323,338,19.4,9.8,0.573
19.3,9.6,136,448,17,10.3,0.592
16.6,7.7,315,40,22,12.2,0.542
17.9,9.1,72,161,22.4,9.8,0.746
22.7,8.9,409,215,17.3,14.4,0.695
18.3,7.8,61,327,20,3.5,0.505
22.2,7.6,58,28,18.8,3.3,0.632
15.7,6.4,219,57,16.9,12.4,0.629
22,6.4,406,64,22.2,16,0.63
16.3,7.6,321,379,22,4.7,0.936
17.7,7.6,432,478,19,2.5,0.708
15.7,8.9,66,143,20.4,2.8,0.991
18.4,9.5,259,298,18.5,4.2,0.827
15.7,9.1,145,138,20.7,9.1,0.796
21,8.1,101,465,15.6,9.5,0.559
18.8,6.5,211,460,22.5,17.6,0.738
15.8,9.2,75,429,22.2,14.4,0.632
15.3,8,499,391,21.2,9.7,0.959
21.2,9.4,163,179,20.1,7.2,0.95
18.8,6.8,189,183,21.6,8.1,0.773
19.6,7.7,123,244,22.4,14.8,0.529
15.2,6.9,250,176,17.8,13.4,0.771
19.3,7,266,340,21,4.2,0.655
16.1,7.1,400,176,18.7,8.9,0.512
22.3,8.8,382,378,22,18.9,0.865
16.4,8.7,332,201,15.3,4.3,0.642
18.9,9.4,197,417,15.8,3.4,0.543
20.2,7.6,183,360,20.2,7,0.809
22.7,8.2,423,164,16,7.5,0.902
16.5,6.9,271,493,17.6,11.1,0.818
20.3,8.9,374,466,19,11.8,0.786
21,8.8,468,223,19.6,13.8,0.803
22.5,8.5,444,299,22.4,11.6,0.984
22.2,6.5,166,336,21.8,10.3,0.567
15.9,8.3,138,290,18.9,6.8,0.867
22.4,9.6,121,141,17.5,9.6,0.889
20.1,8.1,98,124,15.9,4.5,0.895
16.4,7.1,445,51,21.6,9.8,0.969
21,6.7,409,164,20.2,15.1,0.601
18.9,8.8,289,111,20.3,7.1,0.565
18.4,6.6,38,76,19.8,11.3,0.833
18.8,8,401,415,18.4,3.9,0.952
16.7,7.4,85,423,17.9,13.8,0.52
16.8,7.5,220,313,19.2,6.5,0.558
19.8,9.2,349,470,19.4,13.3,0.517
17.7,7.2,381,244,21.7,16.2,0.676
19.2,9.5,413,452,18.2,2.9,0.546
19.2,8.9,43,221,18.7,12.8,0.933
15.5,7.1,355,393,22.1,8.2,0.744
17.9,7.4,244,126,19.8,7.7,0.668
16.6,6.8,34,486,17.5,13.4,0.694
16.2,6.5,436,321,18.3,9.8,0.7
16.8,6.9,384,72,18.2,11.3,0.525
21.3,7.9,295,414,19.6,15.2,0.83
19.8,7.6,187,222,22.2,5.2,0.823
20.7,8.2,442,170,22.1,17.2,0.918
15.9,9.2,450,305,20.6,9.9,0.874
20.2,6.7,28,400,20,9.3,0.765
22,9,134,459,18.8,11.5,0.631
21.8,9.4,279,104,16.8,13.7,0.936
21.8,9.1,151,69,18.8,6.6,0.992
20.5,8.5,355,166,20.9,5.4,0.987
16.4,8,191,140,18.5,2.7,0.712
21.4,6.7,209,272,20.2,16.7,0.97
15.4,6.8,139,391,16.3,11.7,0.886
19.1,6.7,100,470,18.5,7.5,0.755
21.4,9.2,255,431,15.6,7.8,0.808
19.9,8.2,268,342,20.1,11.7,0.806
19.5,7.5,477,369,17.4,6.3,0.684
21.9,6.5,419,48,15.5,4.7,0.72
20.6,8,402,232,19.1,11.2,0.796
18.6,9.5,218,118,17.3,9.9,0.854
22.5,8.7,425,295,17.3,5.7,0.726
21.9,9.6,333,406,20.1,9.5,0.639
19.8,6.7,134,439,18.1,9.6,0.725
20.3,9.6,199,42,22.3,4.8,0.959
18.9,8.1,229,186,18.7,15.7,0.999
17.8,6.7,149,336,18.6,5.7,0.928
19.5,8.2,487,296,21.4,16.5,0.822
17.3,8.6,224,169,19.8,14.6,0.51
17.4,8.3,291,311,21.3,13.7,0.797
16,8.5,210,122,17.3,12.9,0.795
20.2,8.2,22,259,16.5,13.6,0.539
17.4,6.7,392,381,15.9,6.4,0.647
21.1,7.4,457,303,16.9,8,1
17.6,8.1,121,93,18.4,7.1,0.897
20.8,8.7,464,446,19.1,3.2,0.866
18.3,7.7,414,410,21,15,0.638
18.3,7.5,188,406,19.2,3.4,0.556
22.1,9.4,383,281,20.9,3.5,0.988
17,6.9,455,403,19.4,16.6,0.827
21.9,7.7,40,165,21.3,14.9,0.675
15.9,7.3,352,239,22.3,16,0.854
19.4,8.7,405,313,20.4,16.9,0.847
21,7.3,36,242,21.7,5.4,0.904
15.4,6.5,35,415,18.1,4.6,0.686
16.7,6.9,208,152,18.3,5.7,0.728
18.1,8.7,120,302,19.2,7.9,0.54
22.8,6.8,231,59,16.7,14,0.535
16.1,8.4,299,89,18.4,8.4,0.811
18.4,6.9,453,491,18.8,16.1,0.925
21.5,9.3,128,341,17.4,14.2,0.998
22.5,9,184,225,21.2,6.8,0.562
18.7,6.8,352,426,21.1,10.2,0.519
22.7,8.6,130,280,16,10.2,0.755
16.8,9.1,269,270,18.9,14.6,0.674
22.8,8.9,167,442,17.5,12.1,0.605
21.2,7.3,274,358,15.2,10.8,0.68
22.2,6.9,100,41,17.8,11.9,0.557
19.9,8.2,275,301,17.7,13.9,0.562
19.9,7.6,90,266,17.4,12.9,0.602
22,8.8,210,43,22.6,18.1,0.661
15.8,8.5,405,433,16.9,9.8,0.501
16.2,7.9,462,398,15.5,2,0.774
16.1,8.1,178,466,22.2,18.1,0.523
22.3,8,369,315,18.1,11.9,0.714
21.1,7.4,217,402,21.8,12.9,0.997
21.3,6.5,180,53,20.3,6.3,0.87
15.8,9.3,58,130,20.5,15.2,0.578
19.8,7.8,410,112,19.7,4.7,0.785
16.8,7.6,115,189,19.5,11,0.782
21.2,7,25,426,21.8,8.9,0.686
20.7,6.5,386,30,20.9,10.9,0.894
19.8,7.7,247,106,20.5,15.5,0.786
17.3,7.9,449,132,20.3,3.9,0.636
20.5,7.2,296,360,18.2,5.7,0.808
18.5,7.6,208,146,16.3,6,0.902
22.6,7,169,102,17.7,13,0.741
22.4,7.8,166,219,22.6,10.2,0.816
16.3,8.3,429,467,15.8,12.1,0.718
18.9,7.8,366,180,15.3,2.8,0.71
22.6,8.1,307,410,16.1,11.5,0.876
20.1,7.1,353,31,16.7,3.8,0.646
19.7,7.7,425,153,22.1,15.1,0.92
17.6,7.5,388,209,17.2,3.6,0.521
16,8.8,347,288,16.9,12.6,0.905
18.9,8.7,167,454,17.9,4,0.848
21.6,6.5,323,365,17.2,11.9,0.987
22.5,8.5,412,154,20.7,11.8,0.699
20.2,8,103,352,19.2,15.3,0.885
19.1,8,236,412,20.8,8.6,0.983
16.6,8.3,32,422,16.6,10.2,0.533
19.1,8.5,240,339,19.7,14.1,0.825
18.8,8.3,118,24,17.9,7.4,0.561
21.1,7.1,96,308,21.9,5.8,0.512
17.2,6.8,330,361,16.8,3.8,0.901
16.8,7.3,407,368,20.5,14.8,0.653
21,9.1,424,211,17.9,4.4,0.736
22.7,7.2,435,58,19.7,11,0.56
15.2,8.1,391,124,16.1,9.4,0.93
18.7,9.2,260,88,19.2,8.9,0.763
16.9,9.3,434,269,16.5,2.3,0.815
16,7,108,488,16.5,9.7,0.606
15.4,6.8,493,183,19.5,10.2,0.536
16.1,8.7,230,444,20.2,5.7,0.531
22.7,9,241,257,15.5,6.7,0.55
20.7,7,305,129,15.4,12.1,0.783
19.9,7.6,495,264,21.4,16.9,0.953
16.7,7.3,257,126,22.4,17.7,0.928
16.9,8.6,34,440,18.6,14.4,0.657
18.4,7,367,375,19.5,6.8,0.597
17.4,9.4,268,366,16.3,9.6,0.709
18.5,7.9,77,157,15.5,7.3,0.753
21.8,7.6,212,195,20.7,4.3,0.839
17.9,8.7,119,492,15.5,9.9,0.758
18,7.9,82,160,20.3,12.1,0.824
19,8.6,153,54,16.2,11.7,0.658
15.6,8.5,430,184,18.1,11.3,0.832
16,6.6,225,474,20.7,17.1,0.658
16.5,6.7,192,338,16.1,9.9,0.592
16.5,9.4,259,227,21.5,13,0.709
15.2,7.4,403,470,22.4,6.2,0.609
21.3,7,110,116,19.7,12.9,0.601
18.5,9.4,235,191,21.4,5.4,0.784
19.5,8.2,27,172,20.4,10.2,0.982
16.2,8.5,157,351,15.2,4.9,0.525
19.5,7.2,123,36,15.7,4.4,0.787
22,9.5,272,286,22.7,9.6,0.568
22.2,9.1,161,434,15.3,8.3,0.614
17.7,8.9,245,359,22.3,5,0.76
22.2,9,50,280,19.9,4,0.793
17.8,7.3,416,233,20.5,3.6,0.57
22.8,9.5,218,323,16.8,5.2,0.59
16.4,6.8,480,273,18.5,8.1,0.691
16.4,6.4,466,425,16,8,0.955
21.9,9.4,397,177,16.3,12.7,0.707
17.5,8.4,377,334,15.8,5,0.766
16.6,9.6,256,225,19.6,13.2,0.956
21,9.3,468,273,17.2,14.2,0.996
16.9,8.8,276,243,19.8,8.5,0.584
22,8.4,228,110,18.6,10.8,0.665
22.6,7.5,286,302,19.1,15.7,0.741
21.5,8.1,245,181,17.2,2.7,0.529
19.2,7.1,182,483,18.1,7.5,0.75
17.7,8.9,205,144,22.5,19.1,0.721
17.6,7.3,49,469,22.8,8.4,0.993
20.9,6.9,413,169,20.7,3.4,0.701
20.9,7.4,414,73,21.3,6.5,0.574
17,9.5,54,252,22,7.6,0.614
17,9.5,127,232,21.7,11.3,0.681
18.7,9.5,459,293,17,9.4,0.598
21.3,8.8,45,229,20.5,8.9,0.554
18.6,7.4,86,143,18.2,7.1,0.86
19.2,7,273,102,18.7,5.4,0.704
18.1,6.5,259,396,18.3,15,0.533
22.3,9.1,265,195,18.2,9.7,0.804
15.2,6.8,344,50,18.8,15.4,0.713
15.9,9.5,280,484,19.8,8.4,0.672
18.8,8.4,267,407,16.7,8.8,0.731
17.5,6.9,276,445,20.4,15,0.775
19.8,7.5,386,113,17.1,9.1,0.559
21.4,8.7,427,235,18.9,8.7,0.754
22,7.5,248,389,17.6,8.2,0.79
19.8,8.5,263,226,18,11.8,0.925
17.1,9,300,432,20.6,4.9,0.821
19.8,8.9,31,387,21.2,13,0.753
20.9,8.6,193,335,21,15.9,0.727
18.2,6.6,403,283,19.9,15.4,0.874
15.6,6.5,181,137,22.2,19,0.6
21.8,7.5,199,185,16.9,13.6,0.503
20,9.5,264,105,15.7,13.3,0.777
16.6,9.3,93,147,17.9,7,0.532
15.9,7.7,290,450,17.2,10.3,0.964
20.7,9.4,364,197,22,14.3,0.557
16.2,9.3,153,92,16.7,11.3,0.606
18.9,6.7,472,472,19.4,3.4,0.507
19.4,7,306,346,18.3,7.8,0.58
15.3,8,233,64,20.8,5.5,0.816
22.4,8.6,372,188,19.3,9.7,0.85
18.3,7.5,266,192,17.7,12.6,0.527
17.5,9.5,473,261,17.7,13.6,0.581
21.9,7.4,167,413,15.7,2.1,0.737
