28.3,14.2,55,455,26.2,17.6,0.669
34.5,18,88,185,25.9,8,0.909
30.7,19.2,237,170,46.7,17.7,0.985
27,13.7,75,122,36.8,10.4,0.548
32.5,16.7,284,197,49.8,20.7,0.543
33.7,18.5,98,65,42.7,20.9,0.925
32,16,486,406,30.7,20.1,0.926
26.2,13.8,413,134,27.9,22.9,0.714
26.9,16.6,323,387,47.9,22.3,0.553
37.5,15.9,424,128,40.4,20.4,0.801
34.7,16.4,378,313,44.7,35.6,0.794
37.7,18.3,446,153,50.7,43.7,0.783
32.3,14.7,464,239,29.5,7.2,0.597
31.9,18.1,177,74,48.1,10.1,0.82
35.7,13.5,265,36,42.4,26.8,0.527
29.5,15.2,382,227,38.4,9,0.686
38.2,13.1,286,95,31.7,22.1,0.587
30.3,17.1,125,295,40.8,21.2,0.62
31,16.3,60,174,27.8,16.5,0.743
36.2,18.4,490,399,43.3,5.6,0.671
34.3,13.1,155,32,34.9,14.6,0.631
30,15,309,49,45.2,34.8,0.51
34,13.7,475,445,34.2,27.6,0.729
36.8,15.4,327,141,37.3,20.6,0.937
37.9,19,220,182,51.1,7.7,0.558
30.2,17.4,212,42,46.6,21.1,0.875
28.1,18.7,499,257,26.7,10.7,0.788
28.7,14,194,162,39.7,21.2,0.953
30.5,15.6,246,139,41.5,12.1,0.897
35,14.6,143,100,42,19.9,0.57
31.6,16.2,68,374,29,7.6,0.52
29.3,17.3,448,337,30,27,0.885
27.4,18.6,210,383,30.9,23.1,0.807
30.4,18.7,170,458,41.9,15.5,0.653
26.4,13.9,396,211,50.5,44.3,0.693
33.4,18.5,149,470,35.5,30.1,0.972
32.1,18.3,279,275,38.7,12.3,0.832
26.9,14.9,461,109,33.2,10,0.512
34.2,14.5,46,85,40.4,27.7,0.601
37.2,14.4,110,158,33.8,2.7,0.919
33,18.8,161,80,26.3,24.2,0.683
35.1,14.2,242,54,49.3,28.5,0.766
36.5,14.5,420,419,43.5,7.7,0.948
33.5,16.7,182,202,31.1,5.3,0.52
29.6,14.8,222,484,46.1,17.7,0.894
32.7,15.3,189,317,43.2,20.7,0.539
29.3,15.1,476,44,44.9,6.2,0.966
27.3,17.6,304,492,39.4,8.6,0.721
31.4,18.8,403,439,43.8,25.7,0.837
29.1,18.9,137,62,41,14.1,0.611
28,13.3,373,425,45.8,20.1,0.636
29.7,15.7,387,437,35.2,27.7,0.644
25.7,16.1,488,359,31.4,20.9,0.75
29.9,16.3,320,216,30.2,18.4,0.504
28.7,17.6,435,367,51.8,44.2,0.995
27.9,19,202,379,38.1,23.6,0.531
30.9,17.2,470,495,32.5,3.1,0.628
36.6,18.2,29,303,42.6,9.6,0.931
31.7,16.2,167,307,26.9,3.1,0.904
33.2,14.3,342,343,49.8,38.1,0.978
36.2,15.2,438,328,34.9,19.6,0.814
28.4,16.9,353,102,34.1,24.7,0.855
38.3,13.9,86,394,29.9,9.8,0.981
25.7,14.1,234,268,48.8,36,0.648
31.3,17.9,92,411,28.1,3.8,0.876
34.6,15.4,129,253,38,10.6,0.679
37.8,18,390,464,32.2,16.4,0.658
27.7,17.7,367,362,29.2,5.3,0.958
36,13.5,131,226,46.3,36.3,0.61
31.2,14.7,452,199,36.4,14.8,0.775
35.5,17,428,417,47.3,39.4,0.703
33.8,17.8,350,475,44.2,37.1,0.86
38,15,414,149,28.6,12.4,0.581
28.9,15.8,404,166,45.6,31.1,0.576
32.5,16.8,184,72,36,4,0.848
26,17.4,270,288,40.1,24.6,0.734
37.3,17.2,366,350,34.4,30.4,0.568
28.4,17.1,256,318,38.8,13.9,0.911
35.4,15.7,103,479,37.1,20.1,0.719
26,12.9,255,289,41.2,18.5,0.662
27.3,15.5,315,281,27.2,7.3,0.777
35.9,16.6,111,333,31.8,24,0.756
37,16.5,338,489,27.4,19.4,0.817
35.7,14,72,232,37.6,33.6,0.762
26.7,17.8,261,265,28.6,5.7,0.737
36.4,13.4,21,428,50.1,24.9,0.591
26.6,15,335,218,32.6,29.6,0.842
27.6,13.6,82,246,49.2,35.9,0.796
26.4,14.4,39,116,39.2,13.1,0.707
33.1,18.1,303,242,47.5,33.9,0.96
37,17.5,35,112,48.3,12.1,0.827
33.7,15.7,292,20,33,27,0.616
34.9,12.8,204,88,48.6,17.3,0.87
29,16.1,295,403,47.1,4.8,0.991
34.1,13,33,354,44.6,8.5,0.749
32,13.2,121,27,35.8,5.6,0.858
37.5,16.9,150,191,51.1,32.9,0.564
35.2,13,53,324,33.5,18.1,0.7
30.6,13.4,227,448,51.4,32.6,0.942
32.9,19.1,357,273,36.6,21,0.887
32.2,16,41,153,43.1,23.9,0.54
27,16.7,294,94,46.6,11.6,0.985
28.9,15.7,193,83,46.2,26.5,0.841
32.5,18.4,344,438,37.4,19.2,0.752
28.3,15.9,65,396,45.4,4.3,0.649
30.8,14.5,80,396,37.9,12.6,0.553
28.9,16.9,235,79,39.5,5,0.92
34.1,16.7,22,103,32.7,13.7,0.999
27.4,16.9,170,34,34.3,29.7,0.715
35.9,17.6,242,443,37.4,12.2,0.672
35.1,15.8,62,350,36.8,31.1,0.556
26.1,14.9,97,24,32.8,10.8,0.915
31.6,15.5,283,179,38.9,25.2,0.67
33,17.2,66,204,31.7,9.9,0.544
30.7,14.5,20,444,42.3,20.6,0.651
32.3,19.1,192,412,38.9,14.5,0.735
37.5,17.2,266,25,38.8,12,0.835
38.4,17.4,447,497,44.9,13.7,0.878
38.3,14.9,389,77,39,33.1,0.622
29.7,15.7,489,484,36.1,5.1,0.998
26.7,16.2,22,32,32.2,7.3,0.95
32.9,13,375,358,44.1,16.1,0.612
28.4,16.9,42,295,34.9,27.9,0.802
30.8,17.3,116,106,40.4,25,0.522
35.8,18.4,471,467,43.6,40.6,0.56
32.4,13.8,277,495,37.5,28.9,0.663
34.5,16.6,365,404,32.4,23.1,0.634
37.4,18.1,169,218,40.1,22.3,0.705
28.2,15.7,21,154,33.3,17.1,0.678
30.3,15,401,408,43.8,36.8,0.53
29.2,13.8,173,459,38.6,23,0.942
36,15.8,204,256,31.4,22.1,0.994
38.3,17.4,474,377,40.3,3.1,0.935
36.8,19.1,490,479,40.7,20.1,0.863
37.1,18.2,371,456,41,28.5,0.982
37.9,14.2,328,84,41.7,25.9,0.879
35.5,18.8,288,136,34.5,15.9,0.664
28,15.1,476,386,41.9,38.7,0.837
28.7,13.7,418,435,41.9,19.5,0.763
27.9,14.8,348,499,43.3,29.4,0.624
30.2,16.8,293,294,31.6,21.9,0.573
27.1,13.8,461,467,35.7,7.6,0.716
37,18.9,251,121,45,7.6,0.819
26,18,78,356,44.3,15.8,0.906
35.2,18.6,282,61,32.4,11.1,0.791
33.7,14.3,278,128,40,22.8,0.911
34.8,14.5,361,33,40.8,27.6,0.713
25.8,18.1,24,340,39.6,16.5,0.813
37.6,18.8,122,264,42.6,34.8,0.777
33.7,14.6,294,474,44.2,12.3,0.63
26.5,17.6,291,409,45.4,37.3,0.587
37.3,17.5,333,109,35.1,14.8,0.639
28.5,13.9,335,151,35.1,17.2,0.8
36.6,14.1,415,268,31.8,4.3,0.723
30.2,19.2,472,410,32.5,3.5,0.761
30.8,16.7,105,431,34.5,12.5,0.603
26.8,14.9,254,427,42,37.6,0.778
37.3,19,194,300,45,35.3,0.974
28.2,16,329,356,35.7,28.2,0.96
26.3,15.3,404,141,41.8,26.6,0.867
26,13.2,85,319,34.2,14.8,0.563
29.5,14.3,85,204,33.5,7.2,0.904
28.4,17.4,370,129,36.7,9,0.918
36.8,17.7,175,147,35,5.3,0.651
27.8,13.4,25,254,44.9,9.7,0.524
29.1,15.9,358,400,44.7,16,0.696
26.5,12.9,309,352,40.4,34.4,0.623
28.4,15.5,402,340,32.6,11.5,0.71
36.3,13,394,152,35.9,17.4,0.838
33.3,18.9,275,64,33.2,7.6,0.555
28.8,17.3,38,138,33.9,18.1,0.794
34.9,17.4,25,200,35.9,8.7,0.888
33.7,17.8,91,420,32,27,0.64
34.1,14.3,238,49,39.8,33.8,0.839
37.3,14.7,380,54,34,29.3,0.662
36.9,17.7,400,423,33.4,2,0.924
33.8,13.5,478,108,31.3,12.7,0.834
29,17.8,385,155,39.8,11.3,0.69
25.6,15.4,221,48,33.4,8.5,0.618
36.5,12.9,125,96,36.4,21.7,0.747
32.2,18.3,488,483,39,20.2,0.768
31.4,15,32,254,42.9,26.9,0.946
30.1,15.3,130,395,46.1,6,0.844
32.3,17.6,33,486,33,3.1,0.935
35.8,13,107,83,46.8,9.7,0.913
35,17.4,437,181,43.8,11.2,0.717
33.6,13.8,227,494,45.2,11.4,0.83
32.4,15.7,391,375,38.5,14.7,0.541
35.2,17.3,486,389,45.1,26.2,0.743
30.9,17.9,375,411,45,41.4,0.853
34.7,13.8,64,337,36,13.9,0.762
33.8,17.6,178,420,40.3,15,0.882
35.1,13.8,466,376,32.3,23,0.685
26.9,17.1,356,354,35.1,18.1,0.851
37.1,17.5,70,188,35.9,6.6,0.734
26.9,19,45,483,41.2,31.4,0.656
30.3,13.4,353,318,46.1,13.5,0.97
30.6,14.4,154,355,42.9,33.9,0.934
26.9,13.2,433,87,40.9,24.2,0.824
30,18.2,325,453,40.6,5,0.585
26,18.4,345,135,34.2,20.9,0.596
36.8,18.6,287,353,40.8,3.4,0.537
30.2,13.9,341,66,46.2,32,0.509
32,17.9,281,383,38,8,0.732
37.7,16.5,140,146,39.5,15.2,0.666
35.4,18,72,238,39.9,17.2,0.634
27.6,14.2,243,131,41,8.8,0.608
35.3,15.4,407,183,44.8,4.1,0.586
31.3,17.4,124,267,32.5,30,0.875
34.9,13.5,106,248,45.1,35.3,0.731
34.1,13.9,187,95,33.7,22.7,0.989
34,18,161,367,43.1,28.7,0.744
29.5,13.8,71,494,31.7,11.3,0.687
33.8,18,500,178,33.7,14.7,0.807
34.1,17.7,388,158,46.7,32.6,0.809
34.3,18.4,215,192,33.5,15.1,0.528
32.9,13.7,147,65,40.2,25.1,0.916
29.5,17.7,456,49,44.5,8,0.691
34.4,15.8,229,312,38.4,27.2,0.516
29.5,19.1,158,405,39.1,23.4,0.62
34.6,15.7,219,242,44.2,38.3,0.641
35,17.1,421,463,38.1,10.7,0.591
37.5,17.9,81,434,37.9,8.8,0.88
36,17.8,94,374,41.4,17.6,0.52
37.6,14.6,328,391,32.9,30.6,0.563
28.4,15.2,107,61,36.8,20.4,0.78
34.4,18.6,113,230,31.5,23.2,0.751
25.8,16.8,255,329,32.5,18.7,0.745
25.8,18.7,346,37,45.8,29.5,0.799
29.4,17.5,315,419,31.9,15,0.673
29.9,18.1,286,325,44.1,35,0.781
33.8,18.5,365,305,39.6,35,0.569
28.9,13.6,331,23,33.6,25.8,0.733
26.5,15.6,270,255,33.8,13.9,0.855
36.4,13.9,417,80,40.8,8.4,0.549
31.2,17.4,439,497,41.7,23,0.981
34.9,19.1,102,328,39.9,7.7,0.932
32.1,14.6,460,327,33.7,10.7,0.958
32,17.1,125,253,38.9,28,0.863
33.2,18.3,297,210,39.3,3.5,0.941
37.9,18.6,138,347,42,25.4,0.846
32,14.1,106,203,32.7,21.4,0.992
37.7,13.5,310,90,37.3,28.7,0.75
38.1,16,141,276,43.3,16.3,0.866
32.2,18.5,490,351,42.6,18.7,0.873
37.5,18.3,315,74,34.9,10.9,0.654
27,16.4,453,278,33,12.7,0.703
33.2,13.9,408,245,42.4,32.4,0.583
26.5,16.4,186,151,44.9,13.9,0.506
37.6,14.4,282,240,32.3,2.8,0.688
37.1,15.9,37,303,42.5,12.1,0.979
30.5,18.5,206,292,43.1,19.1,0.604
32.2,18.5,279,22,46.5,42.3,0.551
35.6,15.4,343,332,32.1,14.5,0.742
34.4,17.5,326,120,35.7,26.4,0.94
26.6,16.8,451,398,40.4,23.3,0.858
33.9,17.4,216,93,43.1,38.8,0.813
37.3,13.3,48,237,36.8,25.4,0.522
35.5,15.1,137,451,36.6,26.4,0.575
37.8,13.2,158,120,45.5,20.9,0.749
28.2,14.3,280,117,38.8,35.1,0.756
31.5,17.4,233,494,39.6,5.9,0.807
29.2,14.4,486,323,40.7,8,0.701
32.6,16.2,134,464,37,5.8,0.949
30.2,14.8,55,366,42.8,16.8,0.8
27.6,16.8,318,322,31.4,15.5,0.514
31.7,18,112,71,37.8,19,0.503
29.1,13.9,251,357,34.3,16.3,0.861
35.6,16,109,424,44,40.1,0.828
28.8,15.9,424,318,42.3,25.8,0.9
38,14.1,243,375,46.7,9,0.792
26.9,13.7,415,399,41.1,4.7,0.882
37.6,15,164,218,33.1,17.5,0.938
31.3,16.9,362,463,36.5,9.5,0.905
35.5,18.9,283,112,39.9,8.9,0.86
28,14.4,455,284,46.4,28.1,0.574
27.5,18.6,26,274,37.1,33.7,0.962
29,13.3,449,97,37.7,25.9,0.9
32.9,15.8,57,27,31.2,11.2,0.736
28.6,14.6,23,38,41.6,12.4,0.502
38.3,13.3,350,473,42.7,27.6,0.692
32.8,17.8,51,41,44.3,32,0.909
26.7,15.6,298,47,32.6,7.7,0.657
38.2,14,335,460,45.7,26.7,0.734
26.2,13.2,136,37,41.6,13.9,0.768
31.6,17.4,156,76,32.5,2.3,0.508
34.7,16,384,114,41.2,18.3,0.711
38,15.5,311,212,32.1,9,0.502
33.1,17.9,395,229,39.6,26,0.653
36.4,17.6,157,187,33.3,19.7,0.972
29.4,16.4,324,370,42.2,31.4,0.914
34,13.1,79,348,43.5,37.1,0.844
29.9,18.3,46,27,38.3,32.2,0.939
32.1,13.8,289,53,41,10.3,0.668
29.2,16,105,207,41.7,14.6,0.699
31.7,17.6,129,21,39.3,20.5,0.697
32.5,15.6,491,98,43.5,17,0.853
33.3,13.8,317,288,40.7,10.9,0.77
33.8,15.6,368,87,34.4,26.5,0.594
31,16.9,248,193,34.6,24,0.909
26.5,17.4,313,421,41.4,5.5,0.727
36.5,15,324,432,35,31.4,0.718
27.5,15.8,429,39,36,12.7,0.892
34.6,17.1,387,325,34.3,5.3,0.545
26.5,17.1,484,493,39,7.2,0.735
25.8,14.2,86,487,44.1,20.1,0.869
31.3,15.4,499,309,33.4,20.7,0.789
36.4,12.9,443,343,38.8,5.1,0.648
36.5,17.6,381,499,34.6,31.8,0.93
29.8,14.7,196,135,46.7,9.9,0.693
28.1,13.5,479,487,41.8,20.9,0.612
26,14.5,288,219,33.6,8.7,0.67
28.1,16.8,385,117,34,12,0.931
33.9,15.1,113,46,39.1,5.7,0.749
33,15,286,261,44.1,29.1,0.523
28.6,17.5,168,76,35.2,22,0.669
32.9,17.9,174,34,43.4,19.1,0.566
36.3,18.3,285,175,37.6,17.1,0.899
34.9,14.5,160,452,32.7,21.6,0.972
34.7,18.3,149,481,33.2,27,0.68
36.9,15.4,352,426,41.9,5.6,0.88
30.6,15,140,162,38.6,25.6,0.951
35.5,18.9,481,450,46.3,17,0.724
27.4,15.1,333,240,44.3,3.3,0.958
31.5,13.6,394,404,43,21.1,0.921
36.6,14.3,119,255,39.4,33.7,0.564
29.5,14.5,185,349,37.5,11.1,0.772
31.9,18.1,29,116,37,5.4,0.825
27.5,13.7,73,200,41.3,28.5,0.536
30.4,14.7,346,131,34.2,7.5,0.647
29.4,19.2,462,461,44.1,35.7,0.838
29.1,15.2,258,349,46.4,22.6,0.553
34.5,14.5,357,202,35.9,18.1,0.572
30.9,16.9,112,174,44.8,33.7,0.963
28,15,431,377,31.7,23.2,0.547
30.3,16.5,115,414,44.6,29.5,0.831
27.3,18.5,60,123,37.9,22.4,0.541
33.9,15.6,87,372,35.4,12,0.548
36.3,15.7,252,327,42.7,30,0.627
32.5,15.8,90,320,34.2,21.6,0.922
31.1,15.5,497,489,45.4,25.7,0.978
34.7,15.2,441,29,46.6,32.8,0.948
27.8,19,426,59,43.5,22.4,0.66
35.1,16.5,164,178,46.3,14.9,0.705
36.3,15.2,145,307,33.6,6.7,0.652
33.6,18.7,253,118,31.8,20.9,0.535
25.7,14.8,98,190,36.8,26.6,0.552
29.6,18,227,70,44.7,25.8,0.962
33.5,17.7,396,481,42.2,31.3,0.974
31.8,16.4,371,271,42.6,13.4,0.943
31.5,14.9,54,392,40.2,26.3,0.671
35.6,14.7,48,489,41.7,19.8,0.932
34.5,13.2,150,248,34.4,18.8,0.526
38.1,13.2,82,149,40.4,36.1,0.846
28.1,14.5,343,82,39.9,31.4,0.673
27.1,18.2,63,492,46.5,26.1,0.595
38,18.7,463,211,39.6,35.8,0.636
35.2,18.2,327,282,39.2,34.3,0.908
37.8,14.5,309,421,43.3,35.2,0.549
31.4,15.9,250,128,31.4,5.7,0.684
35.1,13.3,427,451,41.7,8.2,0.938
37.7,18.5,423,307,40.1,27.6,0.597
27.5,15.1,485,142,37.7,19.1,0.926
36.1,16.4,72,22,44.7,28.8,0.551
37.1,17.6,201,362,33.4,19.4,0.683
33.7,16.5,443,127,32.6,28.4,0.995
37.2,16.7,95,122,38.1,4.2,0.51
36.1,16.5,492,241,44.2,3.5,0.891
35.3,14.5,30,329,41.3,9.6,0.815
29.5,18.7,92,45,32,16.7,0.742
31.9,17.2,62,314,35,8.1,0.903
26.6,14.4,242,290,31.2,19.2,0.782
38.2,13,78,155,45.3,13.4,0.649
32.8,12.9,452,430,33.8,9.4,0.818
33.2,15.7,236,445,32.9,24.8,0.855
33.6,16.7,334,107,44.3,7.4,0.521
34.2,17.8,89,216,46.7,25.5,0.595
35.9,19.1,69,52,32.4,29.4,0.552
30.8,14,445,155,42,19.1,0.506
25.9,16.8,404,458,34,7.7,0.697
35,16.6,232,269,31.9,17.5,0.788
33.6,12.9,340,309,31.6,9.3,0.767
38.2,17.7,307,311,38.7,36.1,0.648
31.7,15.2,44,473,35.3,32.2,0.723
30,13.2,45,427,33.9,13.1,0.687
34.1,18.7,363,455,42.3,30.2,0.99
26.8,19.2,456,346,44.9,6.7,0.538
34.8,16.2,323,219,43.6,10.4,0.788
38.2,18.6,210,35,37.3,27.5,0.757
30.4,17.1,151,133,34.8,5.6,0.89
27.7,16.8,270,51,34,27.2,0.806
30.8,16.4,65,227,40,26.9,0.667
36.5,17.7,274,232,37.3,22.9,0.627
32.1,18.5,498,229,36.8,27,0.661
34.1,17.9,216,67,37.1,12.9,0.965
38.1,13.3,316,160,40.5,28.1,0.835
36.5,13.2,322,91,44.6,19.1,0.739
28.9,13.3,202,84,37.5,7.2,0.504
29.2,14.1,237,35,35.1,4.5,0.759
27.9,16.1,239,140,36.3,6.4,0.968
26.2,13,276,479,35.8,31.7,0.868
36.3,17.7,411,65,44.4,31.5,0.793
28.7,13.1,223,211,44.4,7.9,0.864
28.8,15.4,205,208,38.6,34.5,0.834
29.5,17.2,142,209,41,30.1,0.896
35.9,14.5,481,417,33.7,28.1,0.674
30.6,16.9,57,330,44.8,5.4,0.603
26.8,16.5,339,443,43,8.2,0.631
25.9,16.8,24,217,34,19.9,0.751
30.5,16.8,35,90,40.7,22.1,0.538
27.8,16.7,379,234,33.5,29.1,0.881
36.7,17.2,27,433,43.7,20.2,0.624
28.8,16.3,171,390,43.9,17.6,0.663
29.8,13.3,203,44,39.8,4.7,0.759
28.8,16.5,490,260,44.7,20.7,0.939
37.2,13.6,368,124,38.8,7.4,0.887
27.4,17.9,190,71,32.9,2.2,0.927
35.9,12.9,137,240,45.6,22.1,0.857
27.1,13.7,495,245,33.7,16.3,0.91
34.3,15.9,131,417,33.2,3.2,0.534
31.5,12.9,38,257,44,26,0.944
34.3,14.4,463,265,37,10.1,0.955
32.1,13.3,379,179,43.8,28.6,0.576
34.3,15.1,265,333,39.2,32.6,0.769
38,17.1,139,330,38.6,31.9,0.871
35.5,17.5,88,441,36.9,10.4,0.922
27.7,16.2,384,331,34.9,27.1,0.833
29.6,17,313,244,42,5.3,0.769
26.3,13.8,155,49,44.2,21.9,0.704
31.3,17.1,40,442,40.8,31.5,0.801
34.2,15.6,111,288,44.6,4.6,0.942
29.3,16.2,313,258,34,8.5,0.872
38.3,14.8,398,75,42.8,8,0.511
29.8,14.2,377,428,34.8,7.2,0.547
36.5,13.6,75,246,37.5,18.8,0.501
30.8,14.7,375,126,36.2,33.7,0.805
38,16.6,395,438,34.9,14.1,0.895
38.2,15.1,469,279,31.5,15.4,0.852
30.9,16.7,435,160,35.5,18.1,0.616
30.1,18.7,114,92,38.1,33.2,0.894
28.3,17.8,427,496,32,28.2,0.588
26.2,18.7,387,56,41.8,38.9,0.609
27.4,13.8,94,322,46.2,18.1,0.802
28.8,17.1,338,193,32.2,24.2,0.621
29,13.9,182,499,40.9,20.1,0.783
27.7,18.7,428,344,40,26.6,0.897
27.8,16.4,410,188,35.7,17,0.526
26.2,14.3,480,27,37.1,15.7,0.613
36.6,14.3,212,63,35.7,31.8,0.681
29.6,14,52,163,35.6,7.5,0.62
32.1,16.2,203,295,33.1,16.1,0.859
31.2,18.4,44,353,35.9,28.3,0.814
36.4,16.7,92,81,42.4,15.1,0.593
37,16,408,163,32.6,4,0.779
30.3,12.9,305,26,45.8,2.9,0.722
31,13,96,371,45.1,28.6,0.862
33.4,14.7,393,145,43.7,26.5,0.971
27.8,18.7,405,213,35.1,13.4,0.789
32.6,17.1,170,269,45,20.3,0.679
27,13.5,190,182,42.1,2.8,0.778
37.2,15.3,398,386,34.7,28.4,0.519
26.5,15.6,208,465,36.2,12.4,0.615
37.2,16.8,465,214,46.7,27.3,0.785
28.1,14.8,152,67,39.4,5.6,0.76
26.3,17,55,457,34.8,27.6,0.965
30.5,14.2,143,274,42.4,4.3,0.611
26.6,14.4,135,81,36.4,6,0.924
36.8,19,155,168,37.8,28.7,0.527
30.6,18.8,418,304,44.5,32.4,0.884
27.1,15.4,195,137,44.5,23.7,0.849
36.3,14.3,442,471,42.4,23.1,0.708
33.7,16.3,293,96,46.1,35.7,0.803
32.6,14.9,191,297,32.9,16.8,0.719
26.3,15.2,304,109,35.3,32.3,0.645
29,13.7,288,260,41.2,32.8,0.881
29.1,14.7,59,173,31.4,13.1,0.903
28.7,18.4,225,116,36.8,19.8,0.978
36.4,14.1,470,246,36.5,24.5,0.578
29.8,16.6,360,208,44.9,9.8,0.693
36.9,13.1,326,283,36.1,29.2,0.678
27.2,18.9,305,214,43.4,22.1,0.821
30.1,14.4,67,363,34.1,4.4,0.518
36,14.4,489,436,32.8,4.6,0.947
35.2,17.3,69,313,39.3,28.1,0.792
29.2,16.6,260,337,38.8,27.2,0.912
34.3,16.8,84,208,36.6,3.3,0.836
37.4,15.7,481,372,40.8,30.3,0.524
25.9,13.6,177,424,42.9,28.6,0.774
25.7,18.9,148,455,36.3,9.6,0.911
30.4,18.6,226,89,37.9,15.9,0.775
33,17.6,233,201,36.1,24,0.971
36.6,13,60,498,38.3,2.5,0.776
36.6,14.1,214,40,35.8,9.7,0.698
27.2,16.2,297,68,46.4,28.7,0.625
35.7,17.7,104,42,39.1,7,0.605
36.7,14.7,49,381,36,9.3,0.531
31.4,14.4,171,142,42.2,25.6,0.628
29.7,17.8,177,347,44,15.1,0.61
33.6,14.6,285,440,43.6,25.6,0.677
38.1,16.2,358,397,41.2,24.3,0.893
31.1,17.7,311,364,36,30.6,0.587
29.7,15,379,20,42.5,13.6,0.692
34.1,13.2,340,285,40.3,12.3,0.583
37.9,14.4,60,145,32.1,2.1,0.837
25.7,15.1,499,206,35,5.9,0.604
29.7,16.3,67,250,33,12.3,0.985
37.8,18.4,357,125,44.5,25,0.973
31.5,15.6,383,197,46.5,14.2,0.682
33.6,15.6,162,284,40.8,11.2,0.57
32,15.5,176,258,46.6,40.2,0.619
31.6,15.4,350,71,33.8,21.7,0.899
26.1,13.4,458,32,44.9,23.8,0.907
37.9,18.9,467,77,37.2,32.1,0.558
29,16.9,117,384,45.8,20.2,0.528
29.3,14.6,249,55,39.1,19.4,0.579
35.1,15.3,200,384,41.1,6,0.608
25.9,18.3,338,108,35.6,2.7,0.683
30.4,14.8,366,317,41.1,38,0.873
36.4,16,224,365,43.5,8,0.988
35.8,15.3,399,332,42.1,13.5,0.923
32.3,17.3,126,79,36,14.7,0.565
37.3,14.7,179,291,39.9,31.2,0.671
26.6,13.4,494,228,40.1,4.7,0.929
29.7,14.2,316,135,36.9,26.9,0.518
34.2,18.5,454,307,36.5,3.7,0.546
30,18.9,237,490,36.4,2.7,0.728
35.3,15.6,408,446,32.7,17,0.952
34.1,16.8,194,236,46.3,28.8,0.516
34.3,16.3,284,464,42.3,35.1,0.508
31.9,13.3,341,80,43.3,19.3,0.591
34.2,15,36,159,31.9,14.1,0.514
33.8,13.1,339,475,37.7,15.1,0.716
35,14.7,144,361,36.1,9.6,0.913
34.2,16.3,270,490,32.8,16.5,0.576
34.8,14.4,213,287,32.2,28.8,0.926
32.4,18.3,257,175,34.1,30.7,0.511
32.3,14,126,409,41.9,37.8,0.921
32.6,17.2,240,448,33.3,3.7,0.993
30.1,16.2,310,104,32.1,18.5,0.877
27.3,13.6,264,362,45.3,26.2,0.947
28.7,15.9,367,225,37.8,4,0.762
26.9,15.8,380,482,46.4,24.5,0.585
25.8,16.2,185,127,31.9,12.4,0.799
33.1,17.4,454,314,44.1,39.2,0.719
31,16.1,179,359,38,17.9,0.509
29.6,15,51,281,36.4,18.6,0.831
27.8,19.1,165,45,36.2,24.5,0.61
33.8,18.3,215,310,36.9,12.8,0.638
31.8,16,298,249,42.7,19.2,0.65
37.9,14.1,447,238,40.1,9.9,0.581
28.4,17.3,206,435,38.6,22.7,0.946
28.6,18.2,123,368,38.2,27,0.53
26.4,12.8,300,60,38.3,34.6,0.656
32.6,18.4,228,416,43.1,37.4,0.707
32.5,19,89,365,37.6,15.9,0.914
35.1,13.7,320,335,39.3,7.8,0.711
30.3,16.6,389,320,33.9,19.1,0.919
28.6,18.5,183,100,32,20.7,0.633
30.8,13.1,121,26,46,38.9,0.961
27.5,18.4,146,66,33.6,14.4,0.667
34.6,14.5,302,338,39.6,20.8,0.983
25.9,17.2,482,275,40,26.8,0.689
37.2,15.6,49,214,39.8,11.9,0.642
27.5,14.2,394,414,35.2,9,0.73
36.3,13,469,477,36.9,17.5,0.887
34.3,14.4,496,293,43.7,38.6,0.756
31.9,17.8,360,257,45.8,15,0.915
27.6,18.1,448,271,34.1,13.4,0.761
26.3,13.3,189,385,31.5,16.1,0.845
28.3,15.3,176,197,44.3,33,0.934
34.7,13.3,241,122,31.5,22.6,0.626
30.2,13.6,390,342,38.9,28.7,0.5
30,16.1,26,215,46.8,42,0.826
29.7,17.6,74,36,34.6,5.8,0.725
34.4,13.2,308,233,33.3,24.8,0.589
34,16.9,417,449,32.4,30,0.977
31.5,15.2,61,459,44.7,3.5,0.953
30.7,16.1,445,58,46,36.1,0.784
25.8,12.9,191,379,40.6,36.9,0.907
29.2,16.8,245,100,35.2,14.4,0.611
30.1,17,363,473,39,21.1,0.885
27.1,17.7,118,114,42.1,16.9,0.542
36.5,13.4,33,416,45,37.5,0.85
31.1,14.3,151,395,43.2,24.6,0.968
28.1,14.9,195,482,43.9,10.5,0.617
35.6,13.7,436,267,43,28.2,0.933
29.2,14,168,383,32.3,21,0.848
27.3,13.4,80,308,38.8,5.4,0.995
29.9,13,337,221,40.5,6.7,0.791
30.9,16.1,332,317,36.9,8.4,0.79
37.2,16.5,354,352,33,6.2,0.954
26.6,18,458,299,41.1,2.8,0.916
32.3,14.1,433,191,33.3,14.6,0.548
38,18,99,428,39.7,23.1,0.886
34.5,19,473,252,43,17.2,0.726
28.9,16.9,262,392,39.1,33.3,0.664
30.7,17.7,254,90,41.2,9.7,0.954
37.4,15.3,114,62,38.1,20.7,0.654
32.9,19.1,68,355,43.1,26.3,0.544
32.6,16.1,257,334,43.4,37.8,0.765
31.6,12.8,455,168,33.5,22.7,0.869
25.9,17.1,439,157,37.3,19.6,0.957
31.2,13.2,330,196,37.1,32.7,0.66
32.8,16.1,76,33,39.3,32.7,0.577
31.4,19.2,65,158,31.5,27.6,0.621
37,17,117,102,42.8,33.3,0.545
33.4,15.5,431,101,37.6,3.2,0.748
33.4,15.4,279,378,46.3,10.1,0.884
35.7,16.7,83,378,43,32.8,0.607
34,14.2,421,237,41.5,2.9,0.74
28.2,14,461,172,42.3,12.5,0.819
30.6,18.5,141,265,42.1,11,0.856
33.1,12.9,111,254,38.1,27.1,0.629
25.6,18.5,53,462,45.9,8.4,0.823
33.7,16.3,119,54,46.1,43.2,0.951
29.3,14.1,412,300,36.2,9.3,0.747
30.7,17.3,124,419,43.4,7.5,0.645
35,18.2,83,282,45.7,42.4,0.596
26.4,15.6,252,113,35.8,9.2,0.977
34.8,17.8,132,111,37,15.3,0.857
27.2,12.8,43,171,38,33.3,0.817
36,15.3,128,247,46.5,15.6,0.871
27.3,13.3,271,469,44.5,37.2,0.676
34.8,18.8,88,468,46,17.4,0.82
30.7,14,102,439,45.5,39.1,0.659
31.1,16.4,229,367,33.2,13.8,0.847
28.5,17.1,321,262,44.5,36.5,0.743
27.9,15.3,232,477,33.2,18.5,0.963
31,18.3,359,370,32.7,13.5,0.906
32,19,296,478,41.2,11.2,0.643
36.6,18.7,202,345,41.5,33.2,0.733
35.6,18.1,411,146,36.2,8.1,0.564
27.4,14.9,311,363,38.4,27.8,0.74
26.6,14.8,365,231,39.4,19,0.879
32.3,14.7,68,393,39.5,4.4,0.577
36.3,17.9,95,236,42.6,26.3,0.94
33.3,12.9,262,476,33.6,5.8,0.517
31.7,15.5,492,259,34.7,19.1,0.737
35.4,14.3,101,411,38.7,20.6,0.637
29.7,18.9,99,29,43.4,19.9,0.87
33.2,16.8,158,84,40.8,15.3,0.798
36.2,18.2,188,418,33.1,31.1,0.682
30.1,18.9,416,57,34.5,28.8,0.898
28.5,13.2,47,315,41.4,19.4,0.888
34.8,18,145,299,33,8.3,0.662
33.5,13.1,486,205,35.3,10.6,0.797
37.4,16,175,184,40.1,4.2,0.586
27,17.9,104,45,31.6,11.9,0.787
33.2,16.3,129,220,42.3,29.7,0.666
33,13.4,133,109,43.4,13,0.69
29.3,13.2,180,380,45.6,15.1,0.722
28.2,14,64,333,45.5,23.2,0.584
37.8,13.9,419,112,37.1,34.8,0.96
26.5,13.3,475,162,32.8,11.5,0.772
30.5,18.1,337,316,41.3,3.6,0.917
26.8,13.3,440,265,40.3,17.4,0.571
29.8,15.2,334,276,35.7,12.1,0.599
29,15.3,234,174,37,23.3,0.957
34.6,17,127,289,32.4,23.7,0.822
34.8,15.6,428,227,32.3,18.3,0.98
33.1,16.3,223,423,38.7,25.2,0.98
35,18.3,205,456,38.9,15.8,0.703
37.1,14.5,362,148,32.7,18,0.812
26.1,17.2,211,61,46.6,18.1,0.917
34.5,14,222,223,45.9,4.6,0.641
27.5,17,495,166,41.5,38.8,0.652
27.2,13.1,390,187,41.6,34.8,0.589
34.4,14,370,345,31.5,29.4,0.588
30.7,17,147,385,40.9,36.2,0.571
28.6,18.3,430,21,36.7,11.5,0.628
31.6,16.6,173,139,40.6,24.4,0.689
35.7,15.9,345,156,40.6,31.4,0.637
33.3,18.8,351,217,41.5,30.2,0.618
31.5,13.1,376,407,45.7,38.6,0.969
30.1,13.2,448,107,37.6,8.3,0.776
26.7,13.1,312,251,36.3,7.3,0.805
35.4,15.5,201,272,34.1,26.8,0.695
36.6,18.9,103,496,33.4,28.7,0.698
30.9,18.1,261,224,33.1,3.9,0.99
26.4,16.2,446,277,44.6,21.3,0.829
26.4,14.2,382,319,38.3,26.8,0.568
35.8,15.8,36,454,46,30.3,0.635
33.7,19.2,142,371,34.5,22.4,0.892
28.7,15.5,317,480,40.2,20.9,0.836
32,15.9,497,388,37.6,23.2,0.861
36.9,14.1,165,132,44.6,19.4,0.996
26.9,18.5,465,207,43.3,24.5,0.864
25.7,16,420,44,31.5,7.3,0.732
33,15.8,488,174,45.2,8.8,0.644
35,18.2,40,74,43,24.1,0.619
27.3,19.1,338,25,36.6,2.7,0.602
25.9,15.3,273,119,31.3,7.8,0.927
38.4,16.5,292,202,40.5,28.3,0.994
35.6,18.6,39,317,35.2,30.2,0.738
32.6,14.2,435,292,46,36.9,0.852
26.9,18.8,71,287,34.1,19.5,0.748
36,18.6,328,37,31.9,7.7,0.898
32.8,15.2,187,331,39.7,13.4,0.758
33.5,18,272,356,37.2,18.8,0.961
26.3,16.3,498,348,39.6,23.6,0.655
35.4,18.7,79,437,44.7,13,0.6
36.8,13.6,476,500,43.2,13.1,0.941
30.4,16.6,251,196,38.5,31,0.677
31.3,15,160,306,45.3,34,0.599
35.7,18.8,342,150,43.8,11.6,0.795
26.1,16.4,346,495,35.8,5.5,0.702
36.5,17.5,392,285,33.2,2.5,0.504
37,13.4,116,324,46.2,32.7,0.981
27.6,14.6,74,476,38.3,6.8,0.724
30.2,16.1,295,194,32,11.5,0.949
32.9,16.9,483,69,32.3,24.4,0.575
35.8,13.7,373,185,33,23.5,0.643
37.3,13.4,84,485,37.4,9.9,0.976
29.3,13.1,41,446,44.2,20.6,0.891
29.9,19.1,374,198,36.4,19,0.72
35.3,13.1,109,73,33.6,30.9,0.979
33,14.8,485,39,45.1,18.2,0.948
32.7,13.5,478,480,45.9,26.4,0.781
37.6,14.1,377,150,46.1,5.6,0.55
28.7,18.3,446,281,32,29.9,0.539
37.8,18.3,299,440,35.1,21.4,0.804
36.9,17,302,350,42.4,36.4,0.842
37.2,16.1,372,369,39.3,36,0.745
35.2,13.5,482,430,38.2,21.5,0.721
35.2,15.4,29,144,37.4,12,0.883
26.9,17.4,147,222,32.6,26.4,0.986
33,14.6,152,234,39.9,34.5,0.688
31.5,16.1,418,452,37.9,19.6,0.967
37.7,15.6,213,194,46.6,35.7,0.81
31.1,12.9,230,407,44,41.2,0.937
28.1,16.6,322,267,36.5,10.3,0.64
29.1,16.9,47,328,33.7,4.7,0.633
35.5,16.6,262,252,43.5,18.8,0.865
30.5,19.1,440,68,33.9,4.2,0.567
37.2,15.9,249,52,42.4,13.7,0.794
37.6,18.9,196,373,34.4,21.7,0.764
38.1,18,81,381,43.9,28,0.814
28.3,18.2,198,457,33.8,27.2,0.622
32.7,13.4,199,103,42.5,20.4,0.505
36.4,15.7,98,374,42.5,3.6,0.582
37.5,13.6,56,394,45.5,8.7,0.534
38.1,17.8,238,437,43.6,29.8,0.561
31.2,16.6,478,429,31.9,17.7,0.945
37.7,15.5,342,389,43.8,24,0.976
37.8,18.2,77,279,41,23.3,0.912
36.2,16.2,77,30,40.3,12.2,0.876
32.1,16.6,200,115,42.1,9.2,0.944
33.6,15.9,50,248,31.7,10.8,0.872
28.8,16,281,212,39.5,25.3,0.908
30.4,13.5,372,403,43.3,15,0.843
26.1,12.8,29,62,44.9,12.9,0.513
34.2,16.5,284,98,39.7,15,0.702
33.1,19.1,397,158,45.7,12.9,0.931
29.8,16.4,149,190,35,25.9,0.635
36.2,18.4,93,213,41.4,6.3,0.694
27.9,15.5,226,289,42.8,16.7,0.856
34.4,17.6,431,119,33.9,21.2,0.84
34,18.2,378,87,44.1,13.6,0.626
31.8,17,487,198,46.2,33.8,0.617
31.8,17.3,464,82,44.4,16.3,0.566
29.4,17.1,493,161,40.9,22,0.862
29.9,16.4,221,291,32.4,2.7,0.706
26.2,14.4,421,286,39.2,4.3,0.868
34.9,13.9,96,55,37.8,16.4,0.77
28.4,15.7,215,357,31.6,5.1,0.841
27.7,16.9,471,243,38.2,5.2,0.923
31.2,18.4,320,139,41.6,5.5,0.65
33.2,13.6,291,137,37.9,12.6,0.582
28.9,16.7,52,165,43.9,41.1,0.569
33.1,17.9,467,29,41,3.2,0.956
29.9,15.7,234,372,42.9,6.2,0.929
32.4,17.8,56,47,35.4,27.5,0.829
30.7,14.9,160,275,39.3,34.5,0.945
26.3,16,393,362,41.3,34.3,0.712
32.7,16.5,398,78,45.5,25.1,0.798
32.4,17.5,438,384,44.3,34.3,0.773
37.3,16.3,247,199,36.1,24.2,0.975
31.9,15.5,330,343,38.4,5.3,0.625
27.9,16.3,360,105,31.4,9,0.817
34.7,15.8,242,297,40,34.7,0.598
36.2,17.2,207,405,34.9,23.8,0.554
35.1,15.8,107,98,34.6,26,0.877
36.1,14,301,251,36.2,27.9,0.764
33.3,17.3,173,311,43.6,4.6,0.555
36.6,15.6,76,400,35.4,5.8,0.989
29.2,17.3,172,296,45.7,37.3,0.811
32.5,18.6,303,177,34.4,11.2,0.883
29,14,88,322,43,20.6,0.967
33.7,17.5,239,456,31.8,6.4,0.878
36.1,13.7,143,263,45.5,9.3,0.7
29.6,15.8,358,488,43.8,16.2,0.746
32,17.5,451,276,37,12.9,0.593
30.3,18.1,91,73,46.7,33.6,0.659
26.2,18.2,361,60,34.2,28,0.986
26.7,14.3,354,277,31.3,10.3,0.532
32.7,14.6,308,485,34.7,10.7,0.812
37.5,15.7,326,32,36.5,24.9,0.771
31.2,14.8,433,85,38.6,18.4,0.579
31.4,13.8,153,85,33.7,16.7,0.665
35.7,15.8,217,270,41.8,15.9,0.757
28.5,13.1,204,91,35.5,22.5,0.801
31.3,13.6,331,420,34.9,28.1,0.715
32.8,14.2,54,148,41.4,37.8,0.669
30.9,18.1,437,475,34.7,3.4,0.73
30.6,16.3,348,436,32.8,28.1,0.696
34.6,15.3,369,203,41.5,13.1,0.875
38.2,14.5,131,134,34.1,27.8,0.767
31.1,15.5,246,149,43.9,17.3,0.515
33.5,17.5,304,204,46.8,19.3,0.943
26.1,18.5,182,99,34.3,4.8,0.919
28.4,18.8,318,134,46.5,7.2,0.706
34.6,17.9,460,119,32.1,7.2,0.779
35.8,13.1,356,199,46.5,22.9,0.607
34.4,14.1,136,344,45.4,14.9,0.851
26,14.9,459,310,36.9,7.4,0.717
29.2,16.4,110,235,37.8,3.1,0.84
34.6,14.1,422,172,38.1,14,0.513
31.9,18.9,246,297,35.4,4.4,0.893
30.3,17.5,143,325,38.1,23.7,0.966
32.7,14.8,441,166,42.9,32.8,0.964
34.5,15.2,472,250,40.3,11.6,0.675
28.9,17.2,277,471,42.7,4.1,0.752
26,14.3,163,447,33.3,23.1,0.78
36,15.6,222,231,36.4,7.6,0.685
33.9,13.7,336,462,45.4,33,0.997
32.5,15.7,197,224,46.2,7.3,0.729
28.5,17.2,452,321,46.1,24.7,0.507
27.5,14.9,162,326,39,26.3,0.616
28,17.3,21,40,43.7,39.5,0.679
28.2,12.9,301,302,46.3,19.8,0.984
26.3,18.5,214,169,35.6,3.5,0.572
32.2,18.5,220,221,45.2,4,0.937
29.6,18.3,42,401,34.4,20.7,0.644
27.7,18.6,319,97,35,8.5,0.754
30.6,14.8,133,399,33.8,5.3,0.58
32.7,18,109,182,44.4,10,0.896
36.2,16.7,349,380,31.8,8.1,0.613
33.1,17.4,30,43,39.2,21.8,0.91
25.7,18.1,31,23,31.3,15.1,0.615
36.7,16.6,306,402,35.5,10.4,0.832
30.3,17.2,70,78,39.7,27.8,0.826
30.5,14.2,400,205,45.2,13.1,0.766
30,14.5,442,394,38.4,9.4,0.843
36.1,15.2,174,167,43.3,31,0.59
32.5,16.5,458,101,34.6,23.5,0.714
32.1,18.6,261,170,42.2,3.8,0.515
36.2,12.8,267,130,42.7,16.1,0.991
33.2,15.2,185,448,40.5,30.3,0.543
36,16.8,347,86,36.6,29.7,0.537
34.7,18,438,388,37.2,13.6,0.729
25.9,18.6,475,263,46.4,42.2,0.89
27.7,14.9,254,305,37.5,28,0.81
31.3,17.7,302,430,32.2,29.5,0.966
36.8,13.4,319,239,34.5,25.3,0.842
35.2,15.9,477,450,31.6,11.4,0.973
28.7,19,450,70,45.6,38.9,0.858
33.9,15.5,59,382,40.2,17.5,0.646
36.1,14.6,159,94,35.2,14,0.889
37.7,14.7,293,133,45.3,20.2,0.623
27.2,13.5,132,247,44.7,11.7,0.975
34.3,18.8,314,491,35.9,29,0.845
32.3,14.7,493,342,39.1,26.2,0.82
28.5,15.1,469,56,35.5,23.2,0.828
34.5,17.9,484,401,32.8,20.6,0.594
26.8,12.8,474,95,36.6,19.7,0.901
35.7,13.7,424,461,38.3,30.7,0.739
27.9,16.5,156,187,35.2,9.5,0.859
28.9,18.7,180,262,35.5,12.9,0.849
26.6,13.5,323,338,39.7,20.2,0.573
32.4,19.2,136,448,34.8,21.9,0.592
27.9,15.4,315,40,45.1,25.5,0.542
30.1,18.1,72,161,45.9,19.5,0.746
38.3,17.8,409,215,35.5,31.8,0.695
30.9,15.7,61,327,41.1,4.7,0.505
37.4,15.1,58,28,38.5,4.5,0.632
26.4,12.8,219,57,34.8,27.2,0.629
37.1,12.9,406,64,45.6,34.7,0.63
27.4,15.1,321,379,45.2,7.3,0.936
29.8,15.2,432,478,39,2.5,0.708
26.4,17.8,66,143,41.8,2.9,0.991
31,19,259,298,38,6.8,0.827
26.4,18.2,145,138,42.5,18.3,0.796
35.4,16.1,101,465,32.1,20.3,0.559
31.7,13.1,211,460,46.3,38.8,0.738
26.7,18.4,75,429,45.7,30.9,0.632
25.8,16,499,391,43.6,19.7,0.959
35.7,18.7,163,179,41.3,13.6,0.95
31.7,13.7,189,183,44.2,15.6,0.773
33,15.3,123,244,45.9,31.6,0.529
25.7,13.7,250,176,36.6,29.2,0.771
32.6,14,266,340,43.2,6.1,0.655
27.1,14.2,400,176,38.4,18.2,0.512
37.6,17.6,382,378,45.1,41.9,0.865
27.6,17.3,332,201,31.3,7.4,0.642
31.9,18.9,197,417,32.5,5.3,0.543
34,15.2,183,360,41.4,13.1,0.809
38.3,16.4,423,164,32.8,15.2,0.902
27.8,13.8,271,493,36.1,23.5,0.818
34.2,17.8,374,466,38.9,25,0.786
35.4,17.6,468,223,40.3,30,0.803
37.8,17,444,299,45.9,24,0.984
37.5,13,166,336,44.8,20.9,0.567
26.8,16.6,138,290,38.7,13,0.867
37.8,19.1,121,141,35.8,20,0.889
33.9,16.2,98,124,32.6,7.9,0.895
27.7,14.3,445,51,44.4,19.8,0.969
35.3,13.4,409,164,41.4,33,0.601
31.8,17.5,289,111,41.8,13.5,0.565
31,13.2,38,76,40.6,23.8,0.833
31.7,16.1,401,415,37.7,6,0.952
28.1,14.8,85,423,36.7,30.3,0.52
28.3,15,220,313,39.4,12.2,0.558
33.4,18.4,349,470,39.8,28.5,0.517
29.9,14.3,381,244,44.6,35.5,0.676
32.3,19,413,452,37.4,3.6,0.546
32.4,17.8,43,221,38.4,27.7,0.933
26.1,14.2,355,393,45.3,15.7,0.744
30.1,14.9,244,126,40.5,15,0.668
27.9,13.6,34,486,36,29.3,0.694
27.3,12.9,436,321,37.6,20.3,0.7
28.3,13.8,384,72,37.4,24,0.525
35.9,15.9,295,414,40.2,33.3,0.83
33.3,15.1,187,222,45.6,8.3,0.823
34.8,16.3,442,170,45.3,37.6,0.918
26.9,18.4,450,305,42.2,20.2,0.874
34,13.4,28,400,41,18.8,0.765
37.1,18,134,459,38.5,24.4,0.631
36.7,18.8,279,104,34.5,30.1,0.936
36.7,18.2,151,69,38.5,12.4,0.992
34.5,17,355,166,42.8,9.1,0.987
27.6,16.1,191,140,37.9,3.1,0.712
36.1,13.5,209,272,41.5,36.9,0.97
26,13.7,139,391,33.5,25.3,0.886
32.2,13.5,100,470,38,14.6,0.755
36,18.4,255,431,32.1,16.1,0.808
33.5,16.5,268,342,41.3,24.8,0.806
32.8,15,477,369,35.8,12.1,0.684
36.8,13.1,419,48,31.7,8.3,0.72
34.7,16,402,232,39.2,23.6,0.796
31.3,19,218,118,35.6,21,0.854
37.9,17.3,425,295,35.5,10.7,0.726
36.8,19.2,333,406,41.2,19.2,0.639
33.3,13.3,134,439,37.2,19.9,0.725
34.2,19.1,199,42,45.8,7.5,0.959
31.8,16.2,229,186,38.4,34.8,0.999
30,13.5,149,336,38.2,10.2,0.928
32.8,16.4,487,296,44,36.2,0.822
29.1,17.2,224,169,40.6,31.7,0.51
29.3,16.7,291,311,43.7,29.4,0.797
27,17,210,122,35.6,28.2,0.795
33.9,16.5,22,259,33.9,30,0.539
29.3,13.5,392,381,32.6,12.4,0.647
35.6,14.8,457,303,34.8,16.4,1
29.7,16.3,121,93,37.8,13.7,0.897
35.1,17.4,464,446,39.2,4.2,0.866
30.8,15.4,414,410,43.2,32.7,0.638
30.7,15.1,188,406,39.4,4.6,0.556
37.3,18.9,383,281,42.9,4.5,0.988
28.6,13.9,455,403,39.8,36.7,0.827
36.9,15.4,40,165,43.8,32.4,0.675
26.7,14.7,352,239,45.7,34.7,0.854
32.7,17.3,405,313,41.9,37.3,0.847
35.4,14.6,36,242,44.5,9,0.904
26,13,35,415,37.1,7.7,0.686
28.2,13.9,208,152,37.7,10.4,0.728
30.4,17.5,120,302,39.5,15.6,0.54
38.4,13.6,231,59,34.3,30.9,0.535
27.2,16.8,299,89,37.8,16.9,0.811
31,13.9,453,491,38.7,35.8,0.925
36.2,18.7,128,341,35.6,31.2,0.998
38,18,184,225,43.6,12.6,0.562
31.4,13.6,352,426,43.2,20.8,0.519
38.2,17.2,130,280,32.9,21.8,0.755
28.3,18.1,269,270,38.8,31.9,0.674
38.4,17.9,167,442,35.9,26.1,0.605
35.7,14.6,274,358,31.2,23.3,0.68
37.4,13.7,100,41,36.5,25.4,0.557
33.5,16.5,275,301,36.3,30.5,0.562
33.5,15.2,90,266,35.7,28.2,0.602
37,17.6,210,43,46.4,39.7,0.661
26.7,17,405,433,34.8,20.7,0.501
27.3,15.8,462,398,31.7,2,0.774
27.1,16.2,178,466,45.6,39.9,0.523
37.5,16.1,369,315,37.2,25.5,0.714
35.5,14.7,217,402,44.8,27.2,0.997
35.9,12.9,180,53,41.6,11.3,0.87
26.6,18.7,58,130,42.2,33.2,0.578
33.4,15.5,410,112,40.5,7.6,0.785
28.2,15.1,115,189,40,22.9,0.782
35.8,14,25,426,44.8,17.5,0.686
34.9,13,386,30,42.8,22.5,0.894
33.4,15.3,247,106,42,33.7,0.786
29.1,15.8,449,132,41.6,5.7,0.636
34.6,14.4,296,360,37.4,10.4,0.808
31.1,15.3,208,146,33.5,11.4,0.902
38,14.1,169,102,36.3,28.2,0.741
37.6,15.7,166,219,46.5,20.6,0.816
27.4,16.6,429,467,32.4,26.5,0.718
31.8,15.5,366,180,31.4,4,0.71
38.1,16.3,307,410,33,25,0.876
33.8,14.2,353,31,34.4,6,0.646
33.1,15.4,425,153,45.4,32.6,0.92
29.6,15,388,209,35.3,5.4,0.521
27,17.6,347,288,34.6,27.4,0.905
31.8,17.5,167,454,36.7,6.3,0.848
36.4,13,323,365,35.3,25.8,0.987
37.9,17,412,154,42.5,24.7,0.699
34,15.9,103,352,39.4,33.6,0.885
32.1,16,236,412,42.8,17.1,0.983
28,16.7,32,422,34.1,21.8,0.533
32.2,17,240,339,40.4,30.6,0.825
31.6,16.6,118,24,36.7,14.6,0.561
35.6,14.2,96,308,45,10,0.512
29,13.6,330,361,34.5,6.1,0.901
28.3,14.7,407,368,42.1,32.2,0.653
35.4,18.2,424,211,36.7,7.3,0.736
38.2,14.4,435,58,40.5,23.2,0.56
25.6,16.3,391,124,33.1,19.8,0.93
31.6,18.4,260,88,39.5,17.9,0.763
28.5,18.6,434,269,33.9,2.4,0.815
27,14,108,488,33.8,20.4,0.606
25.9,13.6,493,183,40.1,21.2,0.536
27.2,17.4,230,444,41.5,10,0.531
38.3,18.1,241,257,31.8,13.5,0.55
34.9,14.1,305,129,31.6,26.6,0.783
33.5,15.3,495,264,43.9,37.2,0.953
28.1,14.6,257,126,46,38.7,0.928
28.5,17.1,34,440,38.2,31.5,0.657
31,13.9,367,375,40.1,12.8,0.597
29.4,18.8,268,366,33.4,20.3,0.709
31.1,15.9,77,157,31.7,14.9,0.753
36.7,15.2,212,195,42.6,6.4,0.839
30.2,17.4,119,492,31.8,21.1,0.758
30.4,15.8,82,160,41.7,25.6,0.824
32,17.2,153,54,33.2,25.4,0.658
26.2,16.9,430,184,37.2,24.2,0.832
27,13.2,225,474,42.6,37.9,0.658
27.7,13.4,192,338,33.1,21.2,0.592
27.8,18.8,259,227,44.1,27.6,0.709
25.6,14.8,403,470,46.1,10.8,0.609
35.9,14,110,116,40.4,27.8,0.601
31.2,18.8,235,191,44,9,0.784
32.9,16.4,27,172,41.8,20.9,0.982
27.2,16.9,157,351,31.2,9.1,0.525
32.8,14.5,123,36,32.2,7.6,0.787
37,19,272,286,46.6,19.1,0.568
37.4,18.2,161,434,31.3,17.2,0.614
29.8,17.9,245,359,45.8,7.8,0.76
37.4,18,50,280,40.9,5.9,0.793
30,14.6,416,233,42.1,4.8,0.57
38.3,19,218,323,34.6,9.5,0.59
27.6,13.5,480,273,38,16.2,0.691
27.6,12.8,466,425,32.9,16.4,0.955
36.9,18.8,397,177,33.5,28,0.707
29.4,16.7,377,334,32.3,9.2,0.766
28,19.2,256,225,40.2,28.3,0.956
35.4,18.7,468,273,35.3,31.4,0.996
28.4,17.7,276,243,40.7,16.9,0.584
37,16.9,228,110,38.2,22.7,0.665
38,14.9,286,302,39.1,34.4,0.741
36.2,16.1,245,181,35.4,3.2,0.529
32.3,14.3,182,483,37.2,14.9,0.75
29.9,17.8,205,144,46.2,42.4,0.721
29.6,14.6,49,469,46.7,16.1,0.993
35.2,13.9,413,169,42.6,4.2,0.701
35.3,14.9,414,73,43.7,11.7,0.574
28.6,19.1,54,252,45.1,14.2,0.614
28.7,19.1,127,232,44.4,23.4,0.681
31.4,19,459,293,34.9,19.5,0.598
35.8,17.7,45,229,42,17.6,0.554
31.4,14.8,86,143,37.3,13.7,0.86
32.4,14.1,273,102,38.5,9.5,0.704
30.5,13,259,396,37.7,33.2,0.533
37.6,18.2,265,195,37.3,20.1,0.804
25.7,13.5,344,50,38.7,34,0.713
26.8,18.9,280,484,40.7,16.6,0.672
31.6,16.7,267,407,34.3,18.1,0.731
29.4,13.8,276,445,41.9,32.7,0.775
33.4,15,386,113,35.2,19,0.559
36.1,17.5,427,235,38.7,17.5,0.754
37.1,15,248,389,36.2,16.7,0.79
33.3,17.1,263,226,37,25.3,0.925
28.8,18.1,300,432,42.3,8,0.821
33.3,17.9,31,387,43.5,27.7,0.753
35.3,17.3,193,335,43.2,34.9,0.727
30.6,13.2,403,283,40.9,33.8,0.874
26.3,13,181,137,45.5,41.9,0.6
36.7,15.1,199,185,34.7,29.9,0.503
33.6,19,264,105,32.2,29.4,0.777
28,18.6,93,147,36.8,13.6,0.532
26.7,15.4,290,450,35.4,21.8,0.964
34.9,18.8,364,197,45.2,30.7,0.557
27.3,18.5,153,92,34.3,24.3,0.606
31.9,13.4,472,472,39.7,4.5,0.507
32.7,13.9,306,346,37.5,15.5,0.58
25.7,16.1,233,64,42.7,9.4,0.816
37.7,17.1,372,188,39.7,20,0.85
30.9,14.9,266,192,36.4,27.4,0.527
29.4,19,473,261,36.3,29.7,0.581
36.9,14.8,167,413,32.2,2,0.737
