29.2,10.7,55,455,16.8,11,0.669
35.6,13.5,88,185,16.6,5.4,0.909
31.7,14.4,237,170,29.9,11.7,0.985
27.9,10.3,75,122,23.6,7.2,0.548
33.5,12.5,284,197,31.9,13.5,0.543
34.7,13.9,98,65,27.4,13.4,0.925
33,12,486,406,19.7,12.6,0.926
27,10.4,413,134,17.9,14.2,0.714
27.8,12.5,323,387,30.7,14.4,0.553
38.7,11.9,424,128,25.9,13.1,0.801
35.8,12.3,378,313,28.6,22,0.794
38.9,13.7,446,153,32.5,26.9,0.783
33.3,11,464,239,18.9,5.1,0.597
32.8,13.6,177,74,30.8,7.4,0.82
36.8,10.1,265,36,27.2,16.8,0.527
30.5,11.4,382,227,24.6,6.4,0.686
39.4,9.8,286,95,20.3,13.8,0.587
31.2,12.8,125,295,26.1,13.5,0.62
32,12.2,60,174,17.8,10.4,0.743
37.3,13.8,490,399,27.7,4.5,0.671
35.4,9.8,155,32,22.4,9.5,0.631
30.9,11.3,309,49,29,21.6,0.51
35.1,10.3,475,445,21.9,17,0.729
37.9,11.6,327,141,23.9,13.1,0.937
39.1,14.2,220,182,32.8,6,0.558
31.1,13.1,212,42,29.9,13.7,0.875
29,14,499,257,17.1,7,0.788
29.6,10.5,194,162,25.5,13.5,0.953
31.5,11.7,246,139,26.6,8.2,0.897
36.1,10.9,143,100,26.9,12.8,0.57
32.6,12.1,68,374,18.6,5.3,0.52
30.3,13,448,337,19.2,16.6,0.885
28.3,13.9,210,383,19.8,14.3,0.807
31.3,14,170,458,26.9,10.3,0.653
27.3,10.4,396,211,32.4,27.2,0.693
34.4,13.9,149,470,22.8,18.6,0.972
33.1,13.7,279,275,24.8,8.3,0.832
27.7,11.2,461,109,21.3,6.8,0.512
35.3,10.9,46,85,25.9,17.3,0.601
38.4,10.8,110,158,21.7,2.6,0.919
34,14.1,161,80,16.8,14.8,0.683
36.2,10.6,242,54,31.6,18.1,0.766
37.6,10.9,420,419,27.9,5.7,0.948
34.5,12.6,182,202,20,4,0.52
30.5,11.1,222,484,29.5,11.7,0.894
33.7,11.5,189,317,27.7,13.4,0.539
30.2,11.4,476,44,28.8,5,0.966
28.1,13.2,304,492,25.3,6.2,0.721
32.4,14.1,403,439,28.1,16.2,0.837
30.1,14.2,137,62,26.3,9.4,0.611
28.9,9.9,373,425,29.4,13.1,0.636
30.7,11.8,387,437,22.5,17.1,0.644
26.5,12,488,359,20.1,13.1,0.75
30.8,12.3,320,216,19.4,11.6,0.504
29.6,13.2,435,367,33.2,27.2,0.995
28.7,14.3,202,379,24.4,14.8,0.531
31.8,12.9,470,495,20.8,2.8,0.628
37.8,13.7,29,303,27.3,6.9,0.931
32.7,12.2,167,307,17.3,2.6,0.904
34.3,10.7,342,343,31.9,23.6,0.978
37.4,11.4,438,328,22.3,12.4,0.814
29.3,12.7,353,102,21.8,15.3,0.855
39.5,10.5,86,394,19.1,6.6,0.981
26.5,10.6,234,268,31.3,22.3,0.648
32.3,13.4,92,411,18,3.1,0.876
35.7,11.5,129,253,24.3,7.3,0.679
39,13.5,390,464,20.7,10.5,0.658
28.5,13.3,367,362,18.7,4,0.958
37.1,10.2,131,226,29.7,22.5,0.61
32.2,11,452,199,23.3,9.7,0.775
36.6,12.8,428,417,30.3,24.3,0.703
34.9,13.3,350,475,28.3,22.8,0.86
39.2,11.2,414,149,18.3,8,0.581
29.8,11.9,404,166,29.2,19.4,0.576
33.5,12.6,184,72,23.1,3.4,0.848
26.8,13,270,288,25.7,15.5,0.734
38.4,12.9,366,350,22.1,18.7,0.568
29.3,12.8,256,318,24.9,9.3,0.911
36.5,11.8,103,479,23.8,12.8,0.719
26.8,9.7,255,289,26.4,12,0.662
28.2,11.6,315,281,17.4,5.1,0.777
37.1,12.4,111,333,20.4,14.9,0.756
38.2,12.4,338,489,17.6,12.1,0.817
36.8,10.5,72,232,24.1,20.6,0.762
27.5,13.4,261,265,18.4,4.2,0.737
37.5,10,21,428,32.1,16,0.591
27.4,11.2,335,218,20.9,18.1,0.842
28.4,10.2,82,246,31.5,22.3,0.796
27.2,10.8,39,116,25.1,8.8,0.707
34.2,13.6,303,242,30.5,21.1,0.96
38.1,13.1,35,112,30.9,8.5,0.827
34.7,11.7,292,20,21.2,16.7,0.616
35.9,9.6,204,88,31.1,11.5,0.87
29.9,12.1,295,403,30.2,4.2,0.991
35.1,9.7,33,354,28.6,6.3,0.749
33,9.9,121,27,22.9,4.3,0.858
38.6,12.7,150,191,32.7,20.6,0.564
36.3,9.8,53,324,21.5,11.5,0.7
31.6,10,227,448,32.9,20.5,0.942
33.9,14.3,357,273,23.5,13.3,0.887
33.2,12,41,153,27.6,15.2,0.54
27.9,12.6,294,94,29.8,8.1,0.985
29.8,11.8,193,83,29.6,16.8,0.841
33.5,13.8,344,438,24,12.3,0.752
29.1,11.9,65,396,29.1,3.8,0.649
31.7,10.9,80,396,24.3,8.5,0.553
29.8,12.7,235,79,25.3,4.1,0.92
35.2,12.5,22,103,20.9,8.9,0.999
28.3,12.7,170,34,22,18.3,0.715
37,13.2,242,443,24,8.2,0.672
36.2,11.9,62,350,23.6,19.2,0.556
26.9,11.2,97,24,21,7.2,0.915
32.6,11.6,283,179,24.9,15.8,0.67
34,12.9,66,204,20.3,6.7,0.544
31.7,10.8,20,444,27.1,13.3,0.651
33.3,14.4,192,412,24.9,9.6,0.735
38.7,12.9,266,25,24.9,8.1,0.835
39.6,13,447,497,28.8,9.3,0.878
39.5,11.2,389,77,25,20.4,0.622
30.7,11.8,489,484,23.1,4,0.998
27.6,12.1,22,32,20.6,5.2,0.95
34,9.8,375,358,28.3,10.6,0.612
29.2,12.7,42,295,22.4,17.3,0.802
31.8,13,116,106,25.9,15.8,0.522
36.9,13.8,471,467,27.9,24.9,0.56
33.5,10.3,277,495,24,17.9,0.663
35.6,12.5,365,404,20.8,14.4,0.634
38.6,13.6,169,218,25.7,14.1,0.705
29.1,11.8,21,154,21.4,11,0.678
31.3,11.3,401,408,28,22.7,0.53
30.2,10.4,173,459,24.8,14.6,0.942
37.1,11.9,204,256,20.2,13.9,0.994
39.5,13,474,377,25.8,3,0.935
37.9,14.3,490,479,26.1,12.9,0.863
38.2,13.7,371,456,26.3,17.8,0.982
39.1,10.6,328,84,26.8,16.4,0.879
36.6,14.1,288,136,22.1,10.3,0.664
28.9,11.4,476,386,26.9,23.8,0.837
29.6,10.3,418,435,26.8,12.5,0.763
28.8,11.1,348,499,27.7,18.4,0.624
31.1,12.6,293,294,20.3,13.7,0.573
27.9,10.4,461,467,22.9,5.5,0.716
38.2,14.1,251,121,28.8,5.7,0.819
26.9,13.5,78,356,28.4,10.5,0.906
36.3,14,282,61,20.8,7.4,0.791
34.7,10.7,278,128,25.6,14.4,0.911
35.9,10.9,361,33,26.1,17.2,0.713
26.6,13.6,24,340,25.4,10.8,0.813
38.8,14.1,122,264,27.3,21.5,0.777
34.7,10.9,294,474,28.3,8.4,0.63
27.4,13.2,291,409,29.1,23.1,0.587
38.4,13.2,333,109,22.5,9.6,0.639
29.4,10.4,335,151,22.5,11.1,0.8
37.8,10.6,415,268,20.4,3.4,0.723
31.1,14.4,472,410,20.8,3,0.761
31.7,12.5,105,431,22.1,8.3,0.603
27.6,11.2,254,427,26.9,23.1,0.778
38.4,14.2,194,300,28.8,21.8,0.974
29.1,12,329,356,22.9,17.5,0.96
27.1,11.5,404,141,26.8,16.8,0.867
26.8,9.9,85,319,21.9,9.6,0.563
30.4,10.7,85,204,21.5,5.2,0.904
29.3,13.1,370,129,23.5,6.3,0.918
37.9,13.3,175,147,22.4,4.1,0.651
28.6,10.1,25,254,28.8,7,0.524
30.1,11.9,358,400,28.7,10.7,0.696
27.4,9.7,309,352,25.9,21.2,0.623
29.3,11.6,402,340,20.9,7.7,0.71
37.4,9.7,394,152,23,11.2,0.838
34.4,14.2,275,64,21.3,5.4,0.555
29.7,13,38,138,21.7,11.5,0.794
36,13.1,25,200,23,6.1,0.888
34.8,13.4,91,420,20.5,16.6,0.64
35.1,10.7,238,49,25.5,20.9,0.839
38.5,11.1,380,54,21.8,18.1,0.662
38.1,13.3,400,423,21.4,2.2,0.924
34.9,10.1,478,108,20.1,8.3,0.834
29.9,13.3,385,155,25.5,7.8,0.69
26.4,11.5,221,48,21.4,5.9,0.618
37.7,9.7,125,96,23.3,13.7,0.747
33.2,13.8,488,483,25,12.9,0.768
32.3,11.2,32,254,27.5,16.9,0.946
31,11.5,130,395,29.5,4.8,0.844
33.3,13.2,33,486,21.1,2.7,0.935
37,9.7,107,83,30,7,0.913
36.1,13.1,437,181,28.1,7.8,0.717
34.6,10.4,227,494,29,8,0.83
33.4,11.8,391,375,24.7,9.7,0.541
36.3,12.9,486,389,28.9,16.6,0.743
31.8,13.4,375,411,28.9,25.5,0.853
35.8,10.3,64,337,23.1,9.1,0.762
34.9,13.2,178,420,25.8,9.9,0.882
36.2,10.3,466,376,20.7,14.3,0.685
27.8,12.8,356,354,22.5,11.5,0.851
38.2,13.1,70,188,23,4.9,0.734
27.7,14.3,45,483,26.4,19.5,0.656
31.2,10.1,353,318,29.5,9.2,0.97
31.6,10.8,154,355,27.5,21,0.934
27.7,9.9,433,87,26.2,15.3,0.824
30.9,13.6,325,453,26,4.1,0.585
26.8,13.8,345,135,21.9,13.2,0.596
37.9,14,287,353,26.1,3.2,0.537
31.2,10.4,341,66,29.6,20,0.509
33,13.4,281,383,24.4,5.8,0.732
38.9,12.4,140,146,25.3,10,0.666
36.5,13.5,72,238,25.6,11.2,0.634
28.5,10.7,243,131,26.3,6.3,0.608
36.4,11.6,407,183,28.7,3.7,0.586
32.2,13,124,267,20.9,18.5,0.875
36,10.1,106,248,28.9,21.9,0.731
35.2,10.4,187,95,21.6,14.2,0.989
35.1,13.5,161,367,27.6,18,0.744
30.5,10.3,71,494,20.3,7.5,0.687
34.8,13.5,500,178,21.6,9.6,0.807
35.2,13.3,388,158,30,20.4,0.809
35.4,13.8,215,192,21.4,9.8,0.528
33.9,10.3,147,65,25.8,15.8,0.916
30.4,13.3,456,49,28.5,6,0.691
35.5,11.9,229,312,24.6,16.9,0.516
30.4,14.3,158,405,25.1,14.8,0.62
35.7,11.8,219,242,28.3,23.6,0.641
36.1,12.9,421,463,24.4,7.3,0.591
38.7,13.4,81,434,24.3,6.2,0.88
37.1,13.3,94,374,26.5,11.4,0.52
38.8,10.9,328,391,21.1,18.8,0.563
29.3,11.4,107,61,23.6,13,0.78
35.5,14,113,230,20.2,14.5,0.751
26.6,12.6,255,329,20.8,11.8,0.745
26.6,14,346,37,29.3,18.5,0.799
30.3,13.1,315,419,20.5,9.7,0.673
30.9,13.6,286,325,28.2,21.7,0.781
34.9,13.9,365,305,25.4,21.6,0.569
29.8,10.2,331,23,21.5,16,0.733
27.3,11.7,270,255,21.6,9,0.855
37.5,10.4,417,80,26.2,6.1,0.549
32.2,13,439,497,26.7,14.6,0.981
35.9,14.3,102,328,25.6,5.7,0.932
33.1,11,460,327,21.6,7.2,0.958
33,12.9,125,253,24.9,17.5,0.863
34.3,13.8,297,210,25.2,3.2,0.941
39,14,138,347,26.9,16,0.846
33,10.6,106,203,21,13.5,0.992
38.9,10.1,310,90,23.9,17.8,0.75
39.3,12,141,276,27.7,10.7,0.866
33.2,13.9,490,351,27.3,12.1,0.873
38.7,13.7,315,74,22.3,7.3,0.654
27.8,12.3,453,278,21.2,8.4,0.703
34.2,10.4,408,245,27.2,20.2,0.583
27.3,12.3,186,151,28.8,9.4,0.506
38.8,10.8,282,240,20.7,2.5,0.688
38.2,12,37,303,27.2,8.3,0.979
31.4,13.9,206,292,27.6,12.4,0.604
33.2,13.9,279,22,29.8,26,0.551
36.7,11.5,343,332,20.6,9.4,0.742
35.5,13.1,326,120,22.9,16.4,0.94
27.4,12.6,451,398,25.9,14.8,0.858
35,13,216,93,27.6,23.8,0.813
38.5,10,48,237,23.6,15.9,0.522
36.6,11.3,137,451,23.5,16.5,0.575
39,9.9,158,120,29.1,13.5,0.749
29.1,10.7,280,117,24.9,21.6,0.756
32.5,13,233,494,25.4,4.6,0.807
30.1,10.8,486,323,26.1,5.8,0.701
33.7,12.2,134,464,23.7,4.5,0.949
31.1,11.1,55,366,27.4,11,0.8
28.4,12.6,318,322,20.1,9.9,0.514
32.7,13.5,112,71,24.2,12.1,0.503
30,10.4,251,357,22,10.5,0.861
36.7,12,109,424,28.2,24.6,0.828
29.7,11.9,424,318,27.1,16.3,0.9
39.2,10.6,243,375,29.9,6.6,0.792
27.8,10.3,415,399,26.3,3.9,0.882
38.7,11.3,164,218,21.2,11.2,0.938
32.3,12.7,362,463,23.4,6.6,0.905
36.7,14.2,283,112,25.6,6.3,0.86
28.9,10.8,455,284,29.8,17.8,0.574
28.3,14,26,274,23.8,20.7,0.962
29.9,10,449,97,24.2,16.2,0.9
34,11.9,57,27,20,7.5,0.736
29.5,10.9,23,38,26.6,8.5,0.502
39.5,10,350,473,27.4,17.3,0.692
33.9,13.4,51,41,28.4,20,0.909
27.6,11.7,298,47,20.9,5.4,0.657
39.4,10.5,335,460,29.3,16.9,0.734
27,9.9,136,37,26.7,9.3,0.768
32.6,13.1,156,76,20.8,2.3,0.508
35.8,12,384,114,26.4,11.9,0.711
39.2,11.6,311,212,20.6,6.2,0.502
34.1,13.4,395,229,25.4,16.3,0.653
37.6,13.2,157,187,21.4,12.5,0.972
30.3,12.3,324,370,27,19.5,0.914
35,9.8,79,348,27.9,22.9,0.844
30.9,13.7,46,27,24.5,19.8,0.939
33.1,10.4,289,53,26.3,7.2,0.668
30.1,12,105,207,26.7,9.7,0.699
32.7,13.2,129,21,25.2,13.1,0.697
33.5,11.7,491,98,27.9,11.2,0.853
34.3,10.4,317,288,26.1,7.6,0.77
34.9,11.7,368,87,22.1,16.5,0.594
32,12.7,248,193,22.2,15,0.909
27.3,13.1,313,421,26.5,4.4,0.727
37.6,11.2,324,432,22.4,19.3,0.718
28.4,11.8,429,39,23.1,8.5,0.892
35.6,12.8,387,325,22,4.1,0.545
27.3,12.8,484,493,25,5.3,0.735
26.6,10.7,86,487,28.3,13,0.869
32.3,11.5,499,309,21.4,13,0.789
37.5,9.6,443,343,24.9,4.1,0.648
37.6,13.2,381,499,22.2,19.6,0.93
30.8,11,196,135,29.9,7.1,0.693
28.9,10.1,479,487,26.8,13.4,0.612
26.9,10.9,288,219,21.5,6,0.67
28.9,12.6,385,117,21.8,8,0.931
35,11.3,113,46,25.1,4.5,0.749
34.1,11.3,286,261,28.3,18.3,0.523
29.5,13.1,168,76,22.6,13.9,0.669
33.9,13.4,174,34,27.8,12.4,0.566
37.4,13.7,285,175,24.1,11.1,0.899
36,10.9,160,452,20.9,13.5,0.972
35.8,13.7,149,481,21.3,16.7,0.68
38.1,11.5,352,426,26.9,4.5,0.88
31.5,11.2,140,162,24.7,16,0.951
36.6,14.2,481,450,29.7,11.3,0.724
28.2,11.3,333,240,28.4,3.2,0.958
32.5,10.2,394,404,27.6,13.6,0.921
37.7,10.7,119,255,25.3,20.8,0.564
30.4,10.9,185,349,24.1,7.6,0.772
32.9,13.5,29,116,23.7,4.2,0.825
28.4,10.3,73,200,26.5,17.8,0.536
31.4,11,346,131,21.9,5.4,0.647
30.4,14.4,462,461,28.3,22.1,0.838
30,11.4,258,349,29.7,14.5,0.553
35.5,10.9,357,202,23,11.6,0.572
31.9,12.7,112,174,28.7,21,0.963
28.9,11.2,431,377,20.3,14.4,0.547
31.2,12.4,115,414,28.6,18.5,0.831
28.1,13.9,60,123,24.3,14.2,0.541
34.9,11.7,87,372,22.7,8,0.548
37.4,11.8,252,327,27.4,18.8,0.627
33.5,11.9,90,320,21.9,13.6,0.922
32.1,11.7,497,489,29.1,16.3,0.978
35.8,11.4,441,29,29.9,20.5,0.948
28.7,14.2,426,59,27.9,14.3,0.66
36.2,12.4,164,178,29.7,10,0.705
37.5,11.4,145,307,21.5,4.9,0.652
34.6,14,253,118,20.4,13.1,0.535
26.5,11.1,98,190,23.6,16.6,0.552
30.5,13.5,227,70,28.6,16.3,0.962
34.5,13.3,396,481,27.1,19.5,0.974
32.8,12.3,371,271,27.3,9.1,0.943
32.5,11.2,54,392,25.8,16.5,0.671
36.7,11,48,489,26.7,12.7,0.932
35.6,9.9,150,248,22,11.9,0.526
39.3,9.9,82,149,25.9,22.2,0.846
29,10.9,343,82,25.6,19.5,0.673
28,13.7,63,492,29.8,16.6,0.595
39.2,14,463,211,25.4,22,0.636
36.3,13.6,327,282,25.2,21.2,0.908
39,10.9,309,421,27.8,21.8,0.549
32.4,11.9,250,128,20.1,4.2,0.684
36.2,10,427,451,26.7,6,0.938
38.9,13.9,423,307,25.7,17.2,0.597
28.4,11.3,485,142,24.2,12.2,0.926
37.2,12.3,72,22,28.7,18.1,0.551
38.2,13.2,201,362,21.4,12.3,0.683
34.7,12.4,443,127,20.9,17.5,0.995
38.4,12.5,95,122,24.4,3.5,0.51
37.2,12.4,492,241,28.3,3.3,0.891
36.4,10.8,30,329,26.4,6.8,0.815
30.4,14,92,45,20.5,10.7,0.742
32.9,12.9,62,314,22.4,5.7,0.903
27.4,10.8,242,290,20,12.1,0.782
39.4,9.7,78,155,29,9.1,0.649
33.8,9.7,452,430,21.7,6.4,0.818
34.2,11.7,236,445,21.1,15.4,0.855
34.6,12.6,334,107,28.4,5.6,0.521
35.3,13.4,89,216,29.9,16.2,0.595
37,14.3,69,52,20.7,18,0.552
31.8,10.5,445,155,26.9,12.3,0.506
26.7,12.6,404,458,21.8,5.5,0.697
36.1,12.5,232,269,20.4,11.1,0.788
34.6,9.7,340,309,20.2,6.3,0.767
39.4,13.3,307,311,24.8,22.1,0.648
32.7,11.4,44,473,22.6,19.8,0.723
30.9,9.9,45,427,21.7,8.6,0.687
35.2,14,363,455,27.1,18.8,0.99
27.7,14.4,456,346,28.8,5.2,0.538
35.9,12.2,323,219,28,7.3,0.788
39.4,13.9,210,35,23.9,17.1,0.757
31.3,12.8,151,133,22.3,4.3,0.89
28.5,12.6,270,51,21.8,16.8,0.806
31.8,12.3,65,227,25.6,16.8,0.667
37.7,13.3,274,232,23.9,14.4,0.627
33.1,13.9,498,229,23.6,16.8,0.661
35.1,13.5,216,67,23.8,8.6,0.965
39.3,10,316,160,26,17.6,0.835
37.6,9.9,322,91,28.6,12.4,0.739
29.8,10,202,84,24.1,5.3,0.504
30.2,10.6,237,35,22.5,3.7,0.759
28.8,12.1,239,140,23.3,4.8,0.968
27,9.8,276,479,23,19.6,0.868
37.4,13.3,411,65,28.5,19.7,0.793
29.6,9.9,223,211,28.5,6,0.864
29.7,11.6,205,208,24.7,21.2,0.834
30.4,12.9,142,209,26.3,18.8,0.896
37,10.9,481,417,21.6,17.4,0.674
31.5,12.7,57,330,28.7,4.4,0.603
27.6,12.4,339,443,27.6,6,0.631
26.7,12.6,24,217,21.8,12.6,0.751
31.5,12.6,35,90,26.1,14.1,0.538
28.6,12.5,379,234,21.5,18,0.881
37.9,12.9,27,433,28,13,0.624
29.7,12.2,171,390,28.2,11.6,0.663
30.8,9.9,203,44,25.5,3.9,0.759
29.7,12.4,490,260,28.6,13.4,0.939
38.3,10.2,368,124,24.9,5.5,0.887
28.2,13.4,190,71,21.1,2.3,0.927
37,9.6,137,240,29.2,14.2,0.857
27.9,10.3,495,245,21.6,10.5,0.91
35.4,11.9,131,417,21.3,2.8,0.534
32.5,9.7,38,257,28.2,16.4,0.944
35.4,10.8,463,265,23.7,6.9,0.955
33.1,9.9,379,179,28.1,18,0.576
35.4,11.3,265,333,25.1,20.1,0.769
39.2,12.8,139,330,24.8,19.8,0.871
36.6,13.1,88,441,23.7,7.2,0.922
28.5,12.1,384,331,22.4,16.8,0.833
30.5,12.7,313,244,26.9,4.3,0.769
27.2,10.4,155,49,28.4,14.1,0.704
32.2,12.8,40,442,26.2,19.6,0.801
35.3,11.7,111,288,28.6,4,0.942
30.2,12.1,313,258,21.8,6,0.872
39.5,11.1,398,75,27.5,5.9,0.511
30.7,10.6,377,428,22.3,5.2,0.547
37.6,10.2,75,246,24,12,0.501
31.8,11,375,126,23.2,20.7,0.805
39.2,12.4,395,438,22.4,9.3,0.895
39.4,11.4,469,279,20.2,9.9,0.852
31.9,12.5,435,160,22.8,11.6,0.616
31.1,14.1,114,92,24.4,20.4,0.894
29.2,13.4,427,496,20.5,17.3,0.588
27,14.1,387,56,26.8,23.9,0.609
28.3,10.3,94,322,29.6,11.9,0.802
29.7,12.8,338,193,20.6,15,0.621
29.9,10.4,182,499,26.2,12.9,0.783
28.5,14,428,344,25.7,16.7,0.897
28.7,12.3,410,188,22.9,10.9,0.526
27,10.7,480,27,23.8,10.3,0.613
37.7,10.7,212,63,22.9,19.6,0.681
30.5,10.5,52,163,22.8,5.4,0.62
33.1,12.1,203,295,21.2,10.3,0.859
32.2,13.8,44,353,23,17.5,0.814
37.5,12.5,92,81,27.2,10,0.593
38.1,12,408,163,20.9,3.3,0.779
31.2,9.7,305,26,29.3,3,0.722
32,9.7,96,371,28.9,18,0.862
34.4,11,393,145,28,16.7,0.971
28.7,14,405,213,22.5,8.8,0.789
33.7,12.8,170,269,28.9,13.1,0.679
27.9,10.1,190,182,27,2.9,0.778
38.4,11.5,398,386,22.2,17.5,0.519
27.3,11.7,208,465,23.2,8.3,0.615
38.3,12.6,465,214,29.9,17.2,0.785
28.9,11.1,152,67,25.2,4.4,0.76
27.1,12.8,55,457,22.3,17.1,0.965
31.5,10.6,143,274,27.2,3.7,0.611
27.4,10.8,135,81,23.4,4.6,0.924
37.9,14.2,155,168,24.3,17.9,0.527
31.6,14.1,418,304,28.5,20.2,0.884
27.9,11.6,195,137,28.6,15.2,0.849
37.5,10.8,442,471,27.2,14.7,0.708
34.7,12.2,293,96,29.6,22.2,0.803
33.6,11.1,191,297,21.1,10.8,0.719
27.1,11.4,304,109,22.6,19.8,0.645
29.9,10.3,288,260,26.4,20.3,0.881
30,11,59,173,20.1,8.5,0.903
29.6,13.8,225,116,23.6,12.6,0.978
37.6,10.6,470,246,23.4,15.3,0.578
30.7,12.5,360,208,28.8,7,0.693
38,9.8,326,283,23.2,18.1,0.678
28.1,14.2,305,214,27.8,14.2,0.821
31.1,10.8,67,363,21.8,3.5,0.518
37.1,10.8,489,436,21.1,3.7,0.947
36.3,12.9,69,313,25.2,17.5,0.792
30.1,12.4,260,337,24.9,17,0.912
35.3,12.6,84,208,23.4,3,0.836
38.5,11.8,481,372,26.2,18.9,0.524
26.7,10.2,177,424,27.5,17.9,0.774
26.5,14.2,148,455,23.3,6.6,0.911
31.3,13.9,226,89,24.3,10.4,0.775
34,13.2,233,201,23.1,15,0.971
37.7,9.7,60,498,24.6,2.6,0.776
37.8,10.6,214,40,23,6.7,0.698
28.1,12.2,297,68,29.7,18,0.625
36.8,13.3,104,42,25,5.2,0.605
37.9,11.1,49,381,23.1,6.5,0.531
32.4,10.8,171,142,27.1,16.2,0.628
30.6,13.4,177,347,28.2,10.1,0.61
34.7,11,285,440,28,16.2,0.677
39.3,12.2,358,397,26.4,15.3,0.893
32.1,13.3,311,364,23.1,18.9,0.587
30.6,11.3,379,20,27.2,9.1,0.692
35.1,9.9,340,285,25.9,8.3,0.583
39,10.8,60,145,20.6,2.2,0.837
26.5,11.3,499,206,22.4,4.5,0.604
30.7,12.2,67,250,21.2,8.2,0.985
39,13.8,357,125,28.5,15.8,0.973
32.4,11.7,383,197,29.8,9.6,0.682
34.7,11.7,162,284,26.2,7.7,0.57
33,11.6,176,258,29.9,24.8,0.619
32.6,11.6,350,71,21.7,13.6,0.899
27,10,458,32,28.8,15.2,0.907
39.1,14.2,467,77,23.8,19.8,0.558
29.9,12.7,117,384,29.4,13.1,0.528
30.3,11,249,55,25,12.4,0.579
36.2,11.4,200,384,26.3,4.7,0.608
26.7,13.7,338,108,22.8,2.6,0.683
31.3,11.1,366,317,26.4,23.4,0.873
37.5,12,224,365,27.9,5.9,0.988
36.9,11.4,399,332,27,9.1,0.923
33.3,13,126,79,23.1,9.6,0.565
38.5,11,179,291,25.6,19.4,0.671
27.5,10,494,228,25.7,3.9,0.929
30.6,10.6,316,135,23.7,16.8,0.518
35.3,13.8,454,307,23.4,3.2,0.546
30.9,14.2,237,490,23.3,2.6,0.728
36.4,11.7,408,446,21,10.9,0.952
35.2,12.6,194,236,29.7,18.2,0.516
35.4,12.2,284,464,27.1,21.7,0.508
32.9,10,341,80,27.8,12.5,0.591
35.3,11.3,36,159,20.4,9.1,0.514
34.8,9.8,339,475,24.2,9.9,0.716
36.1,11,144,361,23.1,6.7,0.913
35.2,12.2,270,490,21,10.6,0.576
35.9,10.8,213,287,20.6,17.7,0.926
33.4,13.7,257,175,21.9,18.9,0.511
33.3,10.5,126,409,26.9,23.3,0.921
33.6,12.9,240,448,21.3,3.1,0.993
31,12.1,310,104,20.6,11.7,0.877
28.2,10.2,264,362,29,16.6,0.947
29.6,11.9,367,225,24.2,3.5,0.762
27.8,11.9,380,482,29.7,15.6,0.585
26.6,12.2,185,127,20.4,8.1,0.799
34.1,13.1,454,314,28.2,24.1,0.719
31.9,12.1,179,359,24.4,11.6,0.509
30.5,11.2,51,281,23.3,11.9,0.831
28.7,14.3,165,45,23.2,15.4,0.61
34.8,13.7,215,310,23.7,8.6,0.638
32.7,12,298,249,27.4,12.4,0.65
39.1,10.6,447,238,25.7,6.9,0.581
29.3,13,206,435,24.7,14.3,0.946
29.5,13.7,123,368,24.5,16.9,0.53
27.3,9.6,300,60,24.6,21.3,0.656
33.6,13.8,228,416,27.6,23,0.707
33.6,14.2,89,365,24.1,10.3,0.914
36.2,10.3,320,335,25.2,5.7,0.711
31.3,12.4,389,320,21.8,12.1,0.919
29.5,13.9,183,100,20.5,13,0.633
31.7,9.8,121,26,29.5,24,0.961
28.4,13.8,146,66,21.6,9.4,0.667
35.7,10.9,302,338,25.4,13.3,0.983
26.7,12.9,482,275,25.6,16.7,0.689
38.4,11.7,49,214,25.5,8.1,0.642
28.3,10.7,394,414,22.6,6.3,0.73
37.5,9.8,469,477,23.6,11.2,0.887
35.3,10.8,496,293,28,23.7,0.756
32.9,13.3,360,257,29.4,10.1,0.915
28.4,13.6,448,271,21.9,8.8,0.761
27.1,10,189,385,20.2,10.3,0.845
29.1,11.5,176,197,28.4,20.6,0.934
35.8,10,241,122,20.2,14.1,0.626
31.2,10.2,390,342,24.9,17.8,0.5
31,12.1,26,215,30,25.9,0.826
30.6,13.2,74,36,22.2,4.4,0.725
35.5,9.9,308,233,21.3,15.4,0.589
35,12.7,417,449,20.8,18.4,0.977
32.5,11.4,61,459,28.6,3.3,0.953
31.7,12.1,445,58,29.5,22.4,0.784
26.6,9.7,191,379,26.1,22.7,0.907
30.1,12.6,245,100,22.6,9.4,0.611
31,12.7,363,473,25,13.5,0.885
28,13.3,118,114,27,11.1,0.542
37.7,10.1,33,416,28.9,23.2,0.85
32.1,10.7,151,395,27.7,15.6,0.968
29,11.2,195,482,28.1,7.4,0.617
36.8,10.3,436,267,27.6,17.7,0.933
30.1,10.5,168,383,20.7,13.2,0.848
28.2,10,80,308,24.9,4.3,0.995
30.8,9.8,337,221,25.9,5.1,0.791
31.9,12.1,332,317,23.6,5.9,0.79
38.3,12.4,354,352,21.1,4.6,0.954
27.4,13.5,458,299,26.4,2.8,0.916
33.3,10.5,433,191,21.3,9.4,0.548
39.1,13.5,99,428,25.5,14.7,0.886
35.6,14.3,473,252,27.5,11.3,0.726
29.8,12.7,262,392,25.1,20.6,0.664
31.6,13.3,254,90,26.4,6.8,0.954
38.5,11.5,114,62,24.4,13.2,0.654
33.9,14.3,68,355,27.7,16.6,0.544
33.6,12.1,257,334,27.8,23.2,0.765
32.6,9.6,455,168,21.5,14.2,0.869
26.8,12.8,439,157,23.9,12.5,0.957
32.2,9.9,330,196,23.8,20.2,0.66
33.8,12.1,76,33,25.2,20.2,0.577
32.4,14.4,65,158,20.2,17,0.621
38.2,12.7,117,102,27.4,20.6,0.545
34.5,11.6,431,101,24.1,3,0.748
34.4,11.5,279,378,29.7,7.2,0.884
36.8,12.5,83,378,27.6,20.4,0.607
35.1,10.6,421,237,26.6,2.9,0.74
29.1,10.5,461,172,27.1,8.5,0.819
31.5,13.9,141,265,27,7.6,0.856
34.1,9.7,111,254,24.5,17,0.629
26.4,13.9,53,462,29.4,6.3,0.823
34.8,12.3,119,54,29.6,26.6,0.951
30.2,10.6,412,300,23.2,6.4,0.747
31.6,13,124,419,27.8,5.6,0.645
36.1,13.6,83,282,29.3,26,0.596
27.2,11.7,252,113,22.9,6.4,0.977
35.9,13.4,132,111,23.7,10,0.857
28,9.6,43,171,24.4,20.5,0.817
37.1,11.5,128,247,29.8,10.4,0.871
28.1,10,271,469,28.5,23,0.676
35.8,14.1,88,468,29.5,11.5,0.82
31.7,10.5,102,439,29.1,24.1,0.659
32,12.3,229,367,21.3,9.1,0.847
29.4,12.8,321,262,28.5,22.6,0.743
28.8,11.4,232,477,21.3,11.8,0.963
32,13.7,359,370,21,8.8,0.906
33,14.2,296,478,26.4,7.8,0.643
37.8,14,202,345,26.6,20.6,0.733
36.7,13.6,411,146,23.2,5.8,0.564
28.3,11.2,311,363,24.6,17.3,0.74
27.5,11.1,365,231,25.3,12.2,0.879
33.4,11,68,393,25.3,3.7,0.577
37.4,13.4,95,236,27.3,16.6,0.94
34.4,9.7,262,476,21.6,4.4,0.517
32.7,11.6,492,259,22.3,12.2,0.737
36.5,10.7,101,411,24.8,13.1,0.637
30.6,14.1,99,29,27.8,12.8,0.87
34.3,12.6,158,84,26.1,10.1,0.798
37.3,13.6,188,418,21.2,19.1,0.682
31.1,14.2,416,57,22.1,17.8,0.898
29.4,9.9,47,315,26.6,12.5,0.888
35.9,13.5,145,299,21.2,5.8,0.662
34.5,9.9,486,205,22.7,7.2,0.797
38.6,12,175,184,25.7,3.6,0.586
27.8,13.4,104,45,20.3,7.8,0.787
34.2,12.3,129,220,27.1,18.5,0.666
34,10.1,133,109,27.8,8.8,0.69
30.2,9.9,180,380,29.3,10.2,0.722
29,10.5,64,333,29.2,14.8,0.584
39,10.4,419,112,23.8,21.4,0.96
27.3,10,475,162,21,7.6,0.772
31.4,13.6,337,316,26.5,3.3,0.917
27.6,10,440,265,25.9,11.3,0.571
30.7,11.4,334,276,22.9,8.1,0.599
30,11.5,234,174,23.7,14.7,0.957
35.6,12.8,127,289,20.8,14.8,0.822
35.9,11.7,428,227,20.7,11.6,0.98
34.2,12.2,223,423,24.8,15.8,0.98
36.1,13.7,205,456,25,10.4,0.703
38.3,10.9,362,148,21,11.4,0.812
26.9,12.9,211,61,29.9,11.9,0.917
35.6,10.5,222,223,29.4,4,0.641
28.3,12.8,495,166,26.6,23.8,0.652
28,9.8,390,187,26.7,21.5,0.589
35.5,10.5,370,345,20.2,18.1,0.588
31.6,12.8,147,385,26.2,22.3,0.571
29.4,13.8,430,21,23.5,7.8,0.628
32.6,12.4,173,139,26,15.4,0.689
36.8,11.9,345,156,26,19.4,0.637
34.4,14.1,351,217,26.6,18.8,0.618
32.5,9.8,376,407,29.3,23.8,0.969
31,9.9,448,107,24.1,5.9,0.776
27.5,9.8,312,251,23.3,5.3,0.805
36.5,11.7,201,272,21.9,16.6,0.695
37.7,14.2,103,496,21.4,17.7,0.698
31.9,13.6,261,224,21.2,3.3,0.99
27.2,12.1,446,277,28.6,13.7,0.829
27.2,10.6,382,319,24.5,16.7,0.568
36.9,11.8,36,454,29.5,19,0.635
34.8,14.4,142,371,22.1,14,0.892
29.6,11.6,317,480,25.8,13.3,0.836
33,11.9,497,388,24.1,14.6,0.861
38,10.6,165,132,28.6,12.6,0.996
27.7,13.8,465,207,27.8,15.6,0.864
26.5,12,420,44,20.2,5.2,0.732
34.1,11.8,488,174,29,6.5,0.644
36.1,13.7,40,74,27.5,15.3,0.619
28.2,14.3,338,25,23.5,2.7,0.602
26.7,11.5,273,119,20.1,5.4,0.927
39.6,12.4,292,202,26,17.7,0.994
36.7,13.9,39,317,22.6,18.6,0.738
33.6,10.7,435,292,29.5,22.8,0.852
27.8,14.1,71,287,21.8,12.3,0.748
37.2,14,328,37,20.5,5.4,0.898
33.8,11.4,187,331,25.4,8.9,0.758
34.5,13.5,272,356,23.8,12,0.961
27.2,12.2,498,348,25.4,14.9,0.655
36.6,14.1,79,437,28.7,8.9,0.6
38,10.2,476,500,27.7,8.9,0.941
31.4,12.5,251,196,24.7,19.2,0.677
32.3,11.3,160,306,29.1,21.2,0.599
36.8,14.1,342,150,28.1,8,0.795
27,12.3,346,495,22.9,4.2,0.702
37.6,13.2,392,285,21.3,2.4,0.504
38.1,10,116,324,29.6,20.4,0.981
28.5,10.9,74,476,24.6,5.1,0.724
31.1,12.1,295,194,20.5,7.6,0.949
33.9,12.6,483,69,20.7,15.1,0.575
36.9,10.3,373,185,21.2,14.7,0.643
38.5,10,84,485,23.9,6.9,0.976
30.2,9.8,41,446,28.3,13.3,0.891
30.8,14.4,374,198,23.3,12.1,0.72
36.4,9.8,109,73,21.5,19,0.979
34,11.1,485,39,28.9,11.9,0.948
33.7,10.2,478,480,29.4,16.7,0.781
38.7,10.6,377,150,29.5,4.6,0.55
29.6,13.7,446,281,20.5,18.4,0.539
39,13.7,299,440,22.5,13.5,0.804
38.1,12.8,302,350,27.2,22.5,0.842
38.3,12.1,372,369,25.2,22.1,0.745
36.3,10.1,482,430,24.5,13.7,0.721
36.3,11.6,29,144,24,8.1,0.883
27.7,13,147,222,20.9,16.3,0.986
34,11,152,234,25.6,21.3,0.688
32.5,12.1,418,452,24.3,12.5,0.967
38.9,11.7,213,194,29.9,22.2,0.81
32,9.7,230,407,28.2,25.3,0.937
29,12.4,322,267,23.4,7,0.64
30,12.7,47,328,21.6,3.7,0.633
36.6,12.4,262,252,27.9,12.2,0.865
31.4,14.3,440,68,21.7,3.5,0.567
38.4,11.9,249,52,27.2,9.2,0.794
38.7,14.2,196,373,22.1,13.7,0.764
39.3,13.5,81,381,28.2,17.6,0.814
29.2,13.7,198,457,21.7,16.9,0.622
33.7,10,199,103,27.3,13.2,0.505
37.6,11.8,98,374,27.3,3.3,0.582
38.7,10.2,56,394,29.2,6.4,0.534
39.3,13.4,238,437,27.9,18.6,0.561
32.1,12.5,478,429,20.5,11.3,0.945
38.8,11.6,342,389,28.1,15.2,0.976
39,13.7,77,279,26.3,14.8,0.912
37.3,12.2,77,30,25.8,8.3,0.876
33.1,12.5,200,115,27,6.6,0.944
34.7,12,50,248,20.3,7.2,0.872
29.7,12,281,212,25.3,15.9,0.908
31.4,10.1,372,403,27.8,10,0.843
26.9,9.6,29,62,28.8,8.8,0.513
35.3,12.3,284,98,25.4,9.9,0.702
34.2,14.3,397,158,29.3,8.8,0.931
30.8,12.3,149,190,22.5,16.2,0.635
37.3,13.8,93,213,26.6,4.9,0.694
28.7,11.6,226,289,27.5,11,0.856
35.4,13.2,431,119,21.8,13.4,0.84
35.1,13.7,378,87,28.3,9.2,0.626
32.8,12.7,487,198,29.6,21,0.617
32.8,12.9,464,82,28.4,10.7,0.566
30.3,12.8,493,161,26.2,14,0.862
30.8,12.3,221,291,20.8,2.5,0.706
27,10.8,421,286,25.1,3.7,0.868
36,10.4,96,55,24.2,10.7,0.77
29.3,11.8,215,357,20.3,3.9,0.841
28.6,12.6,471,243,24.5,4.1,0.923
32.2,13.8,320,139,26.7,4.4,0.65
34.2,10.2,291,137,24.3,8.4,0.582
29.8,12.5,52,165,28.1,25.2,0.569
34.1,13.5,467,29,26.3,3.1,0.956
30.8,11.8,234,372,27.5,4.8,0.929
33.4,13.3,56,47,22.7,17,0.829
31.6,11.2,160,275,25.2,21.3,0.945
27.2,12,393,362,26.5,21.2,0.712
33.8,12.3,398,78,29.2,15.9,0.798
33.4,13.2,438,384,28.4,21.3,0.773
38.5,12.2,247,199,23.1,15.1,0.975
32.9,11.6,330,343,24.6,4.2,0.625
28.7,12.3,360,105,20.1,6.2,0.817
35.8,11.8,242,297,25.7,21.5,0.598
37.3,12.9,207,405,22.4,14.9,0.554
36.2,11.8,107,98,22.2,16.2,0.877
37.2,10.5,301,251,23.2,17.3,0.764
34.3,13,173,311,27.9,3.9,0.555
37.8,11.7,76,400,22.7,4.4,0.989
30.1,13,172,296,29.3,23.1,0.811
33.5,14,303,177,22.1,7.5,0.883
29.9,10.5,88,322,27.6,13.2,0.967
34.8,13.1,239,456,20.4,4.7,0.878
37.3,10.3,143,263,29.2,6.7,0.7
30.5,11.8,358,488,28.1,10.7,0.746
33,13.2,451,276,23.7,8.6,0.593
31.3,13.6,91,73,29.9,20.9,0.659
27,13.6,361,60,21.9,17.3,0.986
27.6,10.7,354,277,20,6.9,0.532
33.8,11,308,485,22.2,7.2,0.812
38.7,11.8,326,32,23.4,15.6,0.771
32.2,11.1,433,85,24.7,11.8,0.579
32.4,10.4,153,85,21.6,10.8,0.665
36.8,11.9,217,270,26.8,10.5,0.757
29.4,9.8,204,91,22.7,14.1,0.801
32.3,10.2,331,420,22.4,17.4,0.715
33.8,10.7,54,148,26.5,23.2,0.669
31.8,13.6,437,475,22.2,3,0.73
31.5,12.2,348,436,21,17.3,0.696
35.7,11.5,369,203,26.6,8.8,0.875
39.4,10.9,131,134,21.9,17.2,0.767
32.1,11.6,246,149,28.1,11.4,0.515
34.6,13.1,304,204,30,12.6,0.943
26.9,13.9,182,99,22,3.8,0.919
29.3,14.1,318,134,29.8,5.5,0.706
35.7,13.4,460,119,20.6,5.1,0.779
37,9.8,356,199,29.8,14.7,0.607
35.5,10.6,136,344,29.1,10,0.851
26.8,11.2,459,310,23.6,5.4,0.717
30.1,12.3,110,235,24.2,2.9,0.84
35.7,10.6,422,172,24.4,9.3,0.513
32.9,14.1,246,297,22.7,3.6,0.893
31.3,13.1,143,325,24.4,14.9,0.966
33.7,11.1,441,166,27.5,20.4,0.964
35.6,11.4,472,250,25.8,7.9,0.675
29.8,12.9,277,471,27.4,3.6,0.752
26.8,10.7,163,447,21.4,14.5,0.78
37.1,11.7,222,231,23.4,5.5,0.685
34.9,10.3,336,462,29.1,20.5,0.997
33.5,11.7,197,224,29.6,5.6,0.729
29.4,12.9,452,321,29.6,15.7,0.507
28.3,11.2,162,326,25,16.5,0.616
28.8,13,21,40,28,24.3,0.679
29.1,9.7,301,302,29.7,12.9,0.984
27.1,13.9,214,169,22.8,3.1,0.572
33.2,13.9,220,221,29,3.6,0.937
30.5,13.7,42,401,22,13,0.644
28.6,14,319,97,22.5,6,0.754
31.6,11.1,133,399,21.7,4.1,0.58
33.7,13.5,109,182,28.4,7.1,0.896
37.3,12.5,349,380,20.4,5.7,0.613
34.1,13.1,30,43,25.1,13.9,0.91
26.5,13.5,31,23,20.1,9.7,0.615
37.8,12.4,306,402,22.7,7.1,0.832
31.2,12.9,70,78,25.4,17.3,0.826
31.5,10.7,400,205,29,9,0.766
31,10.9,442,394,24.6,6.6,0.843
37.2,11.4,174,167,27.7,19.3,0.59
33.5,12.4,458,101,22.2,14.7,0.714
33.1,13.9,261,170,27,3.5,0.515
37.4,9.6,267,130,27.3,10.6,0.991
34.2,11.4,185,448,26,18.9,0.543
37.1,12.6,347,86,23.5,18.4,0.537
35.8,13.5,438,388,23.9,9,0.729
26.7,13.9,475,263,29.7,25.9,0.89
28.6,11.2,254,305,24,17.4,0.81
32.3,13.3,302,430,20.6,18.1,0.966
38,10,319,239,22.1,15.7,0.842
36.4,11.9,477,450,20.3,7.6,0.973
29.6,14.2,450,70,29.2,24,0.858
35,11.6,59,382,25.8,11.4,0.646
37.3,11,159,94,22.6,9.2,0.889
38.9,11,293,133,29,13.1,0.623
28.1,10.1,132,247,28.7,8.2,0.975
35.4,14.1,314,491,23,17.9,0.845
33.3,11,493,342,25.1,16.4,0.82
29.4,11.3,469,56,22.8,14.6,0.828
35.6,13.4,484,401,21,12.9,0.594
27.7,9.6,474,95,23.5,12.5,0.901
36.9,10.3,424,461,24.5,19,0.739
28.8,12.4,156,187,22.5,6.5,0.859
29.8,14,180,262,22.8,8.6,0.849
27.5,10.1,323,338,25.5,12.9,0.573
33.5,14.4,136,448,22.3,13.8,0.592
28.8,11.6,315,40,28.9,16.2,0.542
31,13.6,72,161,29.4,12.7,0.746
39.5,13.3,409,215,22.7,19.5,0.695
31.9,11.8,61,327,26.3,3.9,0.505
38.6,11.3,58,28,24.7,3.8,0.632
27.2,9.6,219,57,22.3,16.8,0.629
38.3,9.7,406,64,29.2,21.5,0.63
28.3,11.3,321,379,29,5.6,0.936
30.7,11.4,432,478,25,2.6,0.708
27.2,13.4,66,143,26.8,2.9,0.991
32,14.2,259,298,24.3,5,0.827
27.3,13.6,145,138,27.2,11.9,0.796
36.5,12.1,101,465,20.5,12.7,0.559
32.7,9.8,211,460,29.7,24,0.738
27.5,13.8,75,429,29.3,19.4,0.632
26.6,12,499,391,27.9,12.7,0.959
36.9,14,163,179,26.5,9.2,0.95
32.7,10.2,189,183,28.4,10.4,0.773
34,11.5,123,244,29.4,19.8,0.529
26.5,10.3,250,176,23.4,18.1,0.771
33.6,10.5,266,340,27.7,4.8,0.655
27.9,10.7,400,176,24.6,11.7,0.512
38.8,13.2,382,378,28.9,25.7,0.865
28.5,13,332,201,20.1,5.2,0.642
32.9,14.2,197,417,20.8,4,0.543
35.1,11.4,183,360,26.5,8.8,0.809
39.5,12.3,423,164,21,9.8,0.902
28.7,10.3,271,493,23.2,14.8,0.818
35.2,13.3,374,466,25,15.8,0.786
36.5,13.2,468,223,25.8,18.7,0.803
39,12.8,444,299,29.4,15.3,0.984
38.6,9.7,166,336,28.7,13.5,0.567
27.6,12.5,138,290,24.8,8.7,0.867
38.9,14.4,121,141,23,12.7,0.889
34.9,12.2,98,124,20.9,5.5,0.895
28.6,10.7,445,51,28.5,12.8,0.969
36.4,10.1,409,164,26.5,20.4,0.601
32.8,13.1,289,111,26.8,9.1,0.565
31.9,9.9,38,76,26,15,0.833
32.7,12,401,415,24.2,4.6,0.952
29,11.1,85,423,23.5,18.7,0.52
29.2,11.2,220,313,25.3,8.3,0.558
34.4,13.8,349,470,25.5,17.8,0.517
30.8,10.8,381,244,28.6,22,0.676
33.3,14.3,413,452,24,3.2,0.546
33.4,13.3,43,221,24.6,17.3,0.933
26.9,10.6,355,393,29,10.4,0.744
31,11.2,244,126,26,10,0.668
28.8,10.2,34,486,23.1,18.1,0.694
28.2,9.7,436,321,24.1,12.9,0.7
29.2,10.3,384,72,24,15.1,0.525
37,11.9,295,414,25.8,20.6,0.83
34.3,11.3,187,222,29.2,6.2,0.823
35.9,12.2,442,170,29.1,23.3,0.918
27.7,13.8,450,305,27.1,13,0.874
35,10.1,28,400,26.3,12.1,0.765
38.3,13.5,134,459,24.7,15.3,0.631
37.9,14.1,279,104,22.1,18.5,0.936
37.8,13.6,151,69,24.7,8.4,0.992
35.5,12.8,355,166,27.4,6.5,0.987
28.4,12.1,191,140,24.3,2.9,0.712
37.2,10.1,209,272,26.6,22.7,0.97
26.8,10.2,139,391,21.5,15.8,0.886
33.2,10.1,100,470,24.4,9.6,0.755
37.1,13.8,255,431,20.6,10.3,0.808
34.5,12.4,268,342,26.5,15.7,0.806
33.8,11.3,477,369,22.9,8.1,0.684
38,9.8,419,48,20.3,5.8,0.72
35.7,12,402,232,25.1,14.9,0.796
32.3,14.2,218,118,22.8,13.3,0.854
39.1,13,425,295,22.8,7.3,0.726
38,14.4,333,406,26.4,12.4,0.639
34.3,10,134,439,23.9,12.7,0.725
35.2,14.3,199,42,29.4,5.7,0.959
32.8,12.1,229,186,24.6,21.4,0.999
30.9,10.1,149,336,24.5,7.1,0.928
33.9,12.3,487,296,28.2,22.3,0.822
30,12.9,224,169,26,19.6,0.51
30.2,12.5,291,311,28,18.4,0.797
27.9,12.7,210,122,22.8,17.5,0.795
35,12.3,22,259,21.7,18.5,0.539
30.3,10.1,392,381,20.9,8.2,0.647
36.7,11.1,457,303,22.3,10.5,1
30.6,12.2,121,93,24.2,9.1,0.897
36.1,13,464,446,25.1,3.6,0.866
31.7,11.5,414,410,27.7,20.3,0.638
31.7,11.3,188,406,25.2,3.8,0.556
38.4,14.2,383,281,27.5,3.9,0.988
29.5,10.4,455,403,25.5,22.5,0.827
38.1,11.5,40,165,28.1,20.2,0.675
27.5,11,352,239,29.3,21.6,0.854
33.8,13,405,313,26.8,22.9,0.847
36.5,11,36,242,28.5,6.6,0.904
26.8,9.8,35,415,23.8,5.6,0.686
29.1,10.4,208,152,24.1,7.2,0.728
31.4,13.1,120,302,25.3,10.2,0.54
39.6,10.2,231,59,22,19,0.535
28,12.6,299,89,24.2,11,0.811
31.9,10.4,453,491,24.8,22,0.925
37.4,14,128,341,22.8,19.2,0.998
39.1,13.5,184,225,28,8.6,0.562
32.4,10.2,352,426,27.7,13.4,0.519
39.3,12.9,130,280,21.1,13.7,0.755
29.2,13.6,269,270,24.8,19.7,0.674
39.6,13.4,167,442,23,16.2,0.605
36.8,10.9,274,358,20,14.5,0.68
38.6,10.3,100,41,23.4,15.9,0.557
34.5,12.4,275,301,23.3,18.8,0.562
34.6,11.4,90,266,22.9,17.5,0.602
38.2,13.2,210,43,29.8,24.5,0.661
27.5,12.8,405,433,22.3,13.1,0.501
28.1,11.9,462,398,20.4,2.1,0.774
28,12.2,178,466,29.2,24.6,0.523
38.6,12.1,369,315,23.8,15.9,0.714
36.6,11.1,217,402,28.7,17.2,0.997
37.1,9.7,180,53,26.7,7.8,0.87
27.4,14,58,130,27,20.5,0.578
34.5,11.7,410,112,26,5.6,0.785
29.1,11.3,115,189,25.6,14.5,0.782
36.9,10.5,25,426,28.7,11.5,0.686
36,9.7,386,30,27.4,14.3,0.894
34.4,11.5,247,106,26.9,20.9,0.786
30,11.8,449,132,26.7,4.5,0.636
35.7,10.8,296,360,24,7.2,0.808
32.1,11.5,208,146,21.5,7.6,0.902
39.2,10.6,169,102,23.2,17.4,0.741
38.8,11.8,166,219,29.8,13.4,0.816
28.2,12.4,429,467,20.8,16.4,0.718
32.8,11.6,366,180,20.1,3.2,0.71
39.3,12.2,307,410,21.1,15.5,0.876
34.9,10.7,353,31,22,4.5,0.646
34.1,11.5,425,153,29.1,20.3,0.92
30.6,11.2,388,209,22.6,4.1,0.521
27.9,13.2,347,288,22.2,17,0.905
32.8,13.1,167,454,23.5,4.7,0.848
37.6,9.8,323,365,22.6,16,0.987
39.1,12.7,412,154,27.2,15.6,0.699
35,11.9,103,352,25.3,20.7,0.885
33.1,12,236,412,27.4,11.2,0.983
28.9,12.5,32,422,21.9,13.7,0.533
33.2,12.7,240,339,25.9,19,0.825
32.6,12.5,118,24,23.5,9.5,0.561
36.7,10.7,96,308,28.8,7.1,0.512
29.9,10.2,330,361,22.1,4.5,0.901
29.2,11,407,368,27,20,0.653
36.5,13.6,424,211,23.5,5.3,0.736
39.4,10.8,435,58,25.9,14.6,0.56
26.4,12.2,391,124,21.2,12.5,0.93
32.5,13.8,260,88,25.3,11.6,0.763
29.4,13.9,434,269,21.7,2.4,0.815
27.8,10.5,108,488,21.7,12.9,0.606
26.7,10.2,493,183,25.7,13.5,0.536
28,13,230,444,26.6,7,0.531
39.5,13.5,241,257,20.4,8.8,0.55
36,10.5,305,129,20.2,16.4,0.783
34.6,11.5,495,264,28.1,22.9,0.953
29,10.9,257,126,29.5,23.9,0.928
29.4,12.8,34,440,24.5,19.5,0.657
32,10.5,367,375,25.7,8.6,0.597
30.3,14.1,268,366,21.4,12.8,0.709
32.1,11.9,77,157,20.3,9.6,0.753
37.9,11.4,212,195,27.3,5,0.839
31.2,13.1,119,492,20.4,13.2,0.758
31.3,11.8,82,160,26.7,16.1,0.824
33,12.9,153,54,21.3,15.8,0.658
27.1,12.7,430,184,23.8,15.2,0.832
27.8,9.9,225,474,27.3,23.3,0.658
28.6,10,192,338,21.2,13.3,0.592
28.7,14.1,259,227,28.3,17.4,0.709
26.4,11.1,403,470,29.5,7.6,0.609
37,10.5,110,116,25.9,17.4,0.601
32.1,14.1,235,191,28.2,6.5,0.784
33.9,12.3,27,172,26.8,13.4,0.982
28.1,12.7,157,351,20,6.2,0.525
33.8,10.9,123,36,20.7,5.4,0.787
38.2,14.3,272,286,29.9,12.5,0.568
38.6,13.7,161,434,20.1,10.9,0.614
30.7,13.4,245,359,29.4,5.9,0.76
38.6,13.5,50,280,26.2,4.6,0.793
30.9,10.9,416,233,27,4,0.57
39.5,14.3,218,323,22.2,6.5,0.59
28.5,10.2,480,273,24.3,10.5,0.691
28.5,9.6,466,425,21.1,10.5,0.955
38,14.1,397,177,21.5,17.3,0.707
30.4,12.5,377,334,20.7,6.3,0.766
28.8,14.4,256,225,25.7,17.7,0.956
36.5,14,468,273,22.6,19.3,0.996
29.3,13.2,276,243,26.1,11,0.584
38.1,12.6,228,110,24.5,14.3,0.665
39.2,11.2,286,302,25.1,21.3,0.741
37.3,12.1,245,181,22.7,2.9,0.529
33.4,10.7,182,483,23.9,9.8,0.75
30.8,13.3,205,144,29.6,26,0.721
30.5,11,49,469,30,10.8,0.993
36.3,10.4,413,169,27.3,3.7,0.701
36.4,11.1,414,73,28,8.1,0.574
29.5,14.3,54,252,28.9,9.6,0.614
29.5,14.3,127,232,28.5,15,0.681
32.4,14.3,459,293,22.4,12.4,0.598
36.9,13.2,45,229,26.9,11.5,0.554
32.4,11.1,86,143,23.9,9.1,0.86
33.4,10.5,273,102,24.7,6.7,0.704
31.4,9.8,259,396,24.1,20.4,0.533
38.8,13.6,265,195,23.9,12.8,0.804
26.5,10.1,344,50,24.8,20.9,0.713
27.6,14.2,280,484,26.1,10.9,0.672
32.6,12.5,267,407,22,11.6,0.731
30.3,10.4,276,445,26.9,20.3,0.775
34.5,11.3,386,113,22.5,12.1,0.559
37.2,13.1,427,235,24.8,11.3,0.754
38.3,11.2,248,389,23.2,10.8,0.79
34.4,12.8,263,226,23.7,15.8,0.925
29.7,13.6,300,432,27.1,5.9,0.821
34.3,13.4,31,387,27.9,17.4,0.753
36.4,13,193,335,27.7,21.6,0.727
31.6,9.9,403,283,26.2,20.9,0.874
27.1,9.8,181,137,29.2,25.8,0.6
37.8,11.3,199,185,22.3,18.5,0.503
34.7,14.3,264,105,20.7,18.1,0.777
28.9,13.9,93,147,23.6,9,0.532
27.5,11.6,290,450,22.7,13.8,0.964
36,14.1,364,197,29,19.3,0.557
28.2,13.9,153,92,22,15.2,0.606
32.9,10.1,472,472,25.5,3.8,0.507
33.7,10.5,306,346,24,10.1,0.58
26.5,12,233,64,27.4,6.7,0.816
38.9,12.9,372,188,25.5,12.8,0.85
31.8,11.2,266,192,23.3,17,0.527
30.3,14.3,473,261,23.3,18.4,0.581
38,11.1,167,413,20.7,2.1,0.737
