31.8,17.8,55,455,28.2,19.1,0.669
38.8,22.5,88,185,27.9,8.5,0.909
34.6,24,237,170,50.3,18.9,0.985
30.4,17.2,75,122,39.7,11,0.548
36.6,20.8,284,197,53.6,22.1,0.543
37.9,23.1,98,65,46,22.5,0.925
36,20,486,406,33,21.8,0.926
29.5,17.3,413,134,30.1,25,0.714
30.3,20.8,323,387,51.6,24,0.553
42.2,19.8,424,128,43.5,21.9,0.801
39,20.5,378,313,48.1,38.6,0.794
42.5,22.9,446,153,54.6,47.5,0.783
36.3,18.4,464,239,31.8,7.6,0.597
35.8,22.7,177,74,51.8,10.6,0.82
40.2,16.9,265,36,45.7,29,0.527
33.2,19,382,227,41.4,9.4,0.686
43,16.4,286,95,34.1,24,0.587
34.1,21.3,125,295,43.9,22.8,0.62
34.9,20.4,60,174,29.9,17.9,0.743
40.7,23,490,399,46.6,5.6,0.671
38.6,16.4,155,32,37.6,15.6,0.631
33.7,18.8,309,49,48.7,37.8,0.51
38.3,17.1,475,445,36.8,29.9,0.729
41.4,19.3,327,141,40.2,22.2,0.937
42.6,23.7,220,182,55,7.9,0.558
33.9,21.8,212,42,50.2,22.6,0.875
31.7,23.4,499,257,28.7,11.4,0.788
32.3,17.5,194,162,42.8,22.9,0.953
34.3,19.5,246,139,44.7,12.8,0.897
39.4,18.2,143,100,45.3,21.4,0.57
35.6,20.2,68,374,31.2,8,0.52
33,21.6,448,337,32.3,29.4,0.885
30.8,23.2,210,383,33.3,25,0.807
34.2,23.3,170,458,45.1,16.6,0.653
29.7,17.4,396,211,54.4,48.2,0.693
37.6,23.1,149,470,38.2,32.8,0.972
36.2,22.9,279,275,41.7,13.1,0.832
30.2,18.6,461,109,35.8,10.6,0.512
38.5,18.2,46,85,43.5,30,0.601
41.9,18,110,158,36.4,2.5,0.919
37.1,23.4,161,80,28.3,26.3,0.683
39.5,17.7,242,54,53.1,30.9,0.766
41,18.1,420,419,46.9,7.9,0.948
37.7,20.9,182,202,33.5,5.4,0.52
33.3,18.5,222,484,49.6,18.9,0.894
36.7,19.2,189,317,46.5,22.3,0.539
32.9,18.9,476,44,48.3,6.3,0.966
30.7,22,304,492,42.5,9,0.721
35.4,23.5,403,439,47.2,27.8,0.837
32.8,23.6,137,62,44.2,15,0.611
31.5,16.6,373,425,49.4,21.6,0.636
33.4,19.6,387,437,37.9,30.1,0.644
29,20.1,488,359,33.8,22.6,0.75
33.6,20.4,320,216,32.5,19.8,0.504
32.3,22,435,367,55.8,48.1,0.995
31.3,23.8,202,379,41,25.5,0.531
34.7,21.5,470,495,35,2.9,0.628
41.2,22.8,29,303,45.9,10.1,0.931
35.7,20.3,167,307,29,3,0.904
37.4,17.9,342,343,53.6,41.4,0.978
40.8,19,438,328,37.5,21.2,0.814
31.9,21.1,353,102,36.7,26.8,0.855
43.1,17.4,86,394,32.2,10.4,0.981
28.9,17.6,234,268,52.6,39.1,0.648
35.2,22.4,92,411,30.3,3.8,0.876
38.9,19.2,129,253,40.9,11.1,0.679
42.5,22.5,390,464,34.7,17.7,0.658
31.1,22.1,367,362,31.5,5.5,0.958
40.5,16.9,131,226,49.9,39.4,0.61
35.1,18.3,452,199,39.2,15.9,0.775
39.9,21.3,428,417,50.9,42.8,0.703
38.1,22.2,350,475,47.6,40.3,0.86
42.8,18.7,414,149,30.8,13.2,0.581
32.5,19.8,404,166,49.1,33.6,0.576
36.6,21,184,72,38.8,4,0.848
29.2,21.7,270,288,43.2,26.6,0.734
41.9,21.5,366,350,37.1,33.1,0.568
32,21.4,256,318,41.8,14.9,0.911
39.9,19.7,103,479,39.9,21.7,0.719
29.2,16.2,255,289,44.3,19.8,0.662
30.8,19.4,315,281,29.3,7.8,0.777
40.4,20.7,111,333,34.3,26.1,0.756
41.7,20.6,338,489,29.6,21.1,0.817
40.2,17.5,72,232,40.5,36.6,0.762
30,22.3,261,265,30.8,6,0.737
40.9,16.7,21,428,54,26.8,0.591
29.9,18.7,335,218,35.1,32.2,0.842
31,17,82,246,53,39,0.796
29.6,18,39,116,42.2,13.9,0.707
37.3,22.6,303,242,51.2,36.8,0.96
41.6,21.9,35,112,52,12.7,0.827
37.9,19.6,292,20,35.6,29.4,0.616
39.2,16,204,88,52.3,18.4,0.87
32.7,20.1,295,403,50.8,4.7,0.991
38.3,16.2,33,354,48,8.8,0.749
36,16.5,121,27,38.5,5.7,0.858
42.2,21.1,150,191,55,35.6,0.564
39.6,16.3,53,324,36.1,19.5,0.7
34.4,16.7,227,448,55.3,35.3,0.942
37,23.9,357,273,39.4,22.7,0.887
36.2,20,41,153,46.4,25.7,0.54
30.4,20.9,294,94,50.1,12.5,0.985
32.5,19.6,193,83,49.8,28.5,0.841
36.5,23,344,438,40.3,20.7,0.752
31.8,19.9,65,396,48.8,4.6,0.649
34.6,18.1,80,396,40.8,13.6,0.553
32.5,21.1,235,79,42.5,5.4,0.92
38.4,20.9,22,103,35.2,14.8,0.999
30.8,21.1,170,34,36.9,31.9,0.715
40.4,22,242,443,40.3,13.1,0.672
39.5,19.8,62,350,39.6,33.5,0.556
29.4,18.6,97,24,35.3,11.6,0.915
35.5,19.3,283,179,41.9,27.1,0.67
37.1,21.5,66,204,34.1,10.6,0.544
34.6,18.1,20,444,45.6,22.3,0.651
36.4,23.9,192,412,41.9,15.7,0.735
42.2,21.5,266,25,41.8,12.9,0.835
43.2,21.7,447,497,48.4,14.8,0.878
43,18.6,389,77,42,35.6,0.622
33.5,19.7,489,484,38.8,5.5,0.998
30.1,20.2,22,32,34.7,7.9,0.95
37,16.3,375,358,47.5,17.3,0.612
31.9,21.2,42,295,37.6,30,0.802
34.7,21.6,116,106,43.5,26.9,0.522
40.2,23,471,467,47,43.8,0.56
36.5,17.2,277,495,40.3,31.1,0.663
38.8,20.8,365,404,34.9,24.9,0.634
42.1,22.7,169,218,43.2,24,0.705
31.8,19.6,21,154,35.9,18.5,0.678
34.1,18.8,401,408,47.1,39.6,0.53
32.9,17.3,173,459,41.6,24.8,0.942
40.5,19.8,204,256,33.9,23.9,0.994
43.1,21.7,474,377,43.4,3.4,0.935
41.4,23.9,490,479,43.9,21.7,0.863
41.7,22.8,371,456,44.2,30.8,0.982
42.7,17.7,328,84,45,28,0.879
39.9,23.5,288,136,37.1,17.1,0.664
31.5,18.9,476,386,45.1,41.6,0.837
32.3,17.2,418,435,45.1,21,0.763
31.4,18.5,348,499,46.6,31.6,0.624
33.9,21,293,294,34,23.5,0.573
30.5,17.3,461,467,38.5,8.2,0.716
41.6,23.6,251,121,48.5,8.1,0.819
29.3,22.5,78,356,47.7,17,0.906
39.6,23.3,282,61,34.9,12,0.791
37.9,17.9,278,128,43.1,24.6,0.911
39.1,18.1,361,33,43.9,29.7,0.713
29,22.6,24,340,42.6,17.7,0.813
42.3,23.5,122,264,45.8,37.4,0.777
37.9,18.2,294,474,47.6,13.2,0.63
29.8,22,291,409,48.9,40.2,0.587
41.9,21.9,333,109,37.8,15.9,0.639
32,17.4,335,151,37.8,18.6,0.8
41.2,17.7,415,268,34.2,4.7,0.723
34,24,472,410,35,3.8,0.761
34.6,20.8,105,431,37.1,13.4,0.603
30.2,18.6,254,427,45.3,40.6,0.778
41.9,23.7,194,300,48.4,37.9,0.974
31.7,20,329,356,38.4,30.3,0.96
29.5,19.1,404,141,45,28.7,0.867
29.2,16.5,85,319,36.9,16,0.563
33.2,17.9,85,204,36.1,7.8,0.904
32,21.8,370,129,39.5,9.6,0.918
41.4,22.1,175,147,37.7,5.7,0.651
31.2,16.8,25,254,48.3,10.4,0.524
32.8,19.9,358,400,48.2,17.3,0.696
29.9,16.1,309,352,43.5,37.1,0.623
32,19.4,402,340,35.1,12.4,0.71
40.8,16.2,394,152,38.6,18.7,0.838
37.5,23.6,275,64,35.8,8.2,0.555
32.4,21.6,38,138,36.5,19.5,0.794
39.2,21.8,25,200,38.6,9.4,0.888
37.9,22.3,91,420,34.4,29,0.64
38.3,17.9,238,49,42.9,36.5,0.839
42,18.4,380,54,36.7,31.7,0.662
41.5,22.1,400,423,36,2.2,0.924
38.1,16.8,478,108,33.8,13.7,0.834
32.6,22.2,385,155,42.9,12.2,0.69
28.8,19.2,221,48,36,9.1,0.618
41.1,16.2,125,96,39.2,23.3,0.747
36.2,22.9,488,483,42,21.8,0.768
35.3,18.7,32,254,46.2,29,0.946
33.8,19.2,130,395,49.6,6.4,0.844
36.3,22,33,486,35.5,3.3,0.935
40.3,16.2,107,83,50.4,10.4,0.913
39.4,21.8,437,181,47.2,12.1,0.717
37.8,17.3,227,494,48.7,12.3,0.83
36.4,19.7,391,375,41.4,15.8,0.541
39.6,21.6,486,389,48.6,28.2,0.743
34.7,22.4,375,411,48.5,44.6,0.853
39.1,17.2,64,337,38.8,15,0.762
38.1,22,178,420,43.4,16.1,0.882
39.5,17.2,466,376,34.8,24.8,0.685
30.3,21.4,356,354,37.8,19.5,0.851
41.7,21.9,70,188,38.7,7.2,0.734
30.2,23.8,45,483,44.3,33.7,0.656
34,16.8,353,318,49.6,14.5,0.97
34.4,18,154,355,46.2,36.5,0.934
30.2,16.5,433,87,44.1,26.1,0.824
33.7,22.7,325,453,43.7,5.3,0.585
29.2,22.9,345,135,36.9,22.6,0.596
41.4,23.3,287,353,43.9,3.7,0.537
34,17.4,341,66,49.7,34.4,0.509
36,22.4,281,383,40.9,8.6,0.732
42.4,20.7,140,146,42.6,16.4,0.666
39.9,22.5,72,238,43,18.5,0.634
31.1,17.8,243,131,44.1,9.4,0.608
39.8,19.3,407,183,48.3,4.4,0.586
35.2,21.7,124,267,35,32.3,0.875
39.3,16.8,106,248,48.6,38,0.731
38.4,17.3,187,95,36.3,24.4,0.989
38.3,22.4,161,367,46.4,30.9,0.744
33.2,17.2,71,494,34.2,12.2,0.687
38,22.5,500,178,36.3,15.9,0.807
38.4,22.2,388,158,50.3,35.1,0.809
38.6,23,215,192,36,16.3,0.528
37,17.1,147,65,43.3,27.1,0.916
33.1,22.1,456,49,47.9,8.6,0.691
38.7,19.8,229,312,41.3,29.2,0.516
33.2,23.8,158,405,42.2,25.3,0.62
38.9,19.6,219,242,47.6,41.3,0.641
39.4,21.4,421,463,41,11.5,0.591
42.2,22.4,81,434,40.8,9.5,0.88
40.5,22.2,94,374,44.6,19,0.52
42.3,18.2,328,391,35.4,32.9,0.563
31.9,19.1,107,61,39.6,21.9,0.78
38.7,23.3,113,230,33.9,25,0.751
29,21,255,329,35,20.2,0.745
29.1,23.4,346,37,49.3,31.8,0.799
33,21.8,315,419,34.4,16.2,0.673
33.7,22.6,286,325,47.4,37.6,0.781
38,23.1,365,305,42.6,37.7,0.569
32.5,17,331,23,36.2,27.8,0.733
29.8,19.5,270,255,36.4,14.9,0.855
40.9,17.4,417,80,43.9,9,0.549
35.1,21.7,439,497,44.9,24.8,0.981
39.2,23.9,102,328,43,8.3,0.932
36.2,18.3,460,327,36.3,11.5,0.958
36,21.4,125,253,41.9,30.2,0.863
37.4,22.9,297,210,42.3,3.7,0.941
42.6,23.3,138,347,45.2,27.3,0.846
36,17.7,106,203,35.2,23.1,0.992
42.4,16.9,310,90,40.2,30.9,0.75
42.8,20,141,276,46.6,17.6,0.866
36.2,23.1,490,351,45.9,20.2,0.873
42.2,22.9,315,74,37.5,11.7,0.654
30.3,20.5,453,278,35.6,13.7,0.703
37.3,17.4,408,245,45.7,35,0.583
29.8,20.5,186,151,48.3,15,0.506
42.3,18,282,240,34.8,3,0.688
41.7,19.9,37,303,45.7,13,0.979
34.3,23.1,206,292,46.4,20.5,0.604
36.2,23.1,279,22,50,45.5,0.551
40,19.2,343,332,34.6,15.6,0.742
38.7,21.9,326,120,38.5,28.5,0.94
29.9,21,451,398,43.6,25.2,0.858
38.2,21.7,216,93,46.4,41.8,0.813
42,16.6,48,237,39.7,27.4,0.522
39.9,18.9,137,451,39.4,28.4,0.575
42.5,16.5,158,120,49,22.5,0.749
31.7,17.9,280,117,41.8,37.8,0.756
35.5,21.7,233,494,42.7,6.4,0.807
32.8,18,486,323,43.8,8.6,0.701
36.7,20.3,134,464,39.8,6.3,0.949
33.9,18.5,55,366,46.1,18.1,0.8
31,21,318,322,33.8,16.7,0.514
35.7,22.5,112,71,40.7,20.4,0.503
32.8,17.4,251,357,36.9,17.5,0.861
40.1,20,109,424,47.4,43.2,0.828
32.4,19.9,424,318,45.5,27.8,0.9
42.8,17.6,243,375,50.3,9.7,0.792
30.3,17.2,415,399,44.3,5.1,0.882
42.2,18.8,164,218,35.6,18.9,0.938
35.2,21.2,362,463,39.3,10.2,0.905
40,23.6,283,112,43,9.6,0.86
31.5,17.9,455,284,50,30.3,0.574
30.9,23.3,26,274,40,36.3,0.962
32.6,16.7,449,97,40.6,27.9,0.9
37.1,19.8,57,27,33.6,12.1,0.736
32.2,18.2,23,38,44.8,13.4,0.502
43.1,16.7,350,473,46,29.7,0.692
37,22.3,51,41,47.7,34.5,0.909
30.1,19.5,298,47,35.1,8.3,0.657
42.9,17.5,335,460,49.2,28.8,0.734
29.5,16.5,136,37,44.8,15,0.768
35.5,21.8,156,76,35,2.5,0.508
39,20,384,114,44.3,19.7,0.711
42.7,19.4,311,212,34.6,9.7,0.502
37.2,22.3,395,229,42.6,28,0.653
41,22,157,187,35.9,21.3,0.972
33.1,20.5,324,370,45.4,33.8,0.914
38.2,16.4,79,348,46.9,40.1,0.844
33.7,22.9,46,27,41.2,34.6,0.939
36.1,17.3,289,53,44.2,11.1,0.668
32.9,20,105,207,44.9,15.8,0.699
35.7,22.1,129,21,42.3,22,0.697
36.6,19.5,491,98,46.8,18.3,0.853
37.4,17.3,317,288,43.8,11.8,0.77
38,19.5,368,87,37.1,28.6,0.594
34.9,21.1,248,193,37.3,25.9,0.909
29.8,21.8,313,421,44.5,6,0.727
41,18.7,324,432,37.7,33.8,0.718
31,19.7,429,39,38.8,13.7,0.892
38.9,21.3,387,325,37,5.7,0.545
29.8,21.3,484,493,42,7.7,0.735
29,17.8,86,487,47.5,21.7,0.869
35.2,19.2,499,309,35.9,22.3,0.789
40.9,16.1,443,343,41.8,5.5,0.648
41,22,381,499,37.3,34.3,0.93
33.5,18.3,196,135,50.3,10.6,0.693
31.6,16.8,479,487,45,22.5,0.612
29.3,18.1,288,219,36.2,9.4,0.67
31.6,21,385,117,36.6,12.9,0.931
38.2,18.8,113,46,42.1,6.2,0.749
37.2,18.8,286,261,47.5,31.4,0.523
32.2,21.8,168,76,37.9,23.7,0.669
37,22.3,174,34,46.8,20.6,0.566
40.8,22.9,285,175,40.5,18.5,0.899
39.3,18.1,160,452,35.2,23.3,0.972
39.1,22.9,149,481,35.8,29.1,0.68
41.6,19.2,352,426,45.1,6,0.88
34.4,18.7,140,162,41.6,27.6,0.951
40,23.6,481,450,49.9,18.4,0.724
30.8,18.8,333,240,47.7,3.6,0.958
35.5,17,394,404,46.4,22.7,0.921
41.1,17.8,119,255,42.5,36.3,0.564
33.2,18.1,185,349,40.4,12,0.772
35.9,22.6,29,116,39.9,5.8,0.825
31,17.1,73,200,44.5,30.7,0.536
34.2,18.4,346,131,36.8,8.1,0.647
33.1,24,462,461,47.5,38.5,0.838
32.7,19,258,349,49.9,24.3,0.553
38.8,18.2,357,202,38.7,19.5,0.572
34.8,21.1,112,174,48.2,36.3,0.963
31.5,18.7,431,377,34.1,24.9,0.547
34.1,20.6,115,414,48.1,31.8,0.831
30.7,23.1,60,123,40.9,24.2,0.541
38.1,19.5,87,372,38.2,13,0.548
40.8,19.6,252,327,46,32.3,0.627
36.5,19.8,90,320,36.8,23.2,0.922
35,19.4,497,489,48.9,27.6,0.978
39.1,19,441,29,50.2,35.3,0.948
31.3,23.7,426,59,46.8,24.1,0.66
39.5,20.6,164,178,49.9,16,0.705
40.9,19,145,307,36.1,7.2,0.652
37.8,23.3,253,118,34.3,22.6,0.535
28.9,18.5,98,190,39.7,28.7,0.552
33.3,22.6,227,70,48.1,27.8,0.962
37.7,22.2,396,481,45.4,33.7,0.974
35.8,20.5,371,271,45.9,14.5,0.943
35.4,18.6,54,392,43.3,28.3,0.671
40,18.4,48,489,44.9,21.3,0.932
38.8,16.5,150,248,37,20.2,0.526
42.8,16.6,82,149,43.5,38.8,0.846
31.6,18.1,343,82,43,33.8,0.673
30.5,22.8,63,492,50.1,28.2,0.595
42.7,23.4,463,211,42.7,38.6,0.636
39.6,22.7,327,282,42.3,37,0.908
42.5,18.1,309,421,46.6,37.9,0.549
35.3,19.8,250,128,33.8,6.1,0.684
39.5,16.6,427,451,44.9,8.8,0.938
42.4,23.1,423,307,43.1,29.7,0.597
31,18.8,485,142,40.6,20.6,0.926
40.6,20.5,72,22,48.1,31,0.551
41.7,22,201,362,36,20.9,0.683
37.9,20.7,443,127,35.1,30.6,0.995
41.9,20.8,95,122,41,4.5,0.51
40.6,20.7,492,241,47.6,3.8,0.891
39.7,18.1,30,329,44.4,10.3,0.815
33.2,23.4,92,45,34.5,18,0.742
35.9,21.5,62,314,37.7,8.7,0.903
29.9,18,242,290,33.6,20.7,0.782
43,16.2,78,155,48.8,14.4,0.649
36.9,16.1,452,430,36.4,10.1,0.818
37.4,19.6,236,445,35.4,26.7,0.855
37.7,20.9,334,107,47.7,8,0.521
38.5,22.3,89,216,50.3,27.4,0.595
40.4,23.8,69,52,34.8,31.6,0.552
34.7,17.4,445,155,45.2,20.6,0.506
29.1,21,404,458,36.6,8.3,0.697
39.4,20.8,232,269,34.3,18.8,0.788
37.8,16.1,340,309,34,10,0.767
43,22.2,307,311,41.6,38.8,0.648
35.7,18.9,44,473,38,34.7,0.723
33.7,16.5,45,427,36.5,14.1,0.687
38.4,23.4,363,455,45.5,32.5,0.99
30.2,24,456,346,48.4,7.2,0.538
39.2,20.3,323,219,47,11.2,0.788
43,23.2,210,35,40.1,29.6,0.757
34.2,21.4,151,133,37.5,6,0.89
31.1,21,270,51,36.6,29.2,0.806
34.7,20.5,65,227,43,28.9,0.667
41.1,22.1,274,232,40.2,24.7,0.627
36.1,23.2,498,229,39.6,29.1,0.661
38.3,22.4,216,67,40,14,0.965
42.8,16.6,316,160,43.6,30.3,0.835
41.1,16.5,322,91,48,20.6,0.739
32.5,16.7,202,84,40.4,7.8,0.504
32.9,17.7,237,35,37.8,4.9,0.759
31.4,20.1,239,140,39.1,6.8,0.968
29.4,16.3,276,479,38.6,34.2,0.868
40.8,22.1,411,65,47.8,33.9,0.793
32.3,16.4,223,211,47.8,8.6,0.864
32.4,19.3,205,208,41.5,37.1,0.834
33.2,21.5,142,209,44.1,32.4,0.896
40.4,18.1,481,417,36.3,30.3,0.674
34.4,21.1,57,330,48.2,5.8,0.603
30.2,20.7,339,443,46.3,8.8,0.631
29.2,21,24,217,36.6,21.4,0.751
34.3,21,35,90,43.9,23.8,0.538
31.2,20.9,379,234,36.1,31.4,0.881
41.3,21.5,27,433,47,21.7,0.624
32.4,20.3,171,390,47.3,19,0.663
33.6,16.6,203,44,42.9,5.1,0.759
32.4,20.6,490,260,48.1,22.3,0.939
41.8,17,368,124,41.8,8,0.887
30.8,22.4,190,71,35.5,2.4,0.927
40.4,16.1,137,240,49.1,23.8,0.857
30.5,17.1,495,245,36.3,17.6,0.91
38.6,19.9,131,417,35.8,3.4,0.534
35.4,16.1,38,257,47.3,27.9,0.944
38.6,18.1,463,265,39.8,10.9,0.955
36.2,16.6,379,179,47.1,30.8,0.576
38.6,18.9,265,333,42.2,35.1,0.769
42.8,21.4,139,330,41.6,34.4,0.871
39.9,21.9,88,441,39.8,11.3,0.922
31.1,20.2,384,331,37.6,29.2,0.833
33.3,21.2,313,244,45.2,5.7,0.769
29.6,17.3,155,49,47.6,23.6,0.704
35.2,21.3,40,442,44,34,0.801
38.5,19.4,111,288,48,4.9,0.942
32.9,20.2,313,258,36.6,9.2,0.872
43,18.5,398,75,46.1,8.6,0.511
33.5,17.7,377,428,37.5,7.8,0.547
41.1,17.1,75,246,40.4,20.2,0.501
34.7,18.3,375,126,39,36.3,0.805
42.8,20.7,395,438,37.6,15.2,0.895
43,18.9,469,279,33.9,16.6,0.852
34.8,20.8,435,160,38.3,19.5,0.616
33.9,23.4,114,92,41,35.8,0.894
31.8,22.3,427,496,34.4,30.3,0.588
29.4,23.4,387,56,45,41.9,0.609
30.9,17.2,94,322,49.8,19.5,0.802
32.4,21.4,338,193,34.7,26.1,0.621
32.6,17.4,182,499,44,21.6,0.783
31.1,23.4,428,344,43.1,28.7,0.897
31.3,20.5,410,188,38.5,18.3,0.526
29.4,17.9,480,27,39.9,16.9,0.613
41.1,17.9,212,63,38.4,34.3,0.681
33.3,17.4,52,163,38.3,8.1,0.62
36.1,20.2,203,295,35.7,17.4,0.859
35.1,23.1,44,353,38.6,30.4,0.814
40.9,20.9,92,81,45.7,16.2,0.593
41.6,20,408,163,35.2,4.3,0.779
34.1,16.1,305,26,49.3,3.1,0.722
34.9,16.2,96,371,48.5,30.8,0.862
37.6,18.4,393,145,47,28.5,0.971
31.3,23.4,405,213,37.8,14.4,0.789
36.7,21.4,170,269,48.5,21.8,0.679
30.4,16.9,190,182,45.3,3,0.778
41.8,19.2,398,386,37.3,30.5,0.519
29.8,19.5,208,465,39,13.3,0.615
41.8,21,465,214,50.2,29.3,0.785
31.6,18.5,152,67,42.4,6.1,0.76
29.6,21.3,55,457,37.5,29.7,0.965
34.3,17.7,143,274,45.6,4.6,0.611
29.9,18,135,81,39.2,6.5,0.924
41.4,23.7,155,168,40.8,31,0.527
34.5,23.5,418,304,47.9,34.9,0.884
30.4,19.3,195,137,48,25.6,0.849
40.9,17.9,442,471,45.7,24.9,0.708
37.9,20.4,293,96,49.7,38.5,0.803
36.7,18.6,191,297,35.4,18.1,0.719
29.6,19,304,109,38,34.8,0.645
32.7,17.2,288,260,44.4,35.3,0.881
32.8,18.3,59,173,33.9,14.2,0.903
32.3,23,225,116,39.6,21.3,0.978
41,17.6,470,246,39.4,26.4,0.578
33.5,20.8,360,208,48.4,10.6,0.693
41.5,16.3,326,283,38.9,31.5,0.678
30.6,23.7,305,214,46.7,23.8,0.821
33.9,18,67,363,36.7,4.7,0.518
40.5,18,489,436,35.4,5,0.947
39.6,21.6,69,313,42.4,30.3,0.792
32.9,20.7,260,337,41.8,29.3,0.912
38.5,21.1,84,208,39.4,3.5,0.836
42,19.6,481,372,44,32.7,0.524
29.1,17,177,424,46.2,30.8,0.774
28.9,23.6,148,455,39.1,10.3,0.911
34.2,23.2,226,89,40.8,17.1,0.775
37.1,22,233,201,38.9,25.9,0.971
41.2,16.2,60,498,41.3,2.6,0.776
41.2,17.6,214,40,38.6,10.4,0.698
30.6,20.3,297,68,49.9,30.8,0.625
40.2,22.1,104,42,42.1,7.5,0.605
41.3,18.4,49,381,38.8,10,0.531
35.4,18.1,171,142,45.5,27.6,0.628
33.4,22.3,177,347,47.4,16.3,0.61
37.8,18.3,285,440,47,27.6,0.677
42.9,20.3,358,397,44.4,26.2,0.893
35,22.2,311,364,38.7,32.9,0.587
33.4,18.8,379,20,45.8,14.6,0.692
38.3,16.5,340,285,43.4,13.2,0.583
42.6,18,60,145,34.6,2.3,0.837
29,18.9,499,206,37.7,6.4,0.604
33.5,20.4,67,250,35.6,13.3,0.985
42.6,22.9,357,125,47.9,26.9,0.973
35.4,19.5,383,197,50.1,15.3,0.682
37.8,19.5,162,284,44,12.1,0.57
36,19.3,176,258,50.2,43.3,0.619
35.6,19.3,350,71,36.4,23.4,0.899
29.4,16.7,458,32,48.3,25.6,0.907
42.6,23.7,467,77,40,34.6,0.558
32.7,21.1,117,384,49.3,21.7,0.528
33,18.3,249,55,42.1,20.8,0.579
39.5,19.1,200,384,44.2,6.5,0.608
29.2,22.9,338,108,38.4,2.9,0.683
34.2,18.4,366,317,44.3,40.9,0.873
40.9,20,224,365,46.9,8.6,0.988
40.3,19.1,399,332,45.4,14.6,0.923
36.3,21.7,126,79,38.8,15.8,0.565
41.9,18.4,179,291,42.9,33.6,0.671
29.9,16.7,494,228,43.2,5.1,0.929
33.4,17.7,316,135,39.7,28.9,0.518
38.5,23.1,454,307,39.3,4,0.546
33.7,23.7,237,490,39.2,2.9,0.728
39.7,19.6,408,446,35.2,18.3,0.952
38.4,21,194,236,49.9,31.1,0.516
38.6,20.4,284,464,45.6,37.8,0.508
35.9,16.7,341,80,46.7,20.8,0.591
38.5,18.8,36,159,34.4,15.2,0.514
38,16.4,339,475,40.6,16.2,0.716
39.3,18.4,144,361,38.8,10.4,0.913
38.4,20.4,270,490,35.4,17.8,0.576
39.2,18,213,287,34.6,30.9,0.926
36.4,22.8,257,175,36.7,33,0.511
36.3,17.5,126,409,45.2,40.7,0.921
36.7,21.5,240,448,35.8,3.9,0.993
33.8,20.2,310,104,34.5,19.8,0.877
30.7,17,264,362,48.8,28.2,0.947
32.3,19.9,367,225,40.7,4.4,0.762
30.3,19.8,380,482,50,26.4,0.585
29,20.3,185,127,34.3,13.3,0.799
37.2,21.8,454,314,47.4,42.1,0.719
34.8,20.1,179,359,40.9,19.3,0.509
33.3,18.7,51,281,39.2,20,0.831
31.3,23.9,165,45,38.9,26.4,0.61
38,22.8,215,310,39.8,13.8,0.638
35.7,20,298,249,46,20.7,0.65
42.6,17.7,447,238,43.2,10.6,0.581
31.9,21.6,206,435,41.5,24.4,0.946
32.1,22.8,123,368,41.1,29,0.53
29.7,16,300,60,41.3,37.3,0.656
36.6,23,228,416,46.4,40.2,0.707
36.6,23.7,89,365,40.5,17.1,0.914
39.5,17.1,320,335,42.3,8.4,0.711
34.1,20.7,389,320,36.5,20.5,0.919
32.2,23.2,183,100,34.5,22.3,0.633
34.6,16.3,121,26,49.5,41.9,0.961
30.9,23,146,66,36.2,15.5,0.667
38.9,18.2,302,338,42.6,22.4,0.983
29.1,21.6,482,275,43.1,28.8,0.689
41.9,19.5,49,214,42.8,12.8,0.642
30.9,17.8,394,414,38,9.7,0.73
40.9,16.3,469,477,39.7,18.8,0.887
38.6,17.9,496,293,47.1,41.6,0.756
35.9,22.2,360,257,49.3,16.1,0.915
31,22.6,448,271,36.7,14.5,0.761
29.5,16.6,189,385,33.9,17.4,0.845
31.8,19.1,176,197,47.7,35.6,0.934
39,16.6,241,122,34,24.4,0.626
34,17.1,390,342,41.9,30.9,0.5
33.8,20.1,26,215,50.4,45.3,0.826
33.4,22,74,36,37.3,6.3,0.725
38.7,16.5,308,233,35.9,26.7,0.589
38.2,21.1,417,449,34.9,32.3,0.977
35.4,19,61,459,48.1,3.8,0.953
34.5,20.1,445,58,49.5,38.9,0.784
29,16.1,191,379,43.8,39.8,0.907
32.8,20.9,245,100,37.9,15.5,0.611
33.8,21.2,363,473,42,22.8,0.885
30.5,22.1,118,114,45.4,18.3,0.542
41.1,16.8,33,416,48.5,40.4,0.85
35,17.9,151,395,46.6,26.5,0.968
31.7,18.6,195,482,47.2,11.3,0.617
40.1,17.1,436,267,46.3,30.4,0.933
32.8,17.5,168,383,34.8,22.6,0.848
30.7,16.7,80,308,41.8,5.8,0.995
33.6,16.3,337,221,43.6,7.2,0.791
34.7,20.2,332,317,39.7,9.1,0.79
41.8,20.6,354,352,35.5,6.7,0.954
29.9,22.5,458,299,44.3,3,0.916
36.3,17.6,433,191,35.8,15.7,0.548
42.7,22.6,99,428,42.8,24.9,0.886
38.8,23.8,473,252,46.3,18.6,0.726
32.6,21.1,262,392,42.1,35.8,0.664
34.5,22.1,254,90,44.3,10.4,0.954
42,19.1,114,62,41,22.3,0.654
37,23.8,68,355,46.5,28.4,0.544
36.7,20.2,257,334,46.7,40.6,0.765
35.5,16,455,168,36.1,24.4,0.869
29.2,21.4,439,157,40.2,21.1,0.957
35.2,16.5,330,196,39.9,35.2,0.66
36.9,20.1,76,33,42.3,35.2,0.577
35.3,23.9,65,158,34,29.8,0.621
41.6,21.2,117,102,46,35.8,0.545
37.6,19.4,431,101,40.5,3.4,0.748
37.6,19.2,279,378,49.9,10.9,0.884
40.2,20.9,83,378,46.3,35.3,0.607
38.3,17.7,421,237,44.7,3.1,0.74
31.8,17.5,461,172,45.5,13.5,0.819
34.4,23.1,141,265,45.3,11.8,0.856
37.2,16.1,111,254,41.1,29.3,0.629
28.8,23.1,53,462,49.4,9.1,0.823
38,20.4,119,54,49.7,46.6,0.951
32.9,17.6,412,300,39,10,0.747
34.5,21.6,124,419,46.8,8,0.645
39.4,22.7,83,282,49.2,45.6,0.596
29.7,19.5,252,113,38.5,9.9,0.977
39.1,22.3,132,111,39.8,16.5,0.857
30.6,16,43,171,40.9,35.8,0.817
40.4,19.2,128,247,50.1,16.8,0.871
30.7,16.6,271,469,47.9,40.1,0.676
39.1,23.5,88,468,49.6,18.8,0.82
34.5,17.6,102,439,49,42.1,0.659
35,20.5,229,367,35.8,14.9,0.847
32.1,21.4,321,262,47.9,39.3,0.743
31.4,19.1,232,477,35.7,19.9,0.963
34.9,22.8,359,370,35.2,14.5,0.906
36,23.7,296,478,44.4,12.1,0.643
41.2,23.3,202,345,44.6,35.7,0.733
40,22.6,411,146,39,8.8,0.564
30.9,18.7,311,363,41.3,29.9,0.74
30,18.5,365,231,42.5,20.5,0.879
36.4,18.4,68,393,42.6,4.7,0.577
40.8,22.4,95,236,45.9,28.4,0.94
37.5,16.2,262,476,36.2,6.3,0.517
35.7,19.3,492,259,37.4,20.6,0.737
39.8,17.8,101,411,41.7,22.2,0.637
33.4,23.6,99,29,46.7,21.4,0.87
37.4,20.9,158,84,43.9,16.5,0.798
40.7,22.7,188,418,35.6,33.4,0.682
33.9,23.6,416,57,37.2,31.1,0.898
32.1,16.4,47,315,44.6,20.9,0.888
39.1,22.5,145,299,35.5,8.9,0.662
37.7,16.4,486,205,38.1,11.5,0.797
42.1,20,175,184,43.2,4.5,0.586
30.4,22.3,104,45,34.1,12.8,0.787
37.3,20.4,129,220,45.5,31.9,0.666
37.1,16.8,133,109,46.7,14,0.69
33,16.6,180,380,49.1,16.3,0.722
31.7,17.6,64,333,49,24.9,0.584
42.5,17.4,419,112,39.9,37.5,0.96
29.8,16.6,475,162,35.3,12.4,0.772
34.3,22.7,337,316,44.4,3.9,0.917
30.1,16.7,440,265,43.4,18.7,0.571
33.5,19,334,276,38.4,13,0.599
32.7,19.1,234,174,39.8,25.1,0.957
38.9,21.3,127,289,34.9,25.6,0.822
39.2,19.5,428,227,34.8,19.7,0.98
37.3,20.4,223,423,41.7,27.1,0.98
39.4,22.9,205,456,41.9,17,0.703
41.8,18.2,362,148,35.2,19.3,0.812
29.3,21.5,211,61,50.2,19.5,0.917
38.9,17.5,222,223,49.4,4.9,0.641
30.9,21.3,495,166,44.7,41.7,0.652
30.5,16.4,390,187,44.8,37.5,0.589
38.7,17.5,370,345,33.9,31.6,0.588
34.5,21.3,147,385,44,39,0.571
32.1,22.9,430,21,39.6,12.4,0.628
35.6,20.7,173,139,43.7,26.3,0.689
40.1,19.8,345,156,43.7,33.8,0.637
37.5,23.5,351,217,44.7,32.5,0.618
35.5,16.4,376,407,49.2,41.6,0.969
33.9,16.5,448,107,40.5,9,0.776
30,16.3,312,251,39.1,7.9,0.805
39.8,19.4,201,272,36.7,28.8,0.695
41.2,23.6,103,496,35.9,30.8,0.698
34.8,22.6,261,224,35.7,4.2,0.99
29.7,20.2,446,277,48,22.9,0.829
29.7,17.7,382,319,41.2,28.8,0.568
40.2,19.7,36,454,49.5,32.6,0.635
38,24,142,371,37.1,24,0.892
32.3,19.3,317,480,43.3,22.5,0.836
36,19.9,497,388,40.5,24.9,0.861
41.5,17.7,165,132,48,20.8,0.996
30.3,23.1,465,207,46.7,26.4,0.864
28.9,20,420,44,34,7.9,0.732
37.2,19.7,488,174,48.7,9.5,0.644
39.3,22.8,40,74,46.3,26,0.619
30.7,23.9,338,25,39.5,2.9,0.602
29.1,19.2,273,119,33.7,8.4,0.927
43.2,20.6,292,202,43.7,30.5,0.994
40.1,23.2,39,317,37.9,32.5,0.738
36.7,17.8,435,292,49.5,39.7,0.852
30.3,23.5,71,287,36.7,21,0.748
40.5,23.3,328,37,34.4,8.3,0.898
36.9,19,187,331,42.7,14.4,0.758
37.6,22.5,272,356,40.1,20.3,0.961
29.6,20.3,498,348,42.7,25.4,0.655
39.9,23.4,79,437,48.2,14,0.6
41.4,17,476,500,46.5,14.1,0.941
34.2,20.8,251,196,41.5,33.4,0.677
35.3,18.8,160,306,48.8,36.6,0.599
40.2,23.5,342,150,47.2,12.5,0.795
29.4,20.5,346,495,38.5,5.9,0.702
41.1,21.9,392,285,35.7,2.7,0.504
41.6,16.7,116,324,49.7,35.2,0.981
31.1,18.2,74,476,41.3,7.3,0.724
34,20.1,295,194,34.5,12.4,0.949
37,21.1,483,69,34.8,26.2,0.575
40.3,17.1,373,185,35.6,25.3,0.643
42,16.7,84,485,40.2,10.7,0.976
32.9,16.4,41,446,47.6,22.2,0.891
33.6,23.9,374,198,39.2,20.5,0.72
39.7,16.4,109,73,36.2,33.3,0.979
37.1,18.5,485,39,48.5,19.5,0.948
36.8,16.9,478,480,49.5,28.5,0.781
42.3,17.6,377,150,49.6,6,0.55
32.3,22.9,446,281,34.5,32.3,0.539
42.5,22.9,299,440,37.8,23.1,0.804
41.5,21.3,302,350,45.7,39.2,0.842
41.8,20.2,372,369,42.4,38.8,0.745
39.6,16.8,482,430,41.1,23.2,0.721
39.6,19.3,29,144,40.2,12.9,0.883
30.3,21.7,147,222,35.1,28.4,0.986
37.1,18.3,152,234,43,37.2,0.688
35.4,20.1,418,452,40.8,21.1,0.967
42.4,19.6,213,194,50.2,38.5,0.81
34.9,16.1,230,407,47.4,44.4,0.937
31.6,20.7,322,267,39.3,11,0.64
32.7,21.2,47,328,36.3,5.1,0.633
39.9,20.7,262,252,46.8,20.3,0.865
34.3,23.9,440,68,36.5,4.6,0.567
41.9,19.8,249,52,45.6,14.8,0.794
42.3,23.6,196,373,37.1,23.4,0.764
42.9,22.5,81,381,47.3,30.1,0.814
31.9,22.8,198,457,36.4,29.3,0.622
36.8,16.7,199,103,45.8,22,0.505
41,19.7,98,374,45.8,3.8,0.582
42.2,17,56,394,49,9.4,0.534
42.9,22.3,238,437,46.9,32.1,0.561
35.1,20.8,478,429,34.4,19.1,0.945
42.4,19.3,342,389,47.1,25.8,0.976
42.6,22.8,77,279,44.2,25.1,0.912
40.7,20.3,77,30,43.3,13.1,0.876
36.1,20.8,200,115,45.3,9.9,0.944
37.8,19.9,50,248,34.1,11.6,0.872
32.4,19.9,281,212,42.5,27.2,0.908
34.2,16.9,372,403,46.7,16.2,0.843
29.3,16,29,62,48.4,13.9,0.513
38.5,20.6,284,98,42.7,16.1,0.702
37.3,23.9,397,158,49.3,13.9,0.931
33.6,20.5,149,190,37.7,27.9,0.635
40.7,23,93,213,44.6,6.8,0.694
31.4,19.4,226,289,46.1,18,0.856
38.7,22.1,431,119,36.6,22.8,0.84
38.3,22.8,378,87,47.5,14.6,0.626
35.8,21.2,487,198,49.7,36.4,0.617
35.8,21.6,464,82,47.8,17.5,0.566
33.1,21.3,493,161,44.1,23.8,0.862
33.7,20.5,221,291,34.9,2.9,0.706
29.5,18,421,286,42.2,4.6,0.868
39.3,17.4,96,55,40.7,17.7,0.77
32,19.7,215,357,34,5.5,0.841
31.2,21.1,471,243,41.1,5.5,0.923
35.1,23,320,139,44.9,5.9,0.65
37.4,17,291,137,40.8,13.5,0.582
32.5,20.9,52,165,47.3,44.3,0.569
37.2,22.4,467,29,44.2,3.4,0.956
33.6,19.6,234,372,46.2,6.7,0.929
36.5,22.2,56,47,38.1,29.6,0.829
34.5,18.7,160,275,42.3,37.2,0.945
29.6,20,393,362,44.5,36.9,0.712
36.8,20.6,398,78,49,27,0.798
36.5,21.9,438,384,47.7,36.9,0.773
42,20.4,247,199,38.9,26.1,0.975
35.9,19.4,330,343,41.4,5.7,0.625
31.3,20.4,360,105,33.8,9.7,0.817
39.1,19.7,242,297,43.1,37.4,0.598
40.7,21.5,207,405,37.5,25.6,0.554
39.5,19.7,107,98,37.3,28,0.877
40.6,17.5,301,251,39,30,0.764
37.5,21.6,173,311,46.9,4.9,0.555
41.2,19.5,76,400,38.1,6.3,0.989
32.8,21.6,172,296,49.3,40.2,0.811
36.6,23.3,303,177,37,12,0.883
32.6,17.5,88,322,46.3,22.1,0.967
37.9,21.9,239,456,34.3,6.9,0.878
40.7,17.1,143,263,49,10,0.7
33.2,19.7,358,488,47.2,17.4,0.746
35.9,21.9,451,276,39.9,13.9,0.593
34.1,22.6,91,73,50.3,36.2,0.659
29.5,22.7,361,60,36.8,30.1,0.986
30.1,17.9,354,277,33.7,11.1,0.532
36.8,18.3,308,485,37.3,11.5,0.812
42.2,19.6,326,32,39.3,26.8,0.771
35.1,18.5,433,85,41.6,19.8,0.579
35.3,17.3,153,85,36.3,18,0.665
40.1,19.8,217,270,45,17.1,0.757
32.1,16.3,204,91,38.2,24.2,0.801
35.2,16.9,331,420,37.6,30.3,0.715
36.9,17.8,54,148,44.5,40.7,0.669
34.7,22.7,437,475,37.4,3.7,0.73
34.4,20.4,348,436,35.3,30.3,0.696
39,19.1,369,203,44.7,14.1,0.875
43,18.2,131,134,36.8,30,0.767
35,19.4,246,149,47.2,18.6,0.515
37.7,21.9,304,204,50.4,20.8,0.943
29.4,23.2,182,99,36.9,5.1,0.919
32,23.5,318,134,50.1,7.7,0.706
39,22.4,460,119,34.6,7.8,0.779
40.3,16.4,356,199,50,24.7,0.607
38.7,17.6,136,344,48.9,16.1,0.851
29.3,18.6,459,310,39.7,7.9,0.717
32.9,20.4,110,235,40.7,3.3,0.84
38.9,17.6,422,172,41.1,15.1,0.513
35.9,23.6,246,297,38.1,4.7,0.893
34.1,21.8,143,325,41,25.5,0.966
36.8,18.5,441,166,46.2,35.3,0.964
38.8,19,472,250,43.4,12.5,0.675
32.5,21.5,277,471,46,4.4,0.752
29.3,17.9,163,447,35.9,24.9,0.78
40.5,19.5,222,231,39.2,8.2,0.685
38.1,17.2,336,462,48.9,35.5,0.997
36.6,19.6,197,224,49.8,7.9,0.729
32.1,21.4,452,321,49.7,26.6,0.507
30.9,18.6,162,326,42,28.4,0.616
31.5,21.7,21,40,47.1,42.5,0.679
31.7,16.2,301,302,49.8,21.3,0.984
29.6,23.1,214,169,38.3,3.7,0.572
36.3,23.2,220,221,48.7,4.3,0.937
33.3,22.8,42,401,37,22.2,0.644
31.2,23.3,319,97,37.7,9.2,0.754
34.4,18.5,133,399,36.4,5.7,0.58
36.7,22.5,109,182,47.8,10.8,0.896
40.7,20.9,349,380,34.2,8.7,0.613
37.2,21.8,30,43,42.2,23.5,0.91
28.9,22.6,31,23,33.7,16.2,0.615
41.3,20.7,306,402,38.2,11.2,0.832
34,21.5,70,78,42.7,29.9,0.826
34.3,17.8,400,205,48.7,14.1,0.766
33.8,18.2,442,394,41.3,10.2,0.843
40.6,18.9,174,167,46.6,33.4,0.59
36.6,20.6,458,101,37.2,25.3,0.714
36.1,23.2,261,170,45.4,4.1,0.515
40.8,16.1,267,130,45.9,17.4,0.991
37.3,19,185,448,43.6,32.7,0.543
40.5,21,347,86,39.4,32,0.537
39,22.5,438,388,40.1,14.6,0.729
29.1,23.2,475,263,50,45.5,0.89
31.2,18.6,254,305,40.4,30.1,0.81
35.2,22.1,302,430,34.6,31.7,0.966
41.4,16.7,319,239,37.2,27.3,0.842
39.7,19.9,477,450,34.1,12.3,0.973
32.3,23.7,450,70,49.1,41.9,0.858
38.1,19.4,59,382,43.3,18.9,0.646
40.6,18.3,159,94,37.9,15,0.889
42.4,18.3,293,133,48.8,21.8,0.623
30.6,16.9,132,247,48.2,12.6,0.975
38.6,23.6,314,491,38.7,31.2,0.845
36.3,18.3,493,342,42.1,28.2,0.82
32,18.9,469,56,38.2,25,0.828
38.8,22.4,484,401,35.3,22.1,0.594
30.2,16,474,95,39.4,21.2,0.901
40.2,17.1,424,461,41.2,33,0.739
31.4,20.7,156,187,37.9,10.2,0.859
32.5,23.4,180,262,38.2,13.9,0.849
30,16.9,323,338,42.8,21.7,0.573
36.5,24,136,448,37.5,23.6,0.592
31.4,19.3,315,40,48.6,27.5,0.542
33.9,22.6,72,161,49.4,20.9,0.746
43.1,22.2,409,215,38.2,34.3,0.695
34.8,19.6,61,327,44.2,5.1,0.505
42.1,18.9,58,28,41.5,4.9,0.632
29.7,16,219,57,37.4,29.2,0.629
41.8,16.1,406,64,49.1,37.4,0.63
30.8,18.9,321,379,48.7,7.8,0.936
33.5,19.1,432,478,42,2.7,0.708
29.7,22.3,66,143,45.1,3.2,0.991
34.9,23.7,259,298,40.9,7.3,0.827
29.7,22.7,145,138,45.7,19.7,0.796
39.8,20.2,101,465,34.5,21.8,0.559
35.6,16.3,211,460,49.8,41.7,0.738
30,23,75,429,49.2,33.3,0.632
29,20,499,391,46.9,21.2,0.959
40.2,23.4,163,179,44.5,14.7,0.95
35.6,17.1,189,183,47.6,16.8,0.773
37.1,19.1,123,244,49.4,34,0.529
28.9,17.2,250,176,39.4,31.5,0.771
36.6,17.5,266,340,46.5,6.6,0.655
30.5,17.8,400,176,41.4,19.6,0.512
42.3,22,382,378,48.6,45.1,0.865
31,21.6,332,201,33.7,8,0.642
35.8,23.6,197,417,35,5.7,0.543
38.3,19,183,360,44.6,14.1,0.809
43.1,20.5,423,164,35.3,16.3,0.902
31.3,17.2,271,493,38.9,25.4,0.818
38.4,22.2,374,466,41.9,26.9,0.786
39.8,22,468,223,43.4,32.3,0.803
42.5,21.3,444,299,49.4,25.8,0.984
42.1,16.2,166,336,48.3,22.6,0.567
30.1,20.8,138,290,41.7,14,0.867
42.5,23.9,121,141,38.6,21.5,0.889
38.1,20.3,98,124,35.1,8.5,0.895
31.1,17.8,445,51,47.8,21.3,0.969
39.7,16.8,409,164,44.6,35.5,0.601
35.7,21.9,289,111,45,14.6,0.565
34.8,16.4,38,76,43.8,25.7,0.833
35.7,20.1,401,415,40.6,6.4,0.952
31.6,18.6,85,423,39.5,32.6,0.52
31.8,18.7,220,313,42.4,13.1,0.558
37.5,23,349,470,42.9,30.8,0.517
33.6,17.9,381,244,48.1,38.2,0.676
36.4,23.8,413,452,40.3,3.9,0.546
36.4,22.2,43,221,41.4,29.9,0.933
29.3,17.7,355,393,48.7,16.9,0.744
33.9,18.6,244,126,43.7,16.2,0.668
31.4,17,34,486,38.8,31.5,0.694
30.8,16.2,436,321,40.5,21.9,0.7
31.9,17.2,384,72,40.3,25.9,0.525
40.4,19.8,295,414,43.3,35.9,0.83
37.4,18.9,187,222,49.1,8.9,0.823
39.2,20.4,442,170,48.8,40.5,0.918
30.2,23,450,305,45.5,21.8,0.874
38.2,16.8,28,400,44.1,20.2,0.765
41.7,22.5,134,459,41.5,26.3,0.631
41.3,23.5,279,104,37.2,32.4,0.936
41.2,22.7,151,69,41.5,13.4,0.992
38.8,21.3,355,166,46.1,9.8,0.987
31,20.1,191,140,40.8,3.3,0.712
40.6,16.9,209,272,44.7,39.7,0.97
29.2,17.1,139,391,36.1,27.3,0.886
36.3,16.8,100,470,41,15.7,0.755
40.5,23,255,431,34.5,17.3,0.808
37.6,20.6,268,342,44.5,26.7,0.806
36.9,18.8,477,369,38.5,13,0.684
41.5,16.4,419,48,34.2,9,0.72
39,20.1,402,232,42.2,25.4,0.796
35.2,23.7,218,118,38.3,22.6,0.854
42.7,21.7,425,295,38.3,11.5,0.726
41.4,24,333,406,44.4,20.6,0.639
37.4,16.6,134,439,40.1,21.5,0.725
38.4,23.9,199,42,49.4,8.1,0.959
35.8,20.2,229,186,41.4,37.5,0.999
33.7,16.9,149,336,41.2,11,0.928
36.9,20.5,487,296,47.3,38.9,0.822
32.7,21.5,224,169,43.7,34.1,0.51
33,20.9,291,311,47.1,31.7,0.797
30.4,21.2,210,122,38.3,30.3,0.795
38.2,20.6,22,259,36.5,32.3,0.539
33,16.9,392,381,35.1,13.4,0.647
40,18.5,457,303,37.4,17.6,1
33.4,20.3,121,93,40.7,14.8,0.897
39.4,21.7,464,446,42.2,4.5,0.866
34.6,19.2,414,410,46.5,35.2,0.638
34.6,18.8,188,406,42.4,4.9,0.556
41.9,23.6,383,281,46.2,4.9,0.988
32.2,17.3,455,403,42.8,39.5,0.827
41.5,19.2,40,165,47.2,34.9,0.675
30,18.4,352,239,49.2,37.3,0.854
36.8,21.6,405,313,45.1,40.2,0.847
39.8,18.3,36,242,47.9,9.7,0.904
29.3,16.3,35,415,40,8.3,0.686
31.7,17.3,208,152,40.5,11.2,0.728
34.2,21.8,120,302,42.5,16.8,0.54
43.2,17,231,59,36.9,33.2,0.535
30.6,21,299,89,40.7,18.2,0.811
34.9,17.3,453,491,41.7,38.6,0.925
40.8,23.3,128,341,38.4,33.6,0.998
42.7,22.4,184,225,47,13.5,0.562
35.4,17,352,426,46.5,22.4,0.519
42.9,21.5,130,280,35.4,23.5,0.755
31.9,22.7,269,270,41.7,34.3,0.674
43.2,22.3,167,442,38.7,28.1,0.605
40.1,18.2,274,358,33.7,25.2,0.68
42.1,17.1,100,41,39.3,27.4,0.557
37.7,20.6,275,301,39.1,32.8,0.562
37.7,19,90,266,38.5,30.4,0.602
41.7,21.9,210,43,50,42.8,0.661
30,21.3,405,433,37.5,22.3,0.501
30.7,19.8,462,398,34.2,2.1,0.774
30.5,20.3,178,466,49.1,43,0.523
42.2,20.1,369,315,40,27.4,0.714
40,18.4,217,402,48.3,29.4,0.997
40.4,16.2,180,53,44.8,12.1,0.87
29.9,23.4,58,130,45.4,35.7,0.578
37.6,19.4,410,112,43.6,8.2,0.785
31.7,18.9,115,189,43.1,24.7,0.782
40.3,17.5,25,426,48.2,18.8,0.686
39.2,16.2,386,30,46.1,24.2,0.894
37.6,19.2,247,106,45.2,36.3,0.786
32.7,19.7,449,132,44.8,6.1,0.636
38.9,18,296,360,40.3,11.2,0.808
35,19.1,208,146,36.1,12.3,0.902
42.8,17.6,169,102,39,30.3,0.741
42.4,19.6,166,219,50,22.2,0.816
30.8,20.7,429,467,34.9,28.5,0.718
35.8,19.4,366,180,33.8,4.3,0.71
42.9,20.4,307,410,35.5,26.9,0.876
38.1,17.8,353,31,37,6.4,0.646
37.3,19.2,425,153,48.9,35.2,0.92
33.3,18.7,388,209,38,5.8,0.521
30.4,22,347,288,37.3,29.5,0.905
35.7,21.9,167,454,39.5,6.8,0.848
41,16.3,323,365,38,27.7,0.987
42.6,21.2,412,154,45.8,26.6,0.699
38.2,19.9,103,352,42.5,36.2,0.885
36.1,19.9,236,412,46.1,18.4,0.983
31.5,20.8,32,422,36.8,23.5,0.533
36.2,21.2,240,339,43.5,33,0.825
35.6,20.8,118,24,39.5,15.7,0.561
40,17.8,96,308,48.4,10.8,0.512
32.6,16.9,330,361,37.2,6.5,0.901
31.8,18.4,407,368,45.4,34.7,0.653
39.9,22.7,424,211,39.5,7.8,0.736
43,18,435,58,43.6,24.9,0.56
28.8,20.3,391,124,35.7,21.3,0.93
35.5,23,260,88,42.5,19.3,0.763
32.1,23.2,434,269,36.5,2.6,0.815
30.3,17.4,108,488,36.5,22,0.606
29.1,17,493,183,43.1,22.8,0.536
30.6,21.7,230,444,44.7,10.8,0.531
43.1,22.6,241,257,34.3,14.5,0.55
39.3,17.6,305,129,34,28.7,0.783
37.7,19.1,495,264,47.3,40.1,0.953
31.6,18.2,257,126,49.5,41.7,0.928
32.1,21.4,34,440,41.1,33.9,0.657
34.9,17.4,367,375,43.2,13.8,0.597
33,23.5,268,366,36,21.9,0.709
35,19.9,77,157,34.2,16,0.753
41.3,19,212,195,45.9,6.9,0.839
34,21.8,119,492,34.3,22.7,0.758
34.2,19.7,82,160,44.9,27.6,0.824
36,21.5,153,54,35.7,27.3,0.658
29.5,21.2,430,184,40,26,0.832
30.4,16.5,225,474,45.9,40.9,0.658
31.2,16.7,192,338,35.6,22.7,0.592
31.3,23.4,259,227,47.5,29.7,0.709
28.9,18.5,403,470,49.6,11.6,0.609
40.3,17.5,110,116,43.5,29.9,0.601
35.1,23.5,235,191,47.4,9.7,0.784
37,20.6,27,172,45.1,22.5,0.982
30.6,21.2,157,351,33.6,9.8,0.525
36.9,18.1,123,36,34.7,8.2,0.787
41.6,23.8,272,286,50.2,20.6,0.568
42.1,22.8,161,434,33.7,18.5,0.614
33.5,22.4,245,359,49.4,8.4,0.76
42.1,22.5,50,280,44.1,6.4,0.793
33.8,18.2,416,233,45.3,5.1,0.57
43.1,23.8,218,323,37.2,10.2,0.59
31.1,16.9,480,273,40.9,17.4,0.691
31.1,16,466,425,35.5,17.6,0.955
41.5,23.5,397,177,36,30.1,0.707
33.1,20.9,377,334,34.8,9.9,0.766
31.5,24,256,225,43.3,30.5,0.956
39.8,23.3,468,273,38,33.8,0.996
31.9,22.1,276,243,43.8,18.2,0.584
41.6,21.1,228,110,41.2,24.5,0.665
42.8,18.7,286,302,42.1,37.1,0.741
40.7,20.2,245,181,38.1,3.4,0.529
36.4,17.8,182,483,40.1,16,0.75
33.6,22.2,205,144,49.8,45.7,0.721
33.3,18.3,49,469,50.3,17.3,0.993
39.6,17.3,413,169,45.8,4.5,0.701
39.7,18.6,414,73,47,12.6,0.574
32.2,23.8,54,252,48.6,15.3,0.614
32.2,23.9,127,232,47.9,25.2,0.681
35.4,23.8,459,293,37.6,21.1,0.598
40.3,22.1,45,229,45.3,19,0.554
35.3,18.5,86,143,40.1,14.7,0.86
36.5,17.6,273,102,41.4,10.2,0.704
34.3,16.3,259,396,40.6,35.8,0.533
42.3,22.7,265,195,40.2,21.7,0.804
28.9,16.9,344,50,41.6,36.5,0.713
30.1,23.7,280,484,43.8,17.9,0.672
35.6,20.9,267,407,37,19.6,0.731
33.1,17.3,276,445,45.1,35.2,0.775
37.6,18.8,386,113,37.9,20.5,0.559
40.6,21.9,427,235,41.7,18.8,0.754
41.7,18.7,248,389,39,17.9,0.79
37.5,21.3,263,226,39.9,27.3,0.925
32.4,22.6,300,432,45.6,8.6,0.821
37.4,22.3,31,387,46.8,29.8,0.753
39.7,21.6,193,335,46.5,37.6,0.727
34.5,16.6,403,283,44,36.3,0.874
29.6,16.3,181,137,49,45.1,0.6
41.3,18.9,199,185,37.4,32.2,0.503
37.8,23.8,264,105,34.7,31.7,0.777
31.5,23.2,93,147,39.6,14.7,0.532
30,19.3,290,450,38.1,23.5,0.964
39.3,23.5,364,197,48.6,33,0.557
30.8,23.2,153,92,37,26.2,0.606
35.8,16.8,472,472,42.8,4.8,0.507
36.8,17.4,306,346,40.4,16.7,0.58
29,20.1,233,64,46,10.1,0.816
42.5,21.4,372,188,42.8,21.5,0.85
34.7,18.7,266,192,39.2,29.5,0.527
33.1,23.8,473,261,39.1,31.9,0.581
41.5,18.6,167,413,34.7,2.1,0.737
