20,5,10,10,10,2,10.5,1
20,5,10,10,10,2,10.5,2
20,5,10,10,10,2,10.5,3
20,5,10,10,10,2,10.5,4
20,5,10,10,10,2,10.5,5
20,5,10,10,10,2,10.5,6
20,5,10,10,10,2,10.5,7
20,5,10,10,10,2,10.5,8
20,5,10,10,10,2,10.5,9
20,5,10,10,10,2,10.5,10
20,5,10,10,10,2,10.5,11
20,5,10,10,10,2,10.5,12
20,5,10,10,10,2,10.5,13
20,5,10,10,10,2,10.5,14
20,5,10,10,10,2,10.5,15
20,5,10,10,10,2,10.5,16
20,5,10,10,10,2,10.5,17
20,5,10,10,10,2,10.5,18
20,5,10,10,10,2,10.5,19
20,5,10,10,10,2,10.5,20
20,5,10,10,10,2,11,1
20,5,10,10,10,2,11,2
20,5,10,10,10,2,11,3
20,5,10,10,10,2,11,4
20,5,10,10,10,2,11,5
20,5,10,10,10,2,11,6
20,5,10,10,10,2,11,7
20,5,10,10,10,2,11,8
20,5,10,10,10,2,11,9
20,5,10,10,10,2,11,10
20,5,10,10,10,2,11,11
20,5,10,10,10,2,11,12
20,5,10,10,10,2,11,13
20,5,10,10,10,2,11,14
20,5,10,10,10,2,11,15
20,5,10,10,10,2,11,16
20,5,10,10,10,2,11,17
20,5,10,10,10,2,11,18
20,5,10,10,10,2,11,19
20,5,10,10,10,2,11,20
20,5,10,10,10,2,11.5,1
20,5,10,10,10,2,11.5,2
20,5,10,10,10,2,11.5,3
20,5,10,10,10,2,11.5,4
20,5,10,10,10,2,11.5,5
20,5,10,10,10,2,11.5,6
20,5,10,10,10,2,11.5,7
20,5,10,10,10,2,11.5,8
20,5,10,10,10,2,11.5,9
20,5,10,10,10,2,11.5,10
20,5,10,10,10,2,11.5,11
20,5,10,10,10,2,11.5,12
20,5,10,10,10,2,11.5,13
20,5,10,10,10,2,11.5,14
20,5,10,10,10,2,11.5,15
20,5,10,10,10,2,11.5,16
20,5,10,10,10,2,11.5,17
20,5,10,10,10,2,11.5,18
20,5,10,10,10,2,11.5,19
20,5,10,10,10,2,11.5,20
20,5,10,10,10,2,12,1
20,5,10,10,10,2,12,2
20,5,10,10,10,2,12,3
20,5,10,10,10,2,12,4
20,5,10,10,10,2,12,5
20,5,10,10,10,2,12,6
20,5,10,10,10,2,12,7
20,5,10,10,10,2,12,8
20,5,10,10,10,2,12,9
20,5,10,10,10,2,12,10
20,5,10,10,10,2,12,11
20,5,10,10,10,2,12,12
20,5,10,10,10,2,12,13
20,5,10,10,10,2,12,14
20,5,10,10,10,2,12,15
20,5,10,10,10,2,12,16
20,5,10,10,10,2,12,17
20,5,10,10,10,2,12,18
20,5,10,10,10,2,12,19
20,5,10,10,10,2,12,20
20,5,10,10,10,2,12.5,1
20,5,10,10,10,2,12.5,2
20,5,10,10,10,2,12.5,3
20,5,10,10,10,2,12.5,4
20,5,10,10,10,2,12.5,5
20,5,10,10,10,2,12.5,6
20,5,10,10,10,2,12.5,7
20,5,10,10,10,2,12.5,8
20,5,10,10,10,2,12.5,9
20,5,10,10,10,2,12.5,10
20,5,10,10,10,2,12.5,11
20,5,10,10,10,2,12.5,12
20,5,10,10,10,2,12.5,13
20,5,10,10,10,2,12.5,14
20,5,10,10,10,2,12.5,15
20,5,10,10,10,2,12.5,16
20,5,10,10,10,2,12.5,17
20,5,10,10,10,2,12.5,18
20,5,10,10,10,2,12.5,19
20,5,10,10,10,2,12.5,20
20,5,10,10,10,2,13,1
20,5,10,10,10,2,13,2
20,5,10,10,10,2,13,3
20,5,10,10,10,2,13,4
20,5,10,10,10,2,13,5
20,5,10,10,10,2,13,6
20,5,10,10,10,2,13,7
20,5,10,10,10,2,13,8
20,5,10,10,10,2,13,9
20,5,10,10,10,2,13,10
20,5,10,10,10,2,13,11
20,5,10,10,10,2,13,12
20,5,10,10,10,2,13,13
20,5,10,10,10,2,13,14
20,5,10,10,10,2,13,15
20,5,10,10,10,2,13,16
20,5,10,10,10,2,13,17
20,5,10,10,10,2,13,18
20,5,10,10,10,2,13,19
20,5,10,10,10,2,13,20
20,5,10,10,10,2,13.5,1
20,5,10,10,10,2,13.5,2
20,5,10,10,10,2,13.5,3
20,5,10,10,10,2,13.5,4
20,5,10,10,10,2,13.5,5
20,5,10,10,10,2,13.5,6
20,5,10,10,10,2,13.5,7
20,5,10,10,10,2,13.5,8
20,5,10,10,10,2,13.5,9
20,5,10,10,10,2,13.5,10
20,5,10,10,10,2,13.5,11
20,5,10,10,10,2,13.5,12
20,5,10,10,10,2,13.5,13
20,5,10,10,10,2,13.5,14
20,5,10,10,10,2,13.5,15
20,5,10,10,10,2,13.5,16
20,5,10,10,10,2,13.5,17
20,5,10,10,10,2,13.5,18
20,5,10,10,10,2,13.5,19
20,5,10,10,10,2,13.5,20
20,5,10,10,10,2,14,1
20,5,10,10,10,2,14,2
20,5,10,10,10,2,14,3
20,5,10,10,10,2,14,4
20,5,10,10,10,2,14,5
20,5,10,10,10,2,14,6
20,5,10,10,10,2,14,7
20,5,10,10,10,2,14,8
20,5,10,10,10,2,14,9
20,5,10,10,10,2,14,10
20,5,10,10,10,2,14,11
20,5,10,10,10,2,14,12
20,5,10,10,10,2,14,13
20,5,10,10,10,2,14,14
20,5,10,10,10,2,14,15
20,5,10,10,10,2,14,16
20,5,10,10,10,2,14,17
20,5,10,10,10,2,14,18
20,5,10,10,10,2,14,19
20,5,10,10,10,2,14,20
20,5,10,10,10,2,14.5,1
20,5,10,10,10,2,14.5,2
20,5,10,10,10,2,14.5,3
20,5,10,10,10,2,14.5,4
20,5,10,10,10,2,14.5,5
20,5,10,10,10,2,14.5,6
20,5,10,10,10,2,14.5,7
20,5,10,10,10,2,14.5,8
20,5,10,10,10,2,14.5,9
20,5,10,10,10,2,14.5,10
20,5,10,10,10,2,14.5,11
20,5,10,10,10,2,14.5,12
20,5,10,10,10,2,14.5,13
20,5,10,10,10,2,14.5,14
20,5,10,10,10,2,14.5,15
20,5,10,10,10,2,14.5,16
20,5,10,10,10,2,14.5,17
20,5,10,10,10,2,14.5,18
20,5,10,10,10,2,14.5,19
20,5,10,10,10,2,14.5,20
20,5,10,10,10,2,15,1
20,5,10,10,10,2,15,2
20,5,10,10,10,2,15,3
20,5,10,10,10,2,15,4
20,5,10,10,10,2,15,5
20,5,10,10,10,2,15,6
20,5,10,10,10,2,15,7
20,5,10,10,10,2,15,8
20,5,10,10,10,2,15,9
20,5,10,10,10,2,15,10
20,5,10,10,10,2,15,11
20,5,10,10,10,2,15,12
20,5,10,10,10,2,15,13
20,5,10,10,10,2,15,14
20,5,10,10,10,2,15,15
20,5,10,10,10,2,15,16
20,5,10,10,10,2,15,17
20,5,10,10,10,2,15,18
20,5,10,10,10,2,15,19
20,5,10,10,10,2,15,20
20,5,10,10,10,4,10.5,1
20,5,10,10,10,4,10.5,2
20,5,10,10,10,4,10.5,3
20,5,10,10,10,4,10.5,4
20,5,10,10,10,4,10.5,5
20,5,10,10,10,4,10.5,6
20,5,10,10,10,4,10.5,7
20,5,10,10,10,4,10.5,8
20,5,10,10,10,4,10.5,9
20,5,10,10,10,4,10.5,10
20,5,10,10,10,4,10.5,11
20,5,10,10,10,4,10.5,12
20,5,10,10,10,4,10.5,13
20,5,10,10,10,4,10.5,14
20,5,10,10,10,4,10.5,15
20,5,10,10,10,4,10.5,16
20,5,10,10,10,4,10.5,17
20,5,10,10,10,4,10.5,18
20,5,10,10,10,4,10.5,19
20,5,10,10,10,4,10.5,20
20,5,10,10,10,4,11,1
20,5,10,10,10,4,11,2
20,5,10,10,10,4,11,3
20,5,10,10,10,4,11,4
20,5,10,10,10,4,11,5
20,5,10,10,10,4,11,6
20,5,10,10,10,4,11,7
20,5,10,10,10,4,11,8
20,5,10,10,10,4,11,9
20,5,10,10,10,4,11,10
20,5,10,10,10,4,11,11
20,5,10,10,10,4,11,12
20,5,10,10,10,4,11,13
20,5,10,10,10,4,11,14
20,5,10,10,10,4,11,15
20,5,10,10,10,4,11,16
20,5,10,10,10,4,11,17
20,5,10,10,10,4,11,18
20,5,10,10,10,4,11,19
20,5,10,10,10,4,11,20
20,5,10,10,10,4,11.5,1
20,5,10,10,10,4,11.5,2
20,5,10,10,10,4,11.5,3
20,5,10,10,10,4,11.5,4
20,5,10,10,10,4,11.5,5
20,5,10,10,10,4,11.5,6
20,5,10,10,10,4,11.5,7
20,5,10,10,10,4,11.5,8
20,5,10,10,10,4,11.5,9
20,5,10,10,10,4,11.5,10
20,5,10,10,10,4,11.5,11
20,5,10,10,10,4,11.5,12
20,5,10,10,10,4,11.5,13
20,5,10,10,10,4,11.5,14
20,5,10,10,10,4,11.5,15
20,5,10,10,10,4,11.5,16
20,5,10,10,10,4,11.5,17
20,5,10,10,10,4,11.5,18
20,5,10,10,10,4,11.5,19
20,5,10,10,10,4,11.5,20
20,5,10,10,10,4,12,1
20,5,10,10,10,4,12,2
20,5,10,10,10,4,12,3
20,5,10,10,10,4,12,4
20,5,10,10,10,4,12,5
20,5,10,10,10,4,12,6
20,5,10,10,10,4,12,7
20,5,10,10,10,4,12,8
20,5,10,10,10,4,12,9
20,5,10,10,10,4,12,10
20,5,10,10,10,4,12,11
20,5,10,10,10,4,12,12
20,5,10,10,10,4,12,13
20,5,10,10,10,4,12,14
20,5,10,10,10,4,12,15
20,5,10,10,10,4,12,16
20,5,10,10,10,4,12,17
20,5,10,10,10,4,12,18
20,5,10,10,10,4,12,19
20,5,10,10,10,4,12,20
20,5,10,10,10,4,12.5,1
20,5,10,10,10,4,12.5,2
20,5,10,10,10,4,12.5,3
20,5,10,10,10,4,12.5,4
20,5,10,10,10,4,12.5,5
20,5,10,10,10,4,12.5,6
20,5,10,10,10,4,12.5,7
20,5,10,10,10,4,12.5,8
20,5,10,10,10,4,12.5,9
20,5,10,10,10,4,12.5,10
20,5,10,10,10,4,12.5,11
20,5,10,10,10,4,12.5,12
20,5,10,10,10,4,12.5,13
20,5,10,10,10,4,12.5,14
20,5,10,10,10,4,12.5,15
20,5,10,10,10,4,12.5,16
20,5,10,10,10,4,12.5,17
20,5,10,10,10,4,12.5,18
20,5,10,10,10,4,12.5,19
20,5,10,10,10,4,12.5,20
20,5,10,10,10,4,13,1
20,5,10,10,10,4,13,2
20,5,10,10,10,4,13,3
20,5,10,10,10,4,13,4
20,5,10,10,10,4,13,5
20,5,10,10,10,4,13,6
20,5,10,10,10,4,13,7
20,5,10,10,10,4,13,8
20,5,10,10,10,4,13,9
20,5,10,10,10,4,13,10
20,5,10,10,10,4,13,11
20,5,10,10,10,4,13,12
20,5,10,10,10,4,13,13
20,5,10,10,10,4,13,14
20,5,10,10,10,4,13,15
20,5,10,10,10,4,13,16
20,5,10,10,10,4,13,17
20,5,10,10,10,4,13,18
20,5,10,10,10,4,13,19
20,5,10,10,10,4,13,20
20,5,10,10,10,4,13.5,1
20,5,10,10,10,4,13.5,2
20,5,10,10,10,4,13.5,3
20,5,10,10,10,4,13.5,4
20,5,10,10,10,4,13.5,5
20,5,10,10,10,4,13.5,6
20,5,10,10,10,4,13.5,7
20,5,10,10,10,4,13.5,8
20,5,10,10,10,4,13.5,9
20,5,10,10,10,4,13.5,10
20,5,10,10,10,4,13.5,11
20,5,10,10,10,4,13.5,12
20,5,10,10,10,4,13.5,13
20,5,10,10,10,4,13.5,14
20,5,10,10,10,4,13.5,15
20,5,10,10,10,4,13.5,16
20,5,10,10,10,4,13.5,17
20,5,10,10,10,4,13.5,18
20,5,10,10,10,4,13.5,19
20,5,10,10,10,4,13.5,20
20,5,10,10,10,4,14,1
20,5,10,10,10,4,14,2
20,5,10,10,10,4,14,3
20,5,10,10,10,4,14,4
20,5,10,10,10,4,14,5
20,5,10,10,10,4,14,6
20,5,10,10,10,4,14,7
20,5,10,10,10,4,14,8
20,5,10,10,10,4,14,9
20,5,10,10,10,4,14,10
20,5,10,10,10,4,14,11
20,5,10,10,10,4,14,12
20,5,10,10,10,4,14,13
20,5,10,10,10,4,14,14
20,5,10,10,10,4,14,15
20,5,10,10,10,4,14,16
20,5,10,10,10,4,14,17
20,5,10,10,10,4,14,18
20,5,10,10,10,4,14,19
20,5,10,10,10,4,14,20
20,5,10,10,10,4,14.5,1
20,5,10,10,10,4,14.5,2
20,5,10,10,10,4,14.5,3
20,5,10,10,10,4,14.5,4
20,5,10,10,10,4,14.5,5
20,5,10,10,10,4,14.5,6
20,5,10,10,10,4,14.5,7
20,5,10,10,10,4,14.5,8
20,5,10,10,10,4,14.5,9
20,5,10,10,10,4,14.5,10
20,5,10,10,10,4,14.5,11
20,5,10,10,10,4,14.5,12
20,5,10,10,10,4,14.5,13
20,5,10,10,10,4,14.5,14
20,5,10,10,10,4,14.5,15
20,5,10,10,10,4,14.5,16
20,5,10,10,10,4,14.5,17
20,5,10,10,10,4,14.5,18
20,5,10,10,10,4,14.5,19
20,5,10,10,10,4,14.5,20
20,5,10,10,10,4,15,1
20,5,10,10,10,4,15,2
20,5,10,10,10,4,15,3
20,5,10,10,10,4,15,4
20,5,10,10,10,4,15,5
20,5,10,10,10,4,15,6
20,5,10,10,10,4,15,7
20,5,10,10,10,4,15,8
20,5,10,10,10,4,15,9
20,5,10,10,10,4,15,10
20,5,10,10,10,4,15,11
20,5,10,10,10,4,15,12
20,5,10,10,10,4,15,13
20,5,10,10,10,4,15,14
20,5,10,10,10,4,15,15
20,5,10,10,10,4,15,16
20,5,10,10,10,4,15,17
20,5,10,10,10,4,15,18
20,5,10,10,10,4,15,19
20,5,10,10,10,4,15,20
20,5,10,10,10,6,10.5,1
20,5,10,10,10,6,10.5,2
20,5,10,10,10,6,10.5,3
20,5,10,10,10,6,10.5,4
20,5,10,10,10,6,10.5,5
20,5,10,10,10,6,10.5,6
20,5,10,10,10,6,10.5,7
20,5,10,10,10,6,10.5,8
20,5,10,10,10,6,10.5,9
20,5,10,10,10,6,10.5,10
20,5,10,10,10,6,10.5,11
20,5,10,10,10,6,10.5,12
20,5,10,10,10,6,10.5,13
20,5,10,10,10,6,10.5,14
20,5,10,10,10,6,10.5,15
20,5,10,10,10,6,10.5,16
20,5,10,10,10,6,10.5,17
20,5,10,10,10,6,10.5,18
20,5,10,10,10,6,10.5,19
20,5,10,10,10,6,10.5,20
20,5,10,10,10,6,11,1
20,5,10,10,10,6,11,2
20,5,10,10,10,6,11,3
20,5,10,10,10,6,11,4
20,5,10,10,10,6,11,5
20,5,10,10,10,6,11,6
20,5,10,10,10,6,11,7
20,5,10,10,10,6,11,8
20,5,10,10,10,6,11,9
20,5,10,10,10,6,11,10
20,5,10,10,10,6,11,11
20,5,10,10,10,6,11,12
20,5,10,10,10,6,11,13
20,5,10,10,10,6,11,14
20,5,10,10,10,6,11,15
20,5,10,10,10,6,11,16
20,5,10,10,10,6,11,17
20,5,10,10,10,6,11,18
20,5,10,10,10,6,11,19
20,5,10,10,10,6,11,20
20,5,10,10,10,6,11.5,1
20,5,10,10,10,6,11.5,2
20,5,10,10,10,6,11.5,3
20,5,10,10,10,6,11.5,4
20,5,10,10,10,6,11.5,5
20,5,10,10,10,6,11.5,6
20,5,10,10,10,6,11.5,7
20,5,10,10,10,6,11.5,8
20,5,10,10,10,6,11.5,9
20,5,10,10,10,6,11.5,10
20,5,10,10,10,6,11.5,11
20,5,10,10,10,6,11.5,12
20,5,10,10,10,6,11.5,13
20,5,10,10,10,6,11.5,14
20,5,10,10,10,6,11.5,15
20,5,10,10,10,6,11.5,16
20,5,10,10,10,6,11.5,17
20,5,10,10,10,6,11.5,18
20,5,10,10,10,6,11.5,19
20,5,10,10,10,6,11.5,20
20,5,10,10,10,6,12,1
20,5,10,10,10,6,12,2
20,5,10,10,10,6,12,3
20,5,10,10,10,6,12,4
20,5,10,10,10,6,12,5
20,5,10,10,10,6,12,6
20,5,10,10,10,6,12,7
20,5,10,10,10,6,12,8
20,5,10,10,10,6,12,9
20,5,10,10,10,6,12,10
20,5,10,10,10,6,12,11
20,5,10,10,10,6,12,12
20,5,10,10,10,6,12,13
20,5,10,10,10,6,12,14
20,5,10,10,10,6,12,15
20,5,10,10,10,6,12,16
20,5,10,10,10,6,12,17
20,5,10,10,10,6,12,18
20,5,10,10,10,6,12,19
20,5,10,10,10,6,12,20
20,5,10,10,10,6,12.5,1
20,5,10,10,10,6,12.5,2
20,5,10,10,10,6,12.5,3
20,5,10,10,10,6,12.5,4
20,5,10,10,10,6,12.5,5
20,5,10,10,10,6,12.5,6
20,5,10,10,10,6,12.5,7
20,5,10,10,10,6,12.5,8
20,5,10,10,10,6,12.5,9
20,5,10,10,10,6,12.5,10
20,5,10,10,10,6,12.5,11
20,5,10,10,10,6,12.5,12
20,5,10,10,10,6,12.5,13
20,5,10,10,10,6,12.5,14
20,5,10,10,10,6,12.5,15
20,5,10,10,10,6,12.5,16
20,5,10,10,10,6,12.5,17
20,5,10,10,10,6,12.5,18
20,5,10,10,10,6,12.5,19
20,5,10,10,10,6,12.5,20
20,5,10,10,10,6,13,1
20,5,10,10,10,6,13,2
20,5,10,10,10,6,13,3
20,5,10,10,10,6,13,4
20,5,10,10,10,6,13,5
20,5,10,10,10,6,13,6
20,5,10,10,10,6,13,7
20,5,10,10,10,6,13,8
20,5,10,10,10,6,13,9
20,5,10,10,10,6,13,10
20,5,10,10,10,6,13,11
20,5,10,10,10,6,13,12
20,5,10,10,10,6,13,13
20,5,10,10,10,6,13,14
20,5,10,10,10,6,13,15
20,5,10,10,10,6,13,16
20,5,10,10,10,6,13,17
20,5,10,10,10,6,13,18
20,5,10,10,10,6,13,19
20,5,10,10,10,6,13,20
20,5,10,10,10,6,13.5,1
20,5,10,10,10,6,13.5,2
20,5,10,10,10,6,13.5,3
20,5,10,10,10,6,13.5,4
20,5,10,10,10,6,13.5,5
20,5,10,10,10,6,13.5,6
20,5,10,10,10,6,13.5,7
20,5,10,10,10,6,13.5,8
20,5,10,10,10,6,13.5,9
20,5,10,10,10,6,13.5,10
20,5,10,10,10,6,13.5,11
20,5,10,10,10,6,13.5,12
20,5,10,10,10,6,13.5,13
20,5,10,10,10,6,13.5,14
20,5,10,10,10,6,13.5,15
20,5,10,10,10,6,13.5,16
20,5,10,10,10,6,13.5,17
20,5,10,10,10,6,13.5,18
20,5,10,10,10,6,13.5,19
20,5,10,10,10,6,13.5,20
20,5,10,10,10,6,14,1
20,5,10,10,10,6,14,2
20,5,10,10,10,6,14,3
20,5,10,10,10,6,14,4
20,5,10,10,10,6,14,5
20,5,10,10,10,6,14,6
20,5,10,10,10,6,14,7
20,5,10,10,10,6,14,8
20,5,10,10,10,6,14,9
20,5,10,10,10,6,14,10
20,5,10,10,10,6,14,11
20,5,10,10,10,6,14,12
20,5,10,10,10,6,14,13
20,5,10,10,10,6,14,14
20,5,10,10,10,6,14,15
20,5,10,10,10,6,14,16
20,5,10,10,10,6,14,17
20,5,10,10,10,6,14,18
20,5,10,10,10,6,14,19
20,5,10,10,10,6,14,20
20,5,10,10,10,6,14.5,1
20,5,10,10,10,6,14.5,2
20,5,10,10,10,6,14.5,3
20,5,10,10,10,6,14.5,4
20,5,10,10,10,6,14.5,5
20,5,10,10,10,6,14.5,6
20,5,10,10,10,6,14.5,7
20,5,10,10,10,6,14.5,8
20,5,10,10,10,6,14.5,9
20,5,10,10,10,6,14.5,10
20,5,10,10,10,6,14.5,11
20,5,10,10,10,6,14.5,12
20,5,10,10,10,6,14.5,13
20,5,10,10,10,6,14.5,14
20,5,10,10,10,6,14.5,15
20,5,10,10,10,6,14.5,16
20,5,10,10,10,6,14.5,17
20,5,10,10,10,6,14.5,18
20,5,10,10,10,6,14.5,19
20,5,10,10,10,6,14.5,20
20,5,10,10,10,6,15,1
20,5,10,10,10,6,15,2
20,5,10,10,10,6,15,3
20,5,10,10,10,6,15,4
20,5,10,10,10,6,15,5
20,5,10,10,10,6,15,6
20,5,10,10,10,6,15,7
20,5,10,10,10,6,15,8
20,5,10,10,10,6,15,9
20,5,10,10,10,6,15,10
20,5,10,10,10,6,15,11
20,5,10,10,10,6,15,12
20,5,10,10,10,6,15,13
20,5,10,10,10,6,15,14
20,5,10,10,10,6,15,15
20,5,10,10,10,6,15,16
20,5,10,10,10,6,15,17
20,5,10,10,10,6,15,18
20,5,10,10,10,6,15,19
20,5,10,10,10,6,15,20
20,5,10,10,10,8,10.5,1
20,5,10,10,10,8,10.5,2
20,5,10,10,10,8,10.5,3
20,5,10,10,10,8,10.5,4
20,5,10,10,10,8,10.5,5
20,5,10,10,10,8,10.5,6
20,5,10,10,10,8,10.5,7
20,5,10,10,10,8,10.5,8
20,5,10,10,10,8,10.5,9
20,5,10,10,10,8,10.5,10
20,5,10,10,10,8,10.5,11
20,5,10,10,10,8,10.5,12
20,5,10,10,10,8,10.5,13
20,5,10,10,10,8,10.5,14
20,5,10,10,10,8,10.5,15
20,5,10,10,10,8,10.5,16
20,5,10,10,10,8,10.5,17
20,5,10,10,10,8,10.5,18
20,5,10,10,10,8,10.5,19
20,5,10,10,10,8,10.5,20
20,5,10,10,10,8,11,1
20,5,10,10,10,8,11,2
20,5,10,10,10,8,11,3
20,5,10,10,10,8,11,4
20,5,10,10,10,8,11,5
20,5,10,10,10,8,11,6
20,5,10,10,10,8,11,7
20,5,10,10,10,8,11,8
20,5,10,10,10,8,11,9
20,5,10,10,10,8,11,10
20,5,10,10,10,8,11,11
20,5,10,10,10,8,11,12
20,5,10,10,10,8,11,13
20,5,10,10,10,8,11,14
20,5,10,10,10,8,11,15
20,5,10,10,10,8,11,16
20,5,10,10,10,8,11,17
20,5,10,10,10,8,11,18
20,5,10,10,10,8,11,19
20,5,10,10,10,8,11,20
20,5,10,10,10,8,11.5,1
20,5,10,10,10,8,11.5,2
20,5,10,10,10,8,11.5,3
20,5,10,10,10,8,11.5,4
20,5,10,10,10,8,11.5,5
20,5,10,10,10,8,11.5,6
20,5,10,10,10,8,11.5,7
20,5,10,10,10,8,11.5,8
20,5,10,10,10,8,11.5,9
20,5,10,10,10,8,11.5,10
20,5,10,10,10,8,11.5,11
20,5,10,10,10,8,11.5,12
20,5,10,10,10,8,11.5,13
20,5,10,10,10,8,11.5,14
20,5,10,10,10,8,11.5,15
20,5,10,10,10,8,11.5,16
20,5,10,10,10,8,11.5,17
20,5,10,10,10,8,11.5,18
20,5,10,10,10,8,11.5,19
20,5,10,10,10,8,11.5,20
20,5,10,10,10,8,12,1
20,5,10,10,10,8,12,2
20,5,10,10,10,8,12,3
20,5,10,10,10,8,12,4
20,5,10,10,10,8,12,5
20,5,10,10,10,8,12,6
20,5,10,10,10,8,12,7
20,5,10,10,10,8,12,8
20,5,10,10,10,8,12,9
20,5,10,10,10,8,12,10
20,5,10,10,10,8,12,11
20,5,10,10,10,8,12,12
20,5,10,10,10,8,12,13
20,5,10,10,10,8,12,14
20,5,10,10,10,8,12,15
20,5,10,10,10,8,12,16
20,5,10,10,10,8,12,17
20,5,10,10,10,8,12,18
20,5,10,10,10,8,12,19
20,5,10,10,10,8,12,20
20,5,10,10,10,8,12.5,1
20,5,10,10,10,8,12.5,2
20,5,10,10,10,8,12.5,3
20,5,10,10,10,8,12.5,4
20,5,10,10,10,8,12.5,5
20,5,10,10,10,8,12.5,6
20,5,10,10,10,8,12.5,7
20,5,10,10,10,8,12.5,8
20,5,10,10,10,8,12.5,9
20,5,10,10,10,8,12.5,10
20,5,10,10,10,8,12.5,11
20,5,10,10,10,8,12.5,12
20,5,10,10,10,8,12.5,13
20,5,10,10,10,8,12.5,14
20,5,10,10,10,8,12.5,15
20,5,10,10,10,8,12.5,16
20,5,10,10,10,8,12.5,17
20,5,10,10,10,8,12.5,18
20,5,10,10,10,8,12.5,19
20,5,10,10,10,8,12.5,20
20,5,10,10,10,8,13,1
20,5,10,10,10,8,13,2
20,5,10,10,10,8,13,3
20,5,10,10,10,8,13,4
20,5,10,10,10,8,13,5
20,5,10,10,10,8,13,6
20,5,10,10,10,8,13,7
20,5,10,10,10,8,13,8
20,5,10,10,10,8,13,9
20,5,10,10,10,8,13,10
20,5,10,10,10,8,13,11
20,5,10,10,10,8,13,12
20,5,10,10,10,8,13,13
20,5,10,10,10,8,13,14
20,5,10,10,10,8,13,15
20,5,10,10,10,8,13,16
20,5,10,10,10,8,13,17
20,5,10,10,10,8,13,18
20,5,10,10,10,8,13,19
20,5,10,10,10,8,13,20
20,5,10,10,10,8,13.5,1
20,5,10,10,10,8,13.5,2
20,5,10,10,10,8,13.5,3
20,5,10,10,10,8,13.5,4
20,5,10,10,10,8,13.5,5
20,5,10,10,10,8,13.5,6
20,5,10,10,10,8,13.5,7
20,5,10,10,10,8,13.5,8
20,5,10,10,10,8,13.5,9
20,5,10,10,10,8,13.5,10
20,5,10,10,10,8,13.5,11
20,5,10,10,10,8,13.5,12
20,5,10,10,10,8,13.5,13
20,5,10,10,10,8,13.5,14
20,5,10,10,10,8,13.5,15
20,5,10,10,10,8,13.5,16
20,5,10,10,10,8,13.5,17
20,5,10,10,10,8,13.5,18
20,5,10,10,10,8,13.5,19
20,5,10,10,10,8,13.5,20
20,5,10,10,10,8,14,1
20,5,10,10,10,8,14,2
20,5,10,10,10,8,14,3
20,5,10,10,10,8,14,4
20,5,10,10,10,8,14,5
20,5,10,10,10,8,14,6
20,5,10,10,10,8,14,7
20,5,10,10,10,8,14,8
20,5,10,10,10,8,14,9
20,5,10,10,10,8,14,10
20,5,10,10,10,8,14,11
20,5,10,10,10,8,14,12
20,5,10,10,10,8,14,13
20,5,10,10,10,8,14,14
20,5,10,10,10,8,14,15
20,5,10,10,10,8,14,16
20,5,10,10,10,8,14,17
20,5,10,10,10,8,14,18
20,5,10,10,10,8,14,19
20,5,10,10,10,8,14,20
20,5,10,10,10,8,14.5,1
20,5,10,10,10,8,14.5,2
20,5,10,10,10,8,14.5,3
20,5,10,10,10,8,14.5,4
20,5,10,10,10,8,14.5,5
20,5,10,10,10,8,14.5,6
20,5,10,10,10,8,14.5,7
20,5,10,10,10,8,14.5,8
20,5,10,10,10,8,14.5,9
20,5,10,10,10,8,14.5,10
20,5,10,10,10,8,14.5,11
20,5,10,10,10,8,14.5,12
20,5,10,10,10,8,14.5,13
20,5,10,10,10,8,14.5,14
20,5,10,10,10,8,14.5,15
20,5,10,10,10,8,14.5,16
20,5,10,10,10,8,14.5,17
20,5,10,10,10,8,14.5,18
20,5,10,10,10,8,14.5,19
20,5,10,10,10,8,14.5,20
20,5,10,10,10,8,15,1
20,5,10,10,10,8,15,2
20,5,10,10,10,8,15,3
20,5,10,10,10,8,15,4
20,5,10,10,10,8,15,5
20,5,10,10,10,8,15,6
20,5,10,10,10,8,15,7
20,5,10,10,10,8,15,8
20,5,10,10,10,8,15,9
20,5,10,10,10,8,15,10
20,5,10,10,10,8,15,11
20,5,10,10,10,8,15,12
20,5,10,10,10,8,15,13
20,5,10,10,10,8,15,14
20,5,10,10,10,8,15,15
20,5,10,10,10,8,15,16
20,5,10,10,10,8,15,17
20,5,10,10,10,8,15,18
20,5,10,10,10,8,15,19
20,5,10,10,10,8,15,20
20,5,10,10,10,10,10.5,1
20,5,10,10,10,10,10.5,2
20,5,10,10,10,10,10.5,3
20,5,10,10,10,10,10.5,4
20,5,10,10,10,10,10.5,5
20,5,10,10,10,10,10.5,6
20,5,10,10,10,10,10.5,7
20,5,10,10,10,10,10.5,8
20,5,10,10,10,10,10.5,9
20,5,10,10,10,10,10.5,10
20,5,10,10,10,10,10.5,11
20,5,10,10,10,10,10.5,12
20,5,10,10,10,10,10.5,13
20,5,10,10,10,10,10.5,14
20,5,10,10,10,10,10.5,15
20,5,10,10,10,10,10.5,16
20,5,10,10,10,10,10.5,17
20,5,10,10,10,10,10.5,18
20,5,10,10,10,10,10.5,19
20,5,10,10,10,10,10.5,20
20,5,10,10,10,10,11,1
20,5,10,10,10,10,11,2
20,5,10,10,10,10,11,3
20,5,10,10,10,10,11,4
20,5,10,10,10,10,11,5
20,5,10,10,10,10,11,6
20,5,10,10,10,10,11,7
20,5,10,10,10,10,11,8
20,5,10,10,10,10,11,9
20,5,10,10,10,10,11,10
20,5,10,10,10,10,11,11
20,5,10,10,10,10,11,12
20,5,10,10,10,10,11,13
20,5,10,10,10,10,11,14
20,5,10,10,10,10,11,15
20,5,10,10,10,10,11,16
20,5,10,10,10,10,11,17
20,5,10,10,10,10,11,18
20,5,10,10,10,10,11,19
20,5,10,10,10,10,11,20
20,5,10,10,10,10,11.5,1
20,5,10,10,10,10,11.5,2
20,5,10,10,10,10,11.5,3
20,5,10,10,10,10,11.5,4
20,5,10,10,10,10,11.5,5
20,5,10,10,10,10,11.5,6
20,5,10,10,10,10,11.5,7
20,5,10,10,10,10,11.5,8
20,5,10,10,10,10,11.5,9
20,5,10,10,10,10,11.5,10
20,5,10,10,10,10,11.5,11
20,5,10,10,10,10,11.5,12
20,5,10,10,10,10,11.5,13
20,5,10,10,10,10,11.5,14
20,5,10,10,10,10,11.5,15
20,5,10,10,10,10,11.5,16
20,5,10,10,10,10,11.5,17
20,5,10,10,10,10,11.5,18
20,5,10,10,10,10,11.5,19
20,5,10,10,10,10,11.5,20
20,5,10,10,10,10,12,1
20,5,10,10,10,10,12,2
20,5,10,10,10,10,12,3
20,5,10,10,10,10,12,4
20,5,10,10,10,10,12,5
20,5,10,10,10,10,12,6
20,5,10,10,10,10,12,7
20,5,10,10,10,10,12,8
20,5,10,10,10,10,12,9
20,5,10,10,10,10,12,10
20,5,10,10,10,10,12,11
20,5,10,10,10,10,12,12
20,5,10,10,10,10,12,13
20,5,10,10,10,10,12,14
20,5,10,10,10,10,12,15
20,5,10,10,10,10,12,16
20,5,10,10,10,10,12,17
20,5,10,10,10,10,12,18
20,5,10,10,10,10,12,19
20,5,10,10,10,10,12,20
20,5,10,10,10,10,12.5,1
20,5,10,10,10,10,12.5,2
20,5,10,10,10,10,12.5,3
20,5,10,10,10,10,12.5,4
20,5,10,10,10,10,12.5,5
20,5,10,10,10,10,12.5,6
20,5,10,10,10,10,12.5,7
20,5,10,10,10,10,12.5,8
20,5,10,10,10,10,12.5,9
20,5,10,10,10,10,12.5,10
20,5,10,10,10,10,12.5,11
20,5,10,10,10,10,12.5,12
20,5,10,10,10,10,12.5,13
20,5,10,10,10,10,12.5,14
20,5,10,10,10,10,12.5,15
20,5,10,10,10,10,12.5,16
20,5,10,10,10,10,12.5,17
20,5,10,10,10,10,12.5,18
20,5,10,10,10,10,12.5,19
20,5,10,10,10,10,12.5,20
20,5,10,10,10,10,13,1
20,5,10,10,10,10,13,2
20,5,10,10,10,10,13,3
20,5,10,10,10,10,13,4
20,5,10,10,10,10,13,5
20,5,10,10,10,10,13,6
20,5,10,10,10,10,13,7
20,5,10,10,10,10,13,8
20,5,10,10,10,10,13,9
20,5,10,10,10,10,13,10
20,5,10,10,10,10,13,11
20,5,10,10,10,10,13,12
20,5,10,10,10,10,13,13
20,5,10,10,10,10,13,14
20,5,10,10,10,10,13,15
20,5,10,10,10,10,13,16
20,5,10,10,10,10,13,17
20,5,10,10,10,10,13,18
20,5,10,10,10,10,13,19
20,5,10,10,10,10,13,20
20,5,10,10,10,10,13.5,1
20,5,10,10,10,10,13.5,2
20,5,10,10,10,10,13.5,3
20,5,10,10,10,10,13.5,4
20,5,10,10,10,10,13.5,5
20,5,10,10,10,10,13.5,6
20,5,10,10,10,10,13.5,7
20,5,10,10,10,10,13.5,8
20,5,10,10,10,10,13.5,9
20,5,10,10,10,10,13.5,10
20,5,10,10,10,10,13.5,11
20,5,10,10,10,10,13.5,12
20,5,10,10,10,10,13.5,13
20,5,10,10,10,10,13.5,14
20,5,10,10,10,10,13.5,15
20,5,10,10,10,10,13.5,16
20,5,10,10,10,10,13.5,17
20,5,10,10,10,10,13.5,18
20,5,10,10,10,10,13.5,19
20,5,10,10,10,10,13.5,20
20,5,10,10,10,10,14,1
20,5,10,10,10,10,14,2
20,5,10,10,10,10,14,3
20,5,10,10,10,10,14,4
20,5,10,10,10,10,14,5
20,5,10,10,10,10,14,6
20,5,10,10,10,10,14,7
20,5,10,10,10,10,14,8
20,5,10,10,10,10,14,9
20,5,10,10,10,10,14,10
20,5,10,10,10,10,14,11
20,5,10,10,10,10,14,12
20,5,10,10,10,10,14,13
20,5,10,10,10,10,14,14
20,5,10,10,10,10,14,15
20,5,10,10,10,10,14,16
20,5,10,10,10,10,14,17
20,5,10,10,10,10,14,18
20,5,10,10,10,10,14,19
20,5,10,10,10,10,14,20
20,5,10,10,10,10,14.5,1
20,5,10,10,10,10,14.5,2
20,5,10,10,10,10,14.5,3
20,5,10,10,10,10,14.5,4
20,5,10,10,10,10,14.5,5
20,5,10,10,10,10,14.5,6
20,5,10,10,10,10,14.5,7
20,5,10,10,10,10,14.5,8
20,5,10,10,10,10,14.5,9
20,5,10,10,10,10,14.5,10
20,5,10,10,10,10,14.5,11
20,5,10,10,10,10,14.5,12
20,5,10,10,10,10,14.5,13
20,5,10,10,10,10,14.5,14
20,5,10,10,10,10,14.5,15
20,5,10,10,10,10,14.5,16
20,5,10,10,10,10,14.5,17
20,5,10,10,10,10,14.5,18
20,5,10,10,10,10,14.5,19
20,5,10,10,10,10,14.5,20
20,5,10,10,10,10,15,1
20,5,10,10,10,10,15,2
20,5,10,10,10,10,15,3
20,5,10,10,10,10,15,4
20,5,10,10,10,10,15,5
20,5,10,10,10,10,15,6
20,5,10,10,10,10,15,7
20,5,10,10,10,10,15,8
20,5,10,10,10,10,15,9
20,5,10,10,10,10,15,10
20,5,10,10,10,10,15,11
20,5,10,10,10,10,15,12
20,5,10,10,10,10,15,13
20,5,10,10,10,10,15,14
20,5,10,10,10,10,15,15
20,5,10,10,10,10,15,16
20,5,10,10,10,10,15,17
20,5,10,10,10,10,15,18
20,5,10,10,10,10,15,19
20,5,10,10,10,10,15,20
20,5,10,10,10,12,10.5,1
20,5,10,10,10,12,10.5,2
20,5,10,10,10,12,10.5,3
20,5,10,10,10,12,10.5,4
20,5,10,10,10,12,10.5,5
20,5,10,10,10,12,10.5,6
20,5,10,10,10,12,10.5,7
20,5,10,10,10,12,10.5,8
20,5,10,10,10,12,10.5,9
20,5,10,10,10,12,10.5,10
20,5,10,10,10,12,10.5,11
20,5,10,10,10,12,10.5,12
20,5,10,10,10,12,10.5,13
20,5,10,10,10,12,10.5,14
20,5,10,10,10,12,10.5,15
20,5,10,10,10,12,10.5,16
20,5,10,10,10,12,10.5,17
20,5,10,10,10,12,10.5,18
20,5,10,10,10,12,10.5,19
20,5,10,10,10,12,10.5,20
20,5,10,10,10,12,11,1
20,5,10,10,10,12,11,2
20,5,10,10,10,12,11,3
20,5,10,10,10,12,11,4
20,5,10,10,10,12,11,5
20,5,10,10,10,12,11,6
20,5,10,10,10,12,11,7
20,5,10,10,10,12,11,8
20,5,10,10,10,12,11,9
20,5,10,10,10,12,11,10
20,5,10,10,10,12,11,11
20,5,10,10,10,12,11,12
20,5,10,10,10,12,11,13
20,5,10,10,10,12,11,14
20,5,10,10,10,12,11,15
20,5,10,10,10,12,11,16
20,5,10,10,10,12,11,17
20,5,10,10,10,12,11,18
20,5,10,10,10,12,11,19
20,5,10,10,10,12,11,20
20,5,10,10,10,12,11.5,1
20,5,10,10,10,12,11.5,2
20,5,10,10,10,12,11.5,3
20,5,10,10,10,12,11.5,4
20,5,10,10,10,12,11.5,5
20,5,10,10,10,12,11.5,6
20,5,10,10,10,12,11.5,7
20,5,10,10,10,12,11.5,8
20,5,10,10,10,12,11.5,9
20,5,10,10,10,12,11.5,10
20,5,10,10,10,12,11.5,11
20,5,10,10,10,12,11.5,12
20,5,10,10,10,12,11.5,13
20,5,10,10,10,12,11.5,14
20,5,10,10,10,12,11.5,15
20,5,10,10,10,12,11.5,16
20,5,10,10,10,12,11.5,17
20,5,10,10,10,12,11.5,18
20,5,10,10,10,12,11.5,19
20,5,10,10,10,12,11.5,20
20,5,10,10,10,12,12,1
20,5,10,10,10,12,12,2
20,5,10,10,10,12,12,3
20,5,10,10,10,12,12,4
20,5,10,10,10,12,12,5
20,5,10,10,10,12,12,6
20,5,10,10,10,12,12,7
20,5,10,10,10,12,12,8
20,5,10,10,10,12,12,9
20,5,10,10,10,12,12,10
20,5,10,10,10,12,12,11
20,5,10,10,10,12,12,12
20,5,10,10,10,12,12,13
20,5,10,10,10,12,12,14
20,5,10,10,10,12,12,15
20,5,10,10,10,12,12,16
20,5,10,10,10,12,12,17
20,5,10,10,10,12,12,18
20,5,10,10,10,12,12,19
20,5,10,10,10,12,12,20
20,5,10,10,10,12,12.5,1
20,5,10,10,10,12,12.5,2
20,5,10,10,10,12,12.5,3
20,5,10,10,10,12,12.5,4
20,5,10,10,10,12,12.5,5
20,5,10,10,10,12,12.5,6
20,5,10,10,10,12,12.5,7
20,5,10,10,10,12,12.5,8
20,5,10,10,10,12,12.5,9
20,5,10,10,10,12,12.5,10
20,5,10,10,10,12,12.5,11
20,5,10,10,10,12,12.5,12
20,5,10,10,10,12,12.5,13
20,5,10,10,10,12,12.5,14
20,5,10,10,10,12,12.5,15
20,5,10,10,10,12,12.5,16
20,5,10,10,10,12,12.5,17
20,5,10,10,10,12,12.5,18
20,5,10,10,10,12,12.5,19
20,5,10,10,10,12,12.5,20
20,5,10,10,10,12,13,1
20,5,10,10,10,12,13,2
20,5,10,10,10,12,13,3
20,5,10,10,10,12,13,4
20,5,10,10,10,12,13,5
20,5,10,10,10,12,13,6
20,5,10,10,10,12,13,7
20,5,10,10,10,12,13,8
20,5,10,10,10,12,13,9
20,5,10,10,10,12,13,10
20,5,10,10,10,12,13,11
20,5,10,10,10,12,13,12
20,5,10,10,10,12,13,13
20,5,10,10,10,12,13,14
20,5,10,10,10,12,13,15
20,5,10,10,10,12,13,16
20,5,10,10,10,12,13,17
20,5,10,10,10,12,13,18
20,5,10,10,10,12,13,19
20,5,10,10,10,12,13,20
20,5,10,10,10,12,13.5,1
20,5,10,10,10,12,13.5,2
20,5,10,10,10,12,13.5,3
20,5,10,10,10,12,13.5,4
20,5,10,10,10,12,13.5,5
20,5,10,10,10,12,13.5,6
20,5,10,10,10,12,13.5,7
20,5,10,10,10,12,13.5,8
20,5,10,10,10,12,13.5,9
20,5,10,10,10,12,13.5,10
20,5,10,10,10,12,13.5,11
20,5,10,10,10,12,13.5,12
20,5,10,10,10,12,13.5,13
20,5,10,10,10,12,13.5,14
20,5,10,10,10,12,13.5,15
20,5,10,10,10,12,13.5,16
20,5,10,10,10,12,13.5,17
20,5,10,10,10,12,13.5,18
20,5,10,10,10,12,13.5,19
20,5,10,10,10,12,13.5,20
20,5,10,10,10,12,14,1
20,5,10,10,10,12,14,2
20,5,10,10,10,12,14,3
20,5,10,10,10,12,14,4
20,5,10,10,10,12,14,5
20,5,10,10,10,12,14,6
20,5,10,10,10,12,14,7
20,5,10,10,10,12,14,8
20,5,10,10,10,12,14,9
20,5,10,10,10,12,14,10
20,5,10,10,10,12,14,11
20,5,10,10,10,12,14,12
20,5,10,10,10,12,14,13
20,5,10,10,10,12,14,14
20,5,10,10,10,12,14,15
20,5,10,10,10,12,14,16
20,5,10,10,10,12,14,17
20,5,10,10,10,12,14,18
20,5,10,10,10,12,14,19
20,5,10,10,10,12,14,20
20,5,10,10,10,12,14.5,1
20,5,10,10,10,12,14.5,2
20,5,10,10,10,12,14.5,3
20,5,10,10,10,12,14.5,4
20,5,10,10,10,12,14.5,5
20,5,10,10,10,12,14.5,6
20,5,10,10,10,12,14.5,7
20,5,10,10,10,12,14.5,8
20,5,10,10,10,12,14.5,9
20,5,10,10,10,12,14.5,10
20,5,10,10,10,12,14.5,11
20,5,10,10,10,12,14.5,12
20,5,10,10,10,12,14.5,13
20,5,10,10,10,12,14.5,14
20,5,10,10,10,12,14.5,15
20,5,10,10,10,12,14.5,16
20,5,10,10,10,12,14.5,17
20,5,10,10,10,12,14.5,18
20,5,10,10,10,12,14.5,19
20,5,10,10,10,12,14.5,20
20,5,10,10,10,12,15,1
20,5,10,10,10,12,15,2
20,5,10,10,10,12,15,3
20,5,10,10,10,12,15,4
20,5,10,10,10,12,15,5
20,5,10,10,10,12,15,6
20,5,10,10,10,12,15,7
20,5,10,10,10,12,15,8
20,5,10,10,10,12,15,9
20,5,10,10,10,12,15,10
20,5,10,10,10,12,15,11
20,5,10,10,10,12,15,12
20,5,10,10,10,12,15,13
20,5,10,10,10,12,15,14
20,5,10,10,10,12,15,15
20,5,10,10,10,12,15,16
20,5,10,10,10,12,15,17
20,5,10,10,10,12,15,18
20,5,10,10,10,12,15,19
20,5,10,10,10,12,15,20
20,5,10,10,10,14,10.5,1
20,5,10,10,10,14,10.5,2
20,5,10,10,10,14,10.5,3
20,5,10,10,10,14,10.5,4
20,5,10,10,10,14,10.5,5
20,5,10,10,10,14,10.5,6
20,5,10,10,10,14,10.5,7
20,5,10,10,10,14,10.5,8
20,5,10,10,10,14,10.5,9
20,5,10,10,10,14,10.5,10
20,5,10,10,10,14,10.5,11
20,5,10,10,10,14,10.5,12
20,5,10,10,10,14,10.5,13
20,5,10,10,10,14,10.5,14
20,5,10,10,10,14,10.5,15
20,5,10,10,10,14,10.5,16
20,5,10,10,10,14,10.5,17
20,5,10,10,10,14,10.5,18
20,5,10,10,10,14,10.5,19
20,5,10,10,10,14,10.5,20
20,5,10,10,10,14,11,1
20,5,10,10,10,14,11,2
20,5,10,10,10,14,11,3
20,5,10,10,10,14,11,4
20,5,10,10,10,14,11,5
20,5,10,10,10,14,11,6
20,5,10,10,10,14,11,7
20,5,10,10,10,14,11,8
20,5,10,10,10,14,11,9
20,5,10,10,10,14,11,10
20,5,10,10,10,14,11,11
20,5,10,10,10,14,11,12
20,5,10,10,10,14,11,13
20,5,10,10,10,14,11,14
20,5,10,10,10,14,11,15
20,5,10,10,10,14,11,16
20,5,10,10,10,14,11,17
20,5,10,10,10,14,11,18
20,5,10,10,10,14,11,19
20,5,10,10,10,14,11,20
20,5,10,10,10,14,11.5,1
20,5,10,10,10,14,11.5,2
20,5,10,10,10,14,11.5,3
20,5,10,10,10,14,11.5,4
20,5,10,10,10,14,11.5,5
20,5,10,10,10,14,11.5,6
20,5,10,10,10,14,11.5,7
20,5,10,10,10,14,11.5,8
20,5,10,10,10,14,11.5,9
20,5,10,10,10,14,11.5,10
20,5,10,10,10,14,11.5,11
20,5,10,10,10,14,11.5,12
20,5,10,10,10,14,11.5,13
20,5,10,10,10,14,11.5,14
20,5,10,10,10,14,11.5,15
20,5,10,10,10,14,11.5,16
20,5,10,10,10,14,11.5,17
20,5,10,10,10,14,11.5,18
20,5,10,10,10,14,11.5,19
20,5,10,10,10,14,11.5,20
20,5,10,10,10,14,12,1
20,5,10,10,10,14,12,2
20,5,10,10,10,14,12,3
20,5,10,10,10,14,12,4
20,5,10,10,10,14,12,5
20,5,10,10,10,14,12,6
20,5,10,10,10,14,12,7
20,5,10,10,10,14,12,8
20,5,10,10,10,14,12,9
20,5,10,10,10,14,12,10
20,5,10,10,10,14,12,11
20,5,10,10,10,14,12,12
20,5,10,10,10,14,12,13
20,5,10,10,10,14,12,14
20,5,10,10,10,14,12,15
20,5,10,10,10,14,12,16
20,5,10,10,10,14,12,17
20,5,10,10,10,14,12,18
20,5,10,10,10,14,12,19
20,5,10,10,10,14,12,20
20,5,10,10,10,14,12.5,1
20,5,10,10,10,14,12.5,2
20,5,10,10,10,14,12.5,3
20,5,10,10,10,14,12.5,4
20,5,10,10,10,14,12.5,5
20,5,10,10,10,14,12.5,6
20,5,10,10,10,14,12.5,7
20,5,10,10,10,14,12.5,8
20,5,10,10,10,14,12.5,9
20,5,10,10,10,14,12.5,10
20,5,10,10,10,14,12.5,11
20,5,10,10,10,14,12.5,12
20,5,10,10,10,14,12.5,13
20,5,10,10,10,14,12.5,14
20,5,10,10,10,14,12.5,15
20,5,10,10,10,14,12.5,16
20,5,10,10,10,14,12.5,17
20,5,10,10,10,14,12.5,18
20,5,10,10,10,14,12.5,19
20,5,10,10,10,14,12.5,20
20,5,10,10,10,14,13,1
20,5,10,10,10,14,13,2
20,5,10,10,10,14,13,3
20,5,10,10,10,14,13,4
20,5,10,10,10,14,13,5
20,5,10,10,10,14,13,6
20,5,10,10,10,14,13,7
20,5,10,10,10,14,13,8
20,5,10,10,10,14,13,9
20,5,10,10,10,14,13,10
20,5,10,10,10,14,13,11
20,5,10,10,10,14,13,12
20,5,10,10,10,14,13,13
20,5,10,10,10,14,13,14
20,5,10,10,10,14,13,15
20,5,10,10,10,14,13,16
20,5,10,10,10,14,13,17
20,5,10,10,10,14,13,18
20,5,10,10,10,14,13,19
20,5,10,10,10,14,13,20
20,5,10,10,10,14,13.5,1
20,5,10,10,10,14,13.5,2
20,5,10,10,10,14,13.5,3
20,5,10,10,10,14,13.5,4
20,5,10,10,10,14,13.5,5
20,5,10,10,10,14,13.5,6
20,5,10,10,10,14,13.5,7
20,5,10,10,10,14,13.5,8
20,5,10,10,10,14,13.5,9
20,5,10,10,10,14,13.5,10
20,5,10,10,10,14,13.5,11
20,5,10,10,10,14,13.5,12
20,5,10,10,10,14,13.5,13
20,5,10,10,10,14,13.5,14
20,5,10,10,10,14,13.5,15
20,5,10,10,10,14,13.5,16
20,5,10,10,10,14,13.5,17
20,5,10,10,10,14,13.5,18
20,5,10,10,10,14,13.5,19
20,5,10,10,10,14,13.5,20
20,5,10,10,10,14,14,1
20,5,10,10,10,14,14,2
20,5,10,10,10,14,14,3
20,5,10,10,10,14,14,4
20,5,10,10,10,14,14,5
20,5,10,10,10,14,14,6
20,5,10,10,10,14,14,7
20,5,10,10,10,14,14,8
20,5,10,10,10,14,14,9
20,5,10,10,10,14,14,10
20,5,10,10,10,14,14,11
20,5,10,10,10,14,14,12
20,5,10,10,10,14,14,13
20,5,10,10,10,14,14,14
20,5,10,10,10,14,14,15
20,5,10,10,10,14,14,16
20,5,10,10,10,14,14,17
20,5,10,10,10,14,14,18
20,5,10,10,10,14,14,19
20,5,10,10,10,14,14,20
20,5,10,10,10,14,14.5,1
20,5,10,10,10,14,14.5,2
20,5,10,10,10,14,14.5,3
20,5,10,10,10,14,14.5,4
20,5,10,10,10,14,14.5,5
20,5,10,10,10,14,14.5,6
20,5,10,10,10,14,14.5,7
20,5,10,10,10,14,14.5,8
20,5,10,10,10,14,14.5,9
20,5,10,10,10,14,14.5,10
20,5,10,10,10,14,14.5,11
20,5,10,10,10,14,14.5,12
20,5,10,10,10,14,14.5,13
20,5,10,10,10,14,14.5,14
20,5,10,10,10,14,14.5,15
20,5,10,10,10,14,14.5,16
20,5,10,10,10,14,14.5,17
20,5,10,10,10,14,14.5,18
20,5,10,10,10,14,14.5,19
20,5,10,10,10,14,14.5,20
20,5,10,10,10,14,15,1
20,5,10,10,10,14,15,2
20,5,10,10,10,14,15,3
20,5,10,10,10,14,15,4
20,5,10,10,10,14,15,5
20,5,10,10,10,14,15,6
20,5,10,10,10,14,15,7
20,5,10,10,10,14,15,8
20,5,10,10,10,14,15,9
20,5,10,10,10,14,15,10
20,5,10,10,10,14,15,11
20,5,10,10,10,14,15,12
20,5,10,10,10,14,15,13
20,5,10,10,10,14,15,14
20,5,10,10,10,14,15,15
20,5,10,10,10,14,15,16
20,5,10,10,10,14,15,17
20,5,10,10,10,14,15,18
20,5,10,10,10,14,15,19
20,5,10,10,10,14,15,20
20,5,10,10,10,16,10.5,1
20,5,10,10,10,16,10.5,2
20,5,10,10,10,16,10.5,3
20,5,10,10,10,16,10.5,4
20,5,10,10,10,16,10.5,5
20,5,10,10,10,16,10.5,6
20,5,10,10,10,16,10.5,7
20,5,10,10,10,16,10.5,8
20,5,10,10,10,16,10.5,9
20,5,10,10,10,16,10.5,10
20,5,10,10,10,16,10.5,11
20,5,10,10,10,16,10.5,12
20,5,10,10,10,16,10.5,13
20,5,10,10,10,16,10.5,14
20,5,10,10,10,16,10.5,15
20,5,10,10,10,16,10.5,16
20,5,10,10,10,16,10.5,17
20,5,10,10,10,16,10.5,18
20,5,10,10,10,16,10.5,19
20,5,10,10,10,16,10.5,20
20,5,10,10,10,16,11,1
20,5,10,10,10,16,11,2
20,5,10,10,10,16,11,3
20,5,10,10,10,16,11,4
20,5,10,10,10,16,11,5
20,5,10,10,10,16,11,6
20,5,10,10,10,16,11,7
20,5,10,10,10,16,11,8
20,5,10,10,10,16,11,9
20,5,10,10,10,16,11,10
20,5,10,10,10,16,11,11
20,5,10,10,10,16,11,12
20,5,10,10,10,16,11,13
20,5,10,10,10,16,11,14
20,5,10,10,10,16,11,15
20,5,10,10,10,16,11,16
20,5,10,10,10,16,11,17
20,5,10,10,10,16,11,18
20,5,10,10,10,16,11,19
20,5,10,10,10,16,11,20
20,5,10,10,10,16,11.5,1
20,5,10,10,10,16,11.5,2
20,5,10,10,10,16,11.5,3
20,5,10,10,10,16,11.5,4
20,5,10,10,10,16,11.5,5
20,5,10,10,10,16,11.5,6
20,5,10,10,10,16,11.5,7
20,5,10,10,10,16,11.5,8
20,5,10,10,10,16,11.5,9
20,5,10,10,10,16,11.5,10
20,5,10,10,10,16,11.5,11
20,5,10,10,10,16,11.5,12
20,5,10,10,10,16,11.5,13
20,5,10,10,10,16,11.5,14
20,5,10,10,10,16,11.5,15
20,5,10,10,10,16,11.5,16
20,5,10,10,10,16,11.5,17
20,5,10,10,10,16,11.5,18
20,5,10,10,10,16,11.5,19
20,5,10,10,10,16,11.5,20
20,5,10,10,10,16,12,1
20,5,10,10,10,16,12,2
20,5,10,10,10,16,12,3
20,5,10,10,10,16,12,4
20,5,10,10,10,16,12,5
20,5,10,10,10,16,12,6
20,5,10,10,10,16,12,7
20,5,10,10,10,16,12,8
20,5,10,10,10,16,12,9
20,5,10,10,10,16,12,10
20,5,10,10,10,16,12,11
20,5,10,10,10,16,12,12
20,5,10,10,10,16,12,13
20,5,10,10,10,16,12,14
20,5,10,10,10,16,12,15
20,5,10,10,10,16,12,16
20,5,10,10,10,16,12,17
20,5,10,10,10,16,12,18
20,5,10,10,10,16,12,19
20,5,10,10,10,16,12,20
20,5,10,10,10,16,12.5,1
20,5,10,10,10,16,12.5,2
20,5,10,10,10,16,12.5,3
20,5,10,10,10,16,12.5,4
20,5,10,10,10,16,12.5,5
20,5,10,10,10,16,12.5,6
20,5,10,10,10,16,12.5,7
20,5,10,10,10,16,12.5,8
20,5,10,10,10,16,12.5,9
20,5,10,10,10,16,12.5,10
20,5,10,10,10,16,12.5,11
20,5,10,10,10,16,12.5,12
20,5,10,10,10,16,12.5,13
20,5,10,10,10,16,12.5,14
20,5,10,10,10,16,12.5,15
20,5,10,10,10,16,12.5,16
20,5,10,10,10,16,12.5,17
20,5,10,10,10,16,12.5,18
20,5,10,10,10,16,12.5,19
20,5,10,10,10,16,12.5,20
20,5,10,10,10,16,13,1
20,5,10,10,10,16,13,2
20,5,10,10,10,16,13,3
20,5,10,10,10,16,13,4
20,5,10,10,10,16,13,5
20,5,10,10,10,16,13,6
20,5,10,10,10,16,13,7
20,5,10,10,10,16,13,8
20,5,10,10,10,16,13,9
20,5,10,10,10,16,13,10
20,5,10,10,10,16,13,11
20,5,10,10,10,16,13,12
20,5,10,10,10,16,13,13
20,5,10,10,10,16,13,14
20,5,10,10,10,16,13,15
20,5,10,10,10,16,13,16
20,5,10,10,10,16,13,17
20,5,10,10,10,16,13,18
20,5,10,10,10,16,13,19
20,5,10,10,10,16,13,20
20,5,10,10,10,16,13.5,1
20,5,10,10,10,16,13.5,2
20,5,10,10,10,16,13.5,3
20,5,10,10,10,16,13.5,4
20,5,10,10,10,16,13.5,5
20,5,10,10,10,16,13.5,6
20,5,10,10,10,16,13.5,7
20,5,10,10,10,16,13.5,8
20,5,10,10,10,16,13.5,9
20,5,10,10,10,16,13.5,10
20,5,10,10,10,16,13.5,11
20,5,10,10,10,16,13.5,12
20,5,10,10,10,16,13.5,13
20,5,10,10,10,16,13.5,14
20,5,10,10,10,16,13.5,15
20,5,10,10,10,16,13.5,16
20,5,10,10,10,16,13.5,17
20,5,10,10,10,16,13.5,18
20,5,10,10,10,16,13.5,19
20,5,10,10,10,16,13.5,20
20,5,10,10,10,16,14,1
20,5,10,10,10,16,14,2
20,5,10,10,10,16,14,3
20,5,10,10,10,16,14,4
20,5,10,10,10,16,14,5
20,5,10,10,10,16,14,6
20,5,10,10,10,16,14,7
20,5,10,10,10,16,14,8
20,5,10,10,10,16,14,9
20,5,10,10,10,16,14,10
20,5,10,10,10,16,14,11
20,5,10,10,10,16,14,12
20,5,10,10,10,16,14,13
20,5,10,10,10,16,14,14
20,5,10,10,10,16,14,15
20,5,10,10,10,16,14,16
20,5,10,10,10,16,14,17
20,5,10,10,10,16,14,18
20,5,10,10,10,16,14,19
20,5,10,10,10,16,14,20
20,5,10,10,10,16,14.5,1
20,5,10,10,10,16,14.5,2
20,5,10,10,10,16,14.5,3
20,5,10,10,10,16,14.5,4
20,5,10,10,10,16,14.5,5
20,5,10,10,10,16,14.5,6
20,5,10,10,10,16,14.5,7
20,5,10,10,10,16,14.5,8
20,5,10,10,10,16,14.5,9
20,5,10,10,10,16,14.5,10
20,5,10,10,10,16,14.5,11
20,5,10,10,10,16,14.5,12
20,5,10,10,10,16,14.5,13
20,5,10,10,10,16,14.5,14
20,5,10,10,10,16,14.5,15
20,5,10,10,10,16,14.5,16
20,5,10,10,10,16,14.5,17
20,5,10,10,10,16,14.5,18
20,5,10,10,10,16,14.5,19
20,5,10,10,10,16,14.5,20
20,5,10,10,10,16,15,1
20,5,10,10,10,16,15,2
20,5,10,10,10,16,15,3
20,5,10,10,10,16,15,4
20,5,10,10,10,16,15,5
20,5,10,10,10,16,15,6
20,5,10,10,10,16,15,7
20,5,10,10,10,16,15,8
20,5,10,10,10,16,15,9
20,5,10,10,10,16,15,10
20,5,10,10,10,16,15,11
20,5,10,10,10,16,15,12
20,5,10,10,10,16,15,13
20,5,10,10,10,16,15,14
20,5,10,10,10,16,15,15
20,5,10,10,10,16,15,16
20,5,10,10,10,16,15,17
20,5,10,10,10,16,15,18
20,5,10,10,10,16,15,19
20,5,10,10,10,16,15,20
20,5,10,10,10,18,10.5,1
20,5,10,10,10,18,10.5,2
20,5,10,10,10,18,10.5,3
20,5,10,10,10,18,10.5,4
20,5,10,10,10,18,10.5,5
20,5,10,10,10,18,10.5,6
20,5,10,10,10,18,10.5,7
20,5,10,10,10,18,10.5,8
20,5,10,10,10,18,10.5,9
20,5,10,10,10,18,10.5,10
20,5,10,10,10,18,10.5,11
20,5,10,10,10,18,10.5,12
20,5,10,10,10,18,10.5,13
20,5,10,10,10,18,10.5,14
20,5,10,10,10,18,10.5,15
20,5,10,10,10,18,10.5,16
20,5,10,10,10,18,10.5,17
20,5,10,10,10,18,10.5,18
20,5,10,10,10,18,10.5,19
20,5,10,10,10,18,10.5,20
20,5,10,10,10,18,11,1
20,5,10,10,10,18,11,2
20,5,10,10,10,18,11,3
20,5,10,10,10,18,11,4
20,5,10,10,10,18,11,5
20,5,10,10,10,18,11,6
20,5,10,10,10,18,11,7
20,5,10,10,10,18,11,8
20,5,10,10,10,18,11,9
20,5,10,10,10,18,11,10
20,5,10,10,10,18,11,11
20,5,10,10,10,18,11,12
20,5,10,10,10,18,11,13
20,5,10,10,10,18,11,14
20,5,10,10,10,18,11,15
20,5,10,10,10,18,11,16
20,5,10,10,10,18,11,17
20,5,10,10,10,18,11,18
20,5,10,10,10,18,11,19
20,5,10,10,10,18,11,20
20,5,10,10,10,18,11.5,1
20,5,10,10,10,18,11.5,2
20,5,10,10,10,18,11.5,3
20,5,10,10,10,18,11.5,4
20,5,10,10,10,18,11.5,5
20,5,10,10,10,18,11.5,6
20,5,10,10,10,18,11.5,7
20,5,10,10,10,18,11.5,8
20,5,10,10,10,18,11.5,9
20,5,10,10,10,18,11.5,10
20,5,10,10,10,18,11.5,11
20,5,10,10,10,18,11.5,12
20,5,10,10,10,18,11.5,13
20,5,10,10,10,18,11.5,14
20,5,10,10,10,18,11.5,15
20,5,10,10,10,18,11.5,16
20,5,10,10,10,18,11.5,17
20,5,10,10,10,18,11.5,18
20,5,10,10,10,18,11.5,19
20,5,10,10,10,18,11.5,20
20,5,10,10,10,18,12,1
20,5,10,10,10,18,12,2
20,5,10,10,10,18,12,3
20,5,10,10,10,18,12,4
20,5,10,10,10,18,12,5
20,5,10,10,10,18,12,6
20,5,10,10,10,18,12,7
20,5,10,10,10,18,12,8
20,5,10,10,10,18,12,9
20,5,10,10,10,18,12,10
20,5,10,10,10,18,12,11
20,5,10,10,10,18,12,12
20,5,10,10,10,18,12,13
20,5,10,10,10,18,12,14
20,5,10,10,10,18,12,15
20,5,10,10,10,18,12,16
20,5,10,10,10,18,12,17
20,5,10,10,10,18,12,18
20,5,10,10,10,18,12,19
20,5,10,10,10,18,12,20
20,5,10,10,10,18,12.5,1
20,5,10,10,10,18,12.5,2
20,5,10,10,10,18,12.5,3
20,5,10,10,10,18,12.5,4
20,5,10,10,10,18,12.5,5
20,5,10,10,10,18,12.5,6
20,5,10,10,10,18,12.5,7
20,5,10,10,10,18,12.5,8
20,5,10,10,10,18,12.5,9
20,5,10,10,10,18,12.5,10
20,5,10,10,10,18,12.5,11
20,5,10,10,10,18,12.5,12
20,5,10,10,10,18,12.5,13
20,5,10,10,10,18,12.5,14
20,5,10,10,10,18,12.5,15
20,5,10,10,10,18,12.5,16
20,5,10,10,10,18,12.5,17
20,5,10,10,10,18,12.5,18
20,5,10,10,10,18,12.5,19
20,5,10,10,10,18,12.5,20
20,5,10,10,10,18,13,1
20,5,10,10,10,18,13,2
20,5,10,10,10,18,13,3
20,5,10,10,10,18,13,4
20,5,10,10,10,18,13,5
20,5,10,10,10,18,13,6
20,5,10,10,10,18,13,7
20,5,10,10,10,18,13,8
20,5,10,10,10,18,13,9
20,5,10,10,10,18,13,10
20,5,10,10,10,18,13,11
20,5,10,10,10,18,13,12
20,5,10,10,10,18,13,13
20,5,10,10,10,18,13,14
20,5,10,10,10,18,13,15
20,5,10,10,10,18,13,16
20,5,10,10,10,18,13,17
20,5,10,10,10,18,13,18
20,5,10,10,10,18,13,19
20,5,10,10,10,18,13,20
20,5,10,10,10,18,13.5,1
20,5,10,10,10,18,13.5,2
20,5,10,10,10,18,13.5,3
20,5,10,10,10,18,13.5,4
20,5,10,10,10,18,13.5,5
20,5,10,10,10,18,13.5,6
20,5,10,10,10,18,13.5,7
20,5,10,10,10,18,13.5,8
20,5,10,10,10,18,13.5,9
20,5,10,10,10,18,13.5,10
20,5,10,10,10,18,13.5,11
20,5,10,10,10,18,13.5,12
20,5,10,10,10,18,13.5,13
20,5,10,10,10,18,13.5,14
20,5,10,10,10,18,13.5,15
20,5,10,10,10,18,13.5,16
20,5,10,10,10,18,13.5,17
20,5,10,10,10,18,13.5,18
20,5,10,10,10,18,13.5,19
20,5,10,10,10,18,13.5,20
20,5,10,10,10,18,14,1
20,5,10,10,10,18,14,2
20,5,10,10,10,18,14,3
20,5,10,10,10,18,14,4
20,5,10,10,10,18,14,5
20,5,10,10,10,18,14,6
20,5,10,10,10,18,14,7
20,5,10,10,10,18,14,8
20,5,10,10,10,18,14,9
20,5,10,10,10,18,14,10
20,5,10,10,10,18,14,11
20,5,10,10,10,18,14,12
20,5,10,10,10,18,14,13
20,5,10,10,10,18,14,14
20,5,10,10,10,18,14,15
20,5,10,10,10,18,14,16
20,5,10,10,10,18,14,17
20,5,10,10,10,18,14,18
20,5,10,10,10,18,14,19
20,5,10,10,10,18,14,20
20,5,10,10,10,18,14.5,1
20,5,10,10,10,18,14.5,2
20,5,10,10,10,18,14.5,3
20,5,10,10,10,18,14.5,4
20,5,10,10,10,18,14.5,5
20,5,10,10,10,18,14.5,6
20,5,10,10,10,18,14.5,7
20,5,10,10,10,18,14.5,8
20,5,10,10,10,18,14.5,9
20,5,10,10,10,18,14.5,10
20,5,10,10,10,18,14.5,11
20,5,10,10,10,18,14.5,12
20,5,10,10,10,18,14.5,13
20,5,10,10,10,18,14.5,14
20,5,10,10,10,18,14.5,15
20,5,10,10,10,18,14.5,16
20,5,10,10,10,18,14.5,17
20,5,10,10,10,18,14.5,18
20,5,10,10,10,18,14.5,19
20,5,10,10,10,18,14.5,20
20,5,10,10,10,18,15,1
20,5,10,10,10,18,15,2
20,5,10,10,10,18,15,3
20,5,10,10,10,18,15,4
20,5,10,10,10,18,15,5
20,5,10,10,10,18,15,6
20,5,10,10,10,18,15,7
20,5,10,10,10,18,15,8
20,5,10,10,10,18,15,9
20,5,10,10,10,18,15,10
20,5,10,10,10,18,15,11
20,5,10,10,10,18,15,12
20,5,10,10,10,18,15,13
20,5,10,10,10,18,15,14
20,5,10,10,10,18,15,15
20,5,10,10,10,18,15,16
20,5,10,10,10,18,15,17
20,5,10,10,10,18,15,18
20,5,10,10,10,18,15,19
20,5,10,10,10,18,15,20
20,5,10,10,10,20,10.5,1
20,5,10,10,10,20,10.5,2
20,5,10,10,10,20,10.5,3
20,5,10,10,10,20,10.5,4
20,5,10,10,10,20,10.5,5
20,5,10,10,10,20,10.5,6
20,5,10,10,10,20,10.5,7
20,5,10,10,10,20,10.5,8
20,5,10,10,10,20,10.5,9
20,5,10,10,10,20,10.5,10
20,5,10,10,10,20,10.5,11
20,5,10,10,10,20,10.5,12
20,5,10,10,10,20,10.5,13
20,5,10,10,10,20,10.5,14
20,5,10,10,10,20,10.5,15
20,5,10,10,10,20,10.5,16
20,5,10,10,10,20,10.5,17
20,5,10,10,10,20,10.5,18
20,5,10,10,10,20,10.5,19
20,5,10,10,10,20,10.5,20
20,5,10,10,10,20,11,1
20,5,10,10,10,20,11,2
20,5,10,10,10,20,11,3
20,5,10,10,10,20,11,4
20,5,10,10,10,20,11,5
20,5,10,10,10,20,11,6
20,5,10,10,10,20,11,7
20,5,10,10,10,20,11,8
20,5,10,10,10,20,11,9
20,5,10,10,10,20,11,10
20,5,10,10,10,20,11,11
20,5,10,10,10,20,11,12
20,5,10,10,10,20,11,13
20,5,10,10,10,20,11,14
20,5,10,10,10,20,11,15
20,5,10,10,10,20,11,16
20,5,10,10,10,20,11,17
20,5,10,10,10,20,11,18
20,5,10,10,10,20,11,19
20,5,10,10,10,20,11,20
20,5,10,10,10,20,11.5,1
20,5,10,10,10,20,11.5,2
20,5,10,10,10,20,11.5,3
20,5,10,10,10,20,11.5,4
20,5,10,10,10,20,11.5,5
20,5,10,10,10,20,11.5,6
20,5,10,10,10,20,11.5,7
20,5,10,10,10,20,11.5,8
20,5,10,10,10,20,11.5,9
20,5,10,10,10,20,11.5,10
20,5,10,10,10,20,11.5,11
20,5,10,10,10,20,11.5,12
20,5,10,10,10,20,11.5,13
20,5,10,10,10,20,11.5,14
20,5,10,10,10,20,11.5,15
20,5,10,10,10,20,11.5,16
20,5,10,10,10,20,11.5,17
20,5,10,10,10,20,11.5,18
20,5,10,10,10,20,11.5,19
20,5,10,10,10,20,11.5,20
20,5,10,10,10,20,12,1
20,5,10,10,10,20,12,2
20,5,10,10,10,20,12,3
20,5,10,10,10,20,12,4
20,5,10,10,10,20,12,5
20,5,10,10,10,20,12,6
20,5,10,10,10,20,12,7
20,5,10,10,10,20,12,8
20,5,10,10,10,20,12,9
20,5,10,10,10,20,12,10
20,5,10,10,10,20,12,11
20,5,10,10,10,20,12,12
20,5,10,10,10,20,12,13
20,5,10,10,10,20,12,14
20,5,10,10,10,20,12,15
20,5,10,10,10,20,12,16
20,5,10,10,10,20,12,17
20,5,10,10,10,20,12,18
20,5,10,10,10,20,12,19
20,5,10,10,10,20,12,20
20,5,10,10,10,20,12.5,1
20,5,10,10,10,20,12.5,2
20,5,10,10,10,20,12.5,3
20,5,10,10,10,20,12.5,4
20,5,10,10,10,20,12.5,5
20,5,10,10,10,20,12.5,6
20,5,10,10,10,20,12.5,7
20,5,10,10,10,20,12.5,8
20,5,10,10,10,20,12.5,9
20,5,10,10,10,20,12.5,10
20,5,10,10,10,20,12.5,11
20,5,10,10,10,20,12.5,12
20,5,10,10,10,20,12.5,13
20,5,10,10,10,20,12.5,14
20,5,10,10,10,20,12.5,15
20,5,10,10,10,20,12.5,16
20,5,10,10,10,20,12.5,17
20,5,10,10,10,20,12.5,18
20,5,10,10,10,20,12.5,19
20,5,10,10,10,20,12.5,20
20,5,10,10,10,20,13,1
20,5,10,10,10,20,13,2
20,5,10,10,10,20,13,3
20,5,10,10,10,20,13,4
20,5,10,10,10,20,13,5
20,5,10,10,10,20,13,6
20,5,10,10,10,20,13,7
20,5,10,10,10,20,13,8
20,5,10,10,10,20,13,9
20,5,10,10,10,20,13,10
20,5,10,10,10,20,13,11
20,5,10,10,10,20,13,12
20,5,10,10,10,20,13,13
20,5,10,10,10,20,13,14
20,5,10,10,10,20,13,15
20,5,10,10,10,20,13,16
20,5,10,10,10,20,13,17
20,5,10,10,10,20,13,18
20,5,10,10,10,20,13,19
20,5,10,10,10,20,13,20
20,5,10,10,10,20,13.5,1
20,5,10,10,10,20,13.5,2
20,5,10,10,10,20,13.5,3
20,5,10,10,10,20,13.5,4
20,5,10,10,10,20,13.5,5
20,5,10,10,10,20,13.5,6
20,5,10,10,10,20,13.5,7
20,5,10,10,10,20,13.5,8
20,5,10,10,10,20,13.5,9
20,5,10,10,10,20,13.5,10
20,5,10,10,10,20,13.5,11
20,5,10,10,10,20,13.5,12
20,5,10,10,10,20,13.5,13
20,5,10,10,10,20,13.5,14
20,5,10,10,10,20,13.5,15
20,5,10,10,10,20,13.5,16
20,5,10,10,10,20,13.5,17
20,5,10,10,10,20,13.5,18
20,5,10,10,10,20,13.5,19
20,5,10,10,10,20,13.5,20
20,5,10,10,10,20,14,1
20,5,10,10,10,20,14,2
20,5,10,10,10,20,14,3
20,5,10,10,10,20,14,4
20,5,10,10,10,20,14,5
20,5,10,10,10,20,14,6
20,5,10,10,10,20,14,7
20,5,10,10,10,20,14,8
20,5,10,10,10,20,14,9
20,5,10,10,10,20,14,10
20,5,10,10,10,20,14,11
20,5,10,10,10,20,14,12
20,5,10,10,10,20,14,13
20,5,10,10,10,20,14,14
20,5,10,10,10,20,14,15
20,5,10,10,10,20,14,16
20,5,10,10,10,20,14,17
20,5,10,10,10,20,14,18
20,5,10,10,10,20,14,19
20,5,10,10,10,20,14,20
20,5,10,10,10,20,14.5,1
20,5,10,10,10,20,14.5,2
20,5,10,10,10,20,14.5,3
20,5,10,10,10,20,14.5,4
20,5,10,10,10,20,14.5,5
20,5,10,10,10,20,14.5,6
20,5,10,10,10,20,14.5,7
20,5,10,10,10,20,14.5,8
20,5,10,10,10,20,14.5,9
20,5,10,10,10,20,14.5,10
20,5,10,10,10,20,14.5,11
20,5,10,10,10,20,14.5,12
20,5,10,10,10,20,14.5,13
20,5,10,10,10,20,14.5,14
20,5,10,10,10,20,14.5,15
20,5,10,10,10,20,14.5,16
20,5,10,10,10,20,14.5,17
20,5,10,10,10,20,14.5,18
20,5,10,10,10,20,14.5,19
20,5,10,10,10,20,14.5,20
20,5,10,10,10,20,15,1
20,5,10,10,10,20,15,2
20,5,10,10,10,20,15,3
20,5,10,10,10,20,15,4
20,5,10,10,10,20,15,5
20,5,10,10,10,20,15,6
20,5,10,10,10,20,15,7
20,5,10,10,10,20,15,8
20,5,10,10,10,20,15,9
20,5,10,10,10,20,15,10
20,5,10,10,10,20,15,11
20,5,10,10,10,20,15,12
20,5,10,10,10,20,15,13
20,5,10,10,10,20,15,14
20,5,10,10,10,20,15,15
20,5,10,10,10,20,15,16
20,5,10,10,10,20,15,17
20,5,10,10,10,20,15,18
20,5,10,10,10,20,15,19
20,5,10,10,10,20,15,20
20,5,10,10,10,22,10.5,1
20,5,10,10,10,22,10.5,2
20,5,10,10,10,22,10.5,3
20,5,10,10,10,22,10.5,4
20,5,10,10,10,22,10.5,5
20,5,10,10,10,22,10.5,6
20,5,10,10,10,22,10.5,7
20,5,10,10,10,22,10.5,8
20,5,10,10,10,22,10.5,9
20,5,10,10,10,22,10.5,10
20,5,10,10,10,22,10.5,11
20,5,10,10,10,22,10.5,12
20,5,10,10,10,22,10.5,13
20,5,10,10,10,22,10.5,14
20,5,10,10,10,22,10.5,15
20,5,10,10,10,22,10.5,16
20,5,10,10,10,22,10.5,17
20,5,10,10,10,22,10.5,18
20,5,10,10,10,22,10.5,19
20,5,10,10,10,22,10.5,20
20,5,10,10,10,22,11,1
20,5,10,10,10,22,11,2
20,5,10,10,10,22,11,3
20,5,10,10,10,22,11,4
20,5,10,10,10,22,11,5
20,5,10,10,10,22,11,6
20,5,10,10,10,22,11,7
20,5,10,10,10,22,11,8
20,5,10,10,10,22,11,9
20,5,10,10,10,22,11,10
20,5,10,10,10,22,11,11
20,5,10,10,10,22,11,12
20,5,10,10,10,22,11,13
20,5,10,10,10,22,11,14
20,5,10,10,10,22,11,15
20,5,10,10,10,22,11,16
20,5,10,10,10,22,11,17
20,5,10,10,10,22,11,18
20,5,10,10,10,22,11,19
20,5,10,10,10,22,11,20
20,5,10,10,10,22,11.5,1
20,5,10,10,10,22,11.5,2
20,5,10,10,10,22,11.5,3
20,5,10,10,10,22,11.5,4
20,5,10,10,10,22,11.5,5
20,5,10,10,10,22,11.5,6
20,5,10,10,10,22,11.5,7
20,5,10,10,10,22,11.5,8
20,5,10,10,10,22,11.5,9
20,5,10,10,10,22,11.5,10
20,5,10,10,10,22,11.5,11
20,5,10,10,10,22,11.5,12
20,5,10,10,10,22,11.5,13
20,5,10,10,10,22,11.5,14
20,5,10,10,10,22,11.5,15
20,5,10,10,10,22,11.5,16
20,5,10,10,10,22,11.5,17
20,5,10,10,10,22,11.5,18
20,5,10,10,10,22,11.5,19
20,5,10,10,10,22,11.5,20
20,5,10,10,10,22,12,1
20,5,10,10,10,22,12,2
20,5,10,10,10,22,12,3
20,5,10,10,10,22,12,4
20,5,10,10,10,22,12,5
20,5,10,10,10,22,12,6
20,5,10,10,10,22,12,7
20,5,10,10,10,22,12,8
20,5,10,10,10,22,12,9
20,5,10,10,10,22,12,10
20,5,10,10,10,22,12,11
20,5,10,10,10,22,12,12
20,5,10,10,10,22,12,13
20,5,10,10,10,22,12,14
20,5,10,10,10,22,12,15
20,5,10,10,10,22,12,16
20,5,10,10,10,22,12,17
20,5,10,10,10,22,12,18
20,5,10,10,10,22,12,19
20,5,10,10,10,22,12,20
20,5,10,10,10,22,12.5,1
20,5,10,10,10,22,12.5,2
20,5,10,10,10,22,12.5,3
20,5,10,10,10,22,12.5,4
20,5,10,10,10,22,12.5,5
20,5,10,10,10,22,12.5,6
20,5,10,10,10,22,12.5,7
20,5,10,10,10,22,12.5,8
20,5,10,10,10,22,12.5,9
20,5,10,10,10,22,12.5,10
20,5,10,10,10,22,12.5,11
20,5,10,10,10,22,12.5,12
20,5,10,10,10,22,12.5,13
20,5,10,10,10,22,12.5,14
20,5,10,10,10,22,12.5,15
20,5,10,10,10,22,12.5,16
20,5,10,10,10,22,12.5,17
20,5,10,10,10,22,12.5,18
20,5,10,10,10,22,12.5,19
20,5,10,10,10,22,12.5,20
20,5,10,10,10,22,13,1
20,5,10,10,10,22,13,2
20,5,10,10,10,22,13,3
20,5,10,10,10,22,13,4
20,5,10,10,10,22,13,5
20,5,10,10,10,22,13,6
20,5,10,10,10,22,13,7
20,5,10,10,10,22,13,8
20,5,10,10,10,22,13,9
20,5,10,10,10,22,13,10
20,5,10,10,10,22,13,11
20,5,10,10,10,22,13,12
20,5,10,10,10,22,13,13
20,5,10,10,10,22,13,14
20,5,10,10,10,22,13,15
20,5,10,10,10,22,13,16
20,5,10,10,10,22,13,17
20,5,10,10,10,22,13,18
20,5,10,10,10,22,13,19
20,5,10,10,10,22,13,20
20,5,10,10,10,22,13.5,1
20,5,10,10,10,22,13.5,2
20,5,10,10,10,22,13.5,3
20,5,10,10,10,22,13.5,4
20,5,10,10,10,22,13.5,5
20,5,10,10,10,22,13.5,6
20,5,10,10,10,22,13.5,7
20,5,10,10,10,22,13.5,8
20,5,10,10,10,22,13.5,9
20,5,10,10,10,22,13.5,10
20,5,10,10,10,22,13.5,11
20,5,10,10,10,22,13.5,12
20,5,10,10,10,22,13.5,13
20,5,10,10,10,22,13.5,14
20,5,10,10,10,22,13.5,15
20,5,10,10,10,22,13.5,16
20,5,10,10,10,22,13.5,17
20,5,10,10,10,22,13.5,18
20,5,10,10,10,22,13.5,19
20,5,10,10,10,22,13.5,20
20,5,10,10,10,22,14,1
20,5,10,10,10,22,14,2
20,5,10,10,10,22,14,3
20,5,10,10,10,22,14,4
20,5,10,10,10,22,14,5
20,5,10,10,10,22,14,6
20,5,10,10,10,22,14,7
20,5,10,10,10,22,14,8
20,5,10,10,10,22,14,9
20,5,10,10,10,22,14,10
20,5,10,10,10,22,14,11
20,5,10,10,10,22,14,12
20,5,10,10,10,22,14,13
20,5,10,10,10,22,14,14
20,5,10,10,10,22,14,15
20,5,10,10,10,22,14,16
20,5,10,10,10,22,14,17
20,5,10,10,10,22,14,18
20,5,10,10,10,22,14,19
20,5,10,10,10,22,14,20
20,5,10,10,10,22,14.5,1
20,5,10,10,10,22,14.5,2
20,5,10,10,10,22,14.5,3
20,5,10,10,10,22,14.5,4
20,5,10,10,10,22,14.5,5
20,5,10,10,10,22,14.5,6
20,5,10,10,10,22,14.5,7
20,5,10,10,10,22,14.5,8
20,5,10,10,10,22,14.5,9
20,5,10,10,10,22,14.5,10
20,5,10,10,10,22,14.5,11
20,5,10,10,10,22,14.5,12
20,5,10,10,10,22,14.5,13
20,5,10,10,10,22,14.5,14
20,5,10,10,10,22,14.5,15
20,5,10,10,10,22,14.5,16
20,5,10,10,10,22,14.5,17
20,5,10,10,10,22,14.5,18
20,5,10,10,10,22,14.5,19
20,5,10,10,10,22,14.5,20
20,5,10,10,10,22,15,1
20,5,10,10,10,22,15,2
20,5,10,10,10,22,15,3
20,5,10,10,10,22,15,4
20,5,10,10,10,22,15,5
20,5,10,10,10,22,15,6
20,5,10,10,10,22,15,7
20,5,10,10,10,22,15,8
20,5,10,10,10,22,15,9
20,5,10,10,10,22,15,10
20,5,10,10,10,22,15,11
20,5,10,10,10,22,15,12
20,5,10,10,10,22,15,13
20,5,10,10,10,22,15,14
20,5,10,10,10,22,15,15
20,5,10,10,10,22,15,16
20,5,10,10,10,22,15,17
20,5,10,10,10,22,15,18
20,5,10,10,10,22,15,19
20,5,10,10,10,22,15,20
20,5,10,10,10,24,10.5,1
20,5,10,10,10,24,10.5,2
20,5,10,10,10,24,10.5,3
20,5,10,10,10,24,10.5,4
20,5,10,10,10,24,10.5,5
20,5,10,10,10,24,10.5,6
20,5,10,10,10,24,10.5,7
20,5,10,10,10,24,10.5,8
20,5,10,10,10,24,10.5,9
20,5,10,10,10,24,10.5,10
20,5,10,10,10,24,10.5,11
20,5,10,10,10,24,10.5,12
20,5,10,10,10,24,10.5,13
20,5,10,10,10,24,10.5,14
20,5,10,10,10,24,10.5,15
20,5,10,10,10,24,10.5,16
20,5,10,10,10,24,10.5,17
20,5,10,10,10,24,10.5,18
20,5,10,10,10,24,10.5,19
20,5,10,10,10,24,10.5,20
20,5,10,10,10,24,11,1
20,5,10,10,10,24,11,2
20,5,10,10,10,24,11,3
20,5,10,10,10,24,11,4
20,5,10,10,10,24,11,5
20,5,10,10,10,24,11,6
20,5,10,10,10,24,11,7
20,5,10,10,10,24,11,8
20,5,10,10,10,24,11,9
20,5,10,10,10,24,11,10
20,5,10,10,10,24,11,11
20,5,10,10,10,24,11,12
20,5,10,10,10,24,11,13
20,5,10,10,10,24,11,14
20,5,10,10,10,24,11,15
20,5,10,10,10,24,11,16
20,5,10,10,10,24,11,17
20,5,10,10,10,24,11,18
20,5,10,10,10,24,11,19
20,5,10,10,10,24,11,20
20,5,10,10,10,24,11.5,1
20,5,10,10,10,24,11.5,2
20,5,10,10,10,24,11.5,3
20,5,10,10,10,24,11.5,4
20,5,10,10,10,24,11.5,5
20,5,10,10,10,24,11.5,6
20,5,10,10,10,24,11.5,7
20,5,10,10,10,24,11.5,8
20,5,10,10,10,24,11.5,9
20,5,10,10,10,24,11.5,10
20,5,10,10,10,24,11.5,11
20,5,10,10,10,24,11.5,12
20,5,10,10,10,24,11.5,13
20,5,10,10,10,24,11.5,14
20,5,10,10,10,24,11.5,15
20,5,10,10,10,24,11.5,16
20,5,10,10,10,24,11.5,17
20,5,10,10,10,24,11.5,18
20,5,10,10,10,24,11.5,19
20,5,10,10,10,24,11.5,20
20,5,10,10,10,24,12,1
20,5,10,10,10,24,12,2
20,5,10,10,10,24,12,3
20,5,10,10,10,24,12,4
20,5,10,10,10,24,12,5
20,5,10,10,10,24,12,6
20,5,10,10,10,24,12,7
20,5,10,10,10,24,12,8
20,5,10,10,10,24,12,9
20,5,10,10,10,24,12,10
20,5,10,10,10,24,12,11
20,5,10,10,10,24,12,12
20,5,10,10,10,24,12,13
20,5,10,10,10,24,12,14
20,5,10,10,10,24,12,15
20,5,10,10,10,24,12,16
20,5,10,10,10,24,12,17
20,5,10,10,10,24,12,18
20,5,10,10,10,24,12,19
20,5,10,10,10,24,12,20
20,5,10,10,10,24,12.5,1
20,5,10,10,10,24,12.5,2
20,5,10,10,10,24,12.5,3
20,5,10,10,10,24,12.5,4
20,5,10,10,10,24,12.5,5
20,5,10,10,10,24,12.5,6
20,5,10,10,10,24,12.5,7
20,5,10,10,10,24,12.5,8
20,5,10,10,10,24,12.5,9
20,5,10,10,10,24,12.5,10
20,5,10,10,10,24,12.5,11
20,5,10,10,10,24,12.5,12
20,5,10,10,10,24,12.5,13
20,5,10,10,10,24,12.5,14
20,5,10,10,10,24,12.5,15
20,5,10,10,10,24,12.5,16
20,5,10,10,10,24,12.5,17
20,5,10,10,10,24,12.5,18
20,5,10,10,10,24,12.5,19
20,5,10,10,10,24,12.5,20
20,5,10,10,10,24,13,1
20,5,10,10,10,24,13,2
20,5,10,10,10,24,13,3
20,5,10,10,10,24,13,4
20,5,10,10,10,24,13,5
20,5,10,10,10,24,13,6
20,5,10,10,10,24,13,7
20,5,10,10,10,24,13,8
20,5,10,10,10,24,13,9
20,5,10,10,10,24,13,10
20,5,10,10,10,24,13,11
20,5,10,10,10,24,13,12
20,5,10,10,10,24,13,13
20,5,10,10,10,24,13,14
20,5,10,10,10,24,13,15
20,5,10,10,10,24,13,16
20,5,10,10,10,24,13,17
20,5,10,10,10,24,13,18
20,5,10,10,10,24,13,19
20,5,10,10,10,24,13,20
20,5,10,10,10,24,13.5,1
20,5,10,10,10,24,13.5,2
20,5,10,10,10,24,13.5,3
20,5,10,10,10,24,13.5,4
20,5,10,10,10,24,13.5,5
20,5,10,10,10,24,13.5,6
20,5,10,10,10,24,13.5,7
20,5,10,10,10,24,13.5,8
20,5,10,10,10,24,13.5,9
20,5,10,10,10,24,13.5,10
20,5,10,10,10,24,13.5,11
20,5,10,10,10,24,13.5,12
20,5,10,10,10,24,13.5,13
20,5,10,10,10,24,13.5,14
20,5,10,10,10,24,13.5,15
20,5,10,10,10,24,13.5,16
20,5,10,10,10,24,13.5,17
20,5,10,10,10,24,13.5,18
20,5,10,10,10,24,13.5,19
20,5,10,10,10,24,13.5,20
20,5,10,10,10,24,14,1
20,5,10,10,10,24,14,2
20,5,10,10,10,24,14,3
20,5,10,10,10,24,14,4
20,5,10,10,10,24,14,5
20,5,10,10,10,24,14,6
20,5,10,10,10,24,14,7
20,5,10,10,10,24,14,8
20,5,10,10,10,24,14,9
20,5,10,10,10,24,14,10
20,5,10,10,10,24,14,11
20,5,10,10,10,24,14,12
20,5,10,10,10,24,14,13
20,5,10,10,10,24,14,14
20,5,10,10,10,24,14,15
20,5,10,10,10,24,14,16
20,5,10,10,10,24,14,17
20,5,10,10,10,24,14,18
20,5,10,10,10,24,14,19
20,5,10,10,10,24,14,20
20,5,10,10,10,24,14.5,1
20,5,10,10,10,24,14.5,2
20,5,10,10,10,24,14.5,3
20,5,10,10,10,24,14.5,4
20,5,10,10,10,24,14.5,5
20,5,10,10,10,24,14.5,6
20,5,10,10,10,24,14.5,7
20,5,10,10,10,24,14.5,8
20,5,10,10,10,24,14.5,9
20,5,10,10,10,24,14.5,10
20,5,10,10,10,24,14.5,11
20,5,10,10,10,24,14.5,12
20,5,10,10,10,24,14.5,13
20,5,10,10,10,24,14.5,14
20,5,10,10,10,24,14.5,15
20,5,10,10,10,24,14.5,16
20,5,10,10,10,24,14.5,17
20,5,10,10,10,24,14.5,18
20,5,10,10,10,24,14.5,19
20,5,10,10,10,24,14.5,20
20,5,10,10,10,24,15,1
20,5,10,10,10,24,15,2
20,5,10,10,10,24,15,3
20,5,10,10,10,24,15,4
20,5,10,10,10,24,15,5
20,5,10,10,10,24,15,6
20,5,10,10,10,24,15,7
20,5,10,10,10,24,15,8
20,5,10,10,10,24,15,9
20,5,10,10,10,24,15,10
20,5,10,10,10,24,15,11
20,5,10,10,10,24,15,12
20,5,10,10,10,24,15,13
20,5,10,10,10,24,15,14
20,5,10,10,10,24,15,15
20,5,10,10,10,24,15,16
20,5,10,10,10,24,15,17
20,5,10,10,10,24,15,18
20,5,10,10,10,24,15,19
20,5,10,10,10,24,15,20
20,5,10,10,10,26,10.5,1
20,5,10,10,10,26,10.5,2
20,5,10,10,10,26,10.5,3
20,5,10,10,10,26,10.5,4
20,5,10,10,10,26,10.5,5
20,5,10,10,10,26,10.5,6
20,5,10,10,10,26,10.5,7
20,5,10,10,10,26,10.5,8
20,5,10,10,10,26,10.5,9
20,5,10,10,10,26,10.5,10
20,5,10,10,10,26,10.5,11
20,5,10,10,10,26,10.5,12
20,5,10,10,10,26,10.5,13
20,5,10,10,10,26,10.5,14
20,5,10,10,10,26,10.5,15
20,5,10,10,10,26,10.5,16
20,5,10,10,10,26,10.5,17
20,5,10,10,10,26,10.5,18
20,5,10,10,10,26,10.5,19
20,5,10,10,10,26,10.5,20
20,5,10,10,10,26,11,1
20,5,10,10,10,26,11,2
20,5,10,10,10,26,11,3
20,5,10,10,10,26,11,4
20,5,10,10,10,26,11,5
20,5,10,10,10,26,11,6
20,5,10,10,10,26,11,7
20,5,10,10,10,26,11,8
20,5,10,10,10,26,11,9
20,5,10,10,10,26,11,10
20,5,10,10,10,26,11,11
20,5,10,10,10,26,11,12
20,5,10,10,10,26,11,13
20,5,10,10,10,26,11,14
20,5,10,10,10,26,11,15
20,5,10,10,10,26,11,16
20,5,10,10,10,26,11,17
20,5,10,10,10,26,11,18
20,5,10,10,10,26,11,19
20,5,10,10,10,26,11,20
20,5,10,10,10,26,11.5,1
20,5,10,10,10,26,11.5,2
20,5,10,10,10,26,11.5,3
20,5,10,10,10,26,11.5,4
20,5,10,10,10,26,11.5,5
20,5,10,10,10,26,11.5,6
20,5,10,10,10,26,11.5,7
20,5,10,10,10,26,11.5,8
20,5,10,10,10,26,11.5,9
20,5,10,10,10,26,11.5,10
20,5,10,10,10,26,11.5,11
20,5,10,10,10,26,11.5,12
20,5,10,10,10,26,11.5,13
20,5,10,10,10,26,11.5,14
20,5,10,10,10,26,11.5,15
20,5,10,10,10,26,11.5,16
20,5,10,10,10,26,11.5,17
20,5,10,10,10,26,11.5,18
20,5,10,10,10,26,11.5,19
20,5,10,10,10,26,11.5,20
20,5,10,10,10,26,12,1
20,5,10,10,10,26,12,2
20,5,10,10,10,26,12,3
20,5,10,10,10,26,12,4
20,5,10,10,10,26,12,5
20,5,10,10,10,26,12,6
20,5,10,10,10,26,12,7
20,5,10,10,10,26,12,8
20,5,10,10,10,26,12,9
20,5,10,10,10,26,12,10
20,5,10,10,10,26,12,11
20,5,10,10,10,26,12,12
20,5,10,10,10,26,12,13
20,5,10,10,10,26,12,14
20,5,10,10,10,26,12,15
20,5,10,10,10,26,12,16
20,5,10,10,10,26,12,17
20,5,10,10,10,26,12,18
20,5,10,10,10,26,12,19
20,5,10,10,10,26,12,20
20,5,10,10,10,26,12.5,1
20,5,10,10,10,26,12.5,2
20,5,10,10,10,26,12.5,3
20,5,10,10,10,26,12.5,4
20,5,10,10,10,26,12.5,5
20,5,10,10,10,26,12.5,6
20,5,10,10,10,26,12.5,7
20,5,10,10,10,26,12.5,8
20,5,10,10,10,26,12.5,9
20,5,10,10,10,26,12.5,10
20,5,10,10,10,26,12.5,11
20,5,10,10,10,26,12.5,12
20,5,10,10,10,26,12.5,13
20,5,10,10,10,26,12.5,14
20,5,10,10,10,26,12.5,15
20,5,10,10,10,26,12.5,16
20,5,10,10,10,26,12.5,17
20,5,10,10,10,26,12.5,18
20,5,10,10,10,26,12.5,19
20,5,10,10,10,26,12.5,20
20,5,10,10,10,26,13,1
20,5,10,10,10,26,13,2
20,5,10,10,10,26,13,3
20,5,10,10,10,26,13,4
20,5,10,10,10,26,13,5
20,5,10,10,10,26,13,6
20,5,10,10,10,26,13,7
20,5,10,10,10,26,13,8
20,5,10,10,10,26,13,9
20,5,10,10,10,26,13,10
20,5,10,10,10,26,13,11
20,5,10,10,10,26,13,12
20,5,10,10,10,26,13,13
20,5,10,10,10,26,13,14
20,5,10,10,10,26,13,15
20,5,10,10,10,26,13,16
20,5,10,10,10,26,13,17
20,5,10,10,10,26,13,18
20,5,10,10,10,26,13,19
20,5,10,10,10,26,13,20
20,5,10,10,10,26,13.5,1
20,5,10,10,10,26,13.5,2
20,5,10,10,10,26,13.5,3
20,5,10,10,10,26,13.5,4
20,5,10,10,10,26,13.5,5
20,5,10,10,10,26,13.5,6
20,5,10,10,10,26,13.5,7
20,5,10,10,10,26,13.5,8
20,5,10,10,10,26,13.5,9
20,5,10,10,10,26,13.5,10
20,5,10,10,10,26,13.5,11
20,5,10,10,10,26,13.5,12
20,5,10,10,10,26,13.5,13
20,5,10,10,10,26,13.5,14
20,5,10,10,10,26,13.5,15
20,5,10,10,10,26,13.5,16
20,5,10,10,10,26,13.5,17
20,5,10,10,10,26,13.5,18
20,5,10,10,10,26,13.5,19
20,5,10,10,10,26,13.5,20
20,5,10,10,10,26,14,1
20,5,10,10,10,26,14,2
20,5,10,10,10,26,14,3
20,5,10,10,10,26,14,4
20,5,10,10,10,26,14,5
20,5,10,10,10,26,14,6
20,5,10,10,10,26,14,7
20,5,10,10,10,26,14,8
20,5,10,10,10,26,14,9
20,5,10,10,10,26,14,10
20,5,10,10,10,26,14,11
20,5,10,10,10,26,14,12
20,5,10,10,10,26,14,13
20,5,10,10,10,26,14,14
20,5,10,10,10,26,14,15
20,5,10,10,10,26,14,16
20,5,10,10,10,26,14,17
20,5,10,10,10,26,14,18
20,5,10,10,10,26,14,19
20,5,10,10,10,26,14,20
20,5,10,10,10,26,14.5,1
20,5,10,10,10,26,14.5,2
20,5,10,10,10,26,14.5,3
20,5,10,10,10,26,14.5,4
20,5,10,10,10,26,14.5,5
20,5,10,10,10,26,14.5,6
20,5,10,10,10,26,14.5,7
20,5,10,10,10,26,14.5,8
20,5,10,10,10,26,14.5,9
20,5,10,10,10,26,14.5,10
20,5,10,10,10,26,14.5,11
20,5,10,10,10,26,14.5,12
20,5,10,10,10,26,14.5,13
20,5,10,10,10,26,14.5,14
20,5,10,10,10,26,14.5,15
20,5,10,10,10,26,14.5,16
20,5,10,10,10,26,14.5,17
20,5,10,10,10,26,14.5,18
20,5,10,10,10,26,14.5,19
20,5,10,10,10,26,14.5,20
20,5,10,10,10,26,15,1
20,5,10,10,10,26,15,2
20,5,10,10,10,26,15,3
20,5,10,10,10,26,15,4
20,5,10,10,10,26,15,5
20,5,10,10,10,26,15,6
20,5,10,10,10,26,15,7
20,5,10,10,10,26,15,8
20,5,10,10,10,26,15,9
20,5,10,10,10,26,15,10
20,5,10,10,10,26,15,11
20,5,10,10,10,26,15,12
20,5,10,10,10,26,15,13
20,5,10,10,10,26,15,14
20,5,10,10,10,26,15,15
20,5,10,10,10,26,15,16
20,5,10,10,10,26,15,17
20,5,10,10,10,26,15,18
20,5,10,10,10,26,15,19
20,5,10,10,10,26,15,20
20,5,10,10,10,28,10.5,1
20,5,10,10,10,28,10.5,2
20,5,10,10,10,28,10.5,3
20,5,10,10,10,28,10.5,4
20,5,10,10,10,28,10.5,5
20,5,10,10,10,28,10.5,6
20,5,10,10,10,28,10.5,7
20,5,10,10,10,28,10.5,8
20,5,10,10,10,28,10.5,9
20,5,10,10,10,28,10.5,10
20,5,10,10,10,28,10.5,11
20,5,10,10,10,28,10.5,12
20,5,10,10,10,28,10.5,13
20,5,10,10,10,28,10.5,14
20,5,10,10,10,28,10.5,15
20,5,10,10,10,28,10.5,16
20,5,10,10,10,28,10.5,17
20,5,10,10,10,28,10.5,18
20,5,10,10,10,28,10.5,19
20,5,10,10,10,28,10.5,20
20,5,10,10,10,28,11,1
20,5,10,10,10,28,11,2
20,5,10,10,10,28,11,3
20,5,10,10,10,28,11,4
20,5,10,10,10,28,11,5
20,5,10,10,10,28,11,6
20,5,10,10,10,28,11,7
20,5,10,10,10,28,11,8
20,5,10,10,10,28,11,9
20,5,10,10,10,28,11,10
20,5,10,10,10,28,11,11
20,5,10,10,10,28,11,12
20,5,10,10,10,28,11,13
20,5,10,10,10,28,11,14
20,5,10,10,10,28,11,15
20,5,10,10,10,28,11,16
20,5,10,10,10,28,11,17
20,5,10,10,10,28,11,18
20,5,10,10,10,28,11,19
20,5,10,10,10,28,11,20
20,5,10,10,10,28,11.5,1
20,5,10,10,10,28,11.5,2
20,5,10,10,10,28,11.5,3
20,5,10,10,10,28,11.5,4
20,5,10,10,10,28,11.5,5
20,5,10,10,10,28,11.5,6
20,5,10,10,10,28,11.5,7
20,5,10,10,10,28,11.5,8
20,5,10,10,10,28,11.5,9
20,5,10,10,10,28,11.5,10
20,5,10,10,10,28,11.5,11
20,5,10,10,10,28,11.5,12
20,5,10,10,10,28,11.5,13
20,5,10,10,10,28,11.5,14
20,5,10,10,10,28,11.5,15
20,5,10,10,10,28,11.5,16
20,5,10,10,10,28,11.5,17
20,5,10,10,10,28,11.5,18
20,5,10,10,10,28,11.5,19
20,5,10,10,10,28,11.5,20
20,5,10,10,10,28,12,1
20,5,10,10,10,28,12,2
20,5,10,10,10,28,12,3
20,5,10,10,10,28,12,4
20,5,10,10,10,28,12,5
20,5,10,10,10,28,12,6
20,5,10,10,10,28,12,7
20,5,10,10,10,28,12,8
20,5,10,10,10,28,12,9
20,5,10,10,10,28,12,10
20,5,10,10,10,28,12,11
20,5,10,10,10,28,12,12
20,5,10,10,10,28,12,13
20,5,10,10,10,28,12,14
20,5,10,10,10,28,12,15
20,5,10,10,10,28,12,16
20,5,10,10,10,28,12,17
20,5,10,10,10,28,12,18
20,5,10,10,10,28,12,19
20,5,10,10,10,28,12,20
20,5,10,10,10,28,12.5,1
20,5,10,10,10,28,12.5,2
20,5,10,10,10,28,12.5,3
20,5,10,10,10,28,12.5,4
20,5,10,10,10,28,12.5,5
20,5,10,10,10,28,12.5,6
20,5,10,10,10,28,12.5,7
20,5,10,10,10,28,12.5,8
20,5,10,10,10,28,12.5,9
20,5,10,10,10,28,12.5,10
20,5,10,10,10,28,12.5,11
20,5,10,10,10,28,12.5,12
20,5,10,10,10,28,12.5,13
20,5,10,10,10,28,12.5,14
20,5,10,10,10,28,12.5,15
20,5,10,10,10,28,12.5,16
20,5,10,10,10,28,12.5,17
20,5,10,10,10,28,12.5,18
20,5,10,10,10,28,12.5,19
20,5,10,10,10,28,12.5,20
20,5,10,10,10,28,13,1
20,5,10,10,10,28,13,2
20,5,10,10,10,28,13,3
20,5,10,10,10,28,13,4
20,5,10,10,10,28,13,5
20,5,10,10,10,28,13,6
20,5,10,10,10,28,13,7
20,5,10,10,10,28,13,8
20,5,10,10,10,28,13,9
20,5,10,10,10,28,13,10
20,5,10,10,10,28,13,11
20,5,10,10,10,28,13,12
20,5,10,10,10,28,13,13
20,5,10,10,10,28,13,14
20,5,10,10,10,28,13,15
20,5,10,10,10,28,13,16
20,5,10,10,10,28,13,17
20,5,10,10,10,28,13,18
20,5,10,10,10,28,13,19
20,5,10,10,10,28,13,20
20,5,10,10,10,28,13.5,1
20,5,10,10,10,28,13.5,2
20,5,10,10,10,28,13.5,3
20,5,10,10,10,28,13.5,4
20,5,10,10,10,28,13.5,5
20,5,10,10,10,28,13.5,6
20,5,10,10,10,28,13.5,7
20,5,10,10,10,28,13.5,8
20,5,10,10,10,28,13.5,9
20,5,10,10,10,28,13.5,10
20,5,10,10,10,28,13.5,11
20,5,10,10,10,28,13.5,12
20,5,10,10,10,28,13.5,13
20,5,10,10,10,28,13.5,14
20,5,10,10,10,28,13.5,15
20,5,10,10,10,28,13.5,16
20,5,10,10,10,28,13.5,17
20,5,10,10,10,28,13.5,18
20,5,10,10,10,28,13.5,19
20,5,10,10,10,28,13.5,20
20,5,10,10,10,28,14,1
20,5,10,10,10,28,14,2
20,5,10,10,10,28,14,3
20,5,10,10,10,28,14,4
20,5,10,10,10,28,14,5
20,5,10,10,10,28,14,6
20,5,10,10,10,28,14,7
20,5,10,10,10,28,14,8
20,5,10,10,10,28,14,9
20,5,10,10,10,28,14,10
20,5,10,10,10,28,14,11
20,5,10,10,10,28,14,12
20,5,10,10,10,28,14,13
20,5,10,10,10,28,14,14
20,5,10,10,10,28,14,15
20,5,10,10,10,28,14,16
20,5,10,10,10,28,14,17
20,5,10,10,10,28,14,18
20,5,10,10,10,28,14,19
20,5,10,10,10,28,14,20
20,5,10,10,10,28,14.5,1
20,5,10,10,10,28,14.5,2
20,5,10,10,10,28,14.5,3
20,5,10,10,10,28,14.5,4
20,5,10,10,10,28,14.5,5
20,5,10,10,10,28,14.5,6
20,5,10,10,10,28,14.5,7
20,5,10,10,10,28,14.5,8
20,5,10,10,10,28,14.5,9
20,5,10,10,10,28,14.5,10
20,5,10,10,10,28,14.5,11
20,5,10,10,10,28,14.5,12
20,5,10,10,10,28,14.5,13
20,5,10,10,10,28,14.5,14
20,5,10,10,10,28,14.5,15
20,5,10,10,10,28,14.5,16
20,5,10,10,10,28,14.5,17
20,5,10,10,10,28,14.5,18
20,5,10,10,10,28,14.5,19
20,5,10,10,10,28,14.5,20
20,5,10,10,10,28,15,1
20,5,10,10,10,28,15,2
20,5,10,10,10,28,15,3
20,5,10,10,10,28,15,4
20,5,10,10,10,28,15,5
20,5,10,10,10,28,15,6
20,5,10,10,10,28,15,7
20,5,10,10,10,28,15,8
20,5,10,10,10,28,15,9
20,5,10,10,10,28,15,10
20,5,10,10,10,28,15,11
20,5,10,10,10,28,15,12
20,5,10,10,10,28,15,13
20,5,10,10,10,28,15,14
20,5,10,10,10,28,15,15
20,5,10,10,10,28,15,16
20,5,10,10,10,28,15,17
20,5,10,10,10,28,15,18
20,5,10,10,10,28,15,19
20,5,10,10,10,28,15,20
20,5,10,10,10,30,10.5,1
20,5,10,10,10,30,10.5,2
20,5,10,10,10,30,10.5,3
20,5,10,10,10,30,10.5,4
20,5,10,10,10,30,10.5,5
20,5,10,10,10,30,10.5,6
20,5,10,10,10,30,10.5,7
20,5,10,10,10,30,10.5,8
20,5,10,10,10,30,10.5,9
20,5,10,10,10,30,10.5,10
20,5,10,10,10,30,10.5,11
20,5,10,10,10,30,10.5,12
20,5,10,10,10,30,10.5,13
20,5,10,10,10,30,10.5,14
20,5,10,10,10,30,10.5,15
20,5,10,10,10,30,10.5,16
20,5,10,10,10,30,10.5,17
20,5,10,10,10,30,10.5,18
20,5,10,10,10,30,10.5,19
20,5,10,10,10,30,10.5,20
20,5,10,10,10,30,11,1
20,5,10,10,10,30,11,2
20,5,10,10,10,30,11,3
20,5,10,10,10,30,11,4
20,5,10,10,10,30,11,5
20,5,10,10,10,30,11,6
20,5,10,10,10,30,11,7
20,5,10,10,10,30,11,8
20,5,10,10,10,30,11,9
20,5,10,10,10,30,11,10
20,5,10,10,10,30,11,11
20,5,10,10,10,30,11,12
20,5,10,10,10,30,11,13
20,5,10,10,10,30,11,14
20,5,10,10,10,30,11,15
20,5,10,10,10,30,11,16
20,5,10,10,10,30,11,17
20,5,10,10,10,30,11,18
20,5,10,10,10,30,11,19
20,5,10,10,10,30,11,20
20,5,10,10,10,30,11.5,1
20,5,10,10,10,30,11.5,2
20,5,10,10,10,30,11.5,3
20,5,10,10,10,30,11.5,4
20,5,10,10,10,30,11.5,5
20,5,10,10,10,30,11.5,6
20,5,10,10,10,30,11.5,7
20,5,10,10,10,30,11.5,8
20,5,10,10,10,30,11.5,9
20,5,10,10,10,30,11.5,10
20,5,10,10,10,30,11.5,11
20,5,10,10,10,30,11.5,12
20,5,10,10,10,30,11.5,13
20,5,10,10,10,30,11.5,14
20,5,10,10,10,30,11.5,15
20,5,10,10,10,30,11.5,16
20,5,10,10,10,30,11.5,17
20,5,10,10,10,30,11.5,18
20,5,10,10,10,30,11.5,19
20,5,10,10,10,30,11.5,20
20,5,10,10,10,30,12,1
20,5,10,10,10,30,12,2
20,5,10,10,10,30,12,3
20,5,10,10,10,30,12,4
20,5,10,10,10,30,12,5
20,5,10,10,10,30,12,6
20,5,10,10,10,30,12,7
20,5,10,10,10,30,12,8
20,5,10,10,10,30,12,9
20,5,10,10,10,30,12,10
20,5,10,10,10,30,12,11
20,5,10,10,10,30,12,12
20,5,10,10,10,30,12,13
20,5,10,10,10,30,12,14
20,5,10,10,10,30,12,15
20,5,10,10,10,30,12,16
20,5,10,10,10,30,12,17
20,5,10,10,10,30,12,18
20,5,10,10,10,30,12,19
20,5,10,10,10,30,12,20
20,5,10,10,10,30,12.5,1
20,5,10,10,10,30,12.5,2
20,5,10,10,10,30,12.5,3
20,5,10,10,10,30,12.5,4
20,5,10,10,10,30,12.5,5
20,5,10,10,10,30,12.5,6
20,5,10,10,10,30,12.5,7
20,5,10,10,10,30,12.5,8
20,5,10,10,10,30,12.5,9
20,5,10,10,10,30,12.5,10
20,5,10,10,10,30,12.5,11
20,5,10,10,10,30,12.5,12
20,5,10,10,10,30,12.5,13
20,5,10,10,10,30,12.5,14
20,5,10,10,10,30,12.5,15
20,5,10,10,10,30,12.5,16
20,5,10,10,10,30,12.5,17
20,5,10,10,10,30,12.5,18
20,5,10,10,10,30,12.5,19
20,5,10,10,10,30,12.5,20
20,5,10,10,10,30,13,1
20,5,10,10,10,30,13,2
20,5,10,10,10,30,13,3
20,5,10,10,10,30,13,4
20,5,10,10,10,30,13,5
20,5,10,10,10,30,13,6
20,5,10,10,10,30,13,7
20,5,10,10,10,30,13,8
20,5,10,10,10,30,13,9
20,5,10,10,10,30,13,10
20,5,10,10,10,30,13,11
20,5,10,10,10,30,13,12
20,5,10,10,10,30,13,13
20,5,10,10,10,30,13,14
20,5,10,10,10,30,13,15
20,5,10,10,10,30,13,16
20,5,10,10,10,30,13,17
20,5,10,10,10,30,13,18
20,5,10,10,10,30,13,19
20,5,10,10,10,30,13,20
20,5,10,10,10,30,13.5,1
20,5,10,10,10,30,13.5,2
20,5,10,10,10,30,13.5,3
20,5,10,10,10,30,13.5,4
20,5,10,10,10,30,13.5,5
20,5,10,10,10,30,13.5,6
20,5,10,10,10,30,13.5,7
20,5,10,10,10,30,13.5,8
20,5,10,10,10,30,13.5,9
20,5,10,10,10,30,13.5,10
20,5,10,10,10,30,13.5,11
20,5,10,10,10,30,13.5,12
20,5,10,10,10,30,13.5,13
20,5,10,10,10,30,13.5,14
20,5,10,10,10,30,13.5,15
20,5,10,10,10,30,13.5,16
20,5,10,10,10,30,13.5,17
20,5,10,10,10,30,13.5,18
20,5,10,10,10,30,13.5,19
20,5,10,10,10,30,13.5,20
20,5,10,10,10,30,14,1
20,5,10,10,10,30,14,2
20,5,10,10,10,30,14,3
20,5,10,10,10,30,14,4
20,5,10,10,10,30,14,5
20,5,10,10,10,30,14,6
20,5,10,10,10,30,14,7
20,5,10,10,10,30,14,8
20,5,10,10,10,30,14,9
20,5,10,10,10,30,14,10
20,5,10,10,10,30,14,11
20,5,10,10,10,30,14,12
20,5,10,10,10,30,14,13
20,5,10,10,10,30,14,14
20,5,10,10,10,30,14,15
20,5,10,10,10,30,14,16
20,5,10,10,10,30,14,17
20,5,10,10,10,30,14,18
20,5,10,10,10,30,14,19
20,5,10,10,10,30,14,20
20,5,10,10,10,30,14.5,1
20,5,10,10,10,30,14.5,2
20,5,10,10,10,30,14.5,3
20,5,10,10,10,30,14.5,4
20,5,10,10,10,30,14.5,5
20,5,10,10,10,30,14.5,6
20,5,10,10,10,30,14.5,7
20,5,10,10,10,30,14.5,8
20,5,10,10,10,30,14.5,9
20,5,10,10,10,30,14.5,10
20,5,10,10,10,30,14.5,11
20,5,10,10,10,30,14.5,12
20,5,10,10,10,30,14.5,13
20,5,10,10,10,30,14.5,14
20,5,10,10,10,30,14.5,15
20,5,10,10,10,30,14.5,16
20,5,10,10,10,30,14.5,17
20,5,10,10,10,30,14.5,18
20,5,10,10,10,30,14.5,19
20,5,10,10,10,30,14.5,20
20,5,10,10,10,30,15,1
20,5,10,10,10,30,15,2
20,5,10,10,10,30,15,3
20,5,10,10,10,30,15,4
20,5,10,10,10,30,15,5
20,5,10,10,10,30,15,6
20,5,10,10,10,30,15,7
20,5,10,10,10,30,15,8
20,5,10,10,10,30,15,9
20,5,10,10,10,30,15,10
20,5,10,10,10,30,15,11
20,5,10,10,10,30,15,12
20,5,10,10,10,30,15,13
20,5,10,10,10,30,15,14
20,5,10,10,10,30,15,15
20,5,10,10,10,30,15,16
20,5,10,10,10,30,15,17
20,5,10,10,10,30,15,18
20,5,10,10,10,30,15,19
20,5,10,10,10,30,15,20
20,5,10,10,10,32,10.5,1
20,5,10,10,10,32,10.5,2
20,5,10,10,10,32,10.5,3
20,5,10,10,10,32,10.5,4
20,5,10,10,10,32,10.5,5
20,5,10,10,10,32,10.5,6
20,5,10,10,10,32,10.5,7
20,5,10,10,10,32,10.5,8
20,5,10,10,10,32,10.5,9
20,5,10,10,10,32,10.5,10
20,5,10,10,10,32,10.5,11
20,5,10,10,10,32,10.5,12
20,5,10,10,10,32,10.5,13
20,5,10,10,10,32,10.5,14
20,5,10,10,10,32,10.5,15
20,5,10,10,10,32,10.5,16
20,5,10,10,10,32,10.5,17
20,5,10,10,10,32,10.5,18
20,5,10,10,10,32,10.5,19
20,5,10,10,10,32,10.5,20
20,5,10,10,10,32,11,1
20,5,10,10,10,32,11,2
20,5,10,10,10,32,11,3
20,5,10,10,10,32,11,4
20,5,10,10,10,32,11,5
20,5,10,10,10,32,11,6
20,5,10,10,10,32,11,7
20,5,10,10,10,32,11,8
20,5,10,10,10,32,11,9
20,5,10,10,10,32,11,10
20,5,10,10,10,32,11,11
20,5,10,10,10,32,11,12
20,5,10,10,10,32,11,13
20,5,10,10,10,32,11,14
20,5,10,10,10,32,11,15
20,5,10,10,10,32,11,16
20,5,10,10,10,32,11,17
20,5,10,10,10,32,11,18
20,5,10,10,10,32,11,19
20,5,10,10,10,32,11,20
20,5,10,10,10,32,11.5,1
20,5,10,10,10,32,11.5,2
20,5,10,10,10,32,11.5,3
20,5,10,10,10,32,11.5,4
20,5,10,10,10,32,11.5,5
20,5,10,10,10,32,11.5,6
20,5,10,10,10,32,11.5,7
20,5,10,10,10,32,11.5,8
20,5,10,10,10,32,11.5,9
20,5,10,10,10,32,11.5,10
20,5,10,10,10,32,11.5,11
20,5,10,10,10,32,11.5,12
20,5,10,10,10,32,11.5,13
20,5,10,10,10,32,11.5,14
20,5,10,10,10,32,11.5,15
20,5,10,10,10,32,11.5,16
20,5,10,10,10,32,11.5,17
20,5,10,10,10,32,11.5,18
20,5,10,10,10,32,11.5,19
20,5,10,10,10,32,11.5,20
20,5,10,10,10,32,12,1
20,5,10,10,10,32,12,2
20,5,10,10,10,32,12,3
20,5,10,10,10,32,12,4
20,5,10,10,10,32,12,5
20,5,10,10,10,32,12,6
20,5,10,10,10,32,12,7
20,5,10,10,10,32,12,8
20,5,10,10,10,32,12,9
20,5,10,10,10,32,12,10
20,5,10,10,10,32,12,11
20,5,10,10,10,32,12,12
20,5,10,10,10,32,12,13
20,5,10,10,10,32,12,14
20,5,10,10,10,32,12,15
20,5,10,10,10,32,12,16
20,5,10,10,10,32,12,17
20,5,10,10,10,32,12,18
20,5,10,10,10,32,12,19
20,5,10,10,10,32,12,20
20,5,10,10,10,32,12.5,1
20,5,10,10,10,32,12.5,2
20,5,10,10,10,32,12.5,3
20,5,10,10,10,32,12.5,4
20,5,10,10,10,32,12.5,5
20,5,10,10,10,32,12.5,6
20,5,10,10,10,32,12.5,7
20,5,10,10,10,32,12.5,8
20,5,10,10,10,32,12.5,9
20,5,10,10,10,32,12.5,10
20,5,10,10,10,32,12.5,11
20,5,10,10,10,32,12.5,12
20,5,10,10,10,32,12.5,13
20,5,10,10,10,32,12.5,14
20,5,10,10,10,32,12.5,15
20,5,10,10,10,32,12.5,16
20,5,10,10,10,32,12.5,17
20,5,10,10,10,32,12.5,18
20,5,10,10,10,32,12.5,19
20,5,10,10,10,32,12.5,20
20,5,10,10,10,32,13,1
20,5,10,10,10,32,13,2
20,5,10,10,10,32,13,3
20,5,10,10,10,32,13,4
20,5,10,10,10,32,13,5
20,5,10,10,10,32,13,6
20,5,10,10,10,32,13,7
20,5,10,10,10,32,13,8
20,5,10,10,10,32,13,9
20,5,10,10,10,32,13,10
20,5,10,10,10,32,13,11
20,5,10,10,10,32,13,12
20,5,10,10,10,32,13,13
20,5,10,10,10,32,13,14
20,5,10,10,10,32,13,15
20,5,10,10,10,32,13,16
20,5,10,10,10,32,13,17
20,5,10,10,10,32,13,18
20,5,10,10,10,32,13,19
20,5,10,10,10,32,13,20
20,5,10,10,10,32,13.5,1
20,5,10,10,10,32,13.5,2
20,5,10,10,10,32,13.5,3
20,5,10,10,10,32,13.5,4
20,5,10,10,10,32,13.5,5
20,5,10,10,10,32,13.5,6
20,5,10,10,10,32,13.5,7
20,5,10,10,10,32,13.5,8
20,5,10,10,10,32,13.5,9
20,5,10,10,10,32,13.5,10
20,5,10,10,10,32,13.5,11
20,5,10,10,10,32,13.5,12
20,5,10,10,10,32,13.5,13
20,5,10,10,10,32,13.5,14
20,5,10,10,10,32,13.5,15
20,5,10,10,10,32,13.5,16
20,5,10,10,10,32,13.5,17
20,5,10,10,10,32,13.5,18
20,5,10,10,10,32,13.5,19
20,5,10,10,10,32,13.5,20
20,5,10,10,10,32,14,1
20,5,10,10,10,32,14,2
20,5,10,10,10,32,14,3
20,5,10,10,10,32,14,4
20,5,10,10,10,32,14,5
20,5,10,10,10,32,14,6
20,5,10,10,10,32,14,7
20,5,10,10,10,32,14,8
20,5,10,10,10,32,14,9
20,5,10,10,10,32,14,10
20,5,10,10,10,32,14,11
20,5,10,10,10,32,14,12
20,5,10,10,10,32,14,13
20,5,10,10,10,32,14,14
20,5,10,10,10,32,14,15
20,5,10,10,10,32,14,16
20,5,10,10,10,32,14,17
20,5,10,10,10,32,14,18
20,5,10,10,10,32,14,19
20,5,10,10,10,32,14,20
20,5,10,10,10,32,14.5,1
20,5,10,10,10,32,14.5,2
20,5,10,10,10,32,14.5,3
20,5,10,10,10,32,14.5,4
20,5,10,10,10,32,14.5,5
20,5,10,10,10,32,14.5,6
20,5,10,10,10,32,14.5,7
20,5,10,10,10,32,14.5,8
20,5,10,10,10,32,14.5,9
20,5,10,10,10,32,14.5,10
20,5,10,10,10,32,14.5,11
20,5,10,10,10,32,14.5,12
20,5,10,10,10,32,14.5,13
20,5,10,10,10,32,14.5,14
20,5,10,10,10,32,14.5,15
20,5,10,10,10,32,14.5,16
20,5,10,10,10,32,14.5,17
20,5,10,10,10,32,14.5,18
20,5,10,10,10,32,14.5,19
20,5,10,10,10,32,14.5,20
20,5,10,10,10,32,15,1
20,5,10,10,10,32,15,2
20,5,10,10,10,32,15,3
20,5,10,10,10,32,15,4
20,5,10,10,10,32,15,5
20,5,10,10,10,32,15,6
20,5,10,10,10,32,15,7
20,5,10,10,10,32,15,8
20,5,10,10,10,32,15,9
20,5,10,10,10,32,15,10
20,5,10,10,10,32,15,11
20,5,10,10,10,32,15,12
20,5,10,10,10,32,15,13
20,5,10,10,10,32,15,14
20,5,10,10,10,32,15,15
20,5,10,10,10,32,15,16
20,5,10,10,10,32,15,17
20,5,10,10,10,32,15,18
20,5,10,10,10,32,15,19
20,5,10,10,10,32,15,20
20,5,10,10,10,34,10.5,1
20,5,10,10,10,34,10.5,2
20,5,10,10,10,34,10.5,3
20,5,10,10,10,34,10.5,4
20,5,10,10,10,34,10.5,5
20,5,10,10,10,34,10.5,6
20,5,10,10,10,34,10.5,7
20,5,10,10,10,34,10.5,8
20,5,10,10,10,34,10.5,9
20,5,10,10,10,34,10.5,10
20,5,10,10,10,34,10.5,11
20,5,10,10,10,34,10.5,12
20,5,10,10,10,34,10.5,13
20,5,10,10,10,34,10.5,14
20,5,10,10,10,34,10.5,15
20,5,10,10,10,34,10.5,16
20,5,10,10,10,34,10.5,17
20,5,10,10,10,34,10.5,18
20,5,10,10,10,34,10.5,19
20,5,10,10,10,34,10.5,20
20,5,10,10,10,34,11,1
20,5,10,10,10,34,11,2
20,5,10,10,10,34,11,3
20,5,10,10,10,34,11,4
20,5,10,10,10,34,11,5
20,5,10,10,10,34,11,6
20,5,10,10,10,34,11,7
20,5,10,10,10,34,11,8
20,5,10,10,10,34,11,9
20,5,10,10,10,34,11,10
20,5,10,10,10,34,11,11
20,5,10,10,10,34,11,12
20,5,10,10,10,34,11,13
20,5,10,10,10,34,11,14
20,5,10,10,10,34,11,15
20,5,10,10,10,34,11,16
20,5,10,10,10,34,11,17
20,5,10,10,10,34,11,18
20,5,10,10,10,34,11,19
20,5,10,10,10,34,11,20
20,5,10,10,10,34,11.5,1
20,5,10,10,10,34,11.5,2
20,5,10,10,10,34,11.5,3
20,5,10,10,10,34,11.5,4
20,5,10,10,10,34,11.5,5
20,5,10,10,10,34,11.5,6
20,5,10,10,10,34,11.5,7
20,5,10,10,10,34,11.5,8
20,5,10,10,10,34,11.5,9
20,5,10,10,10,34,11.5,10
20,5,10,10,10,34,11.5,11
20,5,10,10,10,34,11.5,12
20,5,10,10,10,34,11.5,13
20,5,10,10,10,34,11.5,14
20,5,10,10,10,34,11.5,15
20,5,10,10,10,34,11.5,16
20,5,10,10,10,34,11.5,17
20,5,10,10,10,34,11.5,18
20,5,10,10,10,34,11.5,19
20,5,10,10,10,34,11.5,20
20,5,10,10,10,34,12,1
20,5,10,10,10,34,12,2
20,5,10,10,10,34,12,3
20,5,10,10,10,34,12,4
20,5,10,10,10,34,12,5
20,5,10,10,10,34,12,6
20,5,10,10,10,34,12,7
20,5,10,10,10,34,12,8
20,5,10,10,10,34,12,9
20,5,10,10,10,34,12,10
20,5,10,10,10,34,12,11
20,5,10,10,10,34,12,12
20,5,10,10,10,34,12,13
20,5,10,10,10,34,12,14
20,5,10,10,10,34,12,15
20,5,10,10,10,34,12,16
20,5,10,10,10,34,12,17
20,5,10,10,10,34,12,18
20,5,10,10,10,34,12,19
20,5,10,10,10,34,12,20
20,5,10,10,10,34,12.5,1
20,5,10,10,10,34,12.5,2
20,5,10,10,10,34,12.5,3
20,5,10,10,10,34,12.5,4
20,5,10,10,10,34,12.5,5
20,5,10,10,10,34,12.5,6
20,5,10,10,10,34,12.5,7
20,5,10,10,10,34,12.5,8
20,5,10,10,10,34,12.5,9
20,5,10,10,10,34,12.5,10
20,5,10,10,10,34,12.5,11
20,5,10,10,10,34,12.5,12
20,5,10,10,10,34,12.5,13
20,5,10,10,10,34,12.5,14
20,5,10,10,10,34,12.5,15
20,5,10,10,10,34,12.5,16
20,5,10,10,10,34,12.5,17
20,5,10,10,10,34,12.5,18
20,5,10,10,10,34,12.5,19
20,5,10,10,10,34,12.5,20
20,5,10,10,10,34,13,1
20,5,10,10,10,34,13,2
20,5,10,10,10,34,13,3
20,5,10,10,10,34,13,4
20,5,10,10,10,34,13,5
20,5,10,10,10,34,13,6
20,5,10,10,10,34,13,7
20,5,10,10,10,34,13,8
20,5,10,10,10,34,13,9
20,5,10,10,10,34,13,10
20,5,10,10,10,34,13,11
20,5,10,10,10,34,13,12
20,5,10,10,10,34,13,13
20,5,10,10,10,34,13,14
20,5,10,10,10,34,13,15
20,5,10,10,10,34,13,16
20,5,10,10,10,34,13,17
20,5,10,10,10,34,13,18
20,5,10,10,10,34,13,19
20,5,10,10,10,34,13,20
20,5,10,10,10,34,13.5,1
20,5,10,10,10,34,13.5,2
20,5,10,10,10,34,13.5,3
20,5,10,10,10,34,13.5,4
20,5,10,10,10,34,13.5,5
20,5,10,10,10,34,13.5,6
20,5,10,10,10,34,13.5,7
20,5,10,10,10,34,13.5,8
20,5,10,10,10,34,13.5,9
20,5,10,10,10,34,13.5,10
20,5,10,10,10,34,13.5,11
20,5,10,10,10,34,13.5,12
20,5,10,10,10,34,13.5,13
20,5,10,10,10,34,13.5,14
20,5,10,10,10,34,13.5,15
20,5,10,10,10,34,13.5,16
20,5,10,10,10,34,13.5,17
20,5,10,10,10,34,13.5,18
20,5,10,10,10,34,13.5,19
20,5,10,10,10,34,13.5,20
20,5,10,10,10,34,14,1
20,5,10,10,10,34,14,2
20,5,10,10,10,34,14,3
20,5,10,10,10,34,14,4
20,5,10,10,10,34,14,5
20,5,10,10,10,34,14,6
20,5,10,10,10,34,14,7
20,5,10,10,10,34,14,8
20,5,10,10,10,34,14,9
20,5,10,10,10,34,14,10
20,5,10,10,10,34,14,11
20,5,10,10,10,34,14,12
20,5,10,10,10,34,14,13
20,5,10,10,10,34,14,14
20,5,10,10,10,34,14,15
20,5,10,10,10,34,14,16
20,5,10,10,10,34,14,17
20,5,10,10,10,34,14,18
20,5,10,10,10,34,14,19
20,5,10,10,10,34,14,20
20,5,10,10,10,34,14.5,1
20,5,10,10,10,34,14.5,2
20,5,10,10,10,34,14.5,3
20,5,10,10,10,34,14.5,4
20,5,10,10,10,34,14.5,5
20,5,10,10,10,34,14.5,6
20,5,10,10,10,34,14.5,7
20,5,10,10,10,34,14.5,8
20,5,10,10,10,34,14.5,9
20,5,10,10,10,34,14.5,10
20,5,10,10,10,34,14.5,11
20,5,10,10,10,34,14.5,12
20,5,10,10,10,34,14.5,13
20,5,10,10,10,34,14.5,14
20,5,10,10,10,34,14.5,15
20,5,10,10,10,34,14.5,16
20,5,10,10,10,34,14.5,17
20,5,10,10,10,34,14.5,18
20,5,10,10,10,34,14.5,19
20,5,10,10,10,34,14.5,20
20,5,10,10,10,34,15,1
20,5,10,10,10,34,15,2
20,5,10,10,10,34,15,3
20,5,10,10,10,34,15,4
20,5,10,10,10,34,15,5
20,5,10,10,10,34,15,6
20,5,10,10,10,34,15,7
20,5,10,10,10,34,15,8
20,5,10,10,10,34,15,9
20,5,10,10,10,34,15,10
20,5,10,10,10,34,15,11
20,5,10,10,10,34,15,12
20,5,10,10,10,34,15,13
20,5,10,10,10,34,15,14
20,5,10,10,10,34,15,15
20,5,10,10,10,34,15,16
20,5,10,10,10,34,15,17
20,5,10,10,10,34,15,18
20,5,10,10,10,34,15,19
20,5,10,10,10,34,15,20
20,5,10,10,10,36,10.5,1
20,5,10,10,10,36,10.5,2
20,5,10,10,10,36,10.5,3
20,5,10,10,10,36,10.5,4
20,5,10,10,10,36,10.5,5
20,5,10,10,10,36,10.5,6
20,5,10,10,10,36,10.5,7
20,5,10,10,10,36,10.5,8
20,5,10,10,10,36,10.5,9
20,5,10,10,10,36,10.5,10
20,5,10,10,10,36,10.5,11
20,5,10,10,10,36,10.5,12
20,5,10,10,10,36,10.5,13
20,5,10,10,10,36,10.5,14
20,5,10,10,10,36,10.5,15
20,5,10,10,10,36,10.5,16
20,5,10,10,10,36,10.5,17
20,5,10,10,10,36,10.5,18
20,5,10,10,10,36,10.5,19
20,5,10,10,10,36,10.5,20
20,5,10,10,10,36,11,1
20,5,10,10,10,36,11,2
20,5,10,10,10,36,11,3
20,5,10,10,10,36,11,4
20,5,10,10,10,36,11,5
20,5,10,10,10,36,11,6
20,5,10,10,10,36,11,7
20,5,10,10,10,36,11,8
20,5,10,10,10,36,11,9
20,5,10,10,10,36,11,10
20,5,10,10,10,36,11,11
20,5,10,10,10,36,11,12
20,5,10,10,10,36,11,13
20,5,10,10,10,36,11,14
20,5,10,10,10,36,11,15
20,5,10,10,10,36,11,16
20,5,10,10,10,36,11,17
20,5,10,10,10,36,11,18
20,5,10,10,10,36,11,19
20,5,10,10,10,36,11,20
20,5,10,10,10,36,11.5,1
20,5,10,10,10,36,11.5,2
20,5,10,10,10,36,11.5,3
20,5,10,10,10,36,11.5,4
20,5,10,10,10,36,11.5,5
20,5,10,10,10,36,11.5,6
20,5,10,10,10,36,11.5,7
20,5,10,10,10,36,11.5,8
20,5,10,10,10,36,11.5,9
20,5,10,10,10,36,11.5,10
20,5,10,10,10,36,11.5,11
20,5,10,10,10,36,11.5,12
20,5,10,10,10,36,11.5,13
20,5,10,10,10,36,11.5,14
20,5,10,10,10,36,11.5,15
20,5,10,10,10,36,11.5,16
20,5,10,10,10,36,11.5,17
20,5,10,10,10,36,11.5,18
20,5,10,10,10,36,11.5,19
20,5,10,10,10,36,11.5,20
20,5,10,10,10,36,12,1
20,5,10,10,10,36,12,2
20,5,10,10,10,36,12,3
20,5,10,10,10,36,12,4
20,5,10,10,10,36,12,5
20,5,10,10,10,36,12,6
20,5,10,10,10,36,12,7
20,5,10,10,10,36,12,8
20,5,10,10,10,36,12,9
20,5,10,10,10,36,12,10
20,5,10,10,10,36,12,11
20,5,10,10,10,36,12,12
20,5,10,10,10,36,12,13
20,5,10,10,10,36,12,14
20,5,10,10,10,36,12,15
20,5,10,10,10,36,12,16
20,5,10,10,10,36,12,17
20,5,10,10,10,36,12,18
20,5,10,10,10,36,12,19
20,5,10,10,10,36,12,20
20,5,10,10,10,36,12.5,1
20,5,10,10,10,36,12.5,2
20,5,10,10,10,36,12.5,3
20,5,10,10,10,36,12.5,4
20,5,10,10,10,36,12.5,5
20,5,10,10,10,36,12.5,6
20,5,10,10,10,36,12.5,7
20,5,10,10,10,36,12.5,8
20,5,10,10,10,36,12.5,9
20,5,10,10,10,36,12.5,10
20,5,10,10,10,36,12.5,11
20,5,10,10,10,36,12.5,12
20,5,10,10,10,36,12.5,13
20,5,10,10,10,36,12.5,14
20,5,10,10,10,36,12.5,15
20,5,10,10,10,36,12.5,16
20,5,10,10,10,36,12.5,17
20,5,10,10,10,36,12.5,18
20,5,10,10,10,36,12.5,19
20,5,10,10,10,36,12.5,20
20,5,10,10,10,36,13,1
20,5,10,10,10,36,13,2
20,5,10,10,10,36,13,3
20,5,10,10,10,36,13,4
20,5,10,10,10,36,13,5
20,5,10,10,10,36,13,6
20,5,10,10,10,36,13,7
20,5,10,10,10,36,13,8
20,5,10,10,10,36,13,9
20,5,10,10,10,36,13,10
20,5,10,10,10,36,13,11
20,5,10,10,10,36,13,12
20,5,10,10,10,36,13,13
20,5,10,10,10,36,13,14
20,5,10,10,10,36,13,15
20,5,10,10,10,36,13,16
20,5,10,10,10,36,13,17
20,5,10,10,10,36,13,18
20,5,10,10,10,36,13,19
20,5,10,10,10,36,13,20
20,5,10,10,10,36,13.5,1
20,5,10,10,10,36,13.5,2
20,5,10,10,10,36,13.5,3
20,5,10,10,10,36,13.5,4
20,5,10,10,10,36,13.5,5
20,5,10,10,10,36,13.5,6
20,5,10,10,10,36,13.5,7
20,5,10,10,10,36,13.5,8
20,5,10,10,10,36,13.5,9
20,5,10,10,10,36,13.5,10
20,5,10,10,10,36,13.5,11
20,5,10,10,10,36,13.5,12
20,5,10,10,10,36,13.5,13
20,5,10,10,10,36,13.5,14
20,5,10,10,10,36,13.5,15
20,5,10,10,10,36,13.5,16
20,5,10,10,10,36,13.5,17
20,5,10,10,10,36,13.5,18
20,5,10,10,10,36,13.5,19
20,5,10,10,10,36,13.5,20
20,5,10,10,10,36,14,1
20,5,10,10,10,36,14,2
20,5,10,10,10,36,14,3
20,5,10,10,10,36,14,4
20,5,10,10,10,36,14,5
20,5,10,10,10,36,14,6
20,5,10,10,10,36,14,7
20,5,10,10,10,36,14,8
20,5,10,10,10,36,14,9
20,5,10,10,10,36,14,10
20,5,10,10,10,36,14,11
20,5,10,10,10,36,14,12
20,5,10,10,10,36,14,13
20,5,10,10,10,36,14,14
20,5,10,10,10,36,14,15
20,5,10,10,10,36,14,16
20,5,10,10,10,36,14,17
20,5,10,10,10,36,14,18
20,5,10,10,10,36,14,19
20,5,10,10,10,36,14,20
20,5,10,10,10,36,14.5,1
20,5,10,10,10,36,14.5,2
20,5,10,10,10,36,14.5,3
20,5,10,10,10,36,14.5,4
20,5,10,10,10,36,14.5,5
20,5,10,10,10,36,14.5,6
20,5,10,10,10,36,14.5,7
20,5,10,10,10,36,14.5,8
20,5,10,10,10,36,14.5,9
20,5,10,10,10,36,14.5,10
20,5,10,10,10,36,14.5,11
20,5,10,10,10,36,14.5,12
20,5,10,10,10,36,14.5,13
20,5,10,10,10,36,14.5,14
20,5,10,10,10,36,14.5,15
20,5,10,10,10,36,14.5,16
20,5,10,10,10,36,14.5,17
20,5,10,10,10,36,14.5,18
20,5,10,10,10,36,14.5,19
20,5,10,10,10,36,14.5,20
20,5,10,10,10,36,15,1
20,5,10,10,10,36,15,2
20,5,10,10,10,36,15,3
20,5,10,10,10,36,15,4
20,5,10,10,10,36,15,5
20,5,10,10,10,36,15,6
20,5,10,10,10,36,15,7
20,5,10,10,10,36,15,8
20,5,10,10,10,36,15,9
20,5,10,10,10,36,15,10
20,5,10,10,10,36,15,11
20,5,10,10,10,36,15,12
20,5,10,10,10,36,15,13
20,5,10,10,10,36,15,14
20,5,10,10,10,36,15,15
20,5,10,10,10,36,15,16
20,5,10,10,10,36,15,17
20,5,10,10,10,36,15,18
20,5,10,10,10,36,15,19
20,5,10,10,10,36,15,20
20,5,10,10,10,38,10.5,1
20,5,10,10,10,38,10.5,2
20,5,10,10,10,38,10.5,3
20,5,10,10,10,38,10.5,4
20,5,10,10,10,38,10.5,5
20,5,10,10,10,38,10.5,6
20,5,10,10,10,38,10.5,7
20,5,10,10,10,38,10.5,8
20,5,10,10,10,38,10.5,9
20,5,10,10,10,38,10.5,10
20,5,10,10,10,38,10.5,11
20,5,10,10,10,38,10.5,12
20,5,10,10,10,38,10.5,13
20,5,10,10,10,38,10.5,14
20,5,10,10,10,38,10.5,15
20,5,10,10,10,38,10.5,16
20,5,10,10,10,38,10.5,17
20,5,10,10,10,38,10.5,18
20,5,10,10,10,38,10.5,19
20,5,10,10,10,38,10.5,20
20,5,10,10,10,38,11,1
20,5,10,10,10,38,11,2
20,5,10,10,10,38,11,3
20,5,10,10,10,38,11,4
20,5,10,10,10,38,11,5
20,5,10,10,10,38,11,6
20,5,10,10,10,38,11,7
20,5,10,10,10,38,11,8
20,5,10,10,10,38,11,9
20,5,10,10,10,38,11,10
20,5,10,10,10,38,11,11
20,5,10,10,10,38,11,12
20,5,10,10,10,38,11,13
20,5,10,10,10,38,11,14
20,5,10,10,10,38,11,15
20,5,10,10,10,38,11,16
20,5,10,10,10,38,11,17
20,5,10,10,10,38,11,18
20,5,10,10,10,38,11,19
20,5,10,10,10,38,11,20
20,5,10,10,10,38,11.5,1
20,5,10,10,10,38,11.5,2
20,5,10,10,10,38,11.5,3
20,5,10,10,10,38,11.5,4
20,5,10,10,10,38,11.5,5
20,5,10,10,10,38,11.5,6
20,5,10,10,10,38,11.5,7
20,5,10,10,10,38,11.5,8
20,5,10,10,10,38,11.5,9
20,5,10,10,10,38,11.5,10
20,5,10,10,10,38,11.5,11
20,5,10,10,10,38,11.5,12
20,5,10,10,10,38,11.5,13
20,5,10,10,10,38,11.5,14
20,5,10,10,10,38,11.5,15
20,5,10,10,10,38,11.5,16
20,5,10,10,10,38,11.5,17
20,5,10,10,10,38,11.5,18
20,5,10,10,10,38,11.5,19
20,5,10,10,10,38,11.5,20
20,5,10,10,10,38,12,1
20,5,10,10,10,38,12,2
20,5,10,10,10,38,12,3
20,5,10,10,10,38,12,4
20,5,10,10,10,38,12,5
20,5,10,10,10,38,12,6
20,5,10,10,10,38,12,7
20,5,10,10,10,38,12,8
20,5,10,10,10,38,12,9
20,5,10,10,10,38,12,10
20,5,10,10,10,38,12,11
20,5,10,10,10,38,12,12
20,5,10,10,10,38,12,13
20,5,10,10,10,38,12,14
20,5,10,10,10,38,12,15
20,5,10,10,10,38,12,16
20,5,10,10,10,38,12,17
20,5,10,10,10,38,12,18
20,5,10,10,10,38,12,19
20,5,10,10,10,38,12,20
20,5,10,10,10,38,12.5,1
20,5,10,10,10,38,12.5,2
20,5,10,10,10,38,12.5,3
20,5,10,10,10,38,12.5,4
20,5,10,10,10,38,12.5,5
20,5,10,10,10,38,12.5,6
20,5,10,10,10,38,12.5,7
20,5,10,10,10,38,12.5,8
20,5,10,10,10,38,12.5,9
20,5,10,10,10,38,12.5,10
20,5,10,10,10,38,12.5,11
20,5,10,10,10,38,12.5,12
20,5,10,10,10,38,12.5,13
20,5,10,10,10,38,12.5,14
20,5,10,10,10,38,12.5,15
20,5,10,10,10,38,12.5,16
20,5,10,10,10,38,12.5,17
20,5,10,10,10,38,12.5,18
20,5,10,10,10,38,12.5,19
20,5,10,10,10,38,12.5,20
20,5,10,10,10,38,13,1
20,5,10,10,10,38,13,2
20,5,10,10,10,38,13,3
20,5,10,10,10,38,13,4
20,5,10,10,10,38,13,5
20,5,10,10,10,38,13,6
20,5,10,10,10,38,13,7
20,5,10,10,10,38,13,8
20,5,10,10,10,38,13,9
20,5,10,10,10,38,13,10
20,5,10,10,10,38,13,11
20,5,10,10,10,38,13,12
20,5,10,10,10,38,13,13
20,5,10,10,10,38,13,14
20,5,10,10,10,38,13,15
20,5,10,10,10,38,13,16
20,5,10,10,10,38,13,17
20,5,10,10,10,38,13,18
20,5,10,10,10,38,13,19
20,5,10,10,10,38,13,20
20,5,10,10,10,38,13.5,1
20,5,10,10,10,38,13.5,2
20,5,10,10,10,38,13.5,3
20,5,10,10,10,38,13.5,4
20,5,10,10,10,38,13.5,5
20,5,10,10,10,38,13.5,6
20,5,10,10,10,38,13.5,7
20,5,10,10,10,38,13.5,8
20,5,10,10,10,38,13.5,9
20,5,10,10,10,38,13.5,10
20,5,10,10,10,38,13.5,11
20,5,10,10,10,38,13.5,12
20,5,10,10,10,38,13.5,13
20,5,10,10,10,38,13.5,14
20,5,10,10,10,38,13.5,15
20,5,10,10,10,38,13.5,16
20,5,10,10,10,38,13.5,17
20,5,10,10,10,38,13.5,18
20,5,10,10,10,38,13.5,19
20,5,10,10,10,38,13.5,20
20,5,10,10,10,38,14,1
20,5,10,10,10,38,14,2
20,5,10,10,10,38,14,3
20,5,10,10,10,38,14,4
20,5,10,10,10,38,14,5
20,5,10,10,10,38,14,6
20,5,10,10,10,38,14,7
20,5,10,10,10,38,14,8
20,5,10,10,10,38,14,9
20,5,10,10,10,38,14,10
20,5,10,10,10,38,14,11
20,5,10,10,10,38,14,12
20,5,10,10,10,38,14,13
20,5,10,10,10,38,14,14
20,5,10,10,10,38,14,15
20,5,10,10,10,38,14,16
20,5,10,10,10,38,14,17
20,5,10,10,10,38,14,18
20,5,10,10,10,38,14,19
20,5,10,10,10,38,14,20
20,5,10,10,10,38,14.5,1
20,5,10,10,10,38,14.5,2
20,5,10,10,10,38,14.5,3
20,5,10,10,10,38,14.5,4
20,5,10,10,10,38,14.5,5
20,5,10,10,10,38,14.5,6
20,5,10,10,10,38,14.5,7
20,5,10,10,10,38,14.5,8
20,5,10,10,10,38,14.5,9
20,5,10,10,10,38,14.5,10
20,5,10,10,10,38,14.5,11
20,5,10,10,10,38,14.5,12
20,5,10,10,10,38,14.5,13
20,5,10,10,10,38,14.5,14
20,5,10,10,10,38,14.5,15
20,5,10,10,10,38,14.5,16
20,5,10,10,10,38,14.5,17
20,5,10,10,10,38,14.5,18
20,5,10,10,10,38,14.5,19
20,5,10,10,10,38,14.5,20
20,5,10,10,10,38,15,1
20,5,10,10,10,38,15,2
20,5,10,10,10,38,15,3
20,5,10,10,10,38,15,4
20,5,10,10,10,38,15,5
20,5,10,10,10,38,15,6
20,5,10,10,10,38,15,7
20,5,10,10,10,38,15,8
20,5,10,10,10,38,15,9
20,5,10,10,10,38,15,10
20,5,10,10,10,38,15,11
20,5,10,10,10,38,15,12
20,5,10,10,10,38,15,13
20,5,10,10,10,38,15,14
20,5,10,10,10,38,15,15
20,5,10,10,10,38,15,16
20,5,10,10,10,38,15,17
20,5,10,10,10,38,15,18
20,5,10,10,10,38,15,19
20,5,10,10,10,38,15,20
20,5,10,10,10,40,10.5,1
20,5,10,10,10,40,10.5,2
20,5,10,10,10,40,10.5,3
20,5,10,10,10,40,10.5,4
20,5,10,10,10,40,10.5,5
20,5,10,10,10,40,10.5,6
20,5,10,10,10,40,10.5,7
20,5,10,10,10,40,10.5,8
20,5,10,10,10,40,10.5,9
20,5,10,10,10,40,10.5,10
20,5,10,10,10,40,10.5,11
20,5,10,10,10,40,10.5,12
20,5,10,10,10,40,10.5,13
20,5,10,10,10,40,10.5,14
20,5,10,10,10,40,10.5,15
20,5,10,10,10,40,10.5,16
20,5,10,10,10,40,10.5,17
20,5,10,10,10,40,10.5,18
20,5,10,10,10,40,10.5,19
20,5,10,10,10,40,10.5,20
20,5,10,10,10,40,11,1
20,5,10,10,10,40,11,2
20,5,10,10,10,40,11,3
20,5,10,10,10,40,11,4
20,5,10,10,10,40,11,5
20,5,10,10,10,40,11,6
20,5,10,10,10,40,11,7
20,5,10,10,10,40,11,8
20,5,10,10,10,40,11,9
20,5,10,10,10,40,11,10
20,5,10,10,10,40,11,11
20,5,10,10,10,40,11,12
20,5,10,10,10,40,11,13
20,5,10,10,10,40,11,14
20,5,10,10,10,40,11,15
20,5,10,10,10,40,11,16
20,5,10,10,10,40,11,17
20,5,10,10,10,40,11,18
20,5,10,10,10,40,11,19
20,5,10,10,10,40,11,20
20,5,10,10,10,40,11.5,1
20,5,10,10,10,40,11.5,2
20,5,10,10,10,40,11.5,3
20,5,10,10,10,40,11.5,4
20,5,10,10,10,40,11.5,5
20,5,10,10,10,40,11.5,6
20,5,10,10,10,40,11.5,7
20,5,10,10,10,40,11.5,8
20,5,10,10,10,40,11.5,9
20,5,10,10,10,40,11.5,10
20,5,10,10,10,40,11.5,11
20,5,10,10,10,40,11.5,12
20,5,10,10,10,40,11.5,13
20,5,10,10,10,40,11.5,14
20,5,10,10,10,40,11.5,15
20,5,10,10,10,40,11.5,16
20,5,10,10,10,40,11.5,17
20,5,10,10,10,40,11.5,18
20,5,10,10,10,40,11.5,19
20,5,10,10,10,40,11.5,20
20,5,10,10,10,40,12,1
20,5,10,10,10,40,12,2
20,5,10,10,10,40,12,3
20,5,10,10,10,40,12,4
20,5,10,10,10,40,12,5
20,5,10,10,10,40,12,6
20,5,10,10,10,40,12,7
20,5,10,10,10,40,12,8
20,5,10,10,10,40,12,9
20,5,10,10,10,40,12,10
20,5,10,10,10,40,12,11
20,5,10,10,10,40,12,12
20,5,10,10,10,40,12,13
20,5,10,10,10,40,12,14
20,5,10,10,10,40,12,15
20,5,10,10,10,40,12,16
20,5,10,10,10,40,12,17
20,5,10,10,10,40,12,18
20,5,10,10,10,40,12,19
20,5,10,10,10,40,12,20
20,5,10,10,10,40,12.5,1
20,5,10,10,10,40,12.5,2
20,5,10,10,10,40,12.5,3
20,5,10,10,10,40,12.5,4
20,5,10,10,10,40,12.5,5
20,5,10,10,10,40,12.5,6
20,5,10,10,10,40,12.5,7
20,5,10,10,10,40,12.5,8
20,5,10,10,10,40,12.5,9
20,5,10,10,10,40,12.5,10
20,5,10,10,10,40,12.5,11
20,5,10,10,10,40,12.5,12
20,5,10,10,10,40,12.5,13
20,5,10,10,10,40,12.5,14
20,5,10,10,10,40,12.5,15
20,5,10,10,10,40,12.5,16
20,5,10,10,10,40,12.5,17
20,5,10,10,10,40,12.5,18
20,5,10,10,10,40,12.5,19
20,5,10,10,10,40,12.5,20
20,5,10,10,10,40,13,1
20,5,10,10,10,40,13,2
20,5,10,10,10,40,13,3
20,5,10,10,10,40,13,4
20,5,10,10,10,40,13,5
20,5,10,10,10,40,13,6
20,5,10,10,10,40,13,7
20,5,10,10,10,40,13,8
20,5,10,10,10,40,13,9
20,5,10,10,10,40,13,10
20,5,10,10,10,40,13,11
20,5,10,10,10,40,13,12
20,5,10,10,10,40,13,13
20,5,10,10,10,40,13,14
20,5,10,10,10,40,13,15
20,5,10,10,10,40,13,16
20,5,10,10,10,40,13,17
20,5,10,10,10,40,13,18
20,5,10,10,10,40,13,19
20,5,10,10,10,40,13,20
20,5,10,10,10,40,13.5,1
20,5,10,10,10,40,13.5,2
20,5,10,10,10,40,13.5,3
20,5,10,10,10,40,13.5,4
20,5,10,10,10,40,13.5,5
20,5,10,10,10,40,13.5,6
20,5,10,10,10,40,13.5,7
20,5,10,10,10,40,13.5,8
20,5,10,10,10,40,13.5,9
20,5,10,10,10,40,13.5,10
20,5,10,10,10,40,13.5,11
20,5,10,10,10,40,13.5,12
20,5,10,10,10,40,13.5,13
20,5,10,10,10,40,13.5,14
20,5,10,10,10,40,13.5,15
20,5,10,10,10,40,13.5,16
20,5,10,10,10,40,13.5,17
20,5,10,10,10,40,13.5,18
20,5,10,10,10,40,13.5,19
20,5,10,10,10,40,13.5,20
20,5,10,10,10,40,14,1
20,5,10,10,10,40,14,2
20,5,10,10,10,40,14,3
20,5,10,10,10,40,14,4
20,5,10,10,10,40,14,5
20,5,10,10,10,40,14,6
20,5,10,10,10,40,14,7
20,5,10,10,10,40,14,8
20,5,10,10,10,40,14,9
20,5,10,10,10,40,14,10
20,5,10,10,10,40,14,11
20,5,10,10,10,40,14,12
20,5,10,10,10,40,14,13
20,5,10,10,10,40,14,14
20,5,10,10,10,40,14,15
20,5,10,10,10,40,14,16
20,5,10,10,10,40,14,17
20,5,10,10,10,40,14,18
20,5,10,10,10,40,14,19
20,5,10,10,10,40,14,20
20,5,10,10,10,40,14.5,1
20,5,10,10,10,40,14.5,2
20,5,10,10,10,40,14.5,3
20,5,10,10,10,40,14.5,4
20,5,10,10,10,40,14.5,5
20,5,10,10,10,40,14.5,6
20,5,10,10,10,40,14.5,7
20,5,10,10,10,40,14.5,8
20,5,10,10,10,40,14.5,9
20,5,10,10,10,40,14.5,10
20,5,10,10,10,40,14.5,11
20,5,10,10,10,40,14.5,12
20,5,10,10,10,40,14.5,13
20,5,10,10,10,40,14.5,14
20,5,10,10,10,40,14.5,15
20,5,10,10,10,40,14.5,16
20,5,10,10,10,40,14.5,17
20,5,10,10,10,40,14.5,18
20,5,10,10,10,40,14.5,19
20,5,10,10,10,40,14.5,20
20,5,10,10,10,40,15,1
20,5,10,10,10,40,15,2
20,5,10,10,10,40,15,3
20,5,10,10,10,40,15,4
20,5,10,10,10,40,15,5
20,5,10,10,10,40,15,6
20,5,10,10,10,40,15,7
20,5,10,10,10,40,15,8
20,5,10,10,10,40,15,9
20,5,10,10,10,40,15,10
20,5,10,10,10,40,15,11
20,5,10,10,10,40,15,12
20,5,10,10,10,40,15,13
20,5,10,10,10,40,15,14
20,5,10,10,10,40,15,15
20,5,10,10,10,40,15,16
20,5,10,10,10,40,15,17
20,5,10,10,10,40,15,18
20,5,10,10,10,40,15,19
20,5,10,10,10,40,15,20
