1,5,0
1,5,1
1,5,2
1,5,3
1,5,4
1,5,5
1,5,6
1,5,7
1,5,8
1,5,9
1,5,10
1,5,11
1,5,12
1,10,0
1,10,1
1,10,2
1,10,3
1,10,4
1,10,5
1,10,6
1,10,7
1,10,8
1,10,9
1,10,10
1,10,11
1,10,12
1,15,0
1,15,1
1,15,2
1,15,3
1,15,4
1,15,5
1,15,6
1,15,7
1,15,8
1,15,9
1,15,10
1,15,11
1,15,12
1,20,0
1,20,1
1,20,2
1,20,3
1,20,4
1,20,5
1,20,6
1,20,7
1,20,8
1,20,9
1,20,10
1,20,11
1,20,12
1,25,0
1,25,1
1,25,2
1,25,3
1,25,4
1,25,5
1,25,6
1,25,7
1,25,8
1,25,9
1,25,10
1,25,11
1,25,12
1,30,0
1,30,1
1,30,2
1,30,3
1,30,4
1,30,5
1,30,6
1,30,7
1,30,8
1,30,9
1,30,10
1,30,11
1,30,12
1,35,0
1,35,1
1,35,2
1,35,3
1,35,4
1,35,5
1,35,6
1,35,7
1,35,8
1,35,9
1,35,10
1,35,11
1,35,12
1,40,0
1,40,1
1,40,2
1,40,3
1,40,4
1,40,5
1,40,6
1,40,7
1,40,8
1,40,9
1,40,10
1,40,11
1,40,12
1,45,0
1,45,1
1,45,2
1,45,3
1,45,4
1,45,5
1,45,6
1,45,7
1,45,8
1,45,9
1,45,10
1,45,11
1,45,12
1,50,0
1,50,1
1,50,2
1,50,3
1,50,4
1,50,5
1,50,6
1,50,7
1,50,8
1,50,9
1,50,10
1,50,11
1,50,12
1,55,0
1,55,1
1,55,2
1,55,3
1,55,4
1,55,5
1,55,6
1,55,7
1,55,8
1,55,9
1,55,10
1,55,11
1,55,12
1,60,0
1,60,1
1,60,2
1,60,3
1,60,4
1,60,5
1,60,6
1,60,7
1,60,8
1,60,9
1,60,10
1,60,11
1,60,12
1,65,0
1,65,1
1,65,2
1,65,3
1,65,4
1,65,5
1,65,6
1,65,7
1,65,8
1,65,9
1,65,10
1,65,11
1,65,12
1,70,0
1,70,1
1,70,2
1,70,3
1,70,4
1,70,5
1,70,6
1,70,7
1,70,8
1,70,9
1,70,10
1,70,11
1,70,12
1,75,0
1,75,1
1,75,2
1,75,3
1,75,4
1,75,5
1,75,6
1,75,7
1,75,8
1,75,9
1,75,10
1,75,11
1,75,12
1,80,0
1,80,1
1,80,2
1,80,3
1,80,4
1,80,5
1,80,6
1,80,7
1,80,8
1,80,9
1,80,10
1,80,11
1,80,12
1,85,0
1,85,1
1,85,2
1,85,3
1,85,4
1,85,5
1,85,6
1,85,7
1,85,8
1,85,9
1,85,10
1,85,11
1,85,12
1,90,0
1,90,1
1,90,2
1,90,3
1,90,4
1,90,5
1,90,6
1,90,7
1,90,8
1,90,9
1,90,10
1,90,11
1,90,12
1,95,0
1,95,1
1,95,2
1,95,3
1,95,4
1,95,5
1,95,6
1,95,7
1,95,8
1,95,9
1,95,10
1,95,11
1,95,12
1,100,0
1,100,1
1,100,2
1,100,3
1,100,4
1,100,5
1,100,6
1,100,7
1,100,8
1,100,9
1,100,10
1,100,11
1,100,12
2,5,0
2,5,1
2,5,2
2,5,3
2,5,4
2,5,5
2,5,6
2,5,7
2,5,8
2,5,9
2,5,10
2,5,11
2,5,12
2,10,0
2,10,1
2,10,2
2,10,3
2,10,4
2,10,5
2,10,6
2,10,7
2,10,8
2,10,9
2,10,10
2,10,11
2,10,12
2,15,0
2,15,1
2,15,2
2,15,3
2,15,4
2,15,5
2,15,6
2,15,7
2,15,8
2,15,9
2,15,10
2,15,11
2,15,12
2,20,0
2,20,1
2,20,2
2,20,3
2,20,4
2,20,5
2,20,6
2,20,7
2,20,8
2,20,9
2,20,10
2,20,11
2,20,12
2,25,0
2,25,1
2,25,2
2,25,3
2,25,4
2,25,5
2,25,6
2,25,7
2,25,8
2,25,9
2,25,10
2,25,11
2,25,12
2,30,0
2,30,1
2,30,2
2,30,3
2,30,4
2,30,5
2,30,6
2,30,7
2,30,8
2,30,9
2,30,10
2,30,11
2,30,12
2,35,0
2,35,1
2,35,2
2,35,3
2,35,4
2,35,5
2,35,6
2,35,7
2,35,8
2,35,9
2,35,10
2,35,11
2,35,12
2,40,0
2,40,1
2,40,2
2,40,3
2,40,4
2,40,5
2,40,6
2,40,7
2,40,8
2,40,9
2,40,10
2,40,11
2,40,12
2,45,0
2,45,1
2,45,2
2,45,3
2,45,4
2,45,5
2,45,6
2,45,7
2,45,8
2,45,9
2,45,10
2,45,11
2,45,12
2,50,0
2,50,1
2,50,2
2,50,3
2,50,4
2,50,5
2,50,6
2,50,7
2,50,8
2,50,9
2,50,10
2,50,11
2,50,12
2,55,0
2,55,1
2,55,2
2,55,3
2,55,4
2,55,5
2,55,6
2,55,7
2,55,8
2,55,9
2,55,10
2,55,11
2,55,12
2,60,0
2,60,1
2,60,2
2,60,3
2,60,4
2,60,5
2,60,6
2,60,7
2,60,8
2,60,9
2,60,10
2,60,11
2,60,12
2,65,0
2,65,1
2,65,2
2,65,3
2,65,4
2,65,5
2,65,6
2,65,7
2,65,8
2,65,9
2,65,10
2,65,11
2,65,12
2,70,0
2,70,1
2,70,2
2,70,3
2,70,4
2,70,5
2,70,6
2,70,7
2,70,8
2,70,9
2,70,10
2,70,11
2,70,12
2,75,0
2,75,1
2,75,2
2,75,3
2,75,4
2,75,5
2,75,6
2,75,7
2,75,8
2,75,9
2,75,10
2,75,11
2,75,12
2,80,0
2,80,1
2,80,2
2,80,3
2,80,4
2,80,5
2,80,6
2,80,7
2,80,8
2,80,9
2,80,10
2,80,11
2,80,12
2,85,0
2,85,1
2,85,2
2,85,3
2,85,4
2,85,5
2,85,6
2,85,7
2,85,8
2,85,9
2,85,10
2,85,11
2,85,12
2,90,0
2,90,1
2,90,2
2,90,3
2,90,4
2,90,5
2,90,6
2,90,7
2,90,8
2,90,9
2,90,10
2,90,11
2,90,12
2,95,0
2,95,1
2,95,2
2,95,3
2,95,4
2,95,5
2,95,6
2,95,7
2,95,8
2,95,9
2,95,10
2,95,11
2,95,12
2,100,0
2,100,1
2,100,2
2,100,3
2,100,4
2,100,5
2,100,6
2,100,7
2,100,8
2,100,9
2,100,10
2,100,11
2,100,12
3,5,0
3,5,1
3,5,2
3,5,3
3,5,4
3,5,5
3,5,6
3,5,7
3,5,8
3,5,9
3,5,10
3,5,11
3,5,12
3,10,0
3,10,1
3,10,2
3,10,3
3,10,4
3,10,5
3,10,6
3,10,7
3,10,8
3,10,9
3,10,10
3,10,11
3,10,12
3,15,0
3,15,1
3,15,2
3,15,3
3,15,4
3,15,5
3,15,6
3,15,7
3,15,8
3,15,9
3,15,10
3,15,11
3,15,12
3,20,0
3,20,1
3,20,2
3,20,3
3,20,4
3,20,5
3,20,6
3,20,7
3,20,8
3,20,9
3,20,10
3,20,11
3,20,12
3,25,0
3,25,1
3,25,2
3,25,3
3,25,4
3,25,5
3,25,6
3,25,7
3,25,8
3,25,9
3,25,10
3,25,11
3,25,12
3,30,0
3,30,1
3,30,2
3,30,3
3,30,4
3,30,5
3,30,6
3,30,7
3,30,8
3,30,9
3,30,10
3,30,11
3,30,12
3,35,0
3,35,1
3,35,2
3,35,3
3,35,4
3,35,5
3,35,6
3,35,7
3,35,8
3,35,9
3,35,10
3,35,11
3,35,12
3,40,0
3,40,1
3,40,2
3,40,3
3,40,4
3,40,5
3,40,6
3,40,7
3,40,8
3,40,9
3,40,10
3,40,11
3,40,12
3,45,0
3,45,1
3,45,2
3,45,3
3,45,4
3,45,5
3,45,6
3,45,7
3,45,8
3,45,9
3,45,10
3,45,11
3,45,12
3,50,0
3,50,1
3,50,2
3,50,3
3,50,4
3,50,5
3,50,6
3,50,7
3,50,8
3,50,9
3,50,10
3,50,11
3,50,12
3,55,0
3,55,1
3,55,2
3,55,3
3,55,4
3,55,5
3,55,6
3,55,7
3,55,8
3,55,9
3,55,10
3,55,11
3,55,12
3,60,0
3,60,1
3,60,2
3,60,3
3,60,4
3,60,5
3,60,6
3,60,7
3,60,8
3,60,9
3,60,10
3,60,11
3,60,12
3,65,0
3,65,1
3,65,2
3,65,3
3,65,4
3,65,5
3,65,6
3,65,7
3,65,8
3,65,9
3,65,10
3,65,11
3,65,12
3,70,0
3,70,1
3,70,2
3,70,3
3,70,4
3,70,5
3,70,6
3,70,7
3,70,8
3,70,9
3,70,10
3,70,11
3,70,12
3,75,0
3,75,1
3,75,2
3,75,3
3,75,4
3,75,5
3,75,6
3,75,7
3,75,8
3,75,9
3,75,10
3,75,11
3,75,12
3,80,0
3,80,1
3,80,2
3,80,3
3,80,4
3,80,5
3,80,6
3,80,7
3,80,8
3,80,9
3,80,10
3,80,11
3,80,12
3,85,0
3,85,1
3,85,2
3,85,3
3,85,4
3,85,5
3,85,6
3,85,7
3,85,8
3,85,9
3,85,10
3,85,11
3,85,12
3,90,0
3,90,1
3,90,2
3,90,3
3,90,4
3,90,5
3,90,6
3,90,7
3,90,8
3,90,9
3,90,10
3,90,11
3,90,12
3,95,0
3,95,1
3,95,2
3,95,3
3,95,4
3,95,5
3,95,6
3,95,7
3,95,8
3,95,9
3,95,10
3,95,11
3,95,12
3,100,0
3,100,1
3,100,2
3,100,3
3,100,4
3,100,5
3,100,6
3,100,7
3,100,8
3,100,9
3,100,10
3,100,11
3,100,12
4,5,0
4,5,1
4,5,2
4,5,3
4,5,4
4,5,5
4,5,6
4,5,7
4,5,8
4,5,9
4,5,10
4,5,11
4,5,12
4,10,0
4,10,1
4,10,2
4,10,3
4,10,4
4,10,5
4,10,6
4,10,7
4,10,8
4,10,9
4,10,10
4,10,11
4,10,12
4,15,0
4,15,1
4,15,2
4,15,3
4,15,4
4,15,5
4,15,6
4,15,7
4,15,8
4,15,9
4,15,10
4,15,11
4,15,12
4,20,0
4,20,1
4,20,2
4,20,3
4,20,4
4,20,5
4,20,6
4,20,7
4,20,8
4,20,9
4,20,10
4,20,11
4,20,12
4,25,0
4,25,1
4,25,2
4,25,3
4,25,4
4,25,5
4,25,6
4,25,7
4,25,8
4,25,9
4,25,10
4,25,11
4,25,12
4,30,0
4,30,1
4,30,2
4,30,3
4,30,4
4,30,5
4,30,6
4,30,7
4,30,8
4,30,9
4,30,10
4,30,11
4,30,12
4,35,0
4,35,1
4,35,2
4,35,3
4,35,4
4,35,5
4,35,6
4,35,7
4,35,8
4,35,9
4,35,10
4,35,11
4,35,12
4,40,0
4,40,1
4,40,2
4,40,3
4,40,4
4,40,5
4,40,6
4,40,7
4,40,8
4,40,9
4,40,10
4,40,11
4,40,12
4,45,0
4,45,1
4,45,2
4,45,3
4,45,4
4,45,5
4,45,6
4,45,7
4,45,8
4,45,9
4,45,10
4,45,11
4,45,12
4,50,0
4,50,1
4,50,2
4,50,3
4,50,4
4,50,5
4,50,6
4,50,7
4,50,8
4,50,9
4,50,10
4,50,11
4,50,12
4,55,0
4,55,1
4,55,2
4,55,3
4,55,4
4,55,5
4,55,6
4,55,7
4,55,8
4,55,9
4,55,10
4,55,11
4,55,12
4,60,0
4,60,1
4,60,2
4,60,3
4,60,4
4,60,5
4,60,6
4,60,7
4,60,8
4,60,9
4,60,10
4,60,11
4,60,12
4,65,0
4,65,1
4,65,2
4,65,3
4,65,4
4,65,5
4,65,6
4,65,7
4,65,8
4,65,9
4,65,10
4,65,11
4,65,12
4,70,0
4,70,1
4,70,2
4,70,3
4,70,4
4,70,5
4,70,6
4,70,7
4,70,8
4,70,9
4,70,10
4,70,11
4,70,12
4,75,0
4,75,1
4,75,2
4,75,3
4,75,4
4,75,5
4,75,6
4,75,7
4,75,8
4,75,9
4,75,10
4,75,11
4,75,12
4,80,0
4,80,1
4,80,2
4,80,3
4,80,4
4,80,5
4,80,6
4,80,7
4,80,8
4,80,9
4,80,10
4,80,11
4,80,12
4,85,0
4,85,1
4,85,2
4,85,3
4,85,4
4,85,5
4,85,6
4,85,7
4,85,8
4,85,9
4,85,10
4,85,11
4,85,12
4,90,0
4,90,1
4,90,2
4,90,3
4,90,4
4,90,5
4,90,6
4,90,7
4,90,8
4,90,9
4,90,10
4,90,11
4,90,12
4,95,0
4,95,1
4,95,2
4,95,3
4,95,4
4,95,5
4,95,6
4,95,7
4,95,8
4,95,9
4,95,10
4,95,11
4,95,12
4,100,0
4,100,1
4,100,2
4,100,3
4,100,4
4,100,5
4,100,6
4,100,7
4,100,8
4,100,9
4,100,10
4,100,11
4,100,12
5,5,0
5,5,1
5,5,2
5,5,3
5,5,4
5,5,5
5,5,6
5,5,7
5,5,8
5,5,9
5,5,10
5,5,11
5,5,12
5,10,0
5,10,1
5,10,2
5,10,3
5,10,4
5,10,5
5,10,6
5,10,7
5,10,8
5,10,9
5,10,10
5,10,11
5,10,12
5,15,0
5,15,1
5,15,2
5,15,3
5,15,4
5,15,5
5,15,6
5,15,7
5,15,8
5,15,9
5,15,10
5,15,11
5,15,12
5,20,0
5,20,1
5,20,2
5,20,3
5,20,4
5,20,5
5,20,6
5,20,7
5,20,8
5,20,9
5,20,10
5,20,11
5,20,12
5,25,0
5,25,1
5,25,2
5,25,3
5,25,4
5,25,5
5,25,6
5,25,7
5,25,8
5,25,9
5,25,10
5,25,11
5,25,12
5,30,0
5,30,1
5,30,2
5,30,3
5,30,4
5,30,5
5,30,6
5,30,7
5,30,8
5,30,9
5,30,10
5,30,11
5,30,12
5,35,0
5,35,1
5,35,2
5,35,3
5,35,4
5,35,5
5,35,6
5,35,7
5,35,8
5,35,9
5,35,10
5,35,11
5,35,12
5,40,0
5,40,1
5,40,2
5,40,3
5,40,4
5,40,5
5,40,6
5,40,7
5,40,8
5,40,9
5,40,10
5,40,11
5,40,12
5,45,0
5,45,1
5,45,2
5,45,3
5,45,4
5,45,5
5,45,6
5,45,7
5,45,8
5,45,9
5,45,10
5,45,11
5,45,12
5,50,0
5,50,1
5,50,2
5,50,3
5,50,4
5,50,5
5,50,6
5,50,7
5,50,8
5,50,9
5,50,10
5,50,11
5,50,12
5,55,0
5,55,1
5,55,2
5,55,3
5,55,4
5,55,5
5,55,6
5,55,7
5,55,8
5,55,9
5,55,10
5,55,11
5,55,12
5,60,0
5,60,1
5,60,2
5,60,3
5,60,4
5,60,5
5,60,6
5,60,7
5,60,8
5,60,9
5,60,10
5,60,11
5,60,12
5,65,0
5,65,1
5,65,2
5,65,3
5,65,4
5,65,5
5,65,6
5,65,7
5,65,8
5,65,9
5,65,10
5,65,11
5,65,12
5,70,0
5,70,1
5,70,2
5,70,3
5,70,4
5,70,5
5,70,6
5,70,7
5,70,8
5,70,9
5,70,10
5,70,11
5,70,12
5,75,0
5,75,1
5,75,2
5,75,3
5,75,4
5,75,5
5,75,6
5,75,7
5,75,8
5,75,9
5,75,10
5,75,11
5,75,12
5,80,0
5,80,1
5,80,2
5,80,3
5,80,4
5,80,5
5,80,6
5,80,7
5,80,8
5,80,9
5,80,10
5,80,11
5,80,12
5,85,0
5,85,1
5,85,2
5,85,3
5,85,4
5,85,5
5,85,6
5,85,7
5,85,8
5,85,9
5,85,10
5,85,11
5,85,12
5,90,0
5,90,1
5,90,2
5,90,3
5,90,4
5,90,5
5,90,6
5,90,7
5,90,8
5,90,9
5,90,10
5,90,11
5,90,12
5,95,0
5,95,1
5,95,2
5,95,3
5,95,4
5,95,5
5,95,6
5,95,7
5,95,8
5,95,9
5,95,10
5,95,11
5,95,12
5,100,0
5,100,1
5,100,2
5,100,3
5,100,4
5,100,5
5,100,6
5,100,7
5,100,8
5,100,9
5,100,10
5,100,11
5,100,12
6,5,0
6,5,1
6,5,2
6,5,3
6,5,4
6,5,5
6,5,6
6,5,7
6,5,8
6,5,9
6,5,10
6,5,11
6,5,12
6,10,0
6,10,1
6,10,2
6,10,3
6,10,4
6,10,5
6,10,6
6,10,7
6,10,8
6,10,9
6,10,10
6,10,11
6,10,12
6,15,0
6,15,1
6,15,2
6,15,3
6,15,4
6,15,5
6,15,6
6,15,7
6,15,8
6,15,9
6,15,10
6,15,11
6,15,12
6,20,0
6,20,1
6,20,2
6,20,3
6,20,4
6,20,5
6,20,6
6,20,7
6,20,8
6,20,9
6,20,10
6,20,11
6,20,12
6,25,0
6,25,1
6,25,2
6,25,3
6,25,4
6,25,5
6,25,6
6,25,7
6,25,8
6,25,9
6,25,10
6,25,11
6,25,12
6,30,0
6,30,1
6,30,2
6,30,3
6,30,4
6,30,5
6,30,6
6,30,7
6,30,8
6,30,9
6,30,10
6,30,11
6,30,12
6,35,0
6,35,1
6,35,2
6,35,3
6,35,4
6,35,5
6,35,6
6,35,7
6,35,8
6,35,9
6,35,10
6,35,11
6,35,12
6,40,0
6,40,1
6,40,2
6,40,3
6,40,4
6,40,5
6,40,6
6,40,7
6,40,8
6,40,9
6,40,10
6,40,11
6,40,12
6,45,0
6,45,1
6,45,2
6,45,3
6,45,4
6,45,5
6,45,6
6,45,7
6,45,8
6,45,9
6,45,10
6,45,11
6,45,12
6,50,0
6,50,1
6,50,2
6,50,3
6,50,4
6,50,5
6,50,6
6,50,7
6,50,8
6,50,9
6,50,10
6,50,11
6,50,12
6,55,0
6,55,1
6,55,2
6,55,3
6,55,4
6,55,5
6,55,6
6,55,7
6,55,8
6,55,9
6,55,10
6,55,11
6,55,12
6,60,0
6,60,1
6,60,2
6,60,3
6,60,4
6,60,5
6,60,6
6,60,7
6,60,8
6,60,9
6,60,10
6,60,11
6,60,12
6,65,0
6,65,1
6,65,2
6,65,3
6,65,4
6,65,5
6,65,6
6,65,7
6,65,8
6,65,9
6,65,10
6,65,11
6,65,12
6,70,0
6,70,1
6,70,2
6,70,3
6,70,4
6,70,5
6,70,6
6,70,7
6,70,8
6,70,9
6,70,10
6,70,11
6,70,12
6,75,0
6,75,1
6,75,2
6,75,3
6,75,4
6,75,5
6,75,6
6,75,7
6,75,8
6,75,9
6,75,10
6,75,11
6,75,12
6,80,0
6,80,1
6,80,2
6,80,3
6,80,4
6,80,5
6,80,6
6,80,7
6,80,8
6,80,9
6,80,10
6,80,11
6,80,12
6,85,0
6,85,1
6,85,2
6,85,3
6,85,4
6,85,5
6,85,6
6,85,7
6,85,8
6,85,9
6,85,10
6,85,11
6,85,12
6,90,0
6,90,1
6,90,2
6,90,3
6,90,4
6,90,5
6,90,6
6,90,7
6,90,8
6,90,9
6,90,10
6,90,11
6,90,12
6,95,0
6,95,1
6,95,2
6,95,3
6,95,4
6,95,5
6,95,6
6,95,7
6,95,8
6,95,9
6,95,10
6,95,11
6,95,12
6,100,0
6,100,1
6,100,2
6,100,3
6,100,4
6,100,5
6,100,6
6,100,7
6,100,8
6,100,9
6,100,10
6,100,11
6,100,12
7,5,0
7,5,1
7,5,2
7,5,3
7,5,4
7,5,5
7,5,6
7,5,7
7,5,8
7,5,9
7,5,10
7,5,11
7,5,12
7,10,0
7,10,1
7,10,2
7,10,3
7,10,4
7,10,5
7,10,6
7,10,7
7,10,8
7,10,9
7,10,10
7,10,11
7,10,12
7,15,0
7,15,1
7,15,2
7,15,3
7,15,4
7,15,5
7,15,6
7,15,7
7,15,8
7,15,9
7,15,10
7,15,11
7,15,12
7,20,0
7,20,1
7,20,2
7,20,3
7,20,4
7,20,5
7,20,6
7,20,7
7,20,8
7,20,9
7,20,10
7,20,11
7,20,12
7,25,0
7,25,1
7,25,2
7,25,3
7,25,4
7,25,5
7,25,6
7,25,7
7,25,8
7,25,9
7,25,10
7,25,11
7,25,12
7,30,0
7,30,1
7,30,2
7,30,3
7,30,4
7,30,5
7,30,6
7,30,7
7,30,8
7,30,9
7,30,10
7,30,11
7,30,12
7,35,0
7,35,1
7,35,2
7,35,3
7,35,4
7,35,5
7,35,6
7,35,7
7,35,8
7,35,9
7,35,10
7,35,11
7,35,12
7,40,0
7,40,1
7,40,2
7,40,3
7,40,4
7,40,5
7,40,6
7,40,7
7,40,8
7,40,9
7,40,10
7,40,11
7,40,12
7,45,0
7,45,1
7,45,2
7,45,3
7,45,4
7,45,5
7,45,6
7,45,7
7,45,8
7,45,9
7,45,10
7,45,11
7,45,12
7,50,0
7,50,1
7,50,2
7,50,3
7,50,4
7,50,5
7,50,6
7,50,7
7,50,8
7,50,9
7,50,10
7,50,11
7,50,12
7,55,0
7,55,1
7,55,2
7,55,3
7,55,4
7,55,5
7,55,6
7,55,7
7,55,8
7,55,9
7,55,10
7,55,11
7,55,12
7,60,0
7,60,1
7,60,2
7,60,3
7,60,4
7,60,5
7,60,6
7,60,7
7,60,8
7,60,9
7,60,10
7,60,11
7,60,12
7,65,0
7,65,1
7,65,2
7,65,3
7,65,4
7,65,5
7,65,6
7,65,7
7,65,8
7,65,9
7,65,10
7,65,11
7,65,12
7,70,0
7,70,1
7,70,2
7,70,3
7,70,4
7,70,5
7,70,6
7,70,7
7,70,8
7,70,9
7,70,10
7,70,11
7,70,12
7,75,0
7,75,1
7,75,2
7,75,3
7,75,4
7,75,5
7,75,6
7,75,7
7,75,8
7,75,9
7,75,10
7,75,11
7,75,12
7,80,0
7,80,1
7,80,2
7,80,3
7,80,4
7,80,5
7,80,6
7,80,7
7,80,8
7,80,9
7,80,10
7,80,11
7,80,12
7,85,0
7,85,1
7,85,2
7,85,3
7,85,4
7,85,5
7,85,6
7,85,7
7,85,8
7,85,9
7,85,10
7,85,11
7,85,12
7,90,0
7,90,1
7,90,2
7,90,3
7,90,4
7,90,5
7,90,6
7,90,7
7,90,8
7,90,9
7,90,10
7,90,11
7,90,12
7,95,0
7,95,1
7,95,2
7,95,3
7,95,4
7,95,5
7,95,6
7,95,7
7,95,8
7,95,9
7,95,10
7,95,11
7,95,12
7,100,0
7,100,1
7,100,2
7,100,3
7,100,4
7,100,5
7,100,6
7,100,7
7,100,8
7,100,9
7,100,10
7,100,11
7,100,12
8,5,0
8,5,1
8,5,2
8,5,3
8,5,4
8,5,5
8,5,6
8,5,7
8,5,8
8,5,9
8,5,10
8,5,11
8,5,12
8,10,0
8,10,1
8,10,2
8,10,3
8,10,4
8,10,5
8,10,6
8,10,7
8,10,8
8,10,9
8,10,10
8,10,11
8,10,12
8,15,0
8,15,1
8,15,2
8,15,3
8,15,4
8,15,5
8,15,6
8,15,7
8,15,8
8,15,9
8,15,10
8,15,11
8,15,12
8,20,0
8,20,1
8,20,2
8,20,3
8,20,4
8,20,5
8,20,6
8,20,7
8,20,8
8,20,9
8,20,10
8,20,11
8,20,12
8,25,0
8,25,1
8,25,2
8,25,3
8,25,4
8,25,5
8,25,6
8,25,7
8,25,8
8,25,9
8,25,10
8,25,11
8,25,12
8,30,0
8,30,1
8,30,2
8,30,3
8,30,4
8,30,5
8,30,6
8,30,7
8,30,8
8,30,9
8,30,10
8,30,11
8,30,12
8,35,0
8,35,1
8,35,2
8,35,3
8,35,4
8,35,5
8,35,6
8,35,7
8,35,8
8,35,9
8,35,10
8,35,11
8,35,12
8,40,0
8,40,1
8,40,2
8,40,3
8,40,4
8,40,5
8,40,6
8,40,7
8,40,8
8,40,9
8,40,10
8,40,11
8,40,12
8,45,0
8,45,1
8,45,2
8,45,3
8,45,4
8,45,5
8,45,6
8,45,7
8,45,8
8,45,9
8,45,10
8,45,11
8,45,12
8,50,0
8,50,1
8,50,2
8,50,3
8,50,4
8,50,5
8,50,6
8,50,7
8,50,8
8,50,9
8,50,10
8,50,11
8,50,12
8,55,0
8,55,1
8,55,2
8,55,3
8,55,4
8,55,5
8,55,6
8,55,7
8,55,8
8,55,9
8,55,10
8,55,11
8,55,12
8,60,0
8,60,1
8,60,2
8,60,3
8,60,4
8,60,5
8,60,6
8,60,7
8,60,8
8,60,9
8,60,10
8,60,11
8,60,12
8,65,0
8,65,1
8,65,2
8,65,3
8,65,4
8,65,5
8,65,6
8,65,7
8,65,8
8,65,9
8,65,10
8,65,11
8,65,12
8,70,0
8,70,1
8,70,2
8,70,3
8,70,4
8,70,5
8,70,6
8,70,7
8,70,8
8,70,9
8,70,10
8,70,11
8,70,12
8,75,0
8,75,1
8,75,2
8,75,3
8,75,4
8,75,5
8,75,6
8,75,7
8,75,8
8,75,9
8,75,10
8,75,11
8,75,12
8,80,0
8,80,1
8,80,2
8,80,3
8,80,4
8,80,5
8,80,6
8,80,7
8,80,8
8,80,9
8,80,10
8,80,11
8,80,12
8,85,0
8,85,1
8,85,2
8,85,3
8,85,4
8,85,5
8,85,6
8,85,7
8,85,8
8,85,9
8,85,10
8,85,11
8,85,12
8,90,0
8,90,1
8,90,2
8,90,3
8,90,4
8,90,5
8,90,6
8,90,7
8,90,8
8,90,9
8,90,10
8,90,11
8,90,12
8,95,0
8,95,1
8,95,2
8,95,3
8,95,4
8,95,5
8,95,6
8,95,7
8,95,8
8,95,9
8,95,10
8,95,11
8,95,12
8,100,0
8,100,1
8,100,2
8,100,3
8,100,4
8,100,5
8,100,6
8,100,7
8,100,8
8,100,9
8,100,10
8,100,11
8,100,12
9,5,0
9,5,1
9,5,2
9,5,3
9,5,4
9,5,5
9,5,6
9,5,7
9,5,8
9,5,9
9,5,10
9,5,11
9,5,12
9,10,0
9,10,1
9,10,2
9,10,3
9,10,4
9,10,5
9,10,6
9,10,7
9,10,8
9,10,9
9,10,10
9,10,11
9,10,12
9,15,0
9,15,1
9,15,2
9,15,3
9,15,4
9,15,5
9,15,6
9,15,7
9,15,8
9,15,9
9,15,10
9,15,11
9,15,12
9,20,0
9,20,1
9,20,2
9,20,3
9,20,4
9,20,5
9,20,6
9,20,7
9,20,8
9,20,9
9,20,10
9,20,11
9,20,12
9,25,0
9,25,1
9,25,2
9,25,3
9,25,4
9,25,5
9,25,6
9,25,7
9,25,8
9,25,9
9,25,10
9,25,11
9,25,12
9,30,0
9,30,1
9,30,2
9,30,3
9,30,4
9,30,5
9,30,6
9,30,7
9,30,8
9,30,9
9,30,10
9,30,11
9,30,12
9,35,0
9,35,1
9,35,2
9,35,3
9,35,4
9,35,5
9,35,6
9,35,7
9,35,8
9,35,9
9,35,10
9,35,11
9,35,12
9,40,0
9,40,1
9,40,2
9,40,3
9,40,4
9,40,5
9,40,6
9,40,7
9,40,8
9,40,9
9,40,10
9,40,11
9,40,12
9,45,0
9,45,1
9,45,2
9,45,3
9,45,4
9,45,5
9,45,6
9,45,7
9,45,8
9,45,9
9,45,10
9,45,11
9,45,12
9,50,0
9,50,1
9,50,2
9,50,3
9,50,4
9,50,5
9,50,6
9,50,7
9,50,8
9,50,9
9,50,10
9,50,11
9,50,12
9,55,0
9,55,1
9,55,2
9,55,3
9,55,4
9,55,5
9,55,6
9,55,7
9,55,8
9,55,9
9,55,10
9,55,11
9,55,12
9,60,0
9,60,1
9,60,2
9,60,3
9,60,4
9,60,5
9,60,6
9,60,7
9,60,8
9,60,9
9,60,10
9,60,11
9,60,12
9,65,0
9,65,1
9,65,2
9,65,3
9,65,4
9,65,5
9,65,6
9,65,7
9,65,8
9,65,9
9,65,10
9,65,11
9,65,12
9,70,0
9,70,1
9,70,2
9,70,3
9,70,4
9,70,5
9,70,6
9,70,7
9,70,8
9,70,9
9,70,10
9,70,11
9,70,12
9,75,0
9,75,1
9,75,2
9,75,3
9,75,4
9,75,5
9,75,6
9,75,7
9,75,8
9,75,9
9,75,10
9,75,11
9,75,12
9,80,0
9,80,1
9,80,2
9,80,3
9,80,4
9,80,5
9,80,6
9,80,7
9,80,8
9,80,9
9,80,10
9,80,11
9,80,12
9,85,0
9,85,1
9,85,2
9,85,3
9,85,4
9,85,5
9,85,6
9,85,7
9,85,8
9,85,9
9,85,10
9,85,11
9,85,12
9,90,0
9,90,1
9,90,2
9,90,3
9,90,4
9,90,5
9,90,6
9,90,7
9,90,8
9,90,9
9,90,10
9,90,11
9,90,12
9,95,0
9,95,1
9,95,2
9,95,3
9,95,4
9,95,5
9,95,6
9,95,7
9,95,8
9,95,9
9,95,10
9,95,11
9,95,12
9,100,0
9,100,1
9,100,2
9,100,3
9,100,4
9,100,5
9,100,6
9,100,7
9,100,8
9,100,9
9,100,10
9,100,11
9,100,12
10,5,0
10,5,1
10,5,2
10,5,3
10,5,4
10,5,5
10,5,6
10,5,7
10,5,8
10,5,9
10,5,10
10,5,11
10,5,12
10,10,0
10,10,1
10,10,2
10,10,3
10,10,4
10,10,5
10,10,6
10,10,7
10,10,8
10,10,9
10,10,10
10,10,11
10,10,12
10,15,0
10,15,1
10,15,2
10,15,3
10,15,4
10,15,5
10,15,6
10,15,7
10,15,8
10,15,9
10,15,10
10,15,11
10,15,12
10,20,0
10,20,1
10,20,2
10,20,3
10,20,4
10,20,5
10,20,6
10,20,7
10,20,8
10,20,9
10,20,10
10,20,11
10,20,12
10,25,0
10,25,1
10,25,2
10,25,3
10,25,4
10,25,5
10,25,6
10,25,7
10,25,8
10,25,9
10,25,10
10,25,11
10,25,12
10,30,0
10,30,1
10,30,2
10,30,3
10,30,4
10,30,5
10,30,6
10,30,7
10,30,8
10,30,9
10,30,10
10,30,11
10,30,12
10,35,0
10,35,1
10,35,2
10,35,3
10,35,4
10,35,5
10,35,6
10,35,7
10,35,8
10,35,9
10,35,10
10,35,11
10,35,12
10,40,0
10,40,1
10,40,2
10,40,3
10,40,4
10,40,5
10,40,6
10,40,7
10,40,8
10,40,9
10,40,10
10,40,11
10,40,12
10,45,0
10,45,1
10,45,2
10,45,3
10,45,4
10,45,5
10,45,6
10,45,7
10,45,8
10,45,9
10,45,10
10,45,11
10,45,12
10,50,0
10,50,1
10,50,2
10,50,3
10,50,4
10,50,5
10,50,6
10,50,7
10,50,8
10,50,9
10,50,10
10,50,11
10,50,12
10,55,0
10,55,1
10,55,2
10,55,3
10,55,4
10,55,5
10,55,6
10,55,7
10,55,8
10,55,9
10,55,10
10,55,11
10,55,12
10,60,0
10,60,1
10,60,2
10,60,3
10,60,4
10,60,5
10,60,6
10,60,7
10,60,8
10,60,9
10,60,10
10,60,11
10,60,12
10,65,0
10,65,1
10,65,2
10,65,3
10,65,4
10,65,5
10,65,6
10,65,7
10,65,8
10,65,9
10,65,10
10,65,11
10,65,12
10,70,0
10,70,1
10,70,2
10,70,3
10,70,4
10,70,5
10,70,6
10,70,7
10,70,8
10,70,9
10,70,10
10,70,11
10,70,12
10,75,0
10,75,1
10,75,2
10,75,3
10,75,4
10,75,5
10,75,6
10,75,7
10,75,8
10,75,9
10,75,10
10,75,11
10,75,12
10,80,0
10,80,1
10,80,2
10,80,3
10,80,4
10,80,5
10,80,6
10,80,7
10,80,8
10,80,9
10,80,10
10,80,11
10,80,12
10,85,0
10,85,1
10,85,2
10,85,3
10,85,4
10,85,5
10,85,6
10,85,7
10,85,8
10,85,9
10,85,10
10,85,11
10,85,12
10,90,0
10,90,1
10,90,2
10,90,3
10,90,4
10,90,5
10,90,6
10,90,7
10,90,8
10,90,9
10,90,10
10,90,11
10,90,12
10,95,0
10,95,1
10,95,2
10,95,3
10,95,4
10,95,5
10,95,6
10,95,7
10,95,8
10,95,9
10,95,10
10,95,11
10,95,12
10,100,0
10,100,1
10,100,2
10,100,3
10,100,4
10,100,5
10,100,6
10,100,7
10,100,8
10,100,9
10,100,10
10,100,11
10,100,12
11,5,0
11,5,1
11,5,2
11,5,3
11,5,4
11,5,5
11,5,6
11,5,7
11,5,8
11,5,9
11,5,10
11,5,11
11,5,12
11,10,0
11,10,1
11,10,2
11,10,3
11,10,4
11,10,5
11,10,6
11,10,7
11,10,8
11,10,9
11,10,10
11,10,11
11,10,12
11,15,0
11,15,1
11,15,2
11,15,3
11,15,4
11,15,5
11,15,6
11,15,7
11,15,8
11,15,9
11,15,10
11,15,11
11,15,12
11,20,0
11,20,1
11,20,2
11,20,3
11,20,4
11,20,5
11,20,6
11,20,7
11,20,8
11,20,9
11,20,10
11,20,11
11,20,12
11,25,0
11,25,1
11,25,2
11,25,3
11,25,4
11,25,5
11,25,6
11,25,7
11,25,8
11,25,9
11,25,10
11,25,11
11,25,12
11,30,0
11,30,1
11,30,2
11,30,3
11,30,4
11,30,5
11,30,6
11,30,7
11,30,8
11,30,9
11,30,10
11,30,11
11,30,12
11,35,0
11,35,1
11,35,2
11,35,3
11,35,4
11,35,5
11,35,6
11,35,7
11,35,8
11,35,9
11,35,10
11,35,11
11,35,12
11,40,0
11,40,1
11,40,2
11,40,3
11,40,4
11,40,5
11,40,6
11,40,7
11,40,8
11,40,9
11,40,10
11,40,11
11,40,12
11,45,0
11,45,1
11,45,2
11,45,3
11,45,4
11,45,5
11,45,6
11,45,7
11,45,8
11,45,9
11,45,10
11,45,11
11,45,12
11,50,0
11,50,1
11,50,2
11,50,3
11,50,4
11,50,5
11,50,6
11,50,7
11,50,8
11,50,9
11,50,10
11,50,11
11,50,12
11,55,0
11,55,1
11,55,2
11,55,3
11,55,4
11,55,5
11,55,6
11,55,7
11,55,8
11,55,9
11,55,10
11,55,11
11,55,12
11,60,0
11,60,1
11,60,2
11,60,3
11,60,4
11,60,5
11,60,6
11,60,7
11,60,8
11,60,9
11,60,10
11,60,11
11,60,12
11,65,0
11,65,1
11,65,2
11,65,3
11,65,4
11,65,5
11,65,6
11,65,7
11,65,8
11,65,9
11,65,10
11,65,11
11,65,12
11,70,0
11,70,1
11,70,2
11,70,3
11,70,4
11,70,5
11,70,6
11,70,7
11,70,8
11,70,9
11,70,10
11,70,11
11,70,12
11,75,0
11,75,1
11,75,2
11,75,3
11,75,4
11,75,5
11,75,6
11,75,7
11,75,8
11,75,9
11,75,10
11,75,11
11,75,12
11,80,0
11,80,1
11,80,2
11,80,3
11,80,4
11,80,5
11,80,6
11,80,7
11,80,8
11,80,9
11,80,10
11,80,11
11,80,12
11,85,0
11,85,1
11,85,2
11,85,3
11,85,4
11,85,5
11,85,6
11,85,7
11,85,8
11,85,9
11,85,10
11,85,11
11,85,12
11,90,0
11,90,1
11,90,2
11,90,3
11,90,4
11,90,5
11,90,6
11,90,7
11,90,8
11,90,9
11,90,10
11,90,11
11,90,12
11,95,0
11,95,1
11,95,2
11,95,3
11,95,4
11,95,5
11,95,6
11,95,7
11,95,8
11,95,9
11,95,10
11,95,11
11,95,12
11,100,0
11,100,1
11,100,2
11,100,3
11,100,4
11,100,5
11,100,6
11,100,7
11,100,8
11,100,9
11,100,10
11,100,11
11,100,12
12,5,0
12,5,1
12,5,2
12,5,3
12,5,4
12,5,5
12,5,6
12,5,7
12,5,8
12,5,9
12,5,10
12,5,11
12,5,12
12,10,0
12,10,1
12,10,2
12,10,3
12,10,4
12,10,5
12,10,6
12,10,7
12,10,8
12,10,9
12,10,10
12,10,11
12,10,12
12,15,0
12,15,1
12,15,2
12,15,3
12,15,4
12,15,5
12,15,6
12,15,7
12,15,8
12,15,9
12,15,10
12,15,11
12,15,12
12,20,0
12,20,1
12,20,2
12,20,3
12,20,4
12,20,5
12,20,6
12,20,7
12,20,8
12,20,9
12,20,10
12,20,11
12,20,12
12,25,0
12,25,1
12,25,2
12,25,3
12,25,4
12,25,5
12,25,6
12,25,7
12,25,8
12,25,9
12,25,10
12,25,11
12,25,12
12,30,0
12,30,1
12,30,2
12,30,3
12,30,4
12,30,5
12,30,6
12,30,7
12,30,8
12,30,9
12,30,10
12,30,11
12,30,12
12,35,0
12,35,1
12,35,2
12,35,3
12,35,4
12,35,5
12,35,6
12,35,7
12,35,8
12,35,9
12,35,10
12,35,11
12,35,12
12,40,0
12,40,1
12,40,2
12,40,3
12,40,4
12,40,5
12,40,6
12,40,7
12,40,8
12,40,9
12,40,10
12,40,11
12,40,12
12,45,0
12,45,1
12,45,2
12,45,3
12,45,4
12,45,5
12,45,6
12,45,7
12,45,8
12,45,9
12,45,10
12,45,11
12,45,12
12,50,0
12,50,1
12,50,2
12,50,3
12,50,4
12,50,5
12,50,6
12,50,7
12,50,8
12,50,9
12,50,10
12,50,11
12,50,12
12,55,0
12,55,1
12,55,2
12,55,3
12,55,4
12,55,5
12,55,6
12,55,7
12,55,8
12,55,9
12,55,10
12,55,11
12,55,12
12,60,0
12,60,1
12,60,2
12,60,3
12,60,4
12,60,5
12,60,6
12,60,7
12,60,8
12,60,9
12,60,10
12,60,11
12,60,12
12,65,0
12,65,1
12,65,2
12,65,3
12,65,4
12,65,5
12,65,6
12,65,7
12,65,8
12,65,9
12,65,10
12,65,11
12,65,12
12,70,0
12,70,1
12,70,2
12,70,3
12,70,4
12,70,5
12,70,6
12,70,7
12,70,8
12,70,9
12,70,10
12,70,11
12,70,12
12,75,0
12,75,1
12,75,2
12,75,3
12,75,4
12,75,5
12,75,6
12,75,7
12,75,8
12,75,9
12,75,10
12,75,11
12,75,12
12,80,0
12,80,1
12,80,2
12,80,3
12,80,4
12,80,5
12,80,6
12,80,7
12,80,8
12,80,9
12,80,10
12,80,11
12,80,12
12,85,0
12,85,1
12,85,2
12,85,3
12,85,4
12,85,5
12,85,6
12,85,7
12,85,8
12,85,9
12,85,10
12,85,11
12,85,12
12,90,0
12,90,1
12,90,2
12,90,3
12,90,4
12,90,5
12,90,6
12,90,7
12,90,8
12,90,9
12,90,10
12,90,11
12,90,12
12,95,0
12,95,1
12,95,2
12,95,3
12,95,4
12,95,5
12,95,6
12,95,7
12,95,8
12,95,9
12,95,10
12,95,11
12,95,12
12,100,0
12,100,1
12,100,2
12,100,3
12,100,4
12,100,5
12,100,6
12,100,7
12,100,8
12,100,9
12,100,10
12,100,11
12,100,12
13,5,0
13,5,1
13,5,2
13,5,3
13,5,4
13,5,5
13,5,6
13,5,7
13,5,8
13,5,9
13,5,10
13,5,11
13,5,12
13,10,0
13,10,1
13,10,2
13,10,3
13,10,4
13,10,5
13,10,6
13,10,7
13,10,8
13,10,9
13,10,10
13,10,11
13,10,12
13,15,0
13,15,1
13,15,2
13,15,3
13,15,4
13,15,5
13,15,6
13,15,7
13,15,8
13,15,9
13,15,10
13,15,11
13,15,12
13,20,0
13,20,1
13,20,2
13,20,3
13,20,4
13,20,5
13,20,6
13,20,7
13,20,8
13,20,9
13,20,10
13,20,11
13,20,12
13,25,0
13,25,1
13,25,2
13,25,3
13,25,4
13,25,5
13,25,6
13,25,7
13,25,8
13,25,9
13,25,10
13,25,11
13,25,12
13,30,0
13,30,1
13,30,2
13,30,3
13,30,4
13,30,5
13,30,6
13,30,7
13,30,8
13,30,9
13,30,10
13,30,11
13,30,12
13,35,0
13,35,1
13,35,2
13,35,3
13,35,4
13,35,5
13,35,6
13,35,7
13,35,8
13,35,9
13,35,10
13,35,11
13,35,12
13,40,0
13,40,1
13,40,2
13,40,3
13,40,4
13,40,5
13,40,6
13,40,7
13,40,8
13,40,9
13,40,10
13,40,11
13,40,12
13,45,0
13,45,1
13,45,2
13,45,3
13,45,4
13,45,5
13,45,6
13,45,7
13,45,8
13,45,9
13,45,10
13,45,11
13,45,12
13,50,0
13,50,1
13,50,2
13,50,3
13,50,4
13,50,5
13,50,6
13,50,7
13,50,8
13,50,9
13,50,10
13,50,11
13,50,12
13,55,0
13,55,1
13,55,2
13,55,3
13,55,4
13,55,5
13,55,6
13,55,7
13,55,8
13,55,9
13,55,10
13,55,11
13,55,12
13,60,0
13,60,1
13,60,2
13,60,3
13,60,4
13,60,5
13,60,6
13,60,7
13,60,8
13,60,9
13,60,10
13,60,11
13,60,12
13,65,0
13,65,1
13,65,2
13,65,3
13,65,4
13,65,5
13,65,6
13,65,7
13,65,8
13,65,9
13,65,10
13,65,11
13,65,12
13,70,0
13,70,1
13,70,2
13,70,3
13,70,4
13,70,5
13,70,6
13,70,7
13,70,8
13,70,9
13,70,10
13,70,11
13,70,12
13,75,0
13,75,1
13,75,2
13,75,3
13,75,4
13,75,5
13,75,6
13,75,7
13,75,8
13,75,9
13,75,10
13,75,11
13,75,12
13,80,0
13,80,1
13,80,2
13,80,3
13,80,4
13,80,5
13,80,6
13,80,7
13,80,8
13,80,9
13,80,10
13,80,11
13,80,12
13,85,0
13,85,1
13,85,2
13,85,3
13,85,4
13,85,5
13,85,6
13,85,7
13,85,8
13,85,9
13,85,10
13,85,11
13,85,12
13,90,0
13,90,1
13,90,2
13,90,3
13,90,4
13,90,5
13,90,6
13,90,7
13,90,8
13,90,9
13,90,10
13,90,11
13,90,12
13,95,0
13,95,1
13,95,2
13,95,3
13,95,4
13,95,5
13,95,6
13,95,7
13,95,8
13,95,9
13,95,10
13,95,11
13,95,12
13,100,0
13,100,1
13,100,2
13,100,3
13,100,4
13,100,5
13,100,6
13,100,7
13,100,8
13,100,9
13,100,10
13,100,11
13,100,12
14,5,0
14,5,1
14,5,2
14,5,3
14,5,4
14,5,5
14,5,6
14,5,7
14,5,8
14,5,9
14,5,10
14,5,11
14,5,12
14,10,0
14,10,1
14,10,2
14,10,3
14,10,4
14,10,5
14,10,6
14,10,7
14,10,8
14,10,9
14,10,10
14,10,11
14,10,12
14,15,0
14,15,1
14,15,2
14,15,3
14,15,4
14,15,5
14,15,6
14,15,7
14,15,8
14,15,9
14,15,10
14,15,11
14,15,12
14,20,0
14,20,1
14,20,2
14,20,3
14,20,4
14,20,5
14,20,6
14,20,7
14,20,8
14,20,9
14,20,10
14,20,11
14,20,12
14,25,0
14,25,1
14,25,2
14,25,3
14,25,4
14,25,5
14,25,6
14,25,7
14,25,8
14,25,9
14,25,10
14,25,11
14,25,12
14,30,0
14,30,1
14,30,2
14,30,3
14,30,4
14,30,5
14,30,6
14,30,7
14,30,8
14,30,9
14,30,10
14,30,11
14,30,12
14,35,0
14,35,1
14,35,2
14,35,3
14,35,4
14,35,5
14,35,6
14,35,7
14,35,8
14,35,9
14,35,10
14,35,11
14,35,12
14,40,0
14,40,1
14,40,2
14,40,3
14,40,4
14,40,5
14,40,6
14,40,7
14,40,8
14,40,9
14,40,10
14,40,11
14,40,12
14,45,0
14,45,1
14,45,2
14,45,3
14,45,4
14,45,5
14,45,6
14,45,7
14,45,8
14,45,9
14,45,10
14,45,11
14,45,12
14,50,0
14,50,1
14,50,2
14,50,3
14,50,4
14,50,5
14,50,6
14,50,7
14,50,8
14,50,9
14,50,10
14,50,11
14,50,12
14,55,0
14,55,1
14,55,2
14,55,3
14,55,4
14,55,5
14,55,6
14,55,7
14,55,8
14,55,9
14,55,10
14,55,11
14,55,12
14,60,0
14,60,1
14,60,2
14,60,3
14,60,4
14,60,5
14,60,6
14,60,7
14,60,8
14,60,9
14,60,10
14,60,11
14,60,12
14,65,0
14,65,1
14,65,2
14,65,3
14,65,4
14,65,5
14,65,6
14,65,7
14,65,8
14,65,9
14,65,10
14,65,11
14,65,12
14,70,0
14,70,1
14,70,2
14,70,3
14,70,4
14,70,5
14,70,6
14,70,7
14,70,8
14,70,9
14,70,10
14,70,11
14,70,12
14,75,0
14,75,1
14,75,2
14,75,3
14,75,4
14,75,5
14,75,6
14,75,7
14,75,8
14,75,9
14,75,10
14,75,11
14,75,12
14,80,0
14,80,1
14,80,2
14,80,3
14,80,4
14,80,5
14,80,6
14,80,7
14,80,8
14,80,9
14,80,10
14,80,11
14,80,12
14,85,0
14,85,1
14,85,2
14,85,3
14,85,4
14,85,5
14,85,6
14,85,7
14,85,8
14,85,9
14,85,10
14,85,11
14,85,12
14,90,0
14,90,1
14,90,2
14,90,3
14,90,4
14,90,5
14,90,6
14,90,7
14,90,8
14,90,9
14,90,10
14,90,11
14,90,12
14,95,0
14,95,1
14,95,2
14,95,3
14,95,4
14,95,5
14,95,6
14,95,7
14,95,8
14,95,9
14,95,10
14,95,11
14,95,12
14,100,0
14,100,1
14,100,2
14,100,3
14,100,4
14,100,5
14,100,6
14,100,7
14,100,8
14,100,9
14,100,10
14,100,11
14,100,12
15,5,0
15,5,1
15,5,2
15,5,3
15,5,4
15,5,5
15,5,6
15,5,7
15,5,8
15,5,9
15,5,10
15,5,11
15,5,12
15,10,0
15,10,1
15,10,2
15,10,3
15,10,4
15,10,5
15,10,6
15,10,7
15,10,8
15,10,9
15,10,10
15,10,11
15,10,12
15,15,0
15,15,1
15,15,2
15,15,3
15,15,4
15,15,5
15,15,6
15,15,7
15,15,8
15,15,9
15,15,10
15,15,11
15,15,12
15,20,0
15,20,1
15,20,2
15,20,3
15,20,4
15,20,5
15,20,6
15,20,7
15,20,8
15,20,9
15,20,10
15,20,11
15,20,12
15,25,0
15,25,1
15,25,2
15,25,3
15,25,4
15,25,5
15,25,6
15,25,7
15,25,8
15,25,9
15,25,10
15,25,11
15,25,12
15,30,0
15,30,1
15,30,2
15,30,3
15,30,4
15,30,5
15,30,6
15,30,7
15,30,8
15,30,9
15,30,10
15,30,11
15,30,12
15,35,0
15,35,1
15,35,2
15,35,3
15,35,4
15,35,5
15,35,6
15,35,7
15,35,8
15,35,9
15,35,10
15,35,11
15,35,12
15,40,0
15,40,1
15,40,2
15,40,3
15,40,4
15,40,5
15,40,6
15,40,7
15,40,8
15,40,9
15,40,10
15,40,11
15,40,12
15,45,0
15,45,1
15,45,2
15,45,3
15,45,4
15,45,5
15,45,6
15,45,7
15,45,8
15,45,9
15,45,10
15,45,11
15,45,12
15,50,0
15,50,1
15,50,2
15,50,3
15,50,4
15,50,5
15,50,6
15,50,7
15,50,8
15,50,9
15,50,10
15,50,11
15,50,12
15,55,0
15,55,1
15,55,2
15,55,3
15,55,4
15,55,5
15,55,6
15,55,7
15,55,8
15,55,9
15,55,10
15,55,11
15,55,12
15,60,0
15,60,1
15,60,2
15,60,3
15,60,4
15,60,5
15,60,6
15,60,7
15,60,8
15,60,9
15,60,10
15,60,11
15,60,12
15,65,0
15,65,1
15,65,2
15,65,3
15,65,4
15,65,5
15,65,6
15,65,7
15,65,8
15,65,9
15,65,10
15,65,11
15,65,12
15,70,0
15,70,1
15,70,2
15,70,3
15,70,4
15,70,5
15,70,6
15,70,7
15,70,8
15,70,9
15,70,10
15,70,11
15,70,12
15,75,0
15,75,1
15,75,2
15,75,3
15,75,4
15,75,5
15,75,6
15,75,7
15,75,8
15,75,9
15,75,10
15,75,11
15,75,12
15,80,0
15,80,1
15,80,2
15,80,3
15,80,4
15,80,5
15,80,6
15,80,7
15,80,8
15,80,9
15,80,10
15,80,11
15,80,12
15,85,0
15,85,1
15,85,2
15,85,3
15,85,4
15,85,5
15,85,6
15,85,7
15,85,8
15,85,9
15,85,10
15,85,11
15,85,12
15,90,0
15,90,1
15,90,2
15,90,3
15,90,4
15,90,5
15,90,6
15,90,7
15,90,8
15,90,9
15,90,10
15,90,11
15,90,12
15,95,0
15,95,1
15,95,2
15,95,3
15,95,4
15,95,5
15,95,6
15,95,7
15,95,8
15,95,9
15,95,10
15,95,11
15,95,12
15,100,0
15,100,1
15,100,2
15,100,3
15,100,4
15,100,5
15,100,6
15,100,7
15,100,8
15,100,9
15,100,10
15,100,11
15,100,12
16,5,0
16,5,1
16,5,2
16,5,3
16,5,4
16,5,5
16,5,6
16,5,7
16,5,8
16,5,9
16,5,10
16,5,11
16,5,12
16,10,0
16,10,1
16,10,2
16,10,3
16,10,4
16,10,5
16,10,6
16,10,7
16,10,8
16,10,9
16,10,10
16,10,11
16,10,12
16,15,0
16,15,1
16,15,2
16,15,3
16,15,4
16,15,5
16,15,6
16,15,7
16,15,8
16,15,9
16,15,10
16,15,11
16,15,12
16,20,0
16,20,1
16,20,2
16,20,3
16,20,4
16,20,5
16,20,6
16,20,7
16,20,8
16,20,9
16,20,10
16,20,11
16,20,12
16,25,0
16,25,1
16,25,2
16,25,3
16,25,4
16,25,5
16,25,6
16,25,7
16,25,8
16,25,9
16,25,10
16,25,11
16,25,12
16,30,0
16,30,1
16,30,2
16,30,3
16,30,4
16,30,5
16,30,6
16,30,7
16,30,8
16,30,9
16,30,10
16,30,11
16,30,12
16,35,0
16,35,1
16,35,2
16,35,3
16,35,4
16,35,5
16,35,6
16,35,7
16,35,8
16,35,9
16,35,10
16,35,11
16,35,12
16,40,0
16,40,1
16,40,2
16,40,3
16,40,4
16,40,5
16,40,6
16,40,7
16,40,8
16,40,9
16,40,10
16,40,11
16,40,12
16,45,0
16,45,1
16,45,2
16,45,3
16,45,4
16,45,5
16,45,6
16,45,7
16,45,8
16,45,9
16,45,10
16,45,11
16,45,12
16,50,0
16,50,1
16,50,2
16,50,3
16,50,4
16,50,5
16,50,6
16,50,7
16,50,8
16,50,9
16,50,10
16,50,11
16,50,12
16,55,0
16,55,1
16,55,2
16,55,3
16,55,4
16,55,5
16,55,6
16,55,7
16,55,8
16,55,9
16,55,10
16,55,11
16,55,12
16,60,0
16,60,1
16,60,2
16,60,3
16,60,4
16,60,5
16,60,6
16,60,7
16,60,8
16,60,9
16,60,10
16,60,11
16,60,12
16,65,0
16,65,1
16,65,2
16,65,3
16,65,4
16,65,5
16,65,6
16,65,7
16,65,8
16,65,9
16,65,10
16,65,11
16,65,12
16,70,0
16,70,1
16,70,2
16,70,3
16,70,4
16,70,5
16,70,6
16,70,7
16,70,8
16,70,9
16,70,10
16,70,11
16,70,12
16,75,0
16,75,1
16,75,2
16,75,3
16,75,4
16,75,5
16,75,6
16,75,7
16,75,8
16,75,9
16,75,10
16,75,11
16,75,12
16,80,0
16,80,1
16,80,2
16,80,3
16,80,4
16,80,5
16,80,6
16,80,7
16,80,8
16,80,9
16,80,10
16,80,11
16,80,12
16,85,0
16,85,1
16,85,2
16,85,3
16,85,4
16,85,5
16,85,6
16,85,7
16,85,8
16,85,9
16,85,10
16,85,11
16,85,12
16,90,0
16,90,1
16,90,2
16,90,3
16,90,4
16,90,5
16,90,6
16,90,7
16,90,8
16,90,9
16,90,10
16,90,11
16,90,12
16,95,0
16,95,1
16,95,2
16,95,3
16,95,4
16,95,5
16,95,6
16,95,7
16,95,8
16,95,9
16,95,10
16,95,11
16,95,12
16,100,0
16,100,1
16,100,2
16,100,3
16,100,4
16,100,5
16,100,6
16,100,7
16,100,8
16,100,9
16,100,10
16,100,11
16,100,12
17,5,0
17,5,1
17,5,2
17,5,3
17,5,4
17,5,5
17,5,6
17,5,7
17,5,8
17,5,9
17,5,10
17,5,11
17,5,12
17,10,0
17,10,1
17,10,2
17,10,3
17,10,4
17,10,5
17,10,6
17,10,7
17,10,8
17,10,9
17,10,10
17,10,11
17,10,12
17,15,0
17,15,1
17,15,2
17,15,3
17,15,4
17,15,5
17,15,6
17,15,7
17,15,8
17,15,9
17,15,10
17,15,11
17,15,12
17,20,0
17,20,1
17,20,2
17,20,3
17,20,4
17,20,5
17,20,6
17,20,7
17,20,8
17,20,9
17,20,10
17,20,11
17,20,12
17,25,0
17,25,1
17,25,2
17,25,3
17,25,4
17,25,5
17,25,6
17,25,7
17,25,8
17,25,9
17,25,10
17,25,11
17,25,12
17,30,0
17,30,1
17,30,2
17,30,3
17,30,4
17,30,5
17,30,6
17,30,7
17,30,8
17,30,9
17,30,10
17,30,11
17,30,12
17,35,0
17,35,1
17,35,2
17,35,3
17,35,4
17,35,5
17,35,6
17,35,7
17,35,8
17,35,9
17,35,10
17,35,11
17,35,12
17,40,0
17,40,1
17,40,2
17,40,3
17,40,4
17,40,5
17,40,6
17,40,7
17,40,8
17,40,9
17,40,10
17,40,11
17,40,12
17,45,0
17,45,1
17,45,2
17,45,3
17,45,4
17,45,5
17,45,6
17,45,7
17,45,8
17,45,9
17,45,10
17,45,11
17,45,12
17,50,0
17,50,1
17,50,2
17,50,3
17,50,4
17,50,5
17,50,6
17,50,7
17,50,8
17,50,9
17,50,10
17,50,11
17,50,12
17,55,0
17,55,1
17,55,2
17,55,3
17,55,4
17,55,5
17,55,6
17,55,7
17,55,8
17,55,9
17,55,10
17,55,11
17,55,12
17,60,0
17,60,1
17,60,2
17,60,3
17,60,4
17,60,5
17,60,6
17,60,7
17,60,8
17,60,9
17,60,10
17,60,11
17,60,12
17,65,0
17,65,1
17,65,2
17,65,3
17,65,4
17,65,5
17,65,6
17,65,7
17,65,8
17,65,9
17,65,10
17,65,11
17,65,12
17,70,0
17,70,1
17,70,2
17,70,3
17,70,4
17,70,5
17,70,6
17,70,7
17,70,8
17,70,9
17,70,10
17,70,11
17,70,12
17,75,0
17,75,1
17,75,2
17,75,3
17,75,4
17,75,5
17,75,6
17,75,7
17,75,8
17,75,9
17,75,10
17,75,11
17,75,12
17,80,0
17,80,1
17,80,2
17,80,3
17,80,4
17,80,5
17,80,6
17,80,7
17,80,8
17,80,9
17,80,10
17,80,11
17,80,12
17,85,0
17,85,1
17,85,2
17,85,3
17,85,4
17,85,5
17,85,6
17,85,7
17,85,8
17,85,9
17,85,10
17,85,11
17,85,12
17,90,0
17,90,1
17,90,2
17,90,3
17,90,4
17,90,5
17,90,6
17,90,7
17,90,8
17,90,9
17,90,10
17,90,11
17,90,12
17,95,0
17,95,1
17,95,2
17,95,3
17,95,4
17,95,5
17,95,6
17,95,7
17,95,8
17,95,9
17,95,10
17,95,11
17,95,12
17,100,0
17,100,1
17,100,2
17,100,3
17,100,4
17,100,5
17,100,6
17,100,7
17,100,8
17,100,9
17,100,10
17,100,11
17,100,12
18,5,0
18,5,1
18,5,2
18,5,3
18,5,4
18,5,5
18,5,6
18,5,7
18,5,8
18,5,9
18,5,10
18,5,11
18,5,12
18,10,0
18,10,1
18,10,2
18,10,3
18,10,4
18,10,5
18,10,6
18,10,7
18,10,8
18,10,9
18,10,10
18,10,11
18,10,12
18,15,0
18,15,1
18,15,2
18,15,3
18,15,4
18,15,5
18,15,6
18,15,7
18,15,8
18,15,9
18,15,10
18,15,11
18,15,12
18,20,0
18,20,1
18,20,2
18,20,3
18,20,4
18,20,5
18,20,6
18,20,7
18,20,8
18,20,9
18,20,10
18,20,11
18,20,12
18,25,0
18,25,1
18,25,2
18,25,3
18,25,4
18,25,5
18,25,6
18,25,7
18,25,8
18,25,9
18,25,10
18,25,11
18,25,12
18,30,0
18,30,1
18,30,2
18,30,3
18,30,4
18,30,5
18,30,6
18,30,7
18,30,8
18,30,9
18,30,10
18,30,11
18,30,12
18,35,0
18,35,1
18,35,2
18,35,3
18,35,4
18,35,5
18,35,6
18,35,7
18,35,8
18,35,9
18,35,10
18,35,11
18,35,12
18,40,0
18,40,1
18,40,2
18,40,3
18,40,4
18,40,5
18,40,6
18,40,7
18,40,8
18,40,9
18,40,10
18,40,11
18,40,12
18,45,0
18,45,1
18,45,2
18,45,3
18,45,4
18,45,5
18,45,6
18,45,7
18,45,8
18,45,9
18,45,10
18,45,11
18,45,12
18,50,0
18,50,1
18,50,2
18,50,3
18,50,4
18,50,5
18,50,6
18,50,7
18,50,8
18,50,9
18,50,10
18,50,11
18,50,12
18,55,0
18,55,1
18,55,2
18,55,3
18,55,4
18,55,5
18,55,6
18,55,7
18,55,8
18,55,9
18,55,10
18,55,11
18,55,12
18,60,0
18,60,1
18,60,2
18,60,3
18,60,4
18,60,5
18,60,6
18,60,7
18,60,8
18,60,9
18,60,10
18,60,11
18,60,12
18,65,0
18,65,1
18,65,2
18,65,3
18,65,4
18,65,5
18,65,6
18,65,7
18,65,8
18,65,9
18,65,10
18,65,11
18,65,12
18,70,0
18,70,1
18,70,2
18,70,3
18,70,4
18,70,5
18,70,6
18,70,7
18,70,8
18,70,9
18,70,10
18,70,11
18,70,12
18,75,0
18,75,1
18,75,2
18,75,3
18,75,4
18,75,5
18,75,6
18,75,7
18,75,8
18,75,9
18,75,10
18,75,11
18,75,12
18,80,0
18,80,1
18,80,2
18,80,3
18,80,4
18,80,5
18,80,6
18,80,7
18,80,8
18,80,9
18,80,10
18,80,11
18,80,12
18,85,0
18,85,1
18,85,2
18,85,3
18,85,4
18,85,5
18,85,6
18,85,7
18,85,8
18,85,9
18,85,10
18,85,11
18,85,12
18,90,0
18,90,1
18,90,2
18,90,3
18,90,4
18,90,5
18,90,6
18,90,7
18,90,8
18,90,9
18,90,10
18,90,11
18,90,12
18,95,0
18,95,1
18,95,2
18,95,3
18,95,4
18,95,5
18,95,6
18,95,7
18,95,8
18,95,9
18,95,10
18,95,11
18,95,12
18,100,0
18,100,1
18,100,2
18,100,3
18,100,4
18,100,5
18,100,6
18,100,7
18,100,8
18,100,9
18,100,10
18,100,11
18,100,12
19,5,0
19,5,1
19,5,2
19,5,3
19,5,4
19,5,5
19,5,6
19,5,7
19,5,8
19,5,9
19,5,10
19,5,11
19,5,12
19,10,0
19,10,1
19,10,2
19,10,3
19,10,4
19,10,5
19,10,6
19,10,7
19,10,8
19,10,9
19,10,10
19,10,11
19,10,12
19,15,0
19,15,1
19,15,2
19,15,3
19,15,4
19,15,5
19,15,6
19,15,7
19,15,8
19,15,9
19,15,10
19,15,11
19,15,12
19,20,0
19,20,1
19,20,2
19,20,3
19,20,4
19,20,5
19,20,6
19,20,7
19,20,8
19,20,9
19,20,10
19,20,11
19,20,12
19,25,0
19,25,1
19,25,2
19,25,3
19,25,4
19,25,5
19,25,6
19,25,7
19,25,8
19,25,9
19,25,10
19,25,11
19,25,12
19,30,0
19,30,1
19,30,2
19,30,3
19,30,4
19,30,5
19,30,6
19,30,7
19,30,8
19,30,9
19,30,10
19,30,11
19,30,12
19,35,0
19,35,1
19,35,2
19,35,3
19,35,4
19,35,5
19,35,6
19,35,7
19,35,8
19,35,9
19,35,10
19,35,11
19,35,12
19,40,0
19,40,1
19,40,2
19,40,3
19,40,4
19,40,5
19,40,6
19,40,7
19,40,8
19,40,9
19,40,10
19,40,11
19,40,12
19,45,0
19,45,1
19,45,2
19,45,3
19,45,4
19,45,5
19,45,6
19,45,7
19,45,8
19,45,9
19,45,10
19,45,11
19,45,12
19,50,0
19,50,1
19,50,2
19,50,3
19,50,4
19,50,5
19,50,6
19,50,7
19,50,8
19,50,9
19,50,10
19,50,11
19,50,12
19,55,0
19,55,1
19,55,2
19,55,3
19,55,4
19,55,5
19,55,6
19,55,7
19,55,8
19,55,9
19,55,10
19,55,11
19,55,12
19,60,0
19,60,1
19,60,2
19,60,3
19,60,4
19,60,5
19,60,6
19,60,7
19,60,8
19,60,9
19,60,10
19,60,11
19,60,12
19,65,0
19,65,1
19,65,2
19,65,3
19,65,4
19,65,5
19,65,6
19,65,7
19,65,8
19,65,9
19,65,10
19,65,11
19,65,12
19,70,0
19,70,1
19,70,2
19,70,3
19,70,4
19,70,5
19,70,6
19,70,7
19,70,8
19,70,9
19,70,10
19,70,11
19,70,12
19,75,0
19,75,1
19,75,2
19,75,3
19,75,4
19,75,5
19,75,6
19,75,7
19,75,8
19,75,9
19,75,10
19,75,11
19,75,12
19,80,0
19,80,1
19,80,2
19,80,3
19,80,4
19,80,5
19,80,6
19,80,7
19,80,8
19,80,9
19,80,10
19,80,11
19,80,12
19,85,0
19,85,1
19,85,2
19,85,3
19,85,4
19,85,5
19,85,6
19,85,7
19,85,8
19,85,9
19,85,10
19,85,11
19,85,12
19,90,0
19,90,1
19,90,2
19,90,3
19,90,4
19,90,5
19,90,6
19,90,7
19,90,8
19,90,9
19,90,10
19,90,11
19,90,12
19,95,0
19,95,1
19,95,2
19,95,3
19,95,4
19,95,5
19,95,6
19,95,7
19,95,8
19,95,9
19,95,10
19,95,11
19,95,12
19,100,0
19,100,1
19,100,2
19,100,3
19,100,4
19,100,5
19,100,6
19,100,7
19,100,8
19,100,9
19,100,10
19,100,11
19,100,12
20,5,0
20,5,1
20,5,2
20,5,3
20,5,4
20,5,5
20,5,6
20,5,7
20,5,8
20,5,9
20,5,10
20,5,11
20,5,12
20,10,0
20,10,1
20,10,2
20,10,3
20,10,4
20,10,5
20,10,6
20,10,7
20,10,8
20,10,9
20,10,10
20,10,11
20,10,12
20,15,0
20,15,1
20,15,2
20,15,3
20,15,4
20,15,5
20,15,6
20,15,7
20,15,8
20,15,9
20,15,10
20,15,11
20,15,12
20,20,0
20,20,1
20,20,2
20,20,3
20,20,4
20,20,5
20,20,6
20,20,7
20,20,8
20,20,9
20,20,10
20,20,11
20,20,12
20,25,0
20,25,1
20,25,2
20,25,3
20,25,4
20,25,5
20,25,6
20,25,7
20,25,8
20,25,9
20,25,10
20,25,11
20,25,12
20,30,0
20,30,1
20,30,2
20,30,3
20,30,4
20,30,5
20,30,6
20,30,7
20,30,8
20,30,9
20,30,10
20,30,11
20,30,12
20,35,0
20,35,1
20,35,2
20,35,3
20,35,4
20,35,5
20,35,6
20,35,7
20,35,8
20,35,9
20,35,10
20,35,11
20,35,12
20,40,0
20,40,1
20,40,2
20,40,3
20,40,4
20,40,5
20,40,6
20,40,7
20,40,8
20,40,9
20,40,10
20,40,11
20,40,12
20,45,0
20,45,1
20,45,2
20,45,3
20,45,4
20,45,5
20,45,6
20,45,7
20,45,8
20,45,9
20,45,10
20,45,11
20,45,12
20,50,0
20,50,1
20,50,2
20,50,3
20,50,4
20,50,5
20,50,6
20,50,7
20,50,8
20,50,9
20,50,10
20,50,11
20,50,12
20,55,0
20,55,1
20,55,2
20,55,3
20,55,4
20,55,5
20,55,6
20,55,7
20,55,8
20,55,9
20,55,10
20,55,11
20,55,12
20,60,0
20,60,1
20,60,2
20,60,3
20,60,4
20,60,5
20,60,6
20,60,7
20,60,8
20,60,9
20,60,10
20,60,11
20,60,12
20,65,0
20,65,1
20,65,2
20,65,3
20,65,4
20,65,5
20,65,6
20,65,7
20,65,8
20,65,9
20,65,10
20,65,11
20,65,12
20,70,0
20,70,1
20,70,2
20,70,3
20,70,4
20,70,5
20,70,6
20,70,7
20,70,8
20,70,9
20,70,10
20,70,11
20,70,12
20,75,0
20,75,1
20,75,2
20,75,3
20,75,4
20,75,5
20,75,6
20,75,7
20,75,8
20,75,9
20,75,10
20,75,11
20,75,12
20,80,0
20,80,1
20,80,2
20,80,3
20,80,4
20,80,5
20,80,6
20,80,7
20,80,8
20,80,9
20,80,10
20,80,11
20,80,12
20,85,0
20,85,1
20,85,2
20,85,3
20,85,4
20,85,5
20,85,6
20,85,7
20,85,8
20,85,9
20,85,10
20,85,11
20,85,12
20,90,0
20,90,1
20,90,2
20,90,3
20,90,4
20,90,5
20,90,6
20,90,7
20,90,8
20,90,9
20,90,10
20,90,11
20,90,12
20,95,0
20,95,1
20,95,2
20,95,3
20,95,4
20,95,5
20,95,6
20,95,7
20,95,8
20,95,9
20,95,10
20,95,11
20,95,12
20,100,0
20,100,1
20,100,2
20,100,3
20,100,4
20,100,5
20,100,6
20,100,7
20,100,8
20,100,9
20,100,10
20,100,11
20,100,12
21,5,0
21,5,1
21,5,2
21,5,3
21,5,4
21,5,5
21,5,6
21,5,7
21,5,8
21,5,9
21,5,10
21,5,11
21,5,12
21,10,0
21,10,1
21,10,2
21,10,3
21,10,4
21,10,5
21,10,6
21,10,7
21,10,8
21,10,9
21,10,10
21,10,11
21,10,12
21,15,0
21,15,1
21,15,2
21,15,3
21,15,4
21,15,5
21,15,6
21,15,7
21,15,8
21,15,9
21,15,10
21,15,11
21,15,12
21,20,0
21,20,1
21,20,2
21,20,3
21,20,4
21,20,5
21,20,6
21,20,7
21,20,8
21,20,9
21,20,10
21,20,11
21,20,12
21,25,0
21,25,1
21,25,2
21,25,3
21,25,4
21,25,5
21,25,6
21,25,7
21,25,8
21,25,9
21,25,10
21,25,11
21,25,12
21,30,0
21,30,1
21,30,2
21,30,3
21,30,4
21,30,5
21,30,6
21,30,7
21,30,8
21,30,9
21,30,10
21,30,11
21,30,12
21,35,0
21,35,1
21,35,2
21,35,3
21,35,4
21,35,5
21,35,6
21,35,7
21,35,8
21,35,9
21,35,10
21,35,11
21,35,12
21,40,0
21,40,1
21,40,2
21,40,3
21,40,4
21,40,5
21,40,6
21,40,7
21,40,8
21,40,9
21,40,10
21,40,11
21,40,12
21,45,0
21,45,1
21,45,2
21,45,3
21,45,4
21,45,5
21,45,6
21,45,7
21,45,8
21,45,9
21,45,10
21,45,11
21,45,12
21,50,0
21,50,1
21,50,2
21,50,3
21,50,4
21,50,5
21,50,6
21,50,7
21,50,8
21,50,9
21,50,10
21,50,11
21,50,12
21,55,0
21,55,1
21,55,2
21,55,3
21,55,4
21,55,5
21,55,6
21,55,7
21,55,8
21,55,9
21,55,10
21,55,11
21,55,12
21,60,0
21,60,1
21,60,2
21,60,3
21,60,4
21,60,5
21,60,6
21,60,7
21,60,8
21,60,9
21,60,10
21,60,11
21,60,12
21,65,0
21,65,1
21,65,2
21,65,3
21,65,4
21,65,5
21,65,6
21,65,7
21,65,8
21,65,9
21,65,10
21,65,11
21,65,12
21,70,0
21,70,1
21,70,2
21,70,3
21,70,4
21,70,5
21,70,6
21,70,7
21,70,8
21,70,9
21,70,10
21,70,11
21,70,12
21,75,0
21,75,1
21,75,2
21,75,3
21,75,4
21,75,5
21,75,6
21,75,7
21,75,8
21,75,9
21,75,10
21,75,11
21,75,12
21,80,0
21,80,1
21,80,2
21,80,3
21,80,4
21,80,5
21,80,6
21,80,7
21,80,8
21,80,9
21,80,10
21,80,11
21,80,12
21,85,0
21,85,1
21,85,2
21,85,3
21,85,4
21,85,5
21,85,6
21,85,7
21,85,8
21,85,9
21,85,10
21,85,11
21,85,12
21,90,0
21,90,1
21,90,2
21,90,3
21,90,4
21,90,5
21,90,6
21,90,7
21,90,8
21,90,9
21,90,10
21,90,11
21,90,12
21,95,0
21,95,1
21,95,2
21,95,3
21,95,4
21,95,5
21,95,6
21,95,7
21,95,8
21,95,9
21,95,10
21,95,11
21,95,12
21,100,0
21,100,1
21,100,2
21,100,3
21,100,4
21,100,5
21,100,6
21,100,7
21,100,8
21,100,9
21,100,10
21,100,11
21,100,12
22,5,0
22,5,1
22,5,2
22,5,3
22,5,4
22,5,5
22,5,6
22,5,7
22,5,8
22,5,9
22,5,10
22,5,11
22,5,12
22,10,0
22,10,1
22,10,2
22,10,3
22,10,4
22,10,5
22,10,6
22,10,7
22,10,8
22,10,9
22,10,10
22,10,11
22,10,12
22,15,0
22,15,1
22,15,2
22,15,3
22,15,4
22,15,5
22,15,6
22,15,7
22,15,8
22,15,9
22,15,10
22,15,11
22,15,12
22,20,0
22,20,1
22,20,2
22,20,3
22,20,4
22,20,5
22,20,6
22,20,7
22,20,8
22,20,9
22,20,10
22,20,11
22,20,12
22,25,0
22,25,1
22,25,2
22,25,3
22,25,4
22,25,5
22,25,6
22,25,7
22,25,8
22,25,9
22,25,10
22,25,11
22,25,12
22,30,0
22,30,1
22,30,2
22,30,3
22,30,4
22,30,5
22,30,6
22,30,7
22,30,8
22,30,9
22,30,10
22,30,11
22,30,12
22,35,0
22,35,1
22,35,2
22,35,3
22,35,4
22,35,5
22,35,6
22,35,7
22,35,8
22,35,9
22,35,10
22,35,11
22,35,12
22,40,0
22,40,1
22,40,2
22,40,3
22,40,4
22,40,5
22,40,6
22,40,7
22,40,8
22,40,9
22,40,10
22,40,11
22,40,12
22,45,0
22,45,1
22,45,2
22,45,3
22,45,4
22,45,5
22,45,6
22,45,7
22,45,8
22,45,9
22,45,10
22,45,11
22,45,12
22,50,0
22,50,1
22,50,2
22,50,3
22,50,4
22,50,5
22,50,6
22,50,7
22,50,8
22,50,9
22,50,10
22,50,11
22,50,12
22,55,0
22,55,1
22,55,2
22,55,3
22,55,4
22,55,5
22,55,6
22,55,7
22,55,8
22,55,9
22,55,10
22,55,11
22,55,12
22,60,0
22,60,1
22,60,2
22,60,3
22,60,4
22,60,5
22,60,6
22,60,7
22,60,8
22,60,9
22,60,10
22,60,11
22,60,12
22,65,0
22,65,1
22,65,2
22,65,3
22,65,4
22,65,5
22,65,6
22,65,7
22,65,8
22,65,9
22,65,10
22,65,11
22,65,12
22,70,0
22,70,1
22,70,2
22,70,3
22,70,4
22,70,5
22,70,6
22,70,7
22,70,8
22,70,9
22,70,10
22,70,11
22,70,12
22,75,0
22,75,1
22,75,2
22,75,3
22,75,4
22,75,5
22,75,6
22,75,7
22,75,8
22,75,9
22,75,10
22,75,11
22,75,12
22,80,0
22,80,1
22,80,2
22,80,3
22,80,4
22,80,5
22,80,6
22,80,7
22,80,8
22,80,9
22,80,10
22,80,11
22,80,12
22,85,0
22,85,1
22,85,2
22,85,3
22,85,4
22,85,5
22,85,6
22,85,7
22,85,8
22,85,9
22,85,10
22,85,11
22,85,12
22,90,0
22,90,1
22,90,2
22,90,3
22,90,4
22,90,5
22,90,6
22,90,7
22,90,8
22,90,9
22,90,10
22,90,11
22,90,12
22,95,0
22,95,1
22,95,2
22,95,3
22,95,4
22,95,5
22,95,6
22,95,7
22,95,8
22,95,9
22,95,10
22,95,11
22,95,12
22,100,0
22,100,1
22,100,2
22,100,3
22,100,4
22,100,5
22,100,6
22,100,7
22,100,8
22,100,9
22,100,10
22,100,11
22,100,12
23,5,0
23,5,1
23,5,2
23,5,3
23,5,4
23,5,5
23,5,6
23,5,7
23,5,8
23,5,9
23,5,10
23,5,11
23,5,12
23,10,0
23,10,1
23,10,2
23,10,3
23,10,4
23,10,5
23,10,6
23,10,7
23,10,8
23,10,9
23,10,10
23,10,11
23,10,12
23,15,0
23,15,1
23,15,2
23,15,3
23,15,4
23,15,5
23,15,6
23,15,7
23,15,8
23,15,9
23,15,10
23,15,11
23,15,12
23,20,0
23,20,1
23,20,2
23,20,3
23,20,4
23,20,5
23,20,6
23,20,7
23,20,8
23,20,9
23,20,10
23,20,11
23,20,12
23,25,0
23,25,1
23,25,2
23,25,3
23,25,4
23,25,5
23,25,6
23,25,7
23,25,8
23,25,9
23,25,10
23,25,11
23,25,12
23,30,0
23,30,1
23,30,2
23,30,3
23,30,4
23,30,5
23,30,6
23,30,7
23,30,8
23,30,9
23,30,10
23,30,11
23,30,12
23,35,0
23,35,1
23,35,2
23,35,3
23,35,4
23,35,5
23,35,6
23,35,7
23,35,8
23,35,9
23,35,10
23,35,11
23,35,12
23,40,0
23,40,1
23,40,2
23,40,3
23,40,4
23,40,5
23,40,6
23,40,7
23,40,8
23,40,9
23,40,10
23,40,11
23,40,12
23,45,0
23,45,1
23,45,2
23,45,3
23,45,4
23,45,5
23,45,6
23,45,7
23,45,8
23,45,9
23,45,10
23,45,11
23,45,12
23,50,0
23,50,1
23,50,2
23,50,3
23,50,4
23,50,5
23,50,6
23,50,7
23,50,8
23,50,9
23,50,10
23,50,11
23,50,12
23,55,0
23,55,1
23,55,2
23,55,3
23,55,4
23,55,5
23,55,6
23,55,7
23,55,8
23,55,9
23,55,10
23,55,11
23,55,12
23,60,0
23,60,1
23,60,2
23,60,3
23,60,4
23,60,5
23,60,6
23,60,7
23,60,8
23,60,9
23,60,10
23,60,11
23,60,12
23,65,0
23,65,1
23,65,2
23,65,3
23,65,4
23,65,5
23,65,6
23,65,7
23,65,8
23,65,9
23,65,10
23,65,11
23,65,12
23,70,0
23,70,1
23,70,2
23,70,3
23,70,4
23,70,5
23,70,6
23,70,7
23,70,8
23,70,9
23,70,10
23,70,11
23,70,12
23,75,0
23,75,1
23,75,2
23,75,3
23,75,4
23,75,5
23,75,6
23,75,7
23,75,8
23,75,9
23,75,10
23,75,11
23,75,12
23,80,0
23,80,1
23,80,2
23,80,3
23,80,4
23,80,5
23,80,6
23,80,7
23,80,8
23,80,9
23,80,10
23,80,11
23,80,12
23,85,0
23,85,1
23,85,2
23,85,3
23,85,4
23,85,5
23,85,6
23,85,7
23,85,8
23,85,9
23,85,10
23,85,11
23,85,12
23,90,0
23,90,1
23,90,2
23,90,3
23,90,4
23,90,5
23,90,6
23,90,7
23,90,8
23,90,9
23,90,10
23,90,11
23,90,12
23,95,0
23,95,1
23,95,2
23,95,3
23,95,4
23,95,5
23,95,6
23,95,7
23,95,8
23,95,9
23,95,10
23,95,11
23,95,12
23,100,0
23,100,1
23,100,2
23,100,3
23,100,4
23,100,5
23,100,6
23,100,7
23,100,8
23,100,9
23,100,10
23,100,11
23,100,12
24,5,0
24,5,1
24,5,2
24,5,3
24,5,4
24,5,5
24,5,6
24,5,7
24,5,8
24,5,9
24,5,10
24,5,11
24,5,12
24,10,0
24,10,1
24,10,2
24,10,3
24,10,4
24,10,5
24,10,6
24,10,7
24,10,8
24,10,9
24,10,10
24,10,11
24,10,12
24,15,0
24,15,1
24,15,2
24,15,3
24,15,4
24,15,5
24,15,6
24,15,7
24,15,8
24,15,9
24,15,10
24,15,11
24,15,12
24,20,0
24,20,1
24,20,2
24,20,3
24,20,4
24,20,5
24,20,6
24,20,7
24,20,8
24,20,9
24,20,10
24,20,11
24,20,12
24,25,0
24,25,1
24,25,2
24,25,3
24,25,4
24,25,5
24,25,6
24,25,7
24,25,8
24,25,9
24,25,10
24,25,11
24,25,12
24,30,0
24,30,1
24,30,2
24,30,3
24,30,4
24,30,5
24,30,6
24,30,7
24,30,8
24,30,9
24,30,10
24,30,11
24,30,12
24,35,0
24,35,1
24,35,2
24,35,3
24,35,4
24,35,5
24,35,6
24,35,7
24,35,8
24,35,9
24,35,10
24,35,11
24,35,12
24,40,0
24,40,1
24,40,2
24,40,3
24,40,4
24,40,5
24,40,6
24,40,7
24,40,8
24,40,9
24,40,10
24,40,11
24,40,12
24,45,0
24,45,1
24,45,2
24,45,3
24,45,4
24,45,5
24,45,6
24,45,7
24,45,8
24,45,9
24,45,10
24,45,11
24,45,12
24,50,0
24,50,1
24,50,2
24,50,3
24,50,4
24,50,5
24,50,6
24,50,7
24,50,8
24,50,9
24,50,10
24,50,11
24,50,12
24,55,0
24,55,1
24,55,2
24,55,3
24,55,4
24,55,5
24,55,6
24,55,7
24,55,8
24,55,9
24,55,10
24,55,11
24,55,12
24,60,0
24,60,1
24,60,2
24,60,3
24,60,4
24,60,5
24,60,6
24,60,7
24,60,8
24,60,9
24,60,10
24,60,11
24,60,12
24,65,0
24,65,1
24,65,2
24,65,3
24,65,4
24,65,5
24,65,6
24,65,7
24,65,8
24,65,9
24,65,10
24,65,11
24,65,12
24,70,0
24,70,1
24,70,2
24,70,3
24,70,4
24,70,5
24,70,6
24,70,7
24,70,8
24,70,9
24,70,10
24,70,11
24,70,12
24,75,0
24,75,1
24,75,2
24,75,3
24,75,4
24,75,5
24,75,6
24,75,7
24,75,8
24,75,9
24,75,10
24,75,11
24,75,12
24,80,0
24,80,1
24,80,2
24,80,3
24,80,4
24,80,5
24,80,6
24,80,7
24,80,8
24,80,9
24,80,10
24,80,11
24,80,12
24,85,0
24,85,1
24,85,2
24,85,3
24,85,4
24,85,5
24,85,6
24,85,7
24,85,8
24,85,9
24,85,10
24,85,11
24,85,12
24,90,0
24,90,1
24,90,2
24,90,3
24,90,4
24,90,5
24,90,6
24,90,7
24,90,8
24,90,9
24,90,10
24,90,11
24,90,12
24,95,0
24,95,1
24,95,2
24,95,3
24,95,4
24,95,5
24,95,6
24,95,7
24,95,8
24,95,9
24,95,10
24,95,11
24,95,12
24,100,0
24,100,1
24,100,2
24,100,3
24,100,4
24,100,5
24,100,6
24,100,7
24,100,8
24,100,9
24,100,10
24,100,11
24,100,12
25,5,0
25,5,1
25,5,2
25,5,3
25,5,4
25,5,5
25,5,6
25,5,7
25,5,8
25,5,9
25,5,10
25,5,11
25,5,12
25,10,0
25,10,1
25,10,2
25,10,3
25,10,4
25,10,5
25,10,6
25,10,7
25,10,8
25,10,9
25,10,10
25,10,11
25,10,12
25,15,0
25,15,1
25,15,2
25,15,3
25,15,4
25,15,5
25,15,6
25,15,7
25,15,8
25,15,9
25,15,10
25,15,11
25,15,12
25,20,0
25,20,1
25,20,2
25,20,3
25,20,4
25,20,5
25,20,6
25,20,7
25,20,8
25,20,9
25,20,10
25,20,11
25,20,12
25,25,0
25,25,1
25,25,2
25,25,3
25,25,4
25,25,5
25,25,6
25,25,7
25,25,8
25,25,9
25,25,10
25,25,11
25,25,12
25,30,0
25,30,1
25,30,2
25,30,3
25,30,4
25,30,5
25,30,6
25,30,7
25,30,8
25,30,9
25,30,10
25,30,11
25,30,12
25,35,0
25,35,1
25,35,2
25,35,3
25,35,4
25,35,5
25,35,6
25,35,7
25,35,8
25,35,9
25,35,10
25,35,11
25,35,12
25,40,0
25,40,1
25,40,2
25,40,3
25,40,4
25,40,5
25,40,6
25,40,7
25,40,8
25,40,9
25,40,10
25,40,11
25,40,12
25,45,0
25,45,1
25,45,2
25,45,3
25,45,4
25,45,5
25,45,6
25,45,7
25,45,8
25,45,9
25,45,10
25,45,11
25,45,12
25,50,0
25,50,1
25,50,2
25,50,3
25,50,4
25,50,5
25,50,6
25,50,7
25,50,8
25,50,9
25,50,10
25,50,11
25,50,12
25,55,0
25,55,1
25,55,2
25,55,3
25,55,4
25,55,5
25,55,6
25,55,7
25,55,8
25,55,9
25,55,10
25,55,11
25,55,12
25,60,0
25,60,1
25,60,2
25,60,3
25,60,4
25,60,5
25,60,6
25,60,7
25,60,8
25,60,9
25,60,10
25,60,11
25,60,12
25,65,0
25,65,1
25,65,2
25,65,3
25,65,4
25,65,5
25,65,6
25,65,7
25,65,8
25,65,9
25,65,10
25,65,11
25,65,12
25,70,0
25,70,1
25,70,2
25,70,3
25,70,4
25,70,5
25,70,6
25,70,7
25,70,8
25,70,9
25,70,10
25,70,11
25,70,12
25,75,0
25,75,1
25,75,2
25,75,3
25,75,4
25,75,5
25,75,6
25,75,7
25,75,8
25,75,9
25,75,10
25,75,11
25,75,12
25,80,0
25,80,1
25,80,2
25,80,3
25,80,4
25,80,5
25,80,6
25,80,7
25,80,8
25,80,9
25,80,10
25,80,11
25,80,12
25,85,0
25,85,1
25,85,2
25,85,3
25,85,4
25,85,5
25,85,6
25,85,7
25,85,8
25,85,9
25,85,10
25,85,11
25,85,12
25,90,0
25,90,1
25,90,2
25,90,3
25,90,4
25,90,5
25,90,6
25,90,7
25,90,8
25,90,9
25,90,10
25,90,11
25,90,12
25,95,0
25,95,1
25,95,2
25,95,3
25,95,4
25,95,5
25,95,6
25,95,7
25,95,8
25,95,9
25,95,10
25,95,11
25,95,12
25,100,0
25,100,1
25,100,2
25,100,3
25,100,4
25,100,5
25,100,6
25,100,7
25,100,8
25,100,9
25,100,10
25,100,11
25,100,12
26,5,0
26,5,1
26,5,2
26,5,3
26,5,4
26,5,5
26,5,6
26,5,7
26,5,8
26,5,9
26,5,10
26,5,11
26,5,12
26,10,0
26,10,1
26,10,2
26,10,3
26,10,4
26,10,5
26,10,6
26,10,7
26,10,8
26,10,9
26,10,10
26,10,11
26,10,12
26,15,0
26,15,1
26,15,2
26,15,3
26,15,4
26,15,5
26,15,6
26,15,7
26,15,8
26,15,9
26,15,10
26,15,11
26,15,12
26,20,0
26,20,1
26,20,2
26,20,3
26,20,4
26,20,5
26,20,6
26,20,7
26,20,8
26,20,9
26,20,10
26,20,11
26,20,12
26,25,0
26,25,1
26,25,2
26,25,3
26,25,4
26,25,5
26,25,6
26,25,7
26,25,8
26,25,9
26,25,10
26,25,11
26,25,12
26,30,0
26,30,1
26,30,2
26,30,3
26,30,4
26,30,5
26,30,6
26,30,7
26,30,8
26,30,9
26,30,10
26,30,11
26,30,12
26,35,0
26,35,1
26,35,2
26,35,3
26,35,4
26,35,5
26,35,6
26,35,7
26,35,8
26,35,9
26,35,10
26,35,11
26,35,12
26,40,0
26,40,1
26,40,2
26,40,3
26,40,4
26,40,5
26,40,6
26,40,7
26,40,8
26,40,9
26,40,10
26,40,11
26,40,12
26,45,0
26,45,1
26,45,2
26,45,3
26,45,4
26,45,5
26,45,6
26,45,7
26,45,8
26,45,9
26,45,10
26,45,11
26,45,12
26,50,0
26,50,1
26,50,2
26,50,3
26,50,4
26,50,5
26,50,6
26,50,7
26,50,8
26,50,9
26,50,10
26,50,11
26,50,12
26,55,0
26,55,1
26,55,2
26,55,3
26,55,4
26,55,5
26,55,6
26,55,7
26,55,8
26,55,9
26,55,10
26,55,11
26,55,12
26,60,0
26,60,1
26,60,2
26,60,3
26,60,4
26,60,5
26,60,6
26,60,7
26,60,8
26,60,9
26,60,10
26,60,11
26,60,12
26,65,0
26,65,1
26,65,2
26,65,3
26,65,4
26,65,5
26,65,6
26,65,7
26,65,8
26,65,9
26,65,10
26,65,11
26,65,12
26,70,0
26,70,1
26,70,2
26,70,3
26,70,4
26,70,5
26,70,6
26,70,7
26,70,8
26,70,9
26,70,10
26,70,11
26,70,12
26,75,0
26,75,1
26,75,2
26,75,3
26,75,4
26,75,5
26,75,6
26,75,7
26,75,8
26,75,9
26,75,10
26,75,11
26,75,12
26,80,0
26,80,1
26,80,2
26,80,3
26,80,4
26,80,5
26,80,6
26,80,7
26,80,8
26,80,9
26,80,10
26,80,11
26,80,12
26,85,0
26,85,1
26,85,2
26,85,3
26,85,4
26,85,5
26,85,6
26,85,7
26,85,8
26,85,9
26,85,10
26,85,11
26,85,12
26,90,0
26,90,1
26,90,2
26,90,3
26,90,4
26,90,5
26,90,6
26,90,7
26,90,8
26,90,9
26,90,10
26,90,11
26,90,12
26,95,0
26,95,1
26,95,2
26,95,3
26,95,4
26,95,5
26,95,6
26,95,7
26,95,8
26,95,9
26,95,10
26,95,11
26,95,12
26,100,0
26,100,1
26,100,2
26,100,3
26,100,4
26,100,5
26,100,6
26,100,7
26,100,8
26,100,9
26,100,10
26,100,11
26,100,12
27,5,0
27,5,1
27,5,2
27,5,3
27,5,4
27,5,5
27,5,6
27,5,7
27,5,8
27,5,9
27,5,10
27,5,11
27,5,12
27,10,0
27,10,1
27,10,2
27,10,3
27,10,4
27,10,5
27,10,6
27,10,7
27,10,8
27,10,9
27,10,10
27,10,11
27,10,12
27,15,0
27,15,1
27,15,2
27,15,3
27,15,4
27,15,5
27,15,6
27,15,7
27,15,8
27,15,9
27,15,10
27,15,11
27,15,12
27,20,0
27,20,1
27,20,2
27,20,3
27,20,4
27,20,5
27,20,6
27,20,7
27,20,8
27,20,9
27,20,10
27,20,11
27,20,12
27,25,0
27,25,1
27,25,2
27,25,3
27,25,4
27,25,5
27,25,6
27,25,7
27,25,8
27,25,9
27,25,10
27,25,11
27,25,12
27,30,0
27,30,1
27,30,2
27,30,3
27,30,4
27,30,5
27,30,6
27,30,7
27,30,8
27,30,9
27,30,10
27,30,11
27,30,12
27,35,0
27,35,1
27,35,2
27,35,3
27,35,4
27,35,5
27,35,6
27,35,7
27,35,8
27,35,9
27,35,10
27,35,11
27,35,12
27,40,0
27,40,1
27,40,2
27,40,3
27,40,4
27,40,5
27,40,6
27,40,7
27,40,8
27,40,9
27,40,10
27,40,11
27,40,12
27,45,0
27,45,1
27,45,2
27,45,3
27,45,4
27,45,5
27,45,6
27,45,7
27,45,8
27,45,9
27,45,10
27,45,11
27,45,12
27,50,0
27,50,1
27,50,2
27,50,3
27,50,4
27,50,5
27,50,6
27,50,7
27,50,8
27,50,9
27,50,10
27,50,11
27,50,12
27,55,0
27,55,1
27,55,2
27,55,3
27,55,4
27,55,5
27,55,6
27,55,7
27,55,8
27,55,9
27,55,10
27,55,11
27,55,12
27,60,0
27,60,1
27,60,2
27,60,3
27,60,4
27,60,5
27,60,6
27,60,7
27,60,8
27,60,9
27,60,10
27,60,11
27,60,12
27,65,0
27,65,1
27,65,2
27,65,3
27,65,4
27,65,5
27,65,6
27,65,7
27,65,8
27,65,9
27,65,10
27,65,11
27,65,12
27,70,0
27,70,1
27,70,2
27,70,3
27,70,4
27,70,5
27,70,6
27,70,7
27,70,8
27,70,9
27,70,10
27,70,11
27,70,12
27,75,0
27,75,1
27,75,2
27,75,3
27,75,4
27,75,5
27,75,6
27,75,7
27,75,8
27,75,9
27,75,10
27,75,11
27,75,12
27,80,0
27,80,1
27,80,2
27,80,3
27,80,4
27,80,5
27,80,6
27,80,7
27,80,8
27,80,9
27,80,10
27,80,11
27,80,12
27,85,0
27,85,1
27,85,2
27,85,3
27,85,4
27,85,5
27,85,6
27,85,7
27,85,8
27,85,9
27,85,10
27,85,11
27,85,12
27,90,0
27,90,1
27,90,2
27,90,3
27,90,4
27,90,5
27,90,6
27,90,7
27,90,8
27,90,9
27,90,10
27,90,11
27,90,12
27,95,0
27,95,1
27,95,2
27,95,3
27,95,4
27,95,5
27,95,6
27,95,7
27,95,8
27,95,9
27,95,10
27,95,11
27,95,12
27,100,0
27,100,1
27,100,2
27,100,3
27,100,4
27,100,5
27,100,6
27,100,7
27,100,8
27,100,9
27,100,10
27,100,11
27,100,12
28,5,0
28,5,1
28,5,2
28,5,3
28,5,4
28,5,5
28,5,6
28,5,7
28,5,8
28,5,9
28,5,10
28,5,11
28,5,12
28,10,0
28,10,1
28,10,2
28,10,3
28,10,4
28,10,5
28,10,6
28,10,7
28,10,8
28,10,9
28,10,10
28,10,11
28,10,12
28,15,0
28,15,1
28,15,2
28,15,3
28,15,4
28,15,5
28,15,6
28,15,7
28,15,8
28,15,9
28,15,10
28,15,11
28,15,12
28,20,0
28,20,1
28,20,2
28,20,3
28,20,4
28,20,5
28,20,6
28,20,7
28,20,8
28,20,9
28,20,10
28,20,11
28,20,12
28,25,0
28,25,1
28,25,2
28,25,3
28,25,4
28,25,5
28,25,6
28,25,7
28,25,8
28,25,9
28,25,10
28,25,11
28,25,12
28,30,0
28,30,1
28,30,2
28,30,3
28,30,4
28,30,5
28,30,6
28,30,7
28,30,8
28,30,9
28,30,10
28,30,11
28,30,12
28,35,0
28,35,1
28,35,2
28,35,3
28,35,4
28,35,5
28,35,6
28,35,7
28,35,8
28,35,9
28,35,10
28,35,11
28,35,12
28,40,0
28,40,1
28,40,2
28,40,3
28,40,4
28,40,5
28,40,6
28,40,7
28,40,8
28,40,9
28,40,10
28,40,11
28,40,12
28,45,0
28,45,1
28,45,2
28,45,3
28,45,4
28,45,5
28,45,6
28,45,7
28,45,8
28,45,9
28,45,10
28,45,11
28,45,12
28,50,0
28,50,1
28,50,2
28,50,3
28,50,4
28,50,5
28,50,6
28,50,7
28,50,8
28,50,9
28,50,10
28,50,11
28,50,12
28,55,0
28,55,1
28,55,2
28,55,3
28,55,4
28,55,5
28,55,6
28,55,7
28,55,8
28,55,9
28,55,10
28,55,11
28,55,12
28,60,0
28,60,1
28,60,2
28,60,3
28,60,4
28,60,5
28,60,6
28,60,7
28,60,8
28,60,9
28,60,10
28,60,11
28,60,12
28,65,0
28,65,1
28,65,2
28,65,3
28,65,4
28,65,5
28,65,6
28,65,7
28,65,8
28,65,9
28,65,10
28,65,11
28,65,12
28,70,0
28,70,1
28,70,2
28,70,3
28,70,4
28,70,5
28,70,6
28,70,7
28,70,8
28,70,9
28,70,10
28,70,11
28,70,12
28,75,0
28,75,1
28,75,2
28,75,3
28,75,4
28,75,5
28,75,6
28,75,7
28,75,8
28,75,9
28,75,10
28,75,11
28,75,12
28,80,0
28,80,1
28,80,2
28,80,3
28,80,4
28,80,5
28,80,6
28,80,7
28,80,8
28,80,9
28,80,10
28,80,11
28,80,12
28,85,0
28,85,1
28,85,2
28,85,3
28,85,4
28,85,5
28,85,6
28,85,7
28,85,8
28,85,9
28,85,10
28,85,11
28,85,12
28,90,0
28,90,1
28,90,2
28,90,3
28,90,4
28,90,5
28,90,6
28,90,7
28,90,8
28,90,9
28,90,10
28,90,11
28,90,12
28,95,0
28,95,1
28,95,2
28,95,3
28,95,4
28,95,5
28,95,6
28,95,7
28,95,8
28,95,9
28,95,10
28,95,11
28,95,12
28,100,0
28,100,1
28,100,2
28,100,3
28,100,4
28,100,5
28,100,6
28,100,7
28,100,8
28,100,9
28,100,10
28,100,11
28,100,12
29,5,0
29,5,1
29,5,2
29,5,3
29,5,4
29,5,5
29,5,6
29,5,7
29,5,8
29,5,9
29,5,10
29,5,11
29,5,12
29,10,0
29,10,1
29,10,2
29,10,3
29,10,4
29,10,5
29,10,6
29,10,7
29,10,8
29,10,9
29,10,10
29,10,11
29,10,12
29,15,0
29,15,1
29,15,2
29,15,3
29,15,4
29,15,5
29,15,6
29,15,7
29,15,8
29,15,9
29,15,10
29,15,11
29,15,12
29,20,0
29,20,1
29,20,2
29,20,3
29,20,4
29,20,5
29,20,6
29,20,7
29,20,8
29,20,9
29,20,10
29,20,11
29,20,12
29,25,0
29,25,1
29,25,2
29,25,3
29,25,4
29,25,5
29,25,6
29,25,7
29,25,8
29,25,9
29,25,10
29,25,11
29,25,12
29,30,0
29,30,1
29,30,2
29,30,3
29,30,4
29,30,5
29,30,6
29,30,7
29,30,8
29,30,9
29,30,10
29,30,11
29,30,12
29,35,0
29,35,1
29,35,2
29,35,3
29,35,4
29,35,5
29,35,6
29,35,7
29,35,8
29,35,9
29,35,10
29,35,11
29,35,12
29,40,0
29,40,1
29,40,2
29,40,3
29,40,4
29,40,5
29,40,6
29,40,7
29,40,8
29,40,9
29,40,10
29,40,11
29,40,12
29,45,0
29,45,1
29,45,2
29,45,3
29,45,4
29,45,5
29,45,6
29,45,7
29,45,8
29,45,9
29,45,10
29,45,11
29,45,12
29,50,0
29,50,1
29,50,2
29,50,3
29,50,4
29,50,5
29,50,6
29,50,7
29,50,8
29,50,9
29,50,10
29,50,11
29,50,12
29,55,0
29,55,1
29,55,2
29,55,3
29,55,4
29,55,5
29,55,6
29,55,7
29,55,8
29,55,9
29,55,10
29,55,11
29,55,12
29,60,0
29,60,1
29,60,2
29,60,3
29,60,4
29,60,5
29,60,6
29,60,7
29,60,8
29,60,9
29,60,10
29,60,11
29,60,12
29,65,0
29,65,1
29,65,2
29,65,3
29,65,4
29,65,5
29,65,6
29,65,7
29,65,8
29,65,9
29,65,10
29,65,11
29,65,12
29,70,0
29,70,1
29,70,2
29,70,3
29,70,4
29,70,5
29,70,6
29,70,7
29,70,8
29,70,9
29,70,10
29,70,11
29,70,12
29,75,0
29,75,1
29,75,2
29,75,3
29,75,4
29,75,5
29,75,6
29,75,7
29,75,8
29,75,9
29,75,10
29,75,11
29,75,12
29,80,0
29,80,1
29,80,2
29,80,3
29,80,4
29,80,5
29,80,6
29,80,7
29,80,8
29,80,9
29,80,10
29,80,11
29,80,12
29,85,0
29,85,1
29,85,2
29,85,3
29,85,4
29,85,5
29,85,6
29,85,7
29,85,8
29,85,9
29,85,10
29,85,11
29,85,12
29,90,0
29,90,1
29,90,2
29,90,3
29,90,4
29,90,5
29,90,6
29,90,7
29,90,8
29,90,9
29,90,10
29,90,11
29,90,12
29,95,0
29,95,1
29,95,2
29,95,3
29,95,4
29,95,5
29,95,6
29,95,7
29,95,8
29,95,9
29,95,10
29,95,11
29,95,12
29,100,0
29,100,1
29,100,2
29,100,3
29,100,4
29,100,5
29,100,6
29,100,7
29,100,8
29,100,9
29,100,10
29,100,11
29,100,12
30,5,0
30,5,1
30,5,2
30,5,3
30,5,4
30,5,5
30,5,6
30,5,7
30,5,8
30,5,9
30,5,10
30,5,11
30,5,12
30,10,0
30,10,1
30,10,2
30,10,3
30,10,4
30,10,5
30,10,6
30,10,7
30,10,8
30,10,9
30,10,10
30,10,11
30,10,12
30,15,0
30,15,1
30,15,2
30,15,3
30,15,4
30,15,5
30,15,6
30,15,7
30,15,8
30,15,9
30,15,10
30,15,11
30,15,12
30,20,0
30,20,1
30,20,2
30,20,3
30,20,4
30,20,5
30,20,6
30,20,7
30,20,8
30,20,9
30,20,10
30,20,11
30,20,12
30,25,0
30,25,1
30,25,2
30,25,3
30,25,4
30,25,5
30,25,6
30,25,7
30,25,8
30,25,9
30,25,10
30,25,11
30,25,12
30,30,0
30,30,1
30,30,2
30,30,3
30,30,4
30,30,5
30,30,6
30,30,7
30,30,8
30,30,9
30,30,10
30,30,11
30,30,12
30,35,0
30,35,1
30,35,2
30,35,3
30,35,4
30,35,5
30,35,6
30,35,7
30,35,8
30,35,9
30,35,10
30,35,11
30,35,12
30,40,0
30,40,1
30,40,2
30,40,3
30,40,4
30,40,5
30,40,6
30,40,7
30,40,8
30,40,9
30,40,10
30,40,11
30,40,12
30,45,0
30,45,1
30,45,2
30,45,3
30,45,4
30,45,5
30,45,6
30,45,7
30,45,8
30,45,9
30,45,10
30,45,11
30,45,12
30,50,0
30,50,1
30,50,2
30,50,3
30,50,4
30,50,5
30,50,6
30,50,7
30,50,8
30,50,9
30,50,10
30,50,11
30,50,12
30,55,0
30,55,1
30,55,2
30,55,3
30,55,4
30,55,5
30,55,6
30,55,7
30,55,8
30,55,9
30,55,10
30,55,11
30,55,12
30,60,0
30,60,1
30,60,2
30,60,3
30,60,4
30,60,5
30,60,6
30,60,7
30,60,8
30,60,9
30,60,10
30,60,11
30,60,12
30,65,0
30,65,1
30,65,2
30,65,3
30,65,4
30,65,5
30,65,6
30,65,7
30,65,8
30,65,9
30,65,10
30,65,11
30,65,12
30,70,0
30,70,1
30,70,2
30,70,3
30,70,4
30,70,5
30,70,6
30,70,7
30,70,8
30,70,9
30,70,10
30,70,11
30,70,12
30,75,0
30,75,1
30,75,2
30,75,3
30,75,4
30,75,5
30,75,6
30,75,7
30,75,8
30,75,9
30,75,10
30,75,11
30,75,12
30,80,0
30,80,1
30,80,2
30,80,3
30,80,4
30,80,5
30,80,6
30,80,7
30,80,8
30,80,9
30,80,10
30,80,11
30,80,12
30,85,0
30,85,1
30,85,2
30,85,3
30,85,4
30,85,5
30,85,6
30,85,7
30,85,8
30,85,9
30,85,10
30,85,11
30,85,12
30,90,0
30,90,1
30,90,2
30,90,3
30,90,4
30,90,5
30,90,6
30,90,7
30,90,8
30,90,9
30,90,10
30,90,11
30,90,12
30,95,0
30,95,1
30,95,2
30,95,3
30,95,4
30,95,5
30,95,6
30,95,7
30,95,8
30,95,9
30,95,10
30,95,11
30,95,12
30,100,0
30,100,1
30,100,2
30,100,3
30,100,4
30,100,5
30,100,6
30,100,7
30,100,8
30,100,9
30,100,10
30,100,11
30,100,12
31,5,0
31,5,1
31,5,2
31,5,3
31,5,4
31,5,5
31,5,6
31,5,7
31,5,8
31,5,9
31,5,10
31,5,11
31,5,12
31,10,0
31,10,1
31,10,2
31,10,3
31,10,4
31,10,5
31,10,6
31,10,7
31,10,8
31,10,9
31,10,10
31,10,11
31,10,12
31,15,0
31,15,1
31,15,2
31,15,3
31,15,4
31,15,5
31,15,6
31,15,7
31,15,8
31,15,9
31,15,10
31,15,11
31,15,12
31,20,0
31,20,1
31,20,2
31,20,3
31,20,4
31,20,5
31,20,6
31,20,7
31,20,8
31,20,9
31,20,10
31,20,11
31,20,12
31,25,0
31,25,1
31,25,2
31,25,3
31,25,4
31,25,5
31,25,6
31,25,7
31,25,8
31,25,9
31,25,10
31,25,11
31,25,12
31,30,0
31,30,1
31,30,2
31,30,3
31,30,4
31,30,5
31,30,6
31,30,7
31,30,8
31,30,9
31,30,10
31,30,11
31,30,12
31,35,0
31,35,1
31,35,2
31,35,3
31,35,4
31,35,5
31,35,6
31,35,7
31,35,8
31,35,9
31,35,10
31,35,11
31,35,12
31,40,0
31,40,1
31,40,2
31,40,3
31,40,4
31,40,5
31,40,6
31,40,7
31,40,8
31,40,9
31,40,10
31,40,11
31,40,12
31,45,0
31,45,1
31,45,2
31,45,3
31,45,4
31,45,5
31,45,6
31,45,7
31,45,8
31,45,9
31,45,10
31,45,11
31,45,12
31,50,0
31,50,1
31,50,2
31,50,3
31,50,4
31,50,5
31,50,6
31,50,7
31,50,8
31,50,9
31,50,10
31,50,11
31,50,12
31,55,0
31,55,1
31,55,2
31,55,3
31,55,4
31,55,5
31,55,6
31,55,7
31,55,8
31,55,9
31,55,10
31,55,11
31,55,12
31,60,0
31,60,1
31,60,2
31,60,3
31,60,4
31,60,5
31,60,6
31,60,7
31,60,8
31,60,9
31,60,10
31,60,11
31,60,12
31,65,0
31,65,1
31,65,2
31,65,3
31,65,4
31,65,5
31,65,6
31,65,7
31,65,8
31,65,9
31,65,10
31,65,11
31,65,12
31,70,0
31,70,1
31,70,2
31,70,3
31,70,4
31,70,5
31,70,6
31,70,7
31,70,8
31,70,9
31,70,10
31,70,11
31,70,12
31,75,0
31,75,1
31,75,2
31,75,3
31,75,4
31,75,5
31,75,6
31,75,7
31,75,8
31,75,9
31,75,10
31,75,11
31,75,12
31,80,0
31,80,1
31,80,2
31,80,3
31,80,4
31,80,5
31,80,6
31,80,7
31,80,8
31,80,9
31,80,10
31,80,11
31,80,12
31,85,0
31,85,1
31,85,2
31,85,3
31,85,4
31,85,5
31,85,6
31,85,7
31,85,8
31,85,9
31,85,10
31,85,11
31,85,12
31,90,0
31,90,1
31,90,2
31,90,3
31,90,4
31,90,5
31,90,6
31,90,7
31,90,8
31,90,9
31,90,10
31,90,11
31,90,12
31,95,0
31,95,1
31,95,2
31,95,3
31,95,4
31,95,5
31,95,6
31,95,7
31,95,8
31,95,9
31,95,10
31,95,11
31,95,12
31,100,0
31,100,1
31,100,2
31,100,3
31,100,4
31,100,5
31,100,6
31,100,7
31,100,8
31,100,9
31,100,10
31,100,11
31,100,12
32,5,0
32,5,1
32,5,2
32,5,3
32,5,4
32,5,5
32,5,6
32,5,7
32,5,8
32,5,9
32,5,10
32,5,11
32,5,12
32,10,0
32,10,1
32,10,2
32,10,3
32,10,4
32,10,5
32,10,6
32,10,7
32,10,8
32,10,9
32,10,10
32,10,11
32,10,12
32,15,0
32,15,1
32,15,2
32,15,3
32,15,4
32,15,5
32,15,6
32,15,7
32,15,8
32,15,9
32,15,10
32,15,11
32,15,12
32,20,0
32,20,1
32,20,2
32,20,3
32,20,4
32,20,5
32,20,6
32,20,7
32,20,8
32,20,9
32,20,10
32,20,11
32,20,12
32,25,0
32,25,1
32,25,2
32,25,3
32,25,4
32,25,5
32,25,6
32,25,7
32,25,8
32,25,9
32,25,10
32,25,11
32,25,12
32,30,0
32,30,1
32,30,2
32,30,3
32,30,4
32,30,5
32,30,6
32,30,7
32,30,8
32,30,9
32,30,10
32,30,11
32,30,12
32,35,0
32,35,1
32,35,2
32,35,3
32,35,4
32,35,5
32,35,6
32,35,7
32,35,8
32,35,9
32,35,10
32,35,11
32,35,12
32,40,0
32,40,1
32,40,2
32,40,3
32,40,4
32,40,5
32,40,6
32,40,7
32,40,8
32,40,9
32,40,10
32,40,11
32,40,12
32,45,0
32,45,1
32,45,2
32,45,3
32,45,4
32,45,5
32,45,6
32,45,7
32,45,8
32,45,9
32,45,10
32,45,11
32,45,12
32,50,0
32,50,1
32,50,2
32,50,3
32,50,4
32,50,5
32,50,6
32,50,7
32,50,8
32,50,9
32,50,10
32,50,11
32,50,12
32,55,0
32,55,1
32,55,2
32,55,3
32,55,4
32,55,5
32,55,6
32,55,7
32,55,8
32,55,9
32,55,10
32,55,11
32,55,12
32,60,0
32,60,1
32,60,2
32,60,3
32,60,4
32,60,5
32,60,6
32,60,7
32,60,8
32,60,9
32,60,10
32,60,11
32,60,12
32,65,0
32,65,1
32,65,2
32,65,3
32,65,4
32,65,5
32,65,6
32,65,7
32,65,8
32,65,9
32,65,10
32,65,11
32,65,12
32,70,0
32,70,1
32,70,2
32,70,3
32,70,4
32,70,5
32,70,6
32,70,7
32,70,8
32,70,9
32,70,10
32,70,11
32,70,12
32,75,0
32,75,1
32,75,2
32,75,3
32,75,4
32,75,5
32,75,6
32,75,7
32,75,8
32,75,9
32,75,10
32,75,11
32,75,12
32,80,0
32,80,1
32,80,2
32,80,3
32,80,4
32,80,5
32,80,6
32,80,7
32,80,8
32,80,9
32,80,10
32,80,11
32,80,12
32,85,0
32,85,1
32,85,2
32,85,3
32,85,4
32,85,5
32,85,6
32,85,7
32,85,8
32,85,9
32,85,10
32,85,11
32,85,12
32,90,0
32,90,1
32,90,2
32,90,3
32,90,4
32,90,5
32,90,6
32,90,7
32,90,8
32,90,9
32,90,10
32,90,11
32,90,12
32,95,0
32,95,1
32,95,2
32,95,3
32,95,4
32,95,5
32,95,6
32,95,7
32,95,8
32,95,9
32,95,10
32,95,11
32,95,12
32,100,0
32,100,1
32,100,2
32,100,3
32,100,4
32,100,5
32,100,6
32,100,7
32,100,8
32,100,9
32,100,10
32,100,11
32,100,12
33,5,0
33,5,1
33,5,2
33,5,3
33,5,4
33,5,5
33,5,6
33,5,7
33,5,8
33,5,9
33,5,10
33,5,11
33,5,12
33,10,0
33,10,1
33,10,2
33,10,3
33,10,4
33,10,5
33,10,6
33,10,7
33,10,8
33,10,9
33,10,10
33,10,11
33,10,12
33,15,0
33,15,1
33,15,2
33,15,3
33,15,4
33,15,5
33,15,6
33,15,7
33,15,8
33,15,9
33,15,10
33,15,11
33,15,12
33,20,0
33,20,1
33,20,2
33,20,3
33,20,4
33,20,5
33,20,6
33,20,7
33,20,8
33,20,9
33,20,10
33,20,11
33,20,12
33,25,0
33,25,1
33,25,2
33,25,3
33,25,4
33,25,5
33,25,6
33,25,7
33,25,8
33,25,9
33,25,10
33,25,11
33,25,12
33,30,0
33,30,1
33,30,2
33,30,3
33,30,4
33,30,5
33,30,6
33,30,7
33,30,8
33,30,9
33,30,10
33,30,11
33,30,12
33,35,0
33,35,1
33,35,2
33,35,3
33,35,4
33,35,5
33,35,6
33,35,7
33,35,8
33,35,9
33,35,10
33,35,11
33,35,12
33,40,0
33,40,1
33,40,2
33,40,3
33,40,4
33,40,5
33,40,6
33,40,7
33,40,8
33,40,9
33,40,10
33,40,11
33,40,12
33,45,0
33,45,1
33,45,2
33,45,3
33,45,4
33,45,5
33,45,6
33,45,7
33,45,8
33,45,9
33,45,10
33,45,11
33,45,12
33,50,0
33,50,1
33,50,2
33,50,3
33,50,4
33,50,5
33,50,6
33,50,7
33,50,8
33,50,9
33,50,10
33,50,11
33,50,12
33,55,0
33,55,1
33,55,2
33,55,3
33,55,4
33,55,5
33,55,6
33,55,7
33,55,8
33,55,9
33,55,10
33,55,11
33,55,12
33,60,0
33,60,1
33,60,2
33,60,3
33,60,4
33,60,5
33,60,6
33,60,7
33,60,8
33,60,9
33,60,10
33,60,11
33,60,12
33,65,0
33,65,1
33,65,2
33,65,3
33,65,4
33,65,5
33,65,6
33,65,7
33,65,8
33,65,9
33,65,10
33,65,11
33,65,12
33,70,0
33,70,1
33,70,2
33,70,3
33,70,4
33,70,5
33,70,6
33,70,7
33,70,8
33,70,9
33,70,10
33,70,11
33,70,12
33,75,0
33,75,1
33,75,2
33,75,3
33,75,4
33,75,5
33,75,6
33,75,7
33,75,8
33,75,9
33,75,10
33,75,11
33,75,12
33,80,0
33,80,1
33,80,2
33,80,3
33,80,4
33,80,5
33,80,6
33,80,7
33,80,8
33,80,9
33,80,10
33,80,11
33,80,12
33,85,0
33,85,1
33,85,2
33,85,3
33,85,4
33,85,5
33,85,6
33,85,7
33,85,8
33,85,9
33,85,10
33,85,11
33,85,12
33,90,0
33,90,1
33,90,2
33,90,3
33,90,4
33,90,5
33,90,6
33,90,7
33,90,8
33,90,9
33,90,10
33,90,11
33,90,12
33,95,0
33,95,1
33,95,2
33,95,3
33,95,4
33,95,5
33,95,6
33,95,7
33,95,8
33,95,9
33,95,10
33,95,11
33,95,12
33,100,0
33,100,1
33,100,2
33,100,3
33,100,4
33,100,5
33,100,6
33,100,7
33,100,8
33,100,9
33,100,10
33,100,11
33,100,12
34,5,0
34,5,1
34,5,2
34,5,3
34,5,4
34,5,5
34,5,6
34,5,7
34,5,8
34,5,9
34,5,10
34,5,11
34,5,12
34,10,0
34,10,1
34,10,2
34,10,3
34,10,4
34,10,5
34,10,6
34,10,7
34,10,8
34,10,9
34,10,10
34,10,11
34,10,12
34,15,0
34,15,1
34,15,2
34,15,3
34,15,4
34,15,5
34,15,6
34,15,7
34,15,8
34,15,9
34,15,10
34,15,11
34,15,12
34,20,0
34,20,1
34,20,2
34,20,3
34,20,4
34,20,5
34,20,6
34,20,7
34,20,8
34,20,9
34,20,10
34,20,11
34,20,12
34,25,0
34,25,1
34,25,2
34,25,3
34,25,4
34,25,5
34,25,6
34,25,7
34,25,8
34,25,9
34,25,10
34,25,11
34,25,12
34,30,0
34,30,1
34,30,2
34,30,3
34,30,4
34,30,5
34,30,6
34,30,7
34,30,8
34,30,9
34,30,10
34,30,11
34,30,12
34,35,0
34,35,1
34,35,2
34,35,3
34,35,4
34,35,5
34,35,6
34,35,7
34,35,8
34,35,9
34,35,10
34,35,11
34,35,12
34,40,0
34,40,1
34,40,2
34,40,3
34,40,4
34,40,5
34,40,6
34,40,7
34,40,8
34,40,9
34,40,10
34,40,11
34,40,12
34,45,0
34,45,1
34,45,2
34,45,3
34,45,4
34,45,5
34,45,6
34,45,7
34,45,8
34,45,9
34,45,10
34,45,11
34,45,12
34,50,0
34,50,1
34,50,2
34,50,3
34,50,4
34,50,5
34,50,6
34,50,7
34,50,8
34,50,9
34,50,10
34,50,11
34,50,12
34,55,0
34,55,1
34,55,2
34,55,3
34,55,4
34,55,5
34,55,6
34,55,7
34,55,8
34,55,9
34,55,10
34,55,11
34,55,12
34,60,0
34,60,1
34,60,2
34,60,3
34,60,4
34,60,5
34,60,6
34,60,7
34,60,8
34,60,9
34,60,10
34,60,11
34,60,12
34,65,0
34,65,1
34,65,2
34,65,3
34,65,4
34,65,5
34,65,6
34,65,7
34,65,8
34,65,9
34,65,10
34,65,11
34,65,12
34,70,0
34,70,1
34,70,2
34,70,3
34,70,4
34,70,5
34,70,6
34,70,7
34,70,8
34,70,9
34,70,10
34,70,11
34,70,12
34,75,0
34,75,1
34,75,2
34,75,3
34,75,4
34,75,5
34,75,6
34,75,7
34,75,8
34,75,9
34,75,10
34,75,11
34,75,12
34,80,0
34,80,1
34,80,2
34,80,3
34,80,4
34,80,5
34,80,6
34,80,7
34,80,8
34,80,9
34,80,10
34,80,11
34,80,12
34,85,0
34,85,1
34,85,2
34,85,3
34,85,4
34,85,5
34,85,6
34,85,7
34,85,8
34,85,9
34,85,10
34,85,11
34,85,12
34,90,0
34,90,1
34,90,2
34,90,3
34,90,4
34,90,5
34,90,6
34,90,7
34,90,8
34,90,9
34,90,10
34,90,11
34,90,12
34,95,0
34,95,1
34,95,2
34,95,3
34,95,4
34,95,5
34,95,6
34,95,7
34,95,8
34,95,9
34,95,10
34,95,11
34,95,12
34,100,0
34,100,1
34,100,2
34,100,3
34,100,4
34,100,5
34,100,6
34,100,7
34,100,8
34,100,9
34,100,10
34,100,11
34,100,12
35,5,0
35,5,1
35,5,2
35,5,3
35,5,4
35,5,5
35,5,6
35,5,7
35,5,8
35,5,9
35,5,10
35,5,11
35,5,12
35,10,0
35,10,1
35,10,2
35,10,3
35,10,4
35,10,5
35,10,6
35,10,7
35,10,8
35,10,9
35,10,10
35,10,11
35,10,12
35,15,0
35,15,1
35,15,2
35,15,3
35,15,4
35,15,5
35,15,6
35,15,7
35,15,8
35,15,9
35,15,10
35,15,11
35,15,12
35,20,0
35,20,1
35,20,2
35,20,3
35,20,4
35,20,5
35,20,6
35,20,7
35,20,8
35,20,9
35,20,10
35,20,11
35,20,12
35,25,0
35,25,1
35,25,2
35,25,3
35,25,4
35,25,5
35,25,6
35,25,7
35,25,8
35,25,9
35,25,10
35,25,11
35,25,12
35,30,0
35,30,1
35,30,2
35,30,3
35,30,4
35,30,5
35,30,6
35,30,7
35,30,8
35,30,9
35,30,10
35,30,11
35,30,12
35,35,0
35,35,1
35,35,2
35,35,3
35,35,4
35,35,5
35,35,6
35,35,7
35,35,8
35,35,9
35,35,10
35,35,11
35,35,12
35,40,0
35,40,1
35,40,2
35,40,3
35,40,4
35,40,5
35,40,6
35,40,7
35,40,8
35,40,9
35,40,10
35,40,11
35,40,12
35,45,0
35,45,1
35,45,2
35,45,3
35,45,4
35,45,5
35,45,6
35,45,7
35,45,8
35,45,9
35,45,10
35,45,11
35,45,12
35,50,0
35,50,1
35,50,2
35,50,3
35,50,4
35,50,5
35,50,6
35,50,7
35,50,8
35,50,9
35,50,10
35,50,11
35,50,12
35,55,0
35,55,1
35,55,2
35,55,3
35,55,4
35,55,5
35,55,6
35,55,7
35,55,8
35,55,9
35,55,10
35,55,11
35,55,12
35,60,0
35,60,1
35,60,2
35,60,3
35,60,4
35,60,5
35,60,6
35,60,7
35,60,8
35,60,9
35,60,10
35,60,11
35,60,12
35,65,0
35,65,1
35,65,2
35,65,3
35,65,4
35,65,5
35,65,6
35,65,7
35,65,8
35,65,9
35,65,10
35,65,11
35,65,12
35,70,0
35,70,1
35,70,2
35,70,3
35,70,4
35,70,5
35,70,6
35,70,7
35,70,8
35,70,9
35,70,10
35,70,11
35,70,12
35,75,0
35,75,1
35,75,2
35,75,3
35,75,4
35,75,5
35,75,6
35,75,7
35,75,8
35,75,9
35,75,10
35,75,11
35,75,12
35,80,0
35,80,1
35,80,2
35,80,3
35,80,4
35,80,5
35,80,6
35,80,7
35,80,8
35,80,9
35,80,10
35,80,11
35,80,12
35,85,0
35,85,1
35,85,2
35,85,3
35,85,4
35,85,5
35,85,6
35,85,7
35,85,8
35,85,9
35,85,10
35,85,11
35,85,12
35,90,0
35,90,1
35,90,2
35,90,3
35,90,4
35,90,5
35,90,6
35,90,7
35,90,8
35,90,9
35,90,10
35,90,11
35,90,12
35,95,0
35,95,1
35,95,2
35,95,3
35,95,4
35,95,5
35,95,6
35,95,7
35,95,8
35,95,9
35,95,10
35,95,11
35,95,12
35,100,0
35,100,1
35,100,2
35,100,3
35,100,4
35,100,5
35,100,6
35,100,7
35,100,8
35,100,9
35,100,10
35,100,11
35,100,12
36,5,0
36,5,1
36,5,2
36,5,3
36,5,4
36,5,5
36,5,6
36,5,7
36,5,8
36,5,9
36,5,10
36,5,11
36,5,12
36,10,0
36,10,1
36,10,2
36,10,3
36,10,4
36,10,5
36,10,6
36,10,7
36,10,8
36,10,9
36,10,10
36,10,11
36,10,12
36,15,0
36,15,1
36,15,2
36,15,3
36,15,4
36,15,5
36,15,6
36,15,7
36,15,8
36,15,9
36,15,10
36,15,11
36,15,12
36,20,0
36,20,1
36,20,2
36,20,3
36,20,4
36,20,5
36,20,6
36,20,7
36,20,8
36,20,9
36,20,10
36,20,11
36,20,12
36,25,0
36,25,1
36,25,2
36,25,3
36,25,4
36,25,5
36,25,6
36,25,7
36,25,8
36,25,9
36,25,10
36,25,11
36,25,12
36,30,0
36,30,1
36,30,2
36,30,3
36,30,4
36,30,5
36,30,6
36,30,7
36,30,8
36,30,9
36,30,10
36,30,11
36,30,12
36,35,0
36,35,1
36,35,2
36,35,3
36,35,4
36,35,5
36,35,6
36,35,7
36,35,8
36,35,9
36,35,10
36,35,11
36,35,12
36,40,0
36,40,1
36,40,2
36,40,3
36,40,4
36,40,5
36,40,6
36,40,7
36,40,8
36,40,9
36,40,10
36,40,11
36,40,12
36,45,0
36,45,1
36,45,2
36,45,3
36,45,4
36,45,5
36,45,6
36,45,7
36,45,8
36,45,9
36,45,10
36,45,11
36,45,12
36,50,0
36,50,1
36,50,2
36,50,3
36,50,4
36,50,5
36,50,6
36,50,7
36,50,8
36,50,9
36,50,10
36,50,11
36,50,12
36,55,0
36,55,1
36,55,2
36,55,3
36,55,4
36,55,5
36,55,6
36,55,7
36,55,8
36,55,9
36,55,10
36,55,11
36,55,12
36,60,0
36,60,1
36,60,2
36,60,3
36,60,4
36,60,5
36,60,6
36,60,7
36,60,8
36,60,9
36,60,10
36,60,11
36,60,12
36,65,0
36,65,1
36,65,2
36,65,3
36,65,4
36,65,5
36,65,6
36,65,7
36,65,8
36,65,9
36,65,10
36,65,11
36,65,12
36,70,0
36,70,1
36,70,2
36,70,3
36,70,4
36,70,5
36,70,6
36,70,7
36,70,8
36,70,9
36,70,10
36,70,11
36,70,12
36,75,0
36,75,1
36,75,2
36,75,3
36,75,4
36,75,5
36,75,6
36,75,7
36,75,8
36,75,9
36,75,10
36,75,11
36,75,12
36,80,0
36,80,1
36,80,2
36,80,3
36,80,4
36,80,5
36,80,6
36,80,7
36,80,8
36,80,9
36,80,10
36,80,11
36,80,12
36,85,0
36,85,1
36,85,2
36,85,3
36,85,4
36,85,5
36,85,6
36,85,7
36,85,8
36,85,9
36,85,10
36,85,11
36,85,12
36,90,0
36,90,1
36,90,2
36,90,3
36,90,4
36,90,5
36,90,6
36,90,7
36,90,8
36,90,9
36,90,10
36,90,11
36,90,12
36,95,0
36,95,1
36,95,2
36,95,3
36,95,4
36,95,5
36,95,6
36,95,7
36,95,8
36,95,9
36,95,10
36,95,11
36,95,12
36,100,0
36,100,1
36,100,2
36,100,3
36,100,4
36,100,5
36,100,6
36,100,7
36,100,8
36,100,9
36,100,10
36,100,11
36,100,12
37,5,0
37,5,1
37,5,2
37,5,3
37,5,4
37,5,5
37,5,6
37,5,7
37,5,8
37,5,9
37,5,10
37,5,11
37,5,12
37,10,0
37,10,1
37,10,2
37,10,3
37,10,4
37,10,5
37,10,6
37,10,7
37,10,8
37,10,9
37,10,10
37,10,11
37,10,12
37,15,0
37,15,1
37,15,2
37,15,3
37,15,4
37,15,5
37,15,6
37,15,7
37,15,8
37,15,9
37,15,10
37,15,11
37,15,12
37,20,0
37,20,1
37,20,2
37,20,3
37,20,4
37,20,5
37,20,6
37,20,7
37,20,8
37,20,9
37,20,10
37,20,11
37,20,12
37,25,0
37,25,1
37,25,2
37,25,3
37,25,4
37,25,5
37,25,6
37,25,7
37,25,8
37,25,9
37,25,10
37,25,11
37,25,12
37,30,0
37,30,1
37,30,2
37,30,3
37,30,4
37,30,5
37,30,6
37,30,7
37,30,8
37,30,9
37,30,10
37,30,11
37,30,12
37,35,0
37,35,1
37,35,2
37,35,3
37,35,4
37,35,5
37,35,6
37,35,7
37,35,8
37,35,9
37,35,10
37,35,11
37,35,12
37,40,0
37,40,1
37,40,2
37,40,3
37,40,4
37,40,5
37,40,6
37,40,7
37,40,8
37,40,9
37,40,10
37,40,11
37,40,12
37,45,0
37,45,1
37,45,2
37,45,3
37,45,4
37,45,5
37,45,6
37,45,7
37,45,8
37,45,9
37,45,10
37,45,11
37,45,12
37,50,0
37,50,1
37,50,2
37,50,3
37,50,4
37,50,5
37,50,6
37,50,7
37,50,8
37,50,9
37,50,10
37,50,11
37,50,12
37,55,0
37,55,1
37,55,2
37,55,3
37,55,4
37,55,5
37,55,6
37,55,7
37,55,8
37,55,9
37,55,10
37,55,11
37,55,12
37,60,0
37,60,1
37,60,2
37,60,3
37,60,4
37,60,5
37,60,6
37,60,7
37,60,8
37,60,9
37,60,10
37,60,11
37,60,12
37,65,0
37,65,1
37,65,2
37,65,3
37,65,4
37,65,5
37,65,6
37,65,7
37,65,8
37,65,9
37,65,10
37,65,11
37,65,12
37,70,0
37,70,1
37,70,2
37,70,3
37,70,4
37,70,5
37,70,6
37,70,7
37,70,8
37,70,9
37,70,10
37,70,11
37,70,12
37,75,0
37,75,1
37,75,2
37,75,3
37,75,4
37,75,5
37,75,6
37,75,7
37,75,8
37,75,9
37,75,10
37,75,11
37,75,12
37,80,0
37,80,1
37,80,2
37,80,3
37,80,4
37,80,5
37,80,6
37,80,7
37,80,8
37,80,9
37,80,10
37,80,11
37,80,12
37,85,0
37,85,1
37,85,2
37,85,3
37,85,4
37,85,5
37,85,6
37,85,7
37,85,8
37,85,9
37,85,10
37,85,11
37,85,12
37,90,0
37,90,1
37,90,2
37,90,3
37,90,4
37,90,5
37,90,6
37,90,7
37,90,8
37,90,9
37,90,10
37,90,11
37,90,12
37,95,0
37,95,1
37,95,2
37,95,3
37,95,4
37,95,5
37,95,6
37,95,7
37,95,8
37,95,9
37,95,10
37,95,11
37,95,12
37,100,0
37,100,1
37,100,2
37,100,3
37,100,4
37,100,5
37,100,6
37,100,7
37,100,8
37,100,9
37,100,10
37,100,11
37,100,12
38,5,0
38,5,1
38,5,2
38,5,3
38,5,4
38,5,5
38,5,6
38,5,7
38,5,8
38,5,9
38,5,10
38,5,11
38,5,12
38,10,0
38,10,1
38,10,2
38,10,3
38,10,4
38,10,5
38,10,6
38,10,7
38,10,8
38,10,9
38,10,10
38,10,11
38,10,12
38,15,0
38,15,1
38,15,2
38,15,3
38,15,4
38,15,5
38,15,6
38,15,7
38,15,8
38,15,9
38,15,10
38,15,11
38,15,12
38,20,0
38,20,1
38,20,2
38,20,3
38,20,4
38,20,5
38,20,6
38,20,7
38,20,8
38,20,9
38,20,10
38,20,11
38,20,12
38,25,0
38,25,1
38,25,2
38,25,3
38,25,4
38,25,5
38,25,6
38,25,7
38,25,8
38,25,9
38,25,10
38,25,11
38,25,12
38,30,0
38,30,1
38,30,2
38,30,3
38,30,4
38,30,5
38,30,6
38,30,7
38,30,8
38,30,9
38,30,10
38,30,11
38,30,12
38,35,0
38,35,1
38,35,2
38,35,3
38,35,4
38,35,5
38,35,6
38,35,7
38,35,8
38,35,9
38,35,10
38,35,11
38,35,12
38,40,0
38,40,1
38,40,2
38,40,3
38,40,4
38,40,5
38,40,6
38,40,7
38,40,8
38,40,9
38,40,10
38,40,11
38,40,12
38,45,0
38,45,1
38,45,2
38,45,3
38,45,4
38,45,5
38,45,6
38,45,7
38,45,8
38,45,9
38,45,10
38,45,11
38,45,12
38,50,0
38,50,1
38,50,2
38,50,3
38,50,4
38,50,5
38,50,6
38,50,7
38,50,8
38,50,9
38,50,10
38,50,11
38,50,12
38,55,0
38,55,1
38,55,2
38,55,3
38,55,4
38,55,5
38,55,6
38,55,7
38,55,8
38,55,9
38,55,10
38,55,11
38,55,12
38,60,0
38,60,1
38,60,2
38,60,3
38,60,4
38,60,5
38,60,6
38,60,7
38,60,8
38,60,9
38,60,10
38,60,11
38,60,12
38,65,0
38,65,1
38,65,2
38,65,3
38,65,4
38,65,5
38,65,6
38,65,7
38,65,8
38,65,9
38,65,10
38,65,11
38,65,12
38,70,0
38,70,1
38,70,2
38,70,3
38,70,4
38,70,5
38,70,6
38,70,7
38,70,8
38,70,9
38,70,10
38,70,11
38,70,12
38,75,0
38,75,1
38,75,2
38,75,3
38,75,4
38,75,5
38,75,6
38,75,7
38,75,8
38,75,9
38,75,10
38,75,11
38,75,12
38,80,0
38,80,1
38,80,2
38,80,3
38,80,4
38,80,5
38,80,6
38,80,7
38,80,8
38,80,9
38,80,10
38,80,11
38,80,12
38,85,0
38,85,1
38,85,2
38,85,3
38,85,4
38,85,5
38,85,6
38,85,7
38,85,8
38,85,9
38,85,10
38,85,11
38,85,12
38,90,0
38,90,1
38,90,2
38,90,3
38,90,4
38,90,5
38,90,6
38,90,7
38,90,8
38,90,9
38,90,10
38,90,11
38,90,12
38,95,0
38,95,1
38,95,2
38,95,3
38,95,4
38,95,5
38,95,6
38,95,7
38,95,8
38,95,9
38,95,10
38,95,11
38,95,12
38,100,0
38,100,1
38,100,2
38,100,3
38,100,4
38,100,5
38,100,6
38,100,7
38,100,8
38,100,9
38,100,10
38,100,11
38,100,12
39,5,0
39,5,1
39,5,2
39,5,3
39,5,4
39,5,5
39,5,6
39,5,7
39,5,8
39,5,9
39,5,10
39,5,11
39,5,12
39,10,0
39,10,1
39,10,2
39,10,3
39,10,4
39,10,5
39,10,6
39,10,7
39,10,8
39,10,9
39,10,10
39,10,11
39,10,12
39,15,0
39,15,1
39,15,2
39,15,3
39,15,4
39,15,5
39,15,6
39,15,7
39,15,8
39,15,9
39,15,10
39,15,11
39,15,12
39,20,0
39,20,1
39,20,2
39,20,3
39,20,4
39,20,5
39,20,6
39,20,7
39,20,8
39,20,9
39,20,10
39,20,11
39,20,12
39,25,0
39,25,1
39,25,2
39,25,3
39,25,4
39,25,5
39,25,6
39,25,7
39,25,8
39,25,9
39,25,10
39,25,11
39,25,12
39,30,0
39,30,1
39,30,2
39,30,3
39,30,4
39,30,5
39,30,6
39,30,7
39,30,8
39,30,9
39,30,10
39,30,11
39,30,12
39,35,0
39,35,1
39,35,2
39,35,3
39,35,4
39,35,5
39,35,6
39,35,7
39,35,8
39,35,9
39,35,10
39,35,11
39,35,12
39,40,0
39,40,1
39,40,2
39,40,3
39,40,4
39,40,5
39,40,6
39,40,7
39,40,8
39,40,9
39,40,10
39,40,11
39,40,12
39,45,0
39,45,1
39,45,2
39,45,3
39,45,4
39,45,5
39,45,6
39,45,7
39,45,8
39,45,9
39,45,10
39,45,11
39,45,12
39,50,0
39,50,1
39,50,2
39,50,3
39,50,4
39,50,5
39,50,6
39,50,7
39,50,8
39,50,9
39,50,10
39,50,11
39,50,12
39,55,0
39,55,1
39,55,2
39,55,3
39,55,4
39,55,5
39,55,6
39,55,7
39,55,8
39,55,9
39,55,10
39,55,11
39,55,12
39,60,0
39,60,1
39,60,2
39,60,3
39,60,4
39,60,5
39,60,6
39,60,7
39,60,8
39,60,9
39,60,10
39,60,11
39,60,12
39,65,0
39,65,1
39,65,2
39,65,3
39,65,4
39,65,5
39,65,6
39,65,7
39,65,8
39,65,9
39,65,10
39,65,11
39,65,12
39,70,0
39,70,1
39,70,2
39,70,3
39,70,4
39,70,5
39,70,6
39,70,7
39,70,8
39,70,9
39,70,10
39,70,11
39,70,12
39,75,0
39,75,1
39,75,2
39,75,3
39,75,4
39,75,5
39,75,6
39,75,7
39,75,8
39,75,9
39,75,10
39,75,11
39,75,12
39,80,0
39,80,1
39,80,2
39,80,3
39,80,4
39,80,5
39,80,6
39,80,7
39,80,8
39,80,9
39,80,10
39,80,11
39,80,12
39,85,0
39,85,1
39,85,2
39,85,3
39,85,4
39,85,5
39,85,6
39,85,7
39,85,8
39,85,9
39,85,10
39,85,11
39,85,12
39,90,0
39,90,1
39,90,2
39,90,3
39,90,4
39,90,5
39,90,6
39,90,7
39,90,8
39,90,9
39,90,10
39,90,11
39,90,12
39,95,0
39,95,1
39,95,2
39,95,3
39,95,4
39,95,5
39,95,6
39,95,7
39,95,8
39,95,9
39,95,10
39,95,11
39,95,12
39,100,0
39,100,1
39,100,2
39,100,3
39,100,4
39,100,5
39,100,6
39,100,7
39,100,8
39,100,9
39,100,10
39,100,11
39,100,12
40,5,0
40,5,1
40,5,2
40,5,3
40,5,4
40,5,5
40,5,6
40,5,7
40,5,8
40,5,9
40,5,10
40,5,11
40,5,12
40,10,0
40,10,1
40,10,2
40,10,3
40,10,4
40,10,5
40,10,6
40,10,7
40,10,8
40,10,9
40,10,10
40,10,11
40,10,12
40,15,0
40,15,1
40,15,2
40,15,3
40,15,4
40,15,5
40,15,6
40,15,7
40,15,8
40,15,9
40,15,10
40,15,11
40,15,12
40,20,0
40,20,1
40,20,2
40,20,3
40,20,4
40,20,5
40,20,6
40,20,7
40,20,8
40,20,9
40,20,10
40,20,11
40,20,12
40,25,0
40,25,1
40,25,2
40,25,3
40,25,4
40,25,5
40,25,6
40,25,7
40,25,8
40,25,9
40,25,10
40,25,11
40,25,12
40,30,0
40,30,1
40,30,2
40,30,3
40,30,4
40,30,5
40,30,6
40,30,7
40,30,8
40,30,9
40,30,10
40,30,11
40,30,12
40,35,0
40,35,1
40,35,2
40,35,3
40,35,4
40,35,5
40,35,6
40,35,7
40,35,8
40,35,9
40,35,10
40,35,11
40,35,12
40,40,0
40,40,1
40,40,2
40,40,3
40,40,4
40,40,5
40,40,6
40,40,7
40,40,8
40,40,9
40,40,10
40,40,11
40,40,12
40,45,0
40,45,1
40,45,2
40,45,3
40,45,4
40,45,5
40,45,6
40,45,7
40,45,8
40,45,9
40,45,10
40,45,11
40,45,12
40,50,0
40,50,1
40,50,2
40,50,3
40,50,4
40,50,5
40,50,6
40,50,7
40,50,8
40,50,9
40,50,10
40,50,11
40,50,12
40,55,0
40,55,1
40,55,2
40,55,3
40,55,4
40,55,5
40,55,6
40,55,7
40,55,8
40,55,9
40,55,10
40,55,11
40,55,12
40,60,0
40,60,1
40,60,2
40,60,3
40,60,4
40,60,5
40,60,6
40,60,7
40,60,8
40,60,9
40,60,10
40,60,11
40,60,12
40,65,0
40,65,1
40,65,2
40,65,3
40,65,4
40,65,5
40,65,6
40,65,7
40,65,8
40,65,9
40,65,10
40,65,11
40,65,12
40,70,0
40,70,1
40,70,2
40,70,3
40,70,4
40,70,5
40,70,6
40,70,7
40,70,8
40,70,9
40,70,10
40,70,11
40,70,12
40,75,0
40,75,1
40,75,2
40,75,3
40,75,4
40,75,5
40,75,6
40,75,7
40,75,8
40,75,9
40,75,10
40,75,11
40,75,12
40,80,0
40,80,1
40,80,2
40,80,3
40,80,4
40,80,5
40,80,6
40,80,7
40,80,8
40,80,9
40,80,10
40,80,11
40,80,12
40,85,0
40,85,1
40,85,2
40,85,3
40,85,4
40,85,5
40,85,6
40,85,7
40,85,8
40,85,9
40,85,10
40,85,11
40,85,12
40,90,0
40,90,1
40,90,2
40,90,3
40,90,4
40,90,5
40,90,6
40,90,7
40,90,8
40,90,9
40,90,10
40,90,11
40,90,12
40,95,0
40,95,1
40,95,2
40,95,3
40,95,4
40,95,5
40,95,6
40,95,7
40,95,8
40,95,9
40,95,10
40,95,11
40,95,12
40,100,0
40,100,1
40,100,2
40,100,3
40,100,4
40,100,5
40,100,6
40,100,7
40,100,8
40,100,9
40,100,10
40,100,11
40,100,12
