20,5,5,10,10,10,10,1
20,5,5,10,10,10,10,2
20,5,5,10,10,10,10,3
20,5,5,10,10,10,10,4
20,5,5,10,10,10,10,5
20,5,5,10,10,10,10,6
20,5,5,10,10,10,10,7
20,5,5,10,10,10,10,8
20,5,5,10,10,10,10,9
20,5,5,10,10,10,10,10
20,5,5,10,10,10,10,11
20,5,5,10,10,10,10,12
20,5,5,10,10,10,10,13
20,5,5,10,10,10,10,14
20,5,5,10,10,10,10,15
20,5,5,10,10,10,10,16
20,5,5,10,10,10,10,17
20,5,5,10,10,10,10,18
20,5,5,10,10,10,10,19
20,5,5,10,10,10,10,20
20,5,5,10,10,10,10.1,1
20,5,5,10,10,10,10.1,2
20,5,5,10,10,10,10.1,3
20,5,5,10,10,10,10.1,4
20,5,5,10,10,10,10.1,5
20,5,5,10,10,10,10.1,6
20,5,5,10,10,10,10.1,7
20,5,5,10,10,10,10.1,8
20,5,5,10,10,10,10.1,9
20,5,5,10,10,10,10.1,10
20,5,5,10,10,10,10.1,11
20,5,5,10,10,10,10.1,12
20,5,5,10,10,10,10.1,13
20,5,5,10,10,10,10.1,14
20,5,5,10,10,10,10.1,15
20,5,5,10,10,10,10.1,16
20,5,5,10,10,10,10.1,17
20,5,5,10,10,10,10.1,18
20,5,5,10,10,10,10.1,19
20,5,5,10,10,10,10.1,20
20,5,5,10,10,10,10.2,1
20,5,5,10,10,10,10.2,2
20,5,5,10,10,10,10.2,3
20,5,5,10,10,10,10.2,4
20,5,5,10,10,10,10.2,5
20,5,5,10,10,10,10.2,6
20,5,5,10,10,10,10.2,7
20,5,5,10,10,10,10.2,8
20,5,5,10,10,10,10.2,9
20,5,5,10,10,10,10.2,10
20,5,5,10,10,10,10.2,11
20,5,5,10,10,10,10.2,12
20,5,5,10,10,10,10.2,13
20,5,5,10,10,10,10.2,14
20,5,5,10,10,10,10.2,15
20,5,5,10,10,10,10.2,16
20,5,5,10,10,10,10.2,17
20,5,5,10,10,10,10.2,18
20,5,5,10,10,10,10.2,19
20,5,5,10,10,10,10.2,20
20,5,5,10,10,10,10.3,1
20,5,5,10,10,10,10.3,2
20,5,5,10,10,10,10.3,3
20,5,5,10,10,10,10.3,4
20,5,5,10,10,10,10.3,5
20,5,5,10,10,10,10.3,6
20,5,5,10,10,10,10.3,7
20,5,5,10,10,10,10.3,8
20,5,5,10,10,10,10.3,9
20,5,5,10,10,10,10.3,10
20,5,5,10,10,10,10.3,11
20,5,5,10,10,10,10.3,12
20,5,5,10,10,10,10.3,13
20,5,5,10,10,10,10.3,14
20,5,5,10,10,10,10.3,15
20,5,5,10,10,10,10.3,16
20,5,5,10,10,10,10.3,17
20,5,5,10,10,10,10.3,18
20,5,5,10,10,10,10.3,19
20,5,5,10,10,10,10.3,20
20,5,5,10,10,10,10.4,1
20,5,5,10,10,10,10.4,2
20,5,5,10,10,10,10.4,3
20,5,5,10,10,10,10.4,4
20,5,5,10,10,10,10.4,5
20,5,5,10,10,10,10.4,6
20,5,5,10,10,10,10.4,7
20,5,5,10,10,10,10.4,8
20,5,5,10,10,10,10.4,9
20,5,5,10,10,10,10.4,10
20,5,5,10,10,10,10.4,11
20,5,5,10,10,10,10.4,12
20,5,5,10,10,10,10.4,13
20,5,5,10,10,10,10.4,14
20,5,5,10,10,10,10.4,15
20,5,5,10,10,10,10.4,16
20,5,5,10,10,10,10.4,17
20,5,5,10,10,10,10.4,18
20,5,5,10,10,10,10.4,19
20,5,5,10,10,10,10.4,20
20,5,5,10,10,10,10.5,1
20,5,5,10,10,10,10.5,2
20,5,5,10,10,10,10.5,3
20,5,5,10,10,10,10.5,4
20,5,5,10,10,10,10.5,5
20,5,5,10,10,10,10.5,6
20,5,5,10,10,10,10.5,7
20,5,5,10,10,10,10.5,8
20,5,5,10,10,10,10.5,9
20,5,5,10,10,10,10.5,10
20,5,5,10,10,10,10.5,11
20,5,5,10,10,10,10.5,12
20,5,5,10,10,10,10.5,13
20,5,5,10,10,10,10.5,14
20,5,5,10,10,10,10.5,15
20,5,5,10,10,10,10.5,16
20,5,5,10,10,10,10.5,17
20,5,5,10,10,10,10.5,18
20,5,5,10,10,10,10.5,19
20,5,5,10,10,10,10.5,20
20,5,5,10,10,10,10.6,1
20,5,5,10,10,10,10.6,2
20,5,5,10,10,10,10.6,3
20,5,5,10,10,10,10.6,4
20,5,5,10,10,10,10.6,5
20,5,5,10,10,10,10.6,6
20,5,5,10,10,10,10.6,7
20,5,5,10,10,10,10.6,8
20,5,5,10,10,10,10.6,9
20,5,5,10,10,10,10.6,10
20,5,5,10,10,10,10.6,11
20,5,5,10,10,10,10.6,12
20,5,5,10,10,10,10.6,13
20,5,5,10,10,10,10.6,14
20,5,5,10,10,10,10.6,15
20,5,5,10,10,10,10.6,16
20,5,5,10,10,10,10.6,17
20,5,5,10,10,10,10.6,18
20,5,5,10,10,10,10.6,19
20,5,5,10,10,10,10.6,20
20,5,5,10,10,10,10.7,1
20,5,5,10,10,10,10.7,2
20,5,5,10,10,10,10.7,3
20,5,5,10,10,10,10.7,4
20,5,5,10,10,10,10.7,5
20,5,5,10,10,10,10.7,6
20,5,5,10,10,10,10.7,7
20,5,5,10,10,10,10.7,8
20,5,5,10,10,10,10.7,9
20,5,5,10,10,10,10.7,10
20,5,5,10,10,10,10.7,11
20,5,5,10,10,10,10.7,12
20,5,5,10,10,10,10.7,13
20,5,5,10,10,10,10.7,14
20,5,5,10,10,10,10.7,15
20,5,5,10,10,10,10.7,16
20,5,5,10,10,10,10.7,17
20,5,5,10,10,10,10.7,18
20,5,5,10,10,10,10.7,19
20,5,5,10,10,10,10.7,20
20,5,5,10,10,10,10.8,1
20,5,5,10,10,10,10.8,2
20,5,5,10,10,10,10.8,3
20,5,5,10,10,10,10.8,4
20,5,5,10,10,10,10.8,5
20,5,5,10,10,10,10.8,6
20,5,5,10,10,10,10.8,7
20,5,5,10,10,10,10.8,8
20,5,5,10,10,10,10.8,9
20,5,5,10,10,10,10.8,10
20,5,5,10,10,10,10.8,11
20,5,5,10,10,10,10.8,12
20,5,5,10,10,10,10.8,13
20,5,5,10,10,10,10.8,14
20,5,5,10,10,10,10.8,15
20,5,5,10,10,10,10.8,16
20,5,5,10,10,10,10.8,17
20,5,5,10,10,10,10.8,18
20,5,5,10,10,10,10.8,19
20,5,5,10,10,10,10.8,20
20,5,5,10,10,10,10.9,1
20,5,5,10,10,10,10.9,2
20,5,5,10,10,10,10.9,3
20,5,5,10,10,10,10.9,4
20,5,5,10,10,10,10.9,5
20,5,5,10,10,10,10.9,6
20,5,5,10,10,10,10.9,7
20,5,5,10,10,10,10.9,8
20,5,5,10,10,10,10.9,9
20,5,5,10,10,10,10.9,10
20,5,5,10,10,10,10.9,11
20,5,5,10,10,10,10.9,12
20,5,5,10,10,10,10.9,13
20,5,5,10,10,10,10.9,14
20,5,5,10,10,10,10.9,15
20,5,5,10,10,10,10.9,16
20,5,5,10,10,10,10.9,17
20,5,5,10,10,10,10.9,18
20,5,5,10,10,10,10.9,19
20,5,5,10,10,10,10.9,20
20,5,5,10,10,10,11,1
20,5,5,10,10,10,11,2
20,5,5,10,10,10,11,3
20,5,5,10,10,10,11,4
20,5,5,10,10,10,11,5
20,5,5,10,10,10,11,6
20,5,5,10,10,10,11,7
20,5,5,10,10,10,11,8
20,5,5,10,10,10,11,9
20,5,5,10,10,10,11,10
20,5,5,10,10,10,11,11
20,5,5,10,10,10,11,12
20,5,5,10,10,10,11,13
20,5,5,10,10,10,11,14
20,5,5,10,10,10,11,15
20,5,5,10,10,10,11,16
20,5,5,10,10,10,11,17
20,5,5,10,10,10,11,18
20,5,5,10,10,10,11,19
20,5,5,10,10,10,11,20
20,5,5,10,10,10,11.1,1
20,5,5,10,10,10,11.1,2
20,5,5,10,10,10,11.1,3
20,5,5,10,10,10,11.1,4
20,5,5,10,10,10,11.1,5
20,5,5,10,10,10,11.1,6
20,5,5,10,10,10,11.1,7
20,5,5,10,10,10,11.1,8
20,5,5,10,10,10,11.1,9
20,5,5,10,10,10,11.1,10
20,5,5,10,10,10,11.1,11
20,5,5,10,10,10,11.1,12
20,5,5,10,10,10,11.1,13
20,5,5,10,10,10,11.1,14
20,5,5,10,10,10,11.1,15
20,5,5,10,10,10,11.1,16
20,5,5,10,10,10,11.1,17
20,5,5,10,10,10,11.1,18
20,5,5,10,10,10,11.1,19
20,5,5,10,10,10,11.1,20
20,5,5,10,10,10,11.2,1
20,5,5,10,10,10,11.2,2
20,5,5,10,10,10,11.2,3
20,5,5,10,10,10,11.2,4
20,5,5,10,10,10,11.2,5
20,5,5,10,10,10,11.2,6
20,5,5,10,10,10,11.2,7
20,5,5,10,10,10,11.2,8
20,5,5,10,10,10,11.2,9
20,5,5,10,10,10,11.2,10
20,5,5,10,10,10,11.2,11
20,5,5,10,10,10,11.2,12
20,5,5,10,10,10,11.2,13
20,5,5,10,10,10,11.2,14
20,5,5,10,10,10,11.2,15
20,5,5,10,10,10,11.2,16
20,5,5,10,10,10,11.2,17
20,5,5,10,10,10,11.2,18
20,5,5,10,10,10,11.2,19
20,5,5,10,10,10,11.2,20
20,5,5,10,10,10,11.3,1
20,5,5,10,10,10,11.3,2
20,5,5,10,10,10,11.3,3
20,5,5,10,10,10,11.3,4
20,5,5,10,10,10,11.3,5
20,5,5,10,10,10,11.3,6
20,5,5,10,10,10,11.3,7
20,5,5,10,10,10,11.3,8
20,5,5,10,10,10,11.3,9
20,5,5,10,10,10,11.3,10
20,5,5,10,10,10,11.3,11
20,5,5,10,10,10,11.3,12
20,5,5,10,10,10,11.3,13
20,5,5,10,10,10,11.3,14
20,5,5,10,10,10,11.3,15
20,5,5,10,10,10,11.3,16
20,5,5,10,10,10,11.3,17
20,5,5,10,10,10,11.3,18
20,5,5,10,10,10,11.3,19
20,5,5,10,10,10,11.3,20
20,5,5,10,10,10,11.4,1
20,5,5,10,10,10,11.4,2
20,5,5,10,10,10,11.4,3
20,5,5,10,10,10,11.4,4
20,5,5,10,10,10,11.4,5
20,5,5,10,10,10,11.4,6
20,5,5,10,10,10,11.4,7
20,5,5,10,10,10,11.4,8
20,5,5,10,10,10,11.4,9
20,5,5,10,10,10,11.4,10
20,5,5,10,10,10,11.4,11
20,5,5,10,10,10,11.4,12
20,5,5,10,10,10,11.4,13
20,5,5,10,10,10,11.4,14
20,5,5,10,10,10,11.4,15
20,5,5,10,10,10,11.4,16
20,5,5,10,10,10,11.4,17
20,5,5,10,10,10,11.4,18
20,5,5,10,10,10,11.4,19
20,5,5,10,10,10,11.4,20
20,5,5,10,10,10,11.5,1
20,5,5,10,10,10,11.5,2
20,5,5,10,10,10,11.5,3
20,5,5,10,10,10,11.5,4
20,5,5,10,10,10,11.5,5
20,5,5,10,10,10,11.5,6
20,5,5,10,10,10,11.5,7
20,5,5,10,10,10,11.5,8
20,5,5,10,10,10,11.5,9
20,5,5,10,10,10,11.5,10
20,5,5,10,10,10,11.5,11
20,5,5,10,10,10,11.5,12
20,5,5,10,10,10,11.5,13
20,5,5,10,10,10,11.5,14
20,5,5,10,10,10,11.5,15
20,5,5,10,10,10,11.5,16
20,5,5,10,10,10,11.5,17
20,5,5,10,10,10,11.5,18
20,5,5,10,10,10,11.5,19
20,5,5,10,10,10,11.5,20
20,5,5,10,10,10,11.6,1
20,5,5,10,10,10,11.6,2
20,5,5,10,10,10,11.6,3
20,5,5,10,10,10,11.6,4
20,5,5,10,10,10,11.6,5
20,5,5,10,10,10,11.6,6
20,5,5,10,10,10,11.6,7
20,5,5,10,10,10,11.6,8
20,5,5,10,10,10,11.6,9
20,5,5,10,10,10,11.6,10
20,5,5,10,10,10,11.6,11
20,5,5,10,10,10,11.6,12
20,5,5,10,10,10,11.6,13
20,5,5,10,10,10,11.6,14
20,5,5,10,10,10,11.6,15
20,5,5,10,10,10,11.6,16
20,5,5,10,10,10,11.6,17
20,5,5,10,10,10,11.6,18
20,5,5,10,10,10,11.6,19
20,5,5,10,10,10,11.6,20
20,5,5,10,10,10,11.7,1
20,5,5,10,10,10,11.7,2
20,5,5,10,10,10,11.7,3
20,5,5,10,10,10,11.7,4
20,5,5,10,10,10,11.7,5
20,5,5,10,10,10,11.7,6
20,5,5,10,10,10,11.7,7
20,5,5,10,10,10,11.7,8
20,5,5,10,10,10,11.7,9
20,5,5,10,10,10,11.7,10
20,5,5,10,10,10,11.7,11
20,5,5,10,10,10,11.7,12
20,5,5,10,10,10,11.7,13
20,5,5,10,10,10,11.7,14
20,5,5,10,10,10,11.7,15
20,5,5,10,10,10,11.7,16
20,5,5,10,10,10,11.7,17
20,5,5,10,10,10,11.7,18
20,5,5,10,10,10,11.7,19
20,5,5,10,10,10,11.7,20
20,5,5,10,10,10,11.8,1
20,5,5,10,10,10,11.8,2
20,5,5,10,10,10,11.8,3
20,5,5,10,10,10,11.8,4
20,5,5,10,10,10,11.8,5
20,5,5,10,10,10,11.8,6
20,5,5,10,10,10,11.8,7
20,5,5,10,10,10,11.8,8
20,5,5,10,10,10,11.8,9
20,5,5,10,10,10,11.8,10
20,5,5,10,10,10,11.8,11
20,5,5,10,10,10,11.8,12
20,5,5,10,10,10,11.8,13
20,5,5,10,10,10,11.8,14
20,5,5,10,10,10,11.8,15
20,5,5,10,10,10,11.8,16
20,5,5,10,10,10,11.8,17
20,5,5,10,10,10,11.8,18
20,5,5,10,10,10,11.8,19
20,5,5,10,10,10,11.8,20
20,5,5,10,10,10,11.9,1
20,5,5,10,10,10,11.9,2
20,5,5,10,10,10,11.9,3
20,5,5,10,10,10,11.9,4
20,5,5,10,10,10,11.9,5
20,5,5,10,10,10,11.9,6
20,5,5,10,10,10,11.9,7
20,5,5,10,10,10,11.9,8
20,5,5,10,10,10,11.9,9
20,5,5,10,10,10,11.9,10
20,5,5,10,10,10,11.9,11
20,5,5,10,10,10,11.9,12
20,5,5,10,10,10,11.9,13
20,5,5,10,10,10,11.9,14
20,5,5,10,10,10,11.9,15
20,5,5,10,10,10,11.9,16
20,5,5,10,10,10,11.9,17
20,5,5,10,10,10,11.9,18
20,5,5,10,10,10,11.9,19
20,5,5,10,10,10,11.9,20
20,5,5,10,10,10,12,1
20,5,5,10,10,10,12,2
20,5,5,10,10,10,12,3
20,5,5,10,10,10,12,4
20,5,5,10,10,10,12,5
20,5,5,10,10,10,12,6
20,5,5,10,10,10,12,7
20,5,5,10,10,10,12,8
20,5,5,10,10,10,12,9
20,5,5,10,10,10,12,10
20,5,5,10,10,10,12,11
20,5,5,10,10,10,12,12
20,5,5,10,10,10,12,13
20,5,5,10,10,10,12,14
20,5,5,10,10,10,12,15
20,5,5,10,10,10,12,16
20,5,5,10,10,10,12,17
20,5,5,10,10,10,12,18
20,5,5,10,10,10,12,19
20,5,5,10,10,10,12,20
20,5,5,10,10,10,12.1,1
20,5,5,10,10,10,12.1,2
20,5,5,10,10,10,12.1,3
20,5,5,10,10,10,12.1,4
20,5,5,10,10,10,12.1,5
20,5,5,10,10,10,12.1,6
20,5,5,10,10,10,12.1,7
20,5,5,10,10,10,12.1,8
20,5,5,10,10,10,12.1,9
20,5,5,10,10,10,12.1,10
20,5,5,10,10,10,12.1,11
20,5,5,10,10,10,12.1,12
20,5,5,10,10,10,12.1,13
20,5,5,10,10,10,12.1,14
20,5,5,10,10,10,12.1,15
20,5,5,10,10,10,12.1,16
20,5,5,10,10,10,12.1,17
20,5,5,10,10,10,12.1,18
20,5,5,10,10,10,12.1,19
20,5,5,10,10,10,12.1,20
20,5,5,10,10,10,12.2,1
20,5,5,10,10,10,12.2,2
20,5,5,10,10,10,12.2,3
20,5,5,10,10,10,12.2,4
20,5,5,10,10,10,12.2,5
20,5,5,10,10,10,12.2,6
20,5,5,10,10,10,12.2,7
20,5,5,10,10,10,12.2,8
20,5,5,10,10,10,12.2,9
20,5,5,10,10,10,12.2,10
20,5,5,10,10,10,12.2,11
20,5,5,10,10,10,12.2,12
20,5,5,10,10,10,12.2,13
20,5,5,10,10,10,12.2,14
20,5,5,10,10,10,12.2,15
20,5,5,10,10,10,12.2,16
20,5,5,10,10,10,12.2,17
20,5,5,10,10,10,12.2,18
20,5,5,10,10,10,12.2,19
20,5,5,10,10,10,12.2,20
20,5,5,10,10,10,12.3,1
20,5,5,10,10,10,12.3,2
20,5,5,10,10,10,12.3,3
20,5,5,10,10,10,12.3,4
20,5,5,10,10,10,12.3,5
20,5,5,10,10,10,12.3,6
20,5,5,10,10,10,12.3,7
20,5,5,10,10,10,12.3,8
20,5,5,10,10,10,12.3,9
20,5,5,10,10,10,12.3,10
20,5,5,10,10,10,12.3,11
20,5,5,10,10,10,12.3,12
20,5,5,10,10,10,12.3,13
20,5,5,10,10,10,12.3,14
20,5,5,10,10,10,12.3,15
20,5,5,10,10,10,12.3,16
20,5,5,10,10,10,12.3,17
20,5,5,10,10,10,12.3,18
20,5,5,10,10,10,12.3,19
20,5,5,10,10,10,12.3,20
20,5,5,10,10,10,12.4,1
20,5,5,10,10,10,12.4,2
20,5,5,10,10,10,12.4,3
20,5,5,10,10,10,12.4,4
20,5,5,10,10,10,12.4,5
20,5,5,10,10,10,12.4,6
20,5,5,10,10,10,12.4,7
20,5,5,10,10,10,12.4,8
20,5,5,10,10,10,12.4,9
20,5,5,10,10,10,12.4,10
20,5,5,10,10,10,12.4,11
20,5,5,10,10,10,12.4,12
20,5,5,10,10,10,12.4,13
20,5,5,10,10,10,12.4,14
20,5,5,10,10,10,12.4,15
20,5,5,10,10,10,12.4,16
20,5,5,10,10,10,12.4,17
20,5,5,10,10,10,12.4,18
20,5,5,10,10,10,12.4,19
20,5,5,10,10,10,12.4,20
20,5,5,10,10,10,12.5,1
20,5,5,10,10,10,12.5,2
20,5,5,10,10,10,12.5,3
20,5,5,10,10,10,12.5,4
20,5,5,10,10,10,12.5,5
20,5,5,10,10,10,12.5,6
20,5,5,10,10,10,12.5,7
20,5,5,10,10,10,12.5,8
20,5,5,10,10,10,12.5,9
20,5,5,10,10,10,12.5,10
20,5,5,10,10,10,12.5,11
20,5,5,10,10,10,12.5,12
20,5,5,10,10,10,12.5,13
20,5,5,10,10,10,12.5,14
20,5,5,10,10,10,12.5,15
20,5,5,10,10,10,12.5,16
20,5,5,10,10,10,12.5,17
20,5,5,10,10,10,12.5,18
20,5,5,10,10,10,12.5,19
20,5,5,10,10,10,12.5,20
20,5,5,10,10,10,12.6,1
20,5,5,10,10,10,12.6,2
20,5,5,10,10,10,12.6,3
20,5,5,10,10,10,12.6,4
20,5,5,10,10,10,12.6,5
20,5,5,10,10,10,12.6,6
20,5,5,10,10,10,12.6,7
20,5,5,10,10,10,12.6,8
20,5,5,10,10,10,12.6,9
20,5,5,10,10,10,12.6,10
20,5,5,10,10,10,12.6,11
20,5,5,10,10,10,12.6,12
20,5,5,10,10,10,12.6,13
20,5,5,10,10,10,12.6,14
20,5,5,10,10,10,12.6,15
20,5,5,10,10,10,12.6,16
20,5,5,10,10,10,12.6,17
20,5,5,10,10,10,12.6,18
20,5,5,10,10,10,12.6,19
20,5,5,10,10,10,12.6,20
20,5,5,10,10,10,12.7,1
20,5,5,10,10,10,12.7,2
20,5,5,10,10,10,12.7,3
20,5,5,10,10,10,12.7,4
20,5,5,10,10,10,12.7,5
20,5,5,10,10,10,12.7,6
20,5,5,10,10,10,12.7,7
20,5,5,10,10,10,12.7,8
20,5,5,10,10,10,12.7,9
20,5,5,10,10,10,12.7,10
20,5,5,10,10,10,12.7,11
20,5,5,10,10,10,12.7,12
20,5,5,10,10,10,12.7,13
20,5,5,10,10,10,12.7,14
20,5,5,10,10,10,12.7,15
20,5,5,10,10,10,12.7,16
20,5,5,10,10,10,12.7,17
20,5,5,10,10,10,12.7,18
20,5,5,10,10,10,12.7,19
20,5,5,10,10,10,12.7,20
20,5,5,10,10,10,12.8,1
20,5,5,10,10,10,12.8,2
20,5,5,10,10,10,12.8,3
20,5,5,10,10,10,12.8,4
20,5,5,10,10,10,12.8,5
20,5,5,10,10,10,12.8,6
20,5,5,10,10,10,12.8,7
20,5,5,10,10,10,12.8,8
20,5,5,10,10,10,12.8,9
20,5,5,10,10,10,12.8,10
20,5,5,10,10,10,12.8,11
20,5,5,10,10,10,12.8,12
20,5,5,10,10,10,12.8,13
20,5,5,10,10,10,12.8,14
20,5,5,10,10,10,12.8,15
20,5,5,10,10,10,12.8,16
20,5,5,10,10,10,12.8,17
20,5,5,10,10,10,12.8,18
20,5,5,10,10,10,12.8,19
20,5,5,10,10,10,12.8,20
20,5,5,10,10,10,12.9,1
20,5,5,10,10,10,12.9,2
20,5,5,10,10,10,12.9,3
20,5,5,10,10,10,12.9,4
20,5,5,10,10,10,12.9,5
20,5,5,10,10,10,12.9,6
20,5,5,10,10,10,12.9,7
20,5,5,10,10,10,12.9,8
20,5,5,10,10,10,12.9,9
20,5,5,10,10,10,12.9,10
20,5,5,10,10,10,12.9,11
20,5,5,10,10,10,12.9,12
20,5,5,10,10,10,12.9,13
20,5,5,10,10,10,12.9,14
20,5,5,10,10,10,12.9,15
20,5,5,10,10,10,12.9,16
20,5,5,10,10,10,12.9,17
20,5,5,10,10,10,12.9,18
20,5,5,10,10,10,12.9,19
20,5,5,10,10,10,12.9,20
20,5,5,10,10,10,13,1
20,5,5,10,10,10,13,2
20,5,5,10,10,10,13,3
20,5,5,10,10,10,13,4
20,5,5,10,10,10,13,5
20,5,5,10,10,10,13,6
20,5,5,10,10,10,13,7
20,5,5,10,10,10,13,8
20,5,5,10,10,10,13,9
20,5,5,10,10,10,13,10
20,5,5,10,10,10,13,11
20,5,5,10,10,10,13,12
20,5,5,10,10,10,13,13
20,5,5,10,10,10,13,14
20,5,5,10,10,10,13,15
20,5,5,10,10,10,13,16
20,5,5,10,10,10,13,17
20,5,5,10,10,10,13,18
20,5,5,10,10,10,13,19
20,5,5,10,10,10,13,20
20,5,5,10,10,10,13.1,1
20,5,5,10,10,10,13.1,2
20,5,5,10,10,10,13.1,3
20,5,5,10,10,10,13.1,4
20,5,5,10,10,10,13.1,5
20,5,5,10,10,10,13.1,6
20,5,5,10,10,10,13.1,7
20,5,5,10,10,10,13.1,8
20,5,5,10,10,10,13.1,9
20,5,5,10,10,10,13.1,10
20,5,5,10,10,10,13.1,11
20,5,5,10,10,10,13.1,12
20,5,5,10,10,10,13.1,13
20,5,5,10,10,10,13.1,14
20,5,5,10,10,10,13.1,15
20,5,5,10,10,10,13.1,16
20,5,5,10,10,10,13.1,17
20,5,5,10,10,10,13.1,18
20,5,5,10,10,10,13.1,19
20,5,5,10,10,10,13.1,20
20,5,5,10,10,10,13.2,1
20,5,5,10,10,10,13.2,2
20,5,5,10,10,10,13.2,3
20,5,5,10,10,10,13.2,4
20,5,5,10,10,10,13.2,5
20,5,5,10,10,10,13.2,6
20,5,5,10,10,10,13.2,7
20,5,5,10,10,10,13.2,8
20,5,5,10,10,10,13.2,9
20,5,5,10,10,10,13.2,10
20,5,5,10,10,10,13.2,11
20,5,5,10,10,10,13.2,12
20,5,5,10,10,10,13.2,13
20,5,5,10,10,10,13.2,14
20,5,5,10,10,10,13.2,15
20,5,5,10,10,10,13.2,16
20,5,5,10,10,10,13.2,17
20,5,5,10,10,10,13.2,18
20,5,5,10,10,10,13.2,19
20,5,5,10,10,10,13.2,20
20,5,5,10,10,10,13.3,1
20,5,5,10,10,10,13.3,2
20,5,5,10,10,10,13.3,3
20,5,5,10,10,10,13.3,4
20,5,5,10,10,10,13.3,5
20,5,5,10,10,10,13.3,6
20,5,5,10,10,10,13.3,7
20,5,5,10,10,10,13.3,8
20,5,5,10,10,10,13.3,9
20,5,5,10,10,10,13.3,10
20,5,5,10,10,10,13.3,11
20,5,5,10,10,10,13.3,12
20,5,5,10,10,10,13.3,13
20,5,5,10,10,10,13.3,14
20,5,5,10,10,10,13.3,15
20,5,5,10,10,10,13.3,16
20,5,5,10,10,10,13.3,17
20,5,5,10,10,10,13.3,18
20,5,5,10,10,10,13.3,19
20,5,5,10,10,10,13.3,20
20,5,5,10,10,10,13.4,1
20,5,5,10,10,10,13.4,2
20,5,5,10,10,10,13.4,3
20,5,5,10,10,10,13.4,4
20,5,5,10,10,10,13.4,5
20,5,5,10,10,10,13.4,6
20,5,5,10,10,10,13.4,7
20,5,5,10,10,10,13.4,8
20,5,5,10,10,10,13.4,9
20,5,5,10,10,10,13.4,10
20,5,5,10,10,10,13.4,11
20,5,5,10,10,10,13.4,12
20,5,5,10,10,10,13.4,13
20,5,5,10,10,10,13.4,14
20,5,5,10,10,10,13.4,15
20,5,5,10,10,10,13.4,16
20,5,5,10,10,10,13.4,17
20,5,5,10,10,10,13.4,18
20,5,5,10,10,10,13.4,19
20,5,5,10,10,10,13.4,20
20,5,5,10,10,10,13.5,1
20,5,5,10,10,10,13.5,2
20,5,5,10,10,10,13.5,3
20,5,5,10,10,10,13.5,4
20,5,5,10,10,10,13.5,5
20,5,5,10,10,10,13.5,6
20,5,5,10,10,10,13.5,7
20,5,5,10,10,10,13.5,8
20,5,5,10,10,10,13.5,9
20,5,5,10,10,10,13.5,10
20,5,5,10,10,10,13.5,11
20,5,5,10,10,10,13.5,12
20,5,5,10,10,10,13.5,13
20,5,5,10,10,10,13.5,14
20,5,5,10,10,10,13.5,15
20,5,5,10,10,10,13.5,16
20,5,5,10,10,10,13.5,17
20,5,5,10,10,10,13.5,18
20,5,5,10,10,10,13.5,19
20,5,5,10,10,10,13.5,20
20,5,5,10,10,10,13.6,1
20,5,5,10,10,10,13.6,2
20,5,5,10,10,10,13.6,3
20,5,5,10,10,10,13.6,4
20,5,5,10,10,10,13.6,5
20,5,5,10,10,10,13.6,6
20,5,5,10,10,10,13.6,7
20,5,5,10,10,10,13.6,8
20,5,5,10,10,10,13.6,9
20,5,5,10,10,10,13.6,10
20,5,5,10,10,10,13.6,11
20,5,5,10,10,10,13.6,12
20,5,5,10,10,10,13.6,13
20,5,5,10,10,10,13.6,14
20,5,5,10,10,10,13.6,15
20,5,5,10,10,10,13.6,16
20,5,5,10,10,10,13.6,17
20,5,5,10,10,10,13.6,18
20,5,5,10,10,10,13.6,19
20,5,5,10,10,10,13.6,20
20,5,5,10,10,10,13.7,1
20,5,5,10,10,10,13.7,2
20,5,5,10,10,10,13.7,3
20,5,5,10,10,10,13.7,4
20,5,5,10,10,10,13.7,5
20,5,5,10,10,10,13.7,6
20,5,5,10,10,10,13.7,7
20,5,5,10,10,10,13.7,8
20,5,5,10,10,10,13.7,9
20,5,5,10,10,10,13.7,10
20,5,5,10,10,10,13.7,11
20,5,5,10,10,10,13.7,12
20,5,5,10,10,10,13.7,13
20,5,5,10,10,10,13.7,14
20,5,5,10,10,10,13.7,15
20,5,5,10,10,10,13.7,16
20,5,5,10,10,10,13.7,17
20,5,5,10,10,10,13.7,18
20,5,5,10,10,10,13.7,19
20,5,5,10,10,10,13.7,20
20,5,5,10,10,10,13.8,1
20,5,5,10,10,10,13.8,2
20,5,5,10,10,10,13.8,3
20,5,5,10,10,10,13.8,4
20,5,5,10,10,10,13.8,5
20,5,5,10,10,10,13.8,6
20,5,5,10,10,10,13.8,7
20,5,5,10,10,10,13.8,8
20,5,5,10,10,10,13.8,9
20,5,5,10,10,10,13.8,10
20,5,5,10,10,10,13.8,11
20,5,5,10,10,10,13.8,12
20,5,5,10,10,10,13.8,13
20,5,5,10,10,10,13.8,14
20,5,5,10,10,10,13.8,15
20,5,5,10,10,10,13.8,16
20,5,5,10,10,10,13.8,17
20,5,5,10,10,10,13.8,18
20,5,5,10,10,10,13.8,19
20,5,5,10,10,10,13.8,20
20,5,5,10,10,10,13.9,1
20,5,5,10,10,10,13.9,2
20,5,5,10,10,10,13.9,3
20,5,5,10,10,10,13.9,4
20,5,5,10,10,10,13.9,5
20,5,5,10,10,10,13.9,6
20,5,5,10,10,10,13.9,7
20,5,5,10,10,10,13.9,8
20,5,5,10,10,10,13.9,9
20,5,5,10,10,10,13.9,10
20,5,5,10,10,10,13.9,11
20,5,5,10,10,10,13.9,12
20,5,5,10,10,10,13.9,13
20,5,5,10,10,10,13.9,14
20,5,5,10,10,10,13.9,15
20,5,5,10,10,10,13.9,16
20,5,5,10,10,10,13.9,17
20,5,5,10,10,10,13.9,18
20,5,5,10,10,10,13.9,19
20,5,5,10,10,10,13.9,20
20,5,5,10,10,10,14,1
20,5,5,10,10,10,14,2
20,5,5,10,10,10,14,3
20,5,5,10,10,10,14,4
20,5,5,10,10,10,14,5
20,5,5,10,10,10,14,6
20,5,5,10,10,10,14,7
20,5,5,10,10,10,14,8
20,5,5,10,10,10,14,9
20,5,5,10,10,10,14,10
20,5,5,10,10,10,14,11
20,5,5,10,10,10,14,12
20,5,5,10,10,10,14,13
20,5,5,10,10,10,14,14
20,5,5,10,10,10,14,15
20,5,5,10,10,10,14,16
20,5,5,10,10,10,14,17
20,5,5,10,10,10,14,18
20,5,5,10,10,10,14,19
20,5,5,10,10,10,14,20
20,5,5,10,10,10,14.1,1
20,5,5,10,10,10,14.1,2
20,5,5,10,10,10,14.1,3
20,5,5,10,10,10,14.1,4
20,5,5,10,10,10,14.1,5
20,5,5,10,10,10,14.1,6
20,5,5,10,10,10,14.1,7
20,5,5,10,10,10,14.1,8
20,5,5,10,10,10,14.1,9
20,5,5,10,10,10,14.1,10
20,5,5,10,10,10,14.1,11
20,5,5,10,10,10,14.1,12
20,5,5,10,10,10,14.1,13
20,5,5,10,10,10,14.1,14
20,5,5,10,10,10,14.1,15
20,5,5,10,10,10,14.1,16
20,5,5,10,10,10,14.1,17
20,5,5,10,10,10,14.1,18
20,5,5,10,10,10,14.1,19
20,5,5,10,10,10,14.1,20
20,5,5,10,10,10,14.2,1
20,5,5,10,10,10,14.2,2
20,5,5,10,10,10,14.2,3
20,5,5,10,10,10,14.2,4
20,5,5,10,10,10,14.2,5
20,5,5,10,10,10,14.2,6
20,5,5,10,10,10,14.2,7
20,5,5,10,10,10,14.2,8
20,5,5,10,10,10,14.2,9
20,5,5,10,10,10,14.2,10
20,5,5,10,10,10,14.2,11
20,5,5,10,10,10,14.2,12
20,5,5,10,10,10,14.2,13
20,5,5,10,10,10,14.2,14
20,5,5,10,10,10,14.2,15
20,5,5,10,10,10,14.2,16
20,5,5,10,10,10,14.2,17
20,5,5,10,10,10,14.2,18
20,5,5,10,10,10,14.2,19
20,5,5,10,10,10,14.2,20
20,5,5,10,10,10,14.3,1
20,5,5,10,10,10,14.3,2
20,5,5,10,10,10,14.3,3
20,5,5,10,10,10,14.3,4
20,5,5,10,10,10,14.3,5
20,5,5,10,10,10,14.3,6
20,5,5,10,10,10,14.3,7
20,5,5,10,10,10,14.3,8
20,5,5,10,10,10,14.3,9
20,5,5,10,10,10,14.3,10
20,5,5,10,10,10,14.3,11
20,5,5,10,10,10,14.3,12
20,5,5,10,10,10,14.3,13
20,5,5,10,10,10,14.3,14
20,5,5,10,10,10,14.3,15
20,5,5,10,10,10,14.3,16
20,5,5,10,10,10,14.3,17
20,5,5,10,10,10,14.3,18
20,5,5,10,10,10,14.3,19
20,5,5,10,10,10,14.3,20
20,5,5,10,10,10,14.4,1
20,5,5,10,10,10,14.4,2
20,5,5,10,10,10,14.4,3
20,5,5,10,10,10,14.4,4
20,5,5,10,10,10,14.4,5
20,5,5,10,10,10,14.4,6
20,5,5,10,10,10,14.4,7
20,5,5,10,10,10,14.4,8
20,5,5,10,10,10,14.4,9
20,5,5,10,10,10,14.4,10
20,5,5,10,10,10,14.4,11
20,5,5,10,10,10,14.4,12
20,5,5,10,10,10,14.4,13
20,5,5,10,10,10,14.4,14
20,5,5,10,10,10,14.4,15
20,5,5,10,10,10,14.4,16
20,5,5,10,10,10,14.4,17
20,5,5,10,10,10,14.4,18
20,5,5,10,10,10,14.4,19
20,5,5,10,10,10,14.4,20
20,5,5,10,10,10,14.5,1
20,5,5,10,10,10,14.5,2
20,5,5,10,10,10,14.5,3
20,5,5,10,10,10,14.5,4
20,5,5,10,10,10,14.5,5
20,5,5,10,10,10,14.5,6
20,5,5,10,10,10,14.5,7
20,5,5,10,10,10,14.5,8
20,5,5,10,10,10,14.5,9
20,5,5,10,10,10,14.5,10
20,5,5,10,10,10,14.5,11
20,5,5,10,10,10,14.5,12
20,5,5,10,10,10,14.5,13
20,5,5,10,10,10,14.5,14
20,5,5,10,10,10,14.5,15
20,5,5,10,10,10,14.5,16
20,5,5,10,10,10,14.5,17
20,5,5,10,10,10,14.5,18
20,5,5,10,10,10,14.5,19
20,5,5,10,10,10,14.5,20
20,5,5,10,10,10,14.6,1
20,5,5,10,10,10,14.6,2
20,5,5,10,10,10,14.6,3
20,5,5,10,10,10,14.6,4
20,5,5,10,10,10,14.6,5
20,5,5,10,10,10,14.6,6
20,5,5,10,10,10,14.6,7
20,5,5,10,10,10,14.6,8
20,5,5,10,10,10,14.6,9
20,5,5,10,10,10,14.6,10
20,5,5,10,10,10,14.6,11
20,5,5,10,10,10,14.6,12
20,5,5,10,10,10,14.6,13
20,5,5,10,10,10,14.6,14
20,5,5,10,10,10,14.6,15
20,5,5,10,10,10,14.6,16
20,5,5,10,10,10,14.6,17
20,5,5,10,10,10,14.6,18
20,5,5,10,10,10,14.6,19
20,5,5,10,10,10,14.6,20
20,5,5,10,10,10,14.7,1
20,5,5,10,10,10,14.7,2
20,5,5,10,10,10,14.7,3
20,5,5,10,10,10,14.7,4
20,5,5,10,10,10,14.7,5
20,5,5,10,10,10,14.7,6
20,5,5,10,10,10,14.7,7
20,5,5,10,10,10,14.7,8
20,5,5,10,10,10,14.7,9
20,5,5,10,10,10,14.7,10
20,5,5,10,10,10,14.7,11
20,5,5,10,10,10,14.7,12
20,5,5,10,10,10,14.7,13
20,5,5,10,10,10,14.7,14
20,5,5,10,10,10,14.7,15
20,5,5,10,10,10,14.7,16
20,5,5,10,10,10,14.7,17
20,5,5,10,10,10,14.7,18
20,5,5,10,10,10,14.7,19
20,5,5,10,10,10,14.7,20
20,5,5,10,10,10,14.8,1
20,5,5,10,10,10,14.8,2
20,5,5,10,10,10,14.8,3
20,5,5,10,10,10,14.8,4
20,5,5,10,10,10,14.8,5
20,5,5,10,10,10,14.8,6
20,5,5,10,10,10,14.8,7
20,5,5,10,10,10,14.8,8
20,5,5,10,10,10,14.8,9
20,5,5,10,10,10,14.8,10
20,5,5,10,10,10,14.8,11
20,5,5,10,10,10,14.8,12
20,5,5,10,10,10,14.8,13
20,5,5,10,10,10,14.8,14
20,5,5,10,10,10,14.8,15
20,5,5,10,10,10,14.8,16
20,5,5,10,10,10,14.8,17
20,5,5,10,10,10,14.8,18
20,5,5,10,10,10,14.8,19
20,5,5,10,10,10,14.8,20
20,5,5,10,10,10,14.9,1
20,5,5,10,10,10,14.9,2
20,5,5,10,10,10,14.9,3
20,5,5,10,10,10,14.9,4
20,5,5,10,10,10,14.9,5
20,5,5,10,10,10,14.9,6
20,5,5,10,10,10,14.9,7
20,5,5,10,10,10,14.9,8
20,5,5,10,10,10,14.9,9
20,5,5,10,10,10,14.9,10
20,5,5,10,10,10,14.9,11
20,5,5,10,10,10,14.9,12
20,5,5,10,10,10,14.9,13
20,5,5,10,10,10,14.9,14
20,5,5,10,10,10,14.9,15
20,5,5,10,10,10,14.9,16
20,5,5,10,10,10,14.9,17
20,5,5,10,10,10,14.9,18
20,5,5,10,10,10,14.9,19
20,5,5,10,10,10,14.9,20
20,5,5,10,10,10,15,1
20,5,5,10,10,10,15,2
20,5,5,10,10,10,15,3
20,5,5,10,10,10,15,4
20,5,5,10,10,10,15,5
20,5,5,10,10,10,15,6
20,5,5,10,10,10,15,7
20,5,5,10,10,10,15,8
20,5,5,10,10,10,15,9
20,5,5,10,10,10,15,10
20,5,5,10,10,10,15,11
20,5,5,10,10,10,15,12
20,5,5,10,10,10,15,13
20,5,5,10,10,10,15,14
20,5,5,10,10,10,15,15
20,5,5,10,10,10,15,16
20,5,5,10,10,10,15,17
20,5,5,10,10,10,15,18
20,5,5,10,10,10,15,19
20,5,5,10,10,10,15,20
20,5,5,10,10,10,15.1,1
20,5,5,10,10,10,15.1,2
20,5,5,10,10,10,15.1,3
20,5,5,10,10,10,15.1,4
20,5,5,10,10,10,15.1,5
20,5,5,10,10,10,15.1,6
20,5,5,10,10,10,15.1,7
20,5,5,10,10,10,15.1,8
20,5,5,10,10,10,15.1,9
20,5,5,10,10,10,15.1,10
20,5,5,10,10,10,15.1,11
20,5,5,10,10,10,15.1,12
20,5,5,10,10,10,15.1,13
20,5,5,10,10,10,15.1,14
20,5,5,10,10,10,15.1,15
20,5,5,10,10,10,15.1,16
20,5,5,10,10,10,15.1,17
20,5,5,10,10,10,15.1,18
20,5,5,10,10,10,15.1,19
20,5,5,10,10,10,15.1,20
20,5,5,10,10,10,15.2,1
20,5,5,10,10,10,15.2,2
20,5,5,10,10,10,15.2,3
20,5,5,10,10,10,15.2,4
20,5,5,10,10,10,15.2,5
20,5,5,10,10,10,15.2,6
20,5,5,10,10,10,15.2,7
20,5,5,10,10,10,15.2,8
20,5,5,10,10,10,15.2,9
20,5,5,10,10,10,15.2,10
20,5,5,10,10,10,15.2,11
20,5,5,10,10,10,15.2,12
20,5,5,10,10,10,15.2,13
20,5,5,10,10,10,15.2,14
20,5,5,10,10,10,15.2,15
20,5,5,10,10,10,15.2,16
20,5,5,10,10,10,15.2,17
20,5,5,10,10,10,15.2,18
20,5,5,10,10,10,15.2,19
20,5,5,10,10,10,15.2,20
20,5,5,10,10,10,15.3,1
20,5,5,10,10,10,15.3,2
20,5,5,10,10,10,15.3,3
20,5,5,10,10,10,15.3,4
20,5,5,10,10,10,15.3,5
20,5,5,10,10,10,15.3,6
20,5,5,10,10,10,15.3,7
20,5,5,10,10,10,15.3,8
20,5,5,10,10,10,15.3,9
20,5,5,10,10,10,15.3,10
20,5,5,10,10,10,15.3,11
20,5,5,10,10,10,15.3,12
20,5,5,10,10,10,15.3,13
20,5,5,10,10,10,15.3,14
20,5,5,10,10,10,15.3,15
20,5,5,10,10,10,15.3,16
20,5,5,10,10,10,15.3,17
20,5,5,10,10,10,15.3,18
20,5,5,10,10,10,15.3,19
20,5,5,10,10,10,15.3,20
20,5,5,10,10,10,15.4,1
20,5,5,10,10,10,15.4,2
20,5,5,10,10,10,15.4,3
20,5,5,10,10,10,15.4,4
20,5,5,10,10,10,15.4,5
20,5,5,10,10,10,15.4,6
20,5,5,10,10,10,15.4,7
20,5,5,10,10,10,15.4,8
20,5,5,10,10,10,15.4,9
20,5,5,10,10,10,15.4,10
20,5,5,10,10,10,15.4,11
20,5,5,10,10,10,15.4,12
20,5,5,10,10,10,15.4,13
20,5,5,10,10,10,15.4,14
20,5,5,10,10,10,15.4,15
20,5,5,10,10,10,15.4,16
20,5,5,10,10,10,15.4,17
20,5,5,10,10,10,15.4,18
20,5,5,10,10,10,15.4,19
20,5,5,10,10,10,15.4,20
20,5,5,10,10,10,15.5,1
20,5,5,10,10,10,15.5,2
20,5,5,10,10,10,15.5,3
20,5,5,10,10,10,15.5,4
20,5,5,10,10,10,15.5,5
20,5,5,10,10,10,15.5,6
20,5,5,10,10,10,15.5,7
20,5,5,10,10,10,15.5,8
20,5,5,10,10,10,15.5,9
20,5,5,10,10,10,15.5,10
20,5,5,10,10,10,15.5,11
20,5,5,10,10,10,15.5,12
20,5,5,10,10,10,15.5,13
20,5,5,10,10,10,15.5,14
20,5,5,10,10,10,15.5,15
20,5,5,10,10,10,15.5,16
20,5,5,10,10,10,15.5,17
20,5,5,10,10,10,15.5,18
20,5,5,10,10,10,15.5,19
20,5,5,10,10,10,15.5,20
20,5,5,10,10,10,15.6,1
20,5,5,10,10,10,15.6,2
20,5,5,10,10,10,15.6,3
20,5,5,10,10,10,15.6,4
20,5,5,10,10,10,15.6,5
20,5,5,10,10,10,15.6,6
20,5,5,10,10,10,15.6,7
20,5,5,10,10,10,15.6,8
20,5,5,10,10,10,15.6,9
20,5,5,10,10,10,15.6,10
20,5,5,10,10,10,15.6,11
20,5,5,10,10,10,15.6,12
20,5,5,10,10,10,15.6,13
20,5,5,10,10,10,15.6,14
20,5,5,10,10,10,15.6,15
20,5,5,10,10,10,15.6,16
20,5,5,10,10,10,15.6,17
20,5,5,10,10,10,15.6,18
20,5,5,10,10,10,15.6,19
20,5,5,10,10,10,15.6,20
20,5,5,10,10,10,15.7,1
20,5,5,10,10,10,15.7,2
20,5,5,10,10,10,15.7,3
20,5,5,10,10,10,15.7,4
20,5,5,10,10,10,15.7,5
20,5,5,10,10,10,15.7,6
20,5,5,10,10,10,15.7,7
20,5,5,10,10,10,15.7,8
20,5,5,10,10,10,15.7,9
20,5,5,10,10,10,15.7,10
20,5,5,10,10,10,15.7,11
20,5,5,10,10,10,15.7,12
20,5,5,10,10,10,15.7,13
20,5,5,10,10,10,15.7,14
20,5,5,10,10,10,15.7,15
20,5,5,10,10,10,15.7,16
20,5,5,10,10,10,15.7,17
20,5,5,10,10,10,15.7,18
20,5,5,10,10,10,15.7,19
20,5,5,10,10,10,15.7,20
20,5,5,10,10,10,15.8,1
20,5,5,10,10,10,15.8,2
20,5,5,10,10,10,15.8,3
20,5,5,10,10,10,15.8,4
20,5,5,10,10,10,15.8,5
20,5,5,10,10,10,15.8,6
20,5,5,10,10,10,15.8,7
20,5,5,10,10,10,15.8,8
20,5,5,10,10,10,15.8,9
20,5,5,10,10,10,15.8,10
20,5,5,10,10,10,15.8,11
20,5,5,10,10,10,15.8,12
20,5,5,10,10,10,15.8,13
20,5,5,10,10,10,15.8,14
20,5,5,10,10,10,15.8,15
20,5,5,10,10,10,15.8,16
20,5,5,10,10,10,15.8,17
20,5,5,10,10,10,15.8,18
20,5,5,10,10,10,15.8,19
20,5,5,10,10,10,15.8,20
20,5,5,10,10,10,15.9,1
20,5,5,10,10,10,15.9,2
20,5,5,10,10,10,15.9,3
20,5,5,10,10,10,15.9,4
20,5,5,10,10,10,15.9,5
20,5,5,10,10,10,15.9,6
20,5,5,10,10,10,15.9,7
20,5,5,10,10,10,15.9,8
20,5,5,10,10,10,15.9,9
20,5,5,10,10,10,15.9,10
20,5,5,10,10,10,15.9,11
20,5,5,10,10,10,15.9,12
20,5,5,10,10,10,15.9,13
20,5,5,10,10,10,15.9,14
20,5,5,10,10,10,15.9,15
20,5,5,10,10,10,15.9,16
20,5,5,10,10,10,15.9,17
20,5,5,10,10,10,15.9,18
20,5,5,10,10,10,15.9,19
20,5,5,10,10,10,15.9,20
20,5,5,10,10,10,16,1
20,5,5,10,10,10,16,2
20,5,5,10,10,10,16,3
20,5,5,10,10,10,16,4
20,5,5,10,10,10,16,5
20,5,5,10,10,10,16,6
20,5,5,10,10,10,16,7
20,5,5,10,10,10,16,8
20,5,5,10,10,10,16,9
20,5,5,10,10,10,16,10
20,5,5,10,10,10,16,11
20,5,5,10,10,10,16,12
20,5,5,10,10,10,16,13
20,5,5,10,10,10,16,14
20,5,5,10,10,10,16,15
20,5,5,10,10,10,16,16
20,5,5,10,10,10,16,17
20,5,5,10,10,10,16,18
20,5,5,10,10,10,16,19
20,5,5,10,10,10,16,20
20,5,5,10,10,10,16.1,1
20,5,5,10,10,10,16.1,2
20,5,5,10,10,10,16.1,3
20,5,5,10,10,10,16.1,4
20,5,5,10,10,10,16.1,5
20,5,5,10,10,10,16.1,6
20,5,5,10,10,10,16.1,7
20,5,5,10,10,10,16.1,8
20,5,5,10,10,10,16.1,9
20,5,5,10,10,10,16.1,10
20,5,5,10,10,10,16.1,11
20,5,5,10,10,10,16.1,12
20,5,5,10,10,10,16.1,13
20,5,5,10,10,10,16.1,14
20,5,5,10,10,10,16.1,15
20,5,5,10,10,10,16.1,16
20,5,5,10,10,10,16.1,17
20,5,5,10,10,10,16.1,18
20,5,5,10,10,10,16.1,19
20,5,5,10,10,10,16.1,20
20,5,5,10,10,10,16.2,1
20,5,5,10,10,10,16.2,2
20,5,5,10,10,10,16.2,3
20,5,5,10,10,10,16.2,4
20,5,5,10,10,10,16.2,5
20,5,5,10,10,10,16.2,6
20,5,5,10,10,10,16.2,7
20,5,5,10,10,10,16.2,8
20,5,5,10,10,10,16.2,9
20,5,5,10,10,10,16.2,10
20,5,5,10,10,10,16.2,11
20,5,5,10,10,10,16.2,12
20,5,5,10,10,10,16.2,13
20,5,5,10,10,10,16.2,14
20,5,5,10,10,10,16.2,15
20,5,5,10,10,10,16.2,16
20,5,5,10,10,10,16.2,17
20,5,5,10,10,10,16.2,18
20,5,5,10,10,10,16.2,19
20,5,5,10,10,10,16.2,20
20,5,5,10,10,10,16.3,1
20,5,5,10,10,10,16.3,2
20,5,5,10,10,10,16.3,3
20,5,5,10,10,10,16.3,4
20,5,5,10,10,10,16.3,5
20,5,5,10,10,10,16.3,6
20,5,5,10,10,10,16.3,7
20,5,5,10,10,10,16.3,8
20,5,5,10,10,10,16.3,9
20,5,5,10,10,10,16.3,10
20,5,5,10,10,10,16.3,11
20,5,5,10,10,10,16.3,12
20,5,5,10,10,10,16.3,13
20,5,5,10,10,10,16.3,14
20,5,5,10,10,10,16.3,15
20,5,5,10,10,10,16.3,16
20,5,5,10,10,10,16.3,17
20,5,5,10,10,10,16.3,18
20,5,5,10,10,10,16.3,19
20,5,5,10,10,10,16.3,20
20,5,5,10,10,10,16.4,1
20,5,5,10,10,10,16.4,2
20,5,5,10,10,10,16.4,3
20,5,5,10,10,10,16.4,4
20,5,5,10,10,10,16.4,5
20,5,5,10,10,10,16.4,6
20,5,5,10,10,10,16.4,7
20,5,5,10,10,10,16.4,8
20,5,5,10,10,10,16.4,9
20,5,5,10,10,10,16.4,10
20,5,5,10,10,10,16.4,11
20,5,5,10,10,10,16.4,12
20,5,5,10,10,10,16.4,13
20,5,5,10,10,10,16.4,14
20,5,5,10,10,10,16.4,15
20,5,5,10,10,10,16.4,16
20,5,5,10,10,10,16.4,17
20,5,5,10,10,10,16.4,18
20,5,5,10,10,10,16.4,19
20,5,5,10,10,10,16.4,20
20,5,5,10,10,10,16.5,1
20,5,5,10,10,10,16.5,2
20,5,5,10,10,10,16.5,3
20,5,5,10,10,10,16.5,4
20,5,5,10,10,10,16.5,5
20,5,5,10,10,10,16.5,6
20,5,5,10,10,10,16.5,7
20,5,5,10,10,10,16.5,8
20,5,5,10,10,10,16.5,9
20,5,5,10,10,10,16.5,10
20,5,5,10,10,10,16.5,11
20,5,5,10,10,10,16.5,12
20,5,5,10,10,10,16.5,13
20,5,5,10,10,10,16.5,14
20,5,5,10,10,10,16.5,15
20,5,5,10,10,10,16.5,16
20,5,5,10,10,10,16.5,17
20,5,5,10,10,10,16.5,18
20,5,5,10,10,10,16.5,19
20,5,5,10,10,10,16.5,20
20,5,5,10,10,10,16.6,1
20,5,5,10,10,10,16.6,2
20,5,5,10,10,10,16.6,3
20,5,5,10,10,10,16.6,4
20,5,5,10,10,10,16.6,5
20,5,5,10,10,10,16.6,6
20,5,5,10,10,10,16.6,7
20,5,5,10,10,10,16.6,8
20,5,5,10,10,10,16.6,9
20,5,5,10,10,10,16.6,10
20,5,5,10,10,10,16.6,11
20,5,5,10,10,10,16.6,12
20,5,5,10,10,10,16.6,13
20,5,5,10,10,10,16.6,14
20,5,5,10,10,10,16.6,15
20,5,5,10,10,10,16.6,16
20,5,5,10,10,10,16.6,17
20,5,5,10,10,10,16.6,18
20,5,5,10,10,10,16.6,19
20,5,5,10,10,10,16.6,20
20,5,5,10,10,10,16.7,1
20,5,5,10,10,10,16.7,2
20,5,5,10,10,10,16.7,3
20,5,5,10,10,10,16.7,4
20,5,5,10,10,10,16.7,5
20,5,5,10,10,10,16.7,6
20,5,5,10,10,10,16.7,7
20,5,5,10,10,10,16.7,8
20,5,5,10,10,10,16.7,9
20,5,5,10,10,10,16.7,10
20,5,5,10,10,10,16.7,11
20,5,5,10,10,10,16.7,12
20,5,5,10,10,10,16.7,13
20,5,5,10,10,10,16.7,14
20,5,5,10,10,10,16.7,15
20,5,5,10,10,10,16.7,16
20,5,5,10,10,10,16.7,17
20,5,5,10,10,10,16.7,18
20,5,5,10,10,10,16.7,19
20,5,5,10,10,10,16.7,20
20,5,5,10,10,10,16.8,1
20,5,5,10,10,10,16.8,2
20,5,5,10,10,10,16.8,3
20,5,5,10,10,10,16.8,4
20,5,5,10,10,10,16.8,5
20,5,5,10,10,10,16.8,6
20,5,5,10,10,10,16.8,7
20,5,5,10,10,10,16.8,8
20,5,5,10,10,10,16.8,9
20,5,5,10,10,10,16.8,10
20,5,5,10,10,10,16.8,11
20,5,5,10,10,10,16.8,12
20,5,5,10,10,10,16.8,13
20,5,5,10,10,10,16.8,14
20,5,5,10,10,10,16.8,15
20,5,5,10,10,10,16.8,16
20,5,5,10,10,10,16.8,17
20,5,5,10,10,10,16.8,18
20,5,5,10,10,10,16.8,19
20,5,5,10,10,10,16.8,20
20,5,5,10,10,10,16.9,1
20,5,5,10,10,10,16.9,2
20,5,5,10,10,10,16.9,3
20,5,5,10,10,10,16.9,4
20,5,5,10,10,10,16.9,5
20,5,5,10,10,10,16.9,6
20,5,5,10,10,10,16.9,7
20,5,5,10,10,10,16.9,8
20,5,5,10,10,10,16.9,9
20,5,5,10,10,10,16.9,10
20,5,5,10,10,10,16.9,11
20,5,5,10,10,10,16.9,12
20,5,5,10,10,10,16.9,13
20,5,5,10,10,10,16.9,14
20,5,5,10,10,10,16.9,15
20,5,5,10,10,10,16.9,16
20,5,5,10,10,10,16.9,17
20,5,5,10,10,10,16.9,18
20,5,5,10,10,10,16.9,19
20,5,5,10,10,10,16.9,20
20,5,5,10,10,10,17,1
20,5,5,10,10,10,17,2
20,5,5,10,10,10,17,3
20,5,5,10,10,10,17,4
20,5,5,10,10,10,17,5
20,5,5,10,10,10,17,6
20,5,5,10,10,10,17,7
20,5,5,10,10,10,17,8
20,5,5,10,10,10,17,9
20,5,5,10,10,10,17,10
20,5,5,10,10,10,17,11
20,5,5,10,10,10,17,12
20,5,5,10,10,10,17,13
20,5,5,10,10,10,17,14
20,5,5,10,10,10,17,15
20,5,5,10,10,10,17,16
20,5,5,10,10,10,17,17
20,5,5,10,10,10,17,18
20,5,5,10,10,10,17,19
20,5,5,10,10,10,17,20
20,5,5,10,10,10,17.1,1
20,5,5,10,10,10,17.1,2
20,5,5,10,10,10,17.1,3
20,5,5,10,10,10,17.1,4
20,5,5,10,10,10,17.1,5
20,5,5,10,10,10,17.1,6
20,5,5,10,10,10,17.1,7
20,5,5,10,10,10,17.1,8
20,5,5,10,10,10,17.1,9
20,5,5,10,10,10,17.1,10
20,5,5,10,10,10,17.1,11
20,5,5,10,10,10,17.1,12
20,5,5,10,10,10,17.1,13
20,5,5,10,10,10,17.1,14
20,5,5,10,10,10,17.1,15
20,5,5,10,10,10,17.1,16
20,5,5,10,10,10,17.1,17
20,5,5,10,10,10,17.1,18
20,5,5,10,10,10,17.1,19
20,5,5,10,10,10,17.1,20
20,5,5,10,10,10,17.2,1
20,5,5,10,10,10,17.2,2
20,5,5,10,10,10,17.2,3
20,5,5,10,10,10,17.2,4
20,5,5,10,10,10,17.2,5
20,5,5,10,10,10,17.2,6
20,5,5,10,10,10,17.2,7
20,5,5,10,10,10,17.2,8
20,5,5,10,10,10,17.2,9
20,5,5,10,10,10,17.2,10
20,5,5,10,10,10,17.2,11
20,5,5,10,10,10,17.2,12
20,5,5,10,10,10,17.2,13
20,5,5,10,10,10,17.2,14
20,5,5,10,10,10,17.2,15
20,5,5,10,10,10,17.2,16
20,5,5,10,10,10,17.2,17
20,5,5,10,10,10,17.2,18
20,5,5,10,10,10,17.2,19
20,5,5,10,10,10,17.2,20
20,5,5,10,10,10,17.3,1
20,5,5,10,10,10,17.3,2
20,5,5,10,10,10,17.3,3
20,5,5,10,10,10,17.3,4
20,5,5,10,10,10,17.3,5
20,5,5,10,10,10,17.3,6
20,5,5,10,10,10,17.3,7
20,5,5,10,10,10,17.3,8
20,5,5,10,10,10,17.3,9
20,5,5,10,10,10,17.3,10
20,5,5,10,10,10,17.3,11
20,5,5,10,10,10,17.3,12
20,5,5,10,10,10,17.3,13
20,5,5,10,10,10,17.3,14
20,5,5,10,10,10,17.3,15
20,5,5,10,10,10,17.3,16
20,5,5,10,10,10,17.3,17
20,5,5,10,10,10,17.3,18
20,5,5,10,10,10,17.3,19
20,5,5,10,10,10,17.3,20
20,5,5,10,10,10,17.4,1
20,5,5,10,10,10,17.4,2
20,5,5,10,10,10,17.4,3
20,5,5,10,10,10,17.4,4
20,5,5,10,10,10,17.4,5
20,5,5,10,10,10,17.4,6
20,5,5,10,10,10,17.4,7
20,5,5,10,10,10,17.4,8
20,5,5,10,10,10,17.4,9
20,5,5,10,10,10,17.4,10
20,5,5,10,10,10,17.4,11
20,5,5,10,10,10,17.4,12
20,5,5,10,10,10,17.4,13
20,5,5,10,10,10,17.4,14
20,5,5,10,10,10,17.4,15
20,5,5,10,10,10,17.4,16
20,5,5,10,10,10,17.4,17
20,5,5,10,10,10,17.4,18
20,5,5,10,10,10,17.4,19
20,5,5,10,10,10,17.4,20
20,5,5,10,10,10,17.5,1
20,5,5,10,10,10,17.5,2
20,5,5,10,10,10,17.5,3
20,5,5,10,10,10,17.5,4
20,5,5,10,10,10,17.5,5
20,5,5,10,10,10,17.5,6
20,5,5,10,10,10,17.5,7
20,5,5,10,10,10,17.5,8
20,5,5,10,10,10,17.5,9
20,5,5,10,10,10,17.5,10
20,5,5,10,10,10,17.5,11
20,5,5,10,10,10,17.5,12
20,5,5,10,10,10,17.5,13
20,5,5,10,10,10,17.5,14
20,5,5,10,10,10,17.5,15
20,5,5,10,10,10,17.5,16
20,5,5,10,10,10,17.5,17
20,5,5,10,10,10,17.5,18
20,5,5,10,10,10,17.5,19
20,5,5,10,10,10,17.5,20
20,5,5,10,10,10,17.6,1
20,5,5,10,10,10,17.6,2
20,5,5,10,10,10,17.6,3
20,5,5,10,10,10,17.6,4
20,5,5,10,10,10,17.6,5
20,5,5,10,10,10,17.6,6
20,5,5,10,10,10,17.6,7
20,5,5,10,10,10,17.6,8
20,5,5,10,10,10,17.6,9
20,5,5,10,10,10,17.6,10
20,5,5,10,10,10,17.6,11
20,5,5,10,10,10,17.6,12
20,5,5,10,10,10,17.6,13
20,5,5,10,10,10,17.6,14
20,5,5,10,10,10,17.6,15
20,5,5,10,10,10,17.6,16
20,5,5,10,10,10,17.6,17
20,5,5,10,10,10,17.6,18
20,5,5,10,10,10,17.6,19
20,5,5,10,10,10,17.6,20
20,5,5,10,10,10,17.7,1
20,5,5,10,10,10,17.7,2
20,5,5,10,10,10,17.7,3
20,5,5,10,10,10,17.7,4
20,5,5,10,10,10,17.7,5
20,5,5,10,10,10,17.7,6
20,5,5,10,10,10,17.7,7
20,5,5,10,10,10,17.7,8
20,5,5,10,10,10,17.7,9
20,5,5,10,10,10,17.7,10
20,5,5,10,10,10,17.7,11
20,5,5,10,10,10,17.7,12
20,5,5,10,10,10,17.7,13
20,5,5,10,10,10,17.7,14
20,5,5,10,10,10,17.7,15
20,5,5,10,10,10,17.7,16
20,5,5,10,10,10,17.7,17
20,5,5,10,10,10,17.7,18
20,5,5,10,10,10,17.7,19
20,5,5,10,10,10,17.7,20
20,5,5,10,10,10,17.8,1
20,5,5,10,10,10,17.8,2
20,5,5,10,10,10,17.8,3
20,5,5,10,10,10,17.8,4
20,5,5,10,10,10,17.8,5
20,5,5,10,10,10,17.8,6
20,5,5,10,10,10,17.8,7
20,5,5,10,10,10,17.8,8
20,5,5,10,10,10,17.8,9
20,5,5,10,10,10,17.8,10
20,5,5,10,10,10,17.8,11
20,5,5,10,10,10,17.8,12
20,5,5,10,10,10,17.8,13
20,5,5,10,10,10,17.8,14
20,5,5,10,10,10,17.8,15
20,5,5,10,10,10,17.8,16
20,5,5,10,10,10,17.8,17
20,5,5,10,10,10,17.8,18
20,5,5,10,10,10,17.8,19
20,5,5,10,10,10,17.8,20
20,5,5,10,10,10,17.9,1
20,5,5,10,10,10,17.9,2
20,5,5,10,10,10,17.9,3
20,5,5,10,10,10,17.9,4
20,5,5,10,10,10,17.9,5
20,5,5,10,10,10,17.9,6
20,5,5,10,10,10,17.9,7
20,5,5,10,10,10,17.9,8
20,5,5,10,10,10,17.9,9
20,5,5,10,10,10,17.9,10
20,5,5,10,10,10,17.9,11
20,5,5,10,10,10,17.9,12
20,5,5,10,10,10,17.9,13
20,5,5,10,10,10,17.9,14
20,5,5,10,10,10,17.9,15
20,5,5,10,10,10,17.9,16
20,5,5,10,10,10,17.9,17
20,5,5,10,10,10,17.9,18
20,5,5,10,10,10,17.9,19
20,5,5,10,10,10,17.9,20
20,5,5,10,10,10,18,1
20,5,5,10,10,10,18,2
20,5,5,10,10,10,18,3
20,5,5,10,10,10,18,4
20,5,5,10,10,10,18,5
20,5,5,10,10,10,18,6
20,5,5,10,10,10,18,7
20,5,5,10,10,10,18,8
20,5,5,10,10,10,18,9
20,5,5,10,10,10,18,10
20,5,5,10,10,10,18,11
20,5,5,10,10,10,18,12
20,5,5,10,10,10,18,13
20,5,5,10,10,10,18,14
20,5,5,10,10,10,18,15
20,5,5,10,10,10,18,16
20,5,5,10,10,10,18,17
20,5,5,10,10,10,18,18
20,5,5,10,10,10,18,19
20,5,5,10,10,10,18,20
20,5,5,10,10,10,18.1,1
20,5,5,10,10,10,18.1,2
20,5,5,10,10,10,18.1,3
20,5,5,10,10,10,18.1,4
20,5,5,10,10,10,18.1,5
20,5,5,10,10,10,18.1,6
20,5,5,10,10,10,18.1,7
20,5,5,10,10,10,18.1,8
20,5,5,10,10,10,18.1,9
20,5,5,10,10,10,18.1,10
20,5,5,10,10,10,18.1,11
20,5,5,10,10,10,18.1,12
20,5,5,10,10,10,18.1,13
20,5,5,10,10,10,18.1,14
20,5,5,10,10,10,18.1,15
20,5,5,10,10,10,18.1,16
20,5,5,10,10,10,18.1,17
20,5,5,10,10,10,18.1,18
20,5,5,10,10,10,18.1,19
20,5,5,10,10,10,18.1,20
20,5,5,10,10,10,18.2,1
20,5,5,10,10,10,18.2,2
20,5,5,10,10,10,18.2,3
20,5,5,10,10,10,18.2,4
20,5,5,10,10,10,18.2,5
20,5,5,10,10,10,18.2,6
20,5,5,10,10,10,18.2,7
20,5,5,10,10,10,18.2,8
20,5,5,10,10,10,18.2,9
20,5,5,10,10,10,18.2,10
20,5,5,10,10,10,18.2,11
20,5,5,10,10,10,18.2,12
20,5,5,10,10,10,18.2,13
20,5,5,10,10,10,18.2,14
20,5,5,10,10,10,18.2,15
20,5,5,10,10,10,18.2,16
20,5,5,10,10,10,18.2,17
20,5,5,10,10,10,18.2,18
20,5,5,10,10,10,18.2,19
20,5,5,10,10,10,18.2,20
20,5,5,10,10,10,18.3,1
20,5,5,10,10,10,18.3,2
20,5,5,10,10,10,18.3,3
20,5,5,10,10,10,18.3,4
20,5,5,10,10,10,18.3,5
20,5,5,10,10,10,18.3,6
20,5,5,10,10,10,18.3,7
20,5,5,10,10,10,18.3,8
20,5,5,10,10,10,18.3,9
20,5,5,10,10,10,18.3,10
20,5,5,10,10,10,18.3,11
20,5,5,10,10,10,18.3,12
20,5,5,10,10,10,18.3,13
20,5,5,10,10,10,18.3,14
20,5,5,10,10,10,18.3,15
20,5,5,10,10,10,18.3,16
20,5,5,10,10,10,18.3,17
20,5,5,10,10,10,18.3,18
20,5,5,10,10,10,18.3,19
20,5,5,10,10,10,18.3,20
20,5,5,10,10,10,18.4,1
20,5,5,10,10,10,18.4,2
20,5,5,10,10,10,18.4,3
20,5,5,10,10,10,18.4,4
20,5,5,10,10,10,18.4,5
20,5,5,10,10,10,18.4,6
20,5,5,10,10,10,18.4,7
20,5,5,10,10,10,18.4,8
20,5,5,10,10,10,18.4,9
20,5,5,10,10,10,18.4,10
20,5,5,10,10,10,18.4,11
20,5,5,10,10,10,18.4,12
20,5,5,10,10,10,18.4,13
20,5,5,10,10,10,18.4,14
20,5,5,10,10,10,18.4,15
20,5,5,10,10,10,18.4,16
20,5,5,10,10,10,18.4,17
20,5,5,10,10,10,18.4,18
20,5,5,10,10,10,18.4,19
20,5,5,10,10,10,18.4,20
20,5,5,10,10,10,18.5,1
20,5,5,10,10,10,18.5,2
20,5,5,10,10,10,18.5,3
20,5,5,10,10,10,18.5,4
20,5,5,10,10,10,18.5,5
20,5,5,10,10,10,18.5,6
20,5,5,10,10,10,18.5,7
20,5,5,10,10,10,18.5,8
20,5,5,10,10,10,18.5,9
20,5,5,10,10,10,18.5,10
20,5,5,10,10,10,18.5,11
20,5,5,10,10,10,18.5,12
20,5,5,10,10,10,18.5,13
20,5,5,10,10,10,18.5,14
20,5,5,10,10,10,18.5,15
20,5,5,10,10,10,18.5,16
20,5,5,10,10,10,18.5,17
20,5,5,10,10,10,18.5,18
20,5,5,10,10,10,18.5,19
20,5,5,10,10,10,18.5,20
20,5,5,10,10,10,18.6,1
20,5,5,10,10,10,18.6,2
20,5,5,10,10,10,18.6,3
20,5,5,10,10,10,18.6,4
20,5,5,10,10,10,18.6,5
20,5,5,10,10,10,18.6,6
20,5,5,10,10,10,18.6,7
20,5,5,10,10,10,18.6,8
20,5,5,10,10,10,18.6,9
20,5,5,10,10,10,18.6,10
20,5,5,10,10,10,18.6,11
20,5,5,10,10,10,18.6,12
20,5,5,10,10,10,18.6,13
20,5,5,10,10,10,18.6,14
20,5,5,10,10,10,18.6,15
20,5,5,10,10,10,18.6,16
20,5,5,10,10,10,18.6,17
20,5,5,10,10,10,18.6,18
20,5,5,10,10,10,18.6,19
20,5,5,10,10,10,18.6,20
20,5,5,10,10,10,18.7,1
20,5,5,10,10,10,18.7,2
20,5,5,10,10,10,18.7,3
20,5,5,10,10,10,18.7,4
20,5,5,10,10,10,18.7,5
20,5,5,10,10,10,18.7,6
20,5,5,10,10,10,18.7,7
20,5,5,10,10,10,18.7,8
20,5,5,10,10,10,18.7,9
20,5,5,10,10,10,18.7,10
20,5,5,10,10,10,18.7,11
20,5,5,10,10,10,18.7,12
20,5,5,10,10,10,18.7,13
20,5,5,10,10,10,18.7,14
20,5,5,10,10,10,18.7,15
20,5,5,10,10,10,18.7,16
20,5,5,10,10,10,18.7,17
20,5,5,10,10,10,18.7,18
20,5,5,10,10,10,18.7,19
20,5,5,10,10,10,18.7,20
20,5,5,10,10,10,18.8,1
20,5,5,10,10,10,18.8,2
20,5,5,10,10,10,18.8,3
20,5,5,10,10,10,18.8,4
20,5,5,10,10,10,18.8,5
20,5,5,10,10,10,18.8,6
20,5,5,10,10,10,18.8,7
20,5,5,10,10,10,18.8,8
20,5,5,10,10,10,18.8,9
20,5,5,10,10,10,18.8,10
20,5,5,10,10,10,18.8,11
20,5,5,10,10,10,18.8,12
20,5,5,10,10,10,18.8,13
20,5,5,10,10,10,18.8,14
20,5,5,10,10,10,18.8,15
20,5,5,10,10,10,18.8,16
20,5,5,10,10,10,18.8,17
20,5,5,10,10,10,18.8,18
20,5,5,10,10,10,18.8,19
20,5,5,10,10,10,18.8,20
20,5,5,10,10,10,18.9,1
20,5,5,10,10,10,18.9,2
20,5,5,10,10,10,18.9,3
20,5,5,10,10,10,18.9,4
20,5,5,10,10,10,18.9,5
20,5,5,10,10,10,18.9,6
20,5,5,10,10,10,18.9,7
20,5,5,10,10,10,18.9,8
20,5,5,10,10,10,18.9,9
20,5,5,10,10,10,18.9,10
20,5,5,10,10,10,18.9,11
20,5,5,10,10,10,18.9,12
20,5,5,10,10,10,18.9,13
20,5,5,10,10,10,18.9,14
20,5,5,10,10,10,18.9,15
20,5,5,10,10,10,18.9,16
20,5,5,10,10,10,18.9,17
20,5,5,10,10,10,18.9,18
20,5,5,10,10,10,18.9,19
20,5,5,10,10,10,18.9,20
20,5,5,10,10,10,19,1
20,5,5,10,10,10,19,2
20,5,5,10,10,10,19,3
20,5,5,10,10,10,19,4
20,5,5,10,10,10,19,5
20,5,5,10,10,10,19,6
20,5,5,10,10,10,19,7
20,5,5,10,10,10,19,8
20,5,5,10,10,10,19,9
20,5,5,10,10,10,19,10
20,5,5,10,10,10,19,11
20,5,5,10,10,10,19,12
20,5,5,10,10,10,19,13
20,5,5,10,10,10,19,14
20,5,5,10,10,10,19,15
20,5,5,10,10,10,19,16
20,5,5,10,10,10,19,17
20,5,5,10,10,10,19,18
20,5,5,10,10,10,19,19
20,5,5,10,10,10,19,20
20,5,5,10,10,10,19.1,1
20,5,5,10,10,10,19.1,2
20,5,5,10,10,10,19.1,3
20,5,5,10,10,10,19.1,4
20,5,5,10,10,10,19.1,5
20,5,5,10,10,10,19.1,6
20,5,5,10,10,10,19.1,7
20,5,5,10,10,10,19.1,8
20,5,5,10,10,10,19.1,9
20,5,5,10,10,10,19.1,10
20,5,5,10,10,10,19.1,11
20,5,5,10,10,10,19.1,12
20,5,5,10,10,10,19.1,13
20,5,5,10,10,10,19.1,14
20,5,5,10,10,10,19.1,15
20,5,5,10,10,10,19.1,16
20,5,5,10,10,10,19.1,17
20,5,5,10,10,10,19.1,18
20,5,5,10,10,10,19.1,19
20,5,5,10,10,10,19.1,20
20,5,5,10,10,10,19.2,1
20,5,5,10,10,10,19.2,2
20,5,5,10,10,10,19.2,3
20,5,5,10,10,10,19.2,4
20,5,5,10,10,10,19.2,5
20,5,5,10,10,10,19.2,6
20,5,5,10,10,10,19.2,7
20,5,5,10,10,10,19.2,8
20,5,5,10,10,10,19.2,9
20,5,5,10,10,10,19.2,10
20,5,5,10,10,10,19.2,11
20,5,5,10,10,10,19.2,12
20,5,5,10,10,10,19.2,13
20,5,5,10,10,10,19.2,14
20,5,5,10,10,10,19.2,15
20,5,5,10,10,10,19.2,16
20,5,5,10,10,10,19.2,17
20,5,5,10,10,10,19.2,18
20,5,5,10,10,10,19.2,19
20,5,5,10,10,10,19.2,20
20,5,5,10,10,10,19.3,1
20,5,5,10,10,10,19.3,2
20,5,5,10,10,10,19.3,3
20,5,5,10,10,10,19.3,4
20,5,5,10,10,10,19.3,5
20,5,5,10,10,10,19.3,6
20,5,5,10,10,10,19.3,7
20,5,5,10,10,10,19.3,8
20,5,5,10,10,10,19.3,9
20,5,5,10,10,10,19.3,10
20,5,5,10,10,10,19.3,11
20,5,5,10,10,10,19.3,12
20,5,5,10,10,10,19.3,13
20,5,5,10,10,10,19.3,14
20,5,5,10,10,10,19.3,15
20,5,5,10,10,10,19.3,16
20,5,5,10,10,10,19.3,17
20,5,5,10,10,10,19.3,18
20,5,5,10,10,10,19.3,19
20,5,5,10,10,10,19.3,20
20,5,5,10,10,10,19.4,1
20,5,5,10,10,10,19.4,2
20,5,5,10,10,10,19.4,3
20,5,5,10,10,10,19.4,4
20,5,5,10,10,10,19.4,5
20,5,5,10,10,10,19.4,6
20,5,5,10,10,10,19.4,7
20,5,5,10,10,10,19.4,8
20,5,5,10,10,10,19.4,9
20,5,5,10,10,10,19.4,10
20,5,5,10,10,10,19.4,11
20,5,5,10,10,10,19.4,12
20,5,5,10,10,10,19.4,13
20,5,5,10,10,10,19.4,14
20,5,5,10,10,10,19.4,15
20,5,5,10,10,10,19.4,16
20,5,5,10,10,10,19.4,17
20,5,5,10,10,10,19.4,18
20,5,5,10,10,10,19.4,19
20,5,5,10,10,10,19.4,20
20,5,5,10,10,10,19.5,1
20,5,5,10,10,10,19.5,2
20,5,5,10,10,10,19.5,3
20,5,5,10,10,10,19.5,4
20,5,5,10,10,10,19.5,5
20,5,5,10,10,10,19.5,6
20,5,5,10,10,10,19.5,7
20,5,5,10,10,10,19.5,8
20,5,5,10,10,10,19.5,9
20,5,5,10,10,10,19.5,10
20,5,5,10,10,10,19.5,11
20,5,5,10,10,10,19.5,12
20,5,5,10,10,10,19.5,13
20,5,5,10,10,10,19.5,14
20,5,5,10,10,10,19.5,15
20,5,5,10,10,10,19.5,16
20,5,5,10,10,10,19.5,17
20,5,5,10,10,10,19.5,18
20,5,5,10,10,10,19.5,19
20,5,5,10,10,10,19.5,20
20,5,5,10,10,10,19.6,1
20,5,5,10,10,10,19.6,2
20,5,5,10,10,10,19.6,3
20,5,5,10,10,10,19.6,4
20,5,5,10,10,10,19.6,5
20,5,5,10,10,10,19.6,6
20,5,5,10,10,10,19.6,7
20,5,5,10,10,10,19.6,8
20,5,5,10,10,10,19.6,9
20,5,5,10,10,10,19.6,10
20,5,5,10,10,10,19.6,11
20,5,5,10,10,10,19.6,12
20,5,5,10,10,10,19.6,13
20,5,5,10,10,10,19.6,14
20,5,5,10,10,10,19.6,15
20,5,5,10,10,10,19.6,16
20,5,5,10,10,10,19.6,17
20,5,5,10,10,10,19.6,18
20,5,5,10,10,10,19.6,19
20,5,5,10,10,10,19.6,20
20,5,5,10,10,10,19.7,1
20,5,5,10,10,10,19.7,2
20,5,5,10,10,10,19.7,3
20,5,5,10,10,10,19.7,4
20,5,5,10,10,10,19.7,5
20,5,5,10,10,10,19.7,6
20,5,5,10,10,10,19.7,7
20,5,5,10,10,10,19.7,8
20,5,5,10,10,10,19.7,9
20,5,5,10,10,10,19.7,10
20,5,5,10,10,10,19.7,11
20,5,5,10,10,10,19.7,12
20,5,5,10,10,10,19.7,13
20,5,5,10,10,10,19.7,14
20,5,5,10,10,10,19.7,15
20,5,5,10,10,10,19.7,16
20,5,5,10,10,10,19.7,17
20,5,5,10,10,10,19.7,18
20,5,5,10,10,10,19.7,19
20,5,5,10,10,10,19.7,20
20,5,5,10,10,10,19.8,1
20,5,5,10,10,10,19.8,2
20,5,5,10,10,10,19.8,3
20,5,5,10,10,10,19.8,4
20,5,5,10,10,10,19.8,5
20,5,5,10,10,10,19.8,6
20,5,5,10,10,10,19.8,7
20,5,5,10,10,10,19.8,8
20,5,5,10,10,10,19.8,9
20,5,5,10,10,10,19.8,10
20,5,5,10,10,10,19.8,11
20,5,5,10,10,10,19.8,12
20,5,5,10,10,10,19.8,13
20,5,5,10,10,10,19.8,14
20,5,5,10,10,10,19.8,15
20,5,5,10,10,10,19.8,16
20,5,5,10,10,10,19.8,17
20,5,5,10,10,10,19.8,18
20,5,5,10,10,10,19.8,19
20,5,5,10,10,10,19.8,20
20,5,5,10,10,10,19.9,1
20,5,5,10,10,10,19.9,2
20,5,5,10,10,10,19.9,3
20,5,5,10,10,10,19.9,4
20,5,5,10,10,10,19.9,5
20,5,5,10,10,10,19.9,6
20,5,5,10,10,10,19.9,7
20,5,5,10,10,10,19.9,8
20,5,5,10,10,10,19.9,9
20,5,5,10,10,10,19.9,10
20,5,5,10,10,10,19.9,11
20,5,5,10,10,10,19.9,12
20,5,5,10,10,10,19.9,13
20,5,5,10,10,10,19.9,14
20,5,5,10,10,10,19.9,15
20,5,5,10,10,10,19.9,16
20,5,5,10,10,10,19.9,17
20,5,5,10,10,10,19.9,18
20,5,5,10,10,10,19.9,19
20,5,5,10,10,10,19.9,20
20,5,5,10,10,10,20,1
20,5,5,10,10,10,20,2
20,5,5,10,10,10,20,3
20,5,5,10,10,10,20,4
20,5,5,10,10,10,20,5
20,5,5,10,10,10,20,6
20,5,5,10,10,10,20,7
20,5,5,10,10,10,20,8
20,5,5,10,10,10,20,9
20,5,5,10,10,10,20,10
20,5,5,10,10,10,20,11
20,5,5,10,10,10,20,12
20,5,5,10,10,10,20,13
20,5,5,10,10,10,20,14
20,5,5,10,10,10,20,15
20,5,5,10,10,10,20,16
20,5,5,10,10,10,20,17
20,5,5,10,10,10,20,18
20,5,5,10,10,10,20,19
20,5,5,10,10,10,20,20
