29.2,10.7,55,455,16.8,11,0.669,1
35.6,13.5,88,185,16.6,5.4,0.909,1
31.7,14.4,237,170,29.9,11.7,0.985,1
27.9,10.3,75,122,23.6,7.2,0.548,1
33.5,12.5,284,197,31.9,13.5,0.543,1
34.7,13.9,98,65,27.4,13.4,0.925,1
33,12,486,406,19.7,12.6,0.926,1
27,10.4,413,134,17.9,14.2,0.714,1
27.8,12.5,323,387,30.7,14.4,0.553,1
38.7,11.9,424,128,25.9,13.1,0.801,1
35.8,12.3,378,313,28.6,22,0.794,1
38.9,13.7,446,153,32.5,26.9,0.783,1
33.3,11,464,239,18.9,5.1,0.597,1
32.8,13.6,177,74,30.8,7.4,0.82,1
36.8,10.1,265,36,27.2,16.8,0.527,1
30.5,11.4,382,227,24.6,6.4,0.686,1
39.4,9.8,286,95,20.3,13.8,0.587,1
31.2,12.8,125,295,26.1,13.5,0.62,1
32,12.2,60,174,17.8,10.4,0.743,1
37.3,13.8,490,399,27.7,4.5,0.671,1
35.4,9.8,155,32,22.4,9.5,0.631,1
30.9,11.3,309,49,29,21.6,0.51,1
35.1,10.3,475,445,21.9,17,0.729,1
37.9,11.6,327,141,23.9,13.1,0.937,1
39.1,14.2,220,182,32.8,6,0.558,1
31.1,13.1,212,42,29.9,13.7,0.875,1
29,14,499,257,17.1,7,0.788,1
29.6,10.5,194,162,25.5,13.5,0.953,1
31.5,11.7,246,139,26.6,8.2,0.897,1
36.1,10.9,143,100,26.9,12.8,0.57,1
32.6,12.1,68,374,18.6,5.3,0.52,1
30.3,13,448,337,19.2,16.6,0.885,1
28.3,13.9,210,383,19.8,14.3,0.807,1
31.3,14,170,458,26.9,10.3,0.653,1
27.3,10.4,396,211,32.4,27.2,0.693,1
34.4,13.9,149,470,22.8,18.6,0.972,1
33.1,13.7,279,275,24.8,8.3,0.832,1
27.7,11.2,461,109,21.3,6.8,0.512,1
35.3,10.9,46,85,25.9,17.3,0.601,1
38.4,10.8,110,158,21.7,2.6,0.919,1
34,14.1,161,80,16.8,14.8,0.683,1
36.2,10.6,242,54,31.6,18.1,0.766,1
37.6,10.9,420,419,27.9,5.7,0.948,1
34.5,12.6,182,202,20,4,0.52,1
30.5,11.1,222,484,29.5,11.7,0.894,1
33.7,11.5,189,317,27.7,13.4,0.539,1
30.2,11.4,476,44,28.8,5,0.966,1
28.1,13.2,304,492,25.3,6.2,0.721,1
32.4,14.1,403,439,28.1,16.2,0.837,1
30.1,14.2,137,62,26.3,9.4,0.611,1
28.9,9.9,373,425,29.4,13.1,0.636,1
30.7,11.8,387,437,22.5,17.1,0.644,1
26.5,12,488,359,20.1,13.1,0.75,1
30.8,12.3,320,216,19.4,11.6,0.504,1
29.6,13.2,435,367,33.2,27.2,0.995,1
28.7,14.3,202,379,24.4,14.8,0.531,1
31.8,12.9,470,495,20.8,2.8,0.628,1
37.8,13.7,29,303,27.3,6.9,0.931,1
32.7,12.2,167,307,17.3,2.6,0.904,1
34.3,10.7,342,343,31.9,23.6,0.978,1
37.4,11.4,438,328,22.3,12.4,0.814,1
29.3,12.7,353,102,21.8,15.3,0.855,1
39.5,10.5,86,394,19.1,6.6,0.981,1
26.5,10.6,234,268,31.3,22.3,0.648,1
32.3,13.4,92,411,18,3.1,0.876,1
35.7,11.5,129,253,24.3,7.3,0.679,1
39,13.5,390,464,20.7,10.5,0.658,1
28.5,13.3,367,362,18.7,4,0.958,1
37.1,10.2,131,226,29.7,22.5,0.61,1
32.2,11,452,199,23.3,9.7,0.775,1
36.6,12.8,428,417,30.3,24.3,0.703,1
34.9,13.3,350,475,28.3,22.8,0.86,1
39.2,11.2,414,149,18.3,8,0.581,1
29.8,11.9,404,166,29.2,19.4,0.576,1
33.5,12.6,184,72,23.1,3.4,0.848,1
26.8,13,270,288,25.7,15.5,0.734,1
38.4,12.9,366,350,22.1,18.7,0.568,1
29.3,12.8,256,318,24.9,9.3,0.911,1
36.5,11.8,103,479,23.8,12.8,0.719,1
26.8,9.7,255,289,26.4,12,0.662,1
28.2,11.6,315,281,17.4,5.1,0.777,1
37.1,12.4,111,333,20.4,14.9,0.756,1
38.2,12.4,338,489,17.6,12.1,0.817,1
36.8,10.5,72,232,24.1,20.6,0.762,1
27.5,13.4,261,265,18.4,4.2,0.737,1
37.5,10,21,428,32.1,16,0.591,1
27.4,11.2,335,218,20.9,18.1,0.842,1
28.4,10.2,82,246,31.5,22.3,0.796,1
27.2,10.8,39,116,25.1,8.8,0.707,1
34.2,13.6,303,242,30.5,21.1,0.96,1
38.1,13.1,35,112,30.9,8.5,0.827,1
34.7,11.7,292,20,21.2,16.7,0.616,1
35.9,9.6,204,88,31.1,11.5,0.87,1
29.9,12.1,295,403,30.2,4.2,0.991,1
35.1,9.7,33,354,28.6,6.3,0.749,1
33,9.9,121,27,22.9,4.3,0.858,1
38.6,12.7,150,191,32.7,20.6,0.564,1
36.3,9.8,53,324,21.5,11.5,0.7,1
31.6,10,227,448,32.9,20.5,0.942,1
33.9,14.3,357,273,23.5,13.3,0.887,1
29.2,10.7,55,455,16.8,11,0.669,2
35.6,13.5,88,185,16.6,5.4,0.909,2
31.7,14.4,237,170,29.9,11.7,0.985,2
27.9,10.3,75,122,23.6,7.2,0.548,2
33.5,12.5,284,197,31.9,13.5,0.543,2
34.7,13.9,98,65,27.4,13.4,0.925,2
33,12,486,406,19.7,12.6,0.926,2
27,10.4,413,134,17.9,14.2,0.714,2
27.8,12.5,323,387,30.7,14.4,0.553,2
38.7,11.9,424,128,25.9,13.1,0.801,2
35.8,12.3,378,313,28.6,22,0.794,2
38.9,13.7,446,153,32.5,26.9,0.783,2
33.3,11,464,239,18.9,5.1,0.597,2
32.8,13.6,177,74,30.8,7.4,0.82,2
36.8,10.1,265,36,27.2,16.8,0.527,2
30.5,11.4,382,227,24.6,6.4,0.686,2
39.4,9.8,286,95,20.3,13.8,0.587,2
31.2,12.8,125,295,26.1,13.5,0.62,2
32,12.2,60,174,17.8,10.4,0.743,2
37.3,13.8,490,399,27.7,4.5,0.671,2
35.4,9.8,155,32,22.4,9.5,0.631,2
30.9,11.3,309,49,29,21.6,0.51,2
35.1,10.3,475,445,21.9,17,0.729,2
37.9,11.6,327,141,23.9,13.1,0.937,2
39.1,14.2,220,182,32.8,6,0.558,2
31.1,13.1,212,42,29.9,13.7,0.875,2
29,14,499,257,17.1,7,0.788,2
29.6,10.5,194,162,25.5,13.5,0.953,2
31.5,11.7,246,139,26.6,8.2,0.897,2
36.1,10.9,143,100,26.9,12.8,0.57,2
32.6,12.1,68,374,18.6,5.3,0.52,2
30.3,13,448,337,19.2,16.6,0.885,2
28.3,13.9,210,383,19.8,14.3,0.807,2
31.3,14,170,458,26.9,10.3,0.653,2
27.3,10.4,396,211,32.4,27.2,0.693,2
34.4,13.9,149,470,22.8,18.6,0.972,2
33.1,13.7,279,275,24.8,8.3,0.832,2
27.7,11.2,461,109,21.3,6.8,0.512,2
35.3,10.9,46,85,25.9,17.3,0.601,2
38.4,10.8,110,158,21.7,2.6,0.919,2
34,14.1,161,80,16.8,14.8,0.683,2
36.2,10.6,242,54,31.6,18.1,0.766,2
37.6,10.9,420,419,27.9,5.7,0.948,2
34.5,12.6,182,202,20,4,0.52,2
30.5,11.1,222,484,29.5,11.7,0.894,2
33.7,11.5,189,317,27.7,13.4,0.539,2
30.2,11.4,476,44,28.8,5,0.966,2
28.1,13.2,304,492,25.3,6.2,0.721,2
32.4,14.1,403,439,28.1,16.2,0.837,2
30.1,14.2,137,62,26.3,9.4,0.611,2
28.9,9.9,373,425,29.4,13.1,0.636,2
30.7,11.8,387,437,22.5,17.1,0.644,2
26.5,12,488,359,20.1,13.1,0.75,2
30.8,12.3,320,216,19.4,11.6,0.504,2
29.6,13.2,435,367,33.2,27.2,0.995,2
28.7,14.3,202,379,24.4,14.8,0.531,2
31.8,12.9,470,495,20.8,2.8,0.628,2
37.8,13.7,29,303,27.3,6.9,0.931,2
32.7,12.2,167,307,17.3,2.6,0.904,2
34.3,10.7,342,343,31.9,23.6,0.978,2
37.4,11.4,438,328,22.3,12.4,0.814,2
29.3,12.7,353,102,21.8,15.3,0.855,2
39.5,10.5,86,394,19.1,6.6,0.981,2
26.5,10.6,234,268,31.3,22.3,0.648,2
32.3,13.4,92,411,18,3.1,0.876,2
35.7,11.5,129,253,24.3,7.3,0.679,2
39,13.5,390,464,20.7,10.5,0.658,2
28.5,13.3,367,362,18.7,4,0.958,2
37.1,10.2,131,226,29.7,22.5,0.61,2
32.2,11,452,199,23.3,9.7,0.775,2
36.6,12.8,428,417,30.3,24.3,0.703,2
34.9,13.3,350,475,28.3,22.8,0.86,2
39.2,11.2,414,149,18.3,8,0.581,2
29.8,11.9,404,166,29.2,19.4,0.576,2
33.5,12.6,184,72,23.1,3.4,0.848,2
26.8,13,270,288,25.7,15.5,0.734,2
38.4,12.9,366,350,22.1,18.7,0.568,2
29.3,12.8,256,318,24.9,9.3,0.911,2
36.5,11.8,103,479,23.8,12.8,0.719,2
26.8,9.7,255,289,26.4,12,0.662,2
28.2,11.6,315,281,17.4,5.1,0.777,2
37.1,12.4,111,333,20.4,14.9,0.756,2
38.2,12.4,338,489,17.6,12.1,0.817,2
36.8,10.5,72,232,24.1,20.6,0.762,2
27.5,13.4,261,265,18.4,4.2,0.737,2
37.5,10,21,428,32.1,16,0.591,2
27.4,11.2,335,218,20.9,18.1,0.842,2
28.4,10.2,82,246,31.5,22.3,0.796,2
27.2,10.8,39,116,25.1,8.8,0.707,2
34.2,13.6,303,242,30.5,21.1,0.96,2
38.1,13.1,35,112,30.9,8.5,0.827,2
34.7,11.7,292,20,21.2,16.7,0.616,2
35.9,9.6,204,88,31.1,11.5,0.87,2
29.9,12.1,295,403,30.2,4.2,0.991,2
35.1,9.7,33,354,28.6,6.3,0.749,2
33,9.9,121,27,22.9,4.3,0.858,2
38.6,12.7,150,191,32.7,20.6,0.564,2
36.3,9.8,53,324,21.5,11.5,0.7,2
31.6,10,227,448,32.9,20.5,0.942,2
33.9,14.3,357,273,23.5,13.3,0.887,2
29.2,10.7,55,455,16.8,11,0.669,3
35.6,13.5,88,185,16.6,5.4,0.909,3
31.7,14.4,237,170,29.9,11.7,0.985,3
27.9,10.3,75,122,23.6,7.2,0.548,3
33.5,12.5,284,197,31.9,13.5,0.543,3
34.7,13.9,98,65,27.4,13.4,0.925,3
33,12,486,406,19.7,12.6,0.926,3
27,10.4,413,134,17.9,14.2,0.714,3
27.8,12.5,323,387,30.7,14.4,0.553,3
38.7,11.9,424,128,25.9,13.1,0.801,3
35.8,12.3,378,313,28.6,22,0.794,3
38.9,13.7,446,153,32.5,26.9,0.783,3
33.3,11,464,239,18.9,5.1,0.597,3
32.8,13.6,177,74,30.8,7.4,0.82,3
36.8,10.1,265,36,27.2,16.8,0.527,3
30.5,11.4,382,227,24.6,6.4,0.686,3
39.4,9.8,286,95,20.3,13.8,0.587,3
31.2,12.8,125,295,26.1,13.5,0.62,3
32,12.2,60,174,17.8,10.4,0.743,3
37.3,13.8,490,399,27.7,4.5,0.671,3
35.4,9.8,155,32,22.4,9.5,0.631,3
30.9,11.3,309,49,29,21.6,0.51,3
35.1,10.3,475,445,21.9,17,0.729,3
37.9,11.6,327,141,23.9,13.1,0.937,3
39.1,14.2,220,182,32.8,6,0.558,3
31.1,13.1,212,42,29.9,13.7,0.875,3
29,14,499,257,17.1,7,0.788,3
29.6,10.5,194,162,25.5,13.5,0.953,3
31.5,11.7,246,139,26.6,8.2,0.897,3
36.1,10.9,143,100,26.9,12.8,0.57,3
32.6,12.1,68,374,18.6,5.3,0.52,3
30.3,13,448,337,19.2,16.6,0.885,3
28.3,13.9,210,383,19.8,14.3,0.807,3
31.3,14,170,458,26.9,10.3,0.653,3
27.3,10.4,396,211,32.4,27.2,0.693,3
34.4,13.9,149,470,22.8,18.6,0.972,3
33.1,13.7,279,275,24.8,8.3,0.832,3
27.7,11.2,461,109,21.3,6.8,0.512,3
35.3,10.9,46,85,25.9,17.3,0.601,3
38.4,10.8,110,158,21.7,2.6,0.919,3
34,14.1,161,80,16.8,14.8,0.683,3
36.2,10.6,242,54,31.6,18.1,0.766,3
37.6,10.9,420,419,27.9,5.7,0.948,3
34.5,12.6,182,202,20,4,0.52,3
30.5,11.1,222,484,29.5,11.7,0.894,3
33.7,11.5,189,317,27.7,13.4,0.539,3
30.2,11.4,476,44,28.8,5,0.966,3
28.1,13.2,304,492,25.3,6.2,0.721,3
32.4,14.1,403,439,28.1,16.2,0.837,3
30.1,14.2,137,62,26.3,9.4,0.611,3
28.9,9.9,373,425,29.4,13.1,0.636,3
30.7,11.8,387,437,22.5,17.1,0.644,3
26.5,12,488,359,20.1,13.1,0.75,3
30.8,12.3,320,216,19.4,11.6,0.504,3
29.6,13.2,435,367,33.2,27.2,0.995,3
28.7,14.3,202,379,24.4,14.8,0.531,3
31.8,12.9,470,495,20.8,2.8,0.628,3
37.8,13.7,29,303,27.3,6.9,0.931,3
32.7,12.2,167,307,17.3,2.6,0.904,3
34.3,10.7,342,343,31.9,23.6,0.978,3
37.4,11.4,438,328,22.3,12.4,0.814,3
29.3,12.7,353,102,21.8,15.3,0.855,3
39.5,10.5,86,394,19.1,6.6,0.981,3
26.5,10.6,234,268,31.3,22.3,0.648,3
32.3,13.4,92,411,18,3.1,0.876,3
35.7,11.5,129,253,24.3,7.3,0.679,3
39,13.5,390,464,20.7,10.5,0.658,3
28.5,13.3,367,362,18.7,4,0.958,3
37.1,10.2,131,226,29.7,22.5,0.61,3
32.2,11,452,199,23.3,9.7,0.775,3
36.6,12.8,428,417,30.3,24.3,0.703,3
34.9,13.3,350,475,28.3,22.8,0.86,3
39.2,11.2,414,149,18.3,8,0.581,3
29.8,11.9,404,166,29.2,19.4,0.576,3
33.5,12.6,184,72,23.1,3.4,0.848,3
26.8,13,270,288,25.7,15.5,0.734,3
38.4,12.9,366,350,22.1,18.7,0.568,3
29.3,12.8,256,318,24.9,9.3,0.911,3
36.5,11.8,103,479,23.8,12.8,0.719,3
26.8,9.7,255,289,26.4,12,0.662,3
28.2,11.6,315,281,17.4,5.1,0.777,3
37.1,12.4,111,333,20.4,14.9,0.756,3
38.2,12.4,338,489,17.6,12.1,0.817,3
36.8,10.5,72,232,24.1,20.6,0.762,3
27.5,13.4,261,265,18.4,4.2,0.737,3
37.5,10,21,428,32.1,16,0.591,3
27.4,11.2,335,218,20.9,18.1,0.842,3
28.4,10.2,82,246,31.5,22.3,0.796,3
27.2,10.8,39,116,25.1,8.8,0.707,3
34.2,13.6,303,242,30.5,21.1,0.96,3
38.1,13.1,35,112,30.9,8.5,0.827,3
34.7,11.7,292,20,21.2,16.7,0.616,3
35.9,9.6,204,88,31.1,11.5,0.87,3
29.9,12.1,295,403,30.2,4.2,0.991,3
35.1,9.7,33,354,28.6,6.3,0.749,3
33,9.9,121,27,22.9,4.3,0.858,3
38.6,12.7,150,191,32.7,20.6,0.564,3
36.3,9.8,53,324,21.5,11.5,0.7,3
31.6,10,227,448,32.9,20.5,0.942,3
33.9,14.3,357,273,23.5,13.3,0.887,3
29.2,10.7,55,455,16.8,11,0.669,4
35.6,13.5,88,185,16.6,5.4,0.909,4
31.7,14.4,237,170,29.9,11.7,0.985,4
27.9,10.3,75,122,23.6,7.2,0.548,4
33.5,12.5,284,197,31.9,13.5,0.543,4
34.7,13.9,98,65,27.4,13.4,0.925,4
33,12,486,406,19.7,12.6,0.926,4
27,10.4,413,134,17.9,14.2,0.714,4
27.8,12.5,323,387,30.7,14.4,0.553,4
38.7,11.9,424,128,25.9,13.1,0.801,4
35.8,12.3,378,313,28.6,22,0.794,4
38.9,13.7,446,153,32.5,26.9,0.783,4
33.3,11,464,239,18.9,5.1,0.597,4
32.8,13.6,177,74,30.8,7.4,0.82,4
36.8,10.1,265,36,27.2,16.8,0.527,4
30.5,11.4,382,227,24.6,6.4,0.686,4
39.4,9.8,286,95,20.3,13.8,0.587,4
31.2,12.8,125,295,26.1,13.5,0.62,4
32,12.2,60,174,17.8,10.4,0.743,4
37.3,13.8,490,399,27.7,4.5,0.671,4
35.4,9.8,155,32,22.4,9.5,0.631,4
30.9,11.3,309,49,29,21.6,0.51,4
35.1,10.3,475,445,21.9,17,0.729,4
37.9,11.6,327,141,23.9,13.1,0.937,4
39.1,14.2,220,182,32.8,6,0.558,4
31.1,13.1,212,42,29.9,13.7,0.875,4
29,14,499,257,17.1,7,0.788,4
29.6,10.5,194,162,25.5,13.5,0.953,4
31.5,11.7,246,139,26.6,8.2,0.897,4
36.1,10.9,143,100,26.9,12.8,0.57,4
32.6,12.1,68,374,18.6,5.3,0.52,4
30.3,13,448,337,19.2,16.6,0.885,4
28.3,13.9,210,383,19.8,14.3,0.807,4
31.3,14,170,458,26.9,10.3,0.653,4
27.3,10.4,396,211,32.4,27.2,0.693,4
34.4,13.9,149,470,22.8,18.6,0.972,4
33.1,13.7,279,275,24.8,8.3,0.832,4
27.7,11.2,461,109,21.3,6.8,0.512,4
35.3,10.9,46,85,25.9,17.3,0.601,4
38.4,10.8,110,158,21.7,2.6,0.919,4
34,14.1,161,80,16.8,14.8,0.683,4
36.2,10.6,242,54,31.6,18.1,0.766,4
37.6,10.9,420,419,27.9,5.7,0.948,4
34.5,12.6,182,202,20,4,0.52,4
30.5,11.1,222,484,29.5,11.7,0.894,4
33.7,11.5,189,317,27.7,13.4,0.539,4
30.2,11.4,476,44,28.8,5,0.966,4
28.1,13.2,304,492,25.3,6.2,0.721,4
32.4,14.1,403,439,28.1,16.2,0.837,4
30.1,14.2,137,62,26.3,9.4,0.611,4
28.9,9.9,373,425,29.4,13.1,0.636,4
30.7,11.8,387,437,22.5,17.1,0.644,4
26.5,12,488,359,20.1,13.1,0.75,4
30.8,12.3,320,216,19.4,11.6,0.504,4
29.6,13.2,435,367,33.2,27.2,0.995,4
28.7,14.3,202,379,24.4,14.8,0.531,4
31.8,12.9,470,495,20.8,2.8,0.628,4
37.8,13.7,29,303,27.3,6.9,0.931,4
32.7,12.2,167,307,17.3,2.6,0.904,4
34.3,10.7,342,343,31.9,23.6,0.978,4
37.4,11.4,438,328,22.3,12.4,0.814,4
29.3,12.7,353,102,21.8,15.3,0.855,4
39.5,10.5,86,394,19.1,6.6,0.981,4
26.5,10.6,234,268,31.3,22.3,0.648,4
32.3,13.4,92,411,18,3.1,0.876,4
35.7,11.5,129,253,24.3,7.3,0.679,4
39,13.5,390,464,20.7,10.5,0.658,4
28.5,13.3,367,362,18.7,4,0.958,4
37.1,10.2,131,226,29.7,22.5,0.61,4
32.2,11,452,199,23.3,9.7,0.775,4
36.6,12.8,428,417,30.3,24.3,0.703,4
34.9,13.3,350,475,28.3,22.8,0.86,4
39.2,11.2,414,149,18.3,8,0.581,4
29.8,11.9,404,166,29.2,19.4,0.576,4
33.5,12.6,184,72,23.1,3.4,0.848,4
26.8,13,270,288,25.7,15.5,0.734,4
38.4,12.9,366,350,22.1,18.7,0.568,4
29.3,12.8,256,318,24.9,9.3,0.911,4
36.5,11.8,103,479,23.8,12.8,0.719,4
26.8,9.7,255,289,26.4,12,0.662,4
28.2,11.6,315,281,17.4,5.1,0.777,4
37.1,12.4,111,333,20.4,14.9,0.756,4
38.2,12.4,338,489,17.6,12.1,0.817,4
36.8,10.5,72,232,24.1,20.6,0.762,4
27.5,13.4,261,265,18.4,4.2,0.737,4
37.5,10,21,428,32.1,16,0.591,4
27.4,11.2,335,218,20.9,18.1,0.842,4
28.4,10.2,82,246,31.5,22.3,0.796,4
27.2,10.8,39,116,25.1,8.8,0.707,4
34.2,13.6,303,242,30.5,21.1,0.96,4
38.1,13.1,35,112,30.9,8.5,0.827,4
34.7,11.7,292,20,21.2,16.7,0.616,4
35.9,9.6,204,88,31.1,11.5,0.87,4
29.9,12.1,295,403,30.2,4.2,0.991,4
35.1,9.7,33,354,28.6,6.3,0.749,4
33,9.9,121,27,22.9,4.3,0.858,4
38.6,12.7,150,191,32.7,20.6,0.564,4
36.3,9.8,53,324,21.5,11.5,0.7,4
31.6,10,227,448,32.9,20.5,0.942,4
33.9,14.3,357,273,23.5,13.3,0.887,4
29.2,10.7,55,455,16.8,11,0.669,5
35.6,13.5,88,185,16.6,5.4,0.909,5
31.7,14.4,237,170,29.9,11.7,0.985,5
27.9,10.3,75,122,23.6,7.2,0.548,5
33.5,12.5,284,197,31.9,13.5,0.543,5
34.7,13.9,98,65,27.4,13.4,0.925,5
33,12,486,406,19.7,12.6,0.926,5
27,10.4,413,134,17.9,14.2,0.714,5
27.8,12.5,323,387,30.7,14.4,0.553,5
38.7,11.9,424,128,25.9,13.1,0.801,5
35.8,12.3,378,313,28.6,22,0.794,5
38.9,13.7,446,153,32.5,26.9,0.783,5
33.3,11,464,239,18.9,5.1,0.597,5
32.8,13.6,177,74,30.8,7.4,0.82,5
36.8,10.1,265,36,27.2,16.8,0.527,5
30.5,11.4,382,227,24.6,6.4,0.686,5
39.4,9.8,286,95,20.3,13.8,0.587,5
31.2,12.8,125,295,26.1,13.5,0.62,5
32,12.2,60,174,17.8,10.4,0.743,5
37.3,13.8,490,399,27.7,4.5,0.671,5
35.4,9.8,155,32,22.4,9.5,0.631,5
30.9,11.3,309,49,29,21.6,0.51,5
35.1,10.3,475,445,21.9,17,0.729,5
37.9,11.6,327,141,23.9,13.1,0.937,5
39.1,14.2,220,182,32.8,6,0.558,5
31.1,13.1,212,42,29.9,13.7,0.875,5
29,14,499,257,17.1,7,0.788,5
29.6,10.5,194,162,25.5,13.5,0.953,5
31.5,11.7,246,139,26.6,8.2,0.897,5
36.1,10.9,143,100,26.9,12.8,0.57,5
32.6,12.1,68,374,18.6,5.3,0.52,5
30.3,13,448,337,19.2,16.6,0.885,5
28.3,13.9,210,383,19.8,14.3,0.807,5
31.3,14,170,458,26.9,10.3,0.653,5
27.3,10.4,396,211,32.4,27.2,0.693,5
34.4,13.9,149,470,22.8,18.6,0.972,5
33.1,13.7,279,275,24.8,8.3,0.832,5
27.7,11.2,461,109,21.3,6.8,0.512,5
35.3,10.9,46,85,25.9,17.3,0.601,5
38.4,10.8,110,158,21.7,2.6,0.919,5
34,14.1,161,80,16.8,14.8,0.683,5
36.2,10.6,242,54,31.6,18.1,0.766,5
37.6,10.9,420,419,27.9,5.7,0.948,5
34.5,12.6,182,202,20,4,0.52,5
30.5,11.1,222,484,29.5,11.7,0.894,5
33.7,11.5,189,317,27.7,13.4,0.539,5
30.2,11.4,476,44,28.8,5,0.966,5
28.1,13.2,304,492,25.3,6.2,0.721,5
32.4,14.1,403,439,28.1,16.2,0.837,5
30.1,14.2,137,62,26.3,9.4,0.611,5
28.9,9.9,373,425,29.4,13.1,0.636,5
30.7,11.8,387,437,22.5,17.1,0.644,5
26.5,12,488,359,20.1,13.1,0.75,5
30.8,12.3,320,216,19.4,11.6,0.504,5
29.6,13.2,435,367,33.2,27.2,0.995,5
28.7,14.3,202,379,24.4,14.8,0.531,5
31.8,12.9,470,495,20.8,2.8,0.628,5
37.8,13.7,29,303,27.3,6.9,0.931,5
32.7,12.2,167,307,17.3,2.6,0.904,5
34.3,10.7,342,343,31.9,23.6,0.978,5
37.4,11.4,438,328,22.3,12.4,0.814,5
29.3,12.7,353,102,21.8,15.3,0.855,5
39.5,10.5,86,394,19.1,6.6,0.981,5
26.5,10.6,234,268,31.3,22.3,0.648,5
32.3,13.4,92,411,18,3.1,0.876,5
35.7,11.5,129,253,24.3,7.3,0.679,5
39,13.5,390,464,20.7,10.5,0.658,5
28.5,13.3,367,362,18.7,4,0.958,5
37.1,10.2,131,226,29.7,22.5,0.61,5
32.2,11,452,199,23.3,9.7,0.775,5
36.6,12.8,428,417,30.3,24.3,0.703,5
34.9,13.3,350,475,28.3,22.8,0.86,5
39.2,11.2,414,149,18.3,8,0.581,5
29.8,11.9,404,166,29.2,19.4,0.576,5
33.5,12.6,184,72,23.1,3.4,0.848,5
26.8,13,270,288,25.7,15.5,0.734,5
38.4,12.9,366,350,22.1,18.7,0.568,5
29.3,12.8,256,318,24.9,9.3,0.911,5
36.5,11.8,103,479,23.8,12.8,0.719,5
26.8,9.7,255,289,26.4,12,0.662,5
28.2,11.6,315,281,17.4,5.1,0.777,5
37.1,12.4,111,333,20.4,14.9,0.756,5
38.2,12.4,338,489,17.6,12.1,0.817,5
36.8,10.5,72,232,24.1,20.6,0.762,5
27.5,13.4,261,265,18.4,4.2,0.737,5
37.5,10,21,428,32.1,16,0.591,5
27.4,11.2,335,218,20.9,18.1,0.842,5
28.4,10.2,82,246,31.5,22.3,0.796,5
27.2,10.8,39,116,25.1,8.8,0.707,5
34.2,13.6,303,242,30.5,21.1,0.96,5
38.1,13.1,35,112,30.9,8.5,0.827,5
34.7,11.7,292,20,21.2,16.7,0.616,5
35.9,9.6,204,88,31.1,11.5,0.87,5
29.9,12.1,295,403,30.2,4.2,0.991,5
35.1,9.7,33,354,28.6,6.3,0.749,5
33,9.9,121,27,22.9,4.3,0.858,5
38.6,12.7,150,191,32.7,20.6,0.564,5
36.3,9.8,53,324,21.5,11.5,0.7,5
31.6,10,227,448,32.9,20.5,0.942,5
33.9,14.3,357,273,23.5,13.3,0.887,5
29.2,10.7,55,455,16.8,11,0.669,6
35.6,13.5,88,185,16.6,5.4,0.909,6
31.7,14.4,237,170,29.9,11.7,0.985,6
27.9,10.3,75,122,23.6,7.2,0.548,6
33.5,12.5,284,197,31.9,13.5,0.543,6
34.7,13.9,98,65,27.4,13.4,0.925,6
33,12,486,406,19.7,12.6,0.926,6
27,10.4,413,134,17.9,14.2,0.714,6
27.8,12.5,323,387,30.7,14.4,0.553,6
38.7,11.9,424,128,25.9,13.1,0.801,6
35.8,12.3,378,313,28.6,22,0.794,6
38.9,13.7,446,153,32.5,26.9,0.783,6
33.3,11,464,239,18.9,5.1,0.597,6
32.8,13.6,177,74,30.8,7.4,0.82,6
36.8,10.1,265,36,27.2,16.8,0.527,6
30.5,11.4,382,227,24.6,6.4,0.686,6
39.4,9.8,286,95,20.3,13.8,0.587,6
31.2,12.8,125,295,26.1,13.5,0.62,6
32,12.2,60,174,17.8,10.4,0.743,6
37.3,13.8,490,399,27.7,4.5,0.671,6
35.4,9.8,155,32,22.4,9.5,0.631,6
30.9,11.3,309,49,29,21.6,0.51,6
35.1,10.3,475,445,21.9,17,0.729,6
37.9,11.6,327,141,23.9,13.1,0.937,6
39.1,14.2,220,182,32.8,6,0.558,6
31.1,13.1,212,42,29.9,13.7,0.875,6
29,14,499,257,17.1,7,0.788,6
29.6,10.5,194,162,25.5,13.5,0.953,6
31.5,11.7,246,139,26.6,8.2,0.897,6
36.1,10.9,143,100,26.9,12.8,0.57,6
32.6,12.1,68,374,18.6,5.3,0.52,6
30.3,13,448,337,19.2,16.6,0.885,6
28.3,13.9,210,383,19.8,14.3,0.807,6
31.3,14,170,458,26.9,10.3,0.653,6
27.3,10.4,396,211,32.4,27.2,0.693,6
34.4,13.9,149,470,22.8,18.6,0.972,6
33.1,13.7,279,275,24.8,8.3,0.832,6
27.7,11.2,461,109,21.3,6.8,0.512,6
35.3,10.9,46,85,25.9,17.3,0.601,6
38.4,10.8,110,158,21.7,2.6,0.919,6
34,14.1,161,80,16.8,14.8,0.683,6
36.2,10.6,242,54,31.6,18.1,0.766,6
37.6,10.9,420,419,27.9,5.7,0.948,6
34.5,12.6,182,202,20,4,0.52,6
30.5,11.1,222,484,29.5,11.7,0.894,6
33.7,11.5,189,317,27.7,13.4,0.539,6
30.2,11.4,476,44,28.8,5,0.966,6
28.1,13.2,304,492,25.3,6.2,0.721,6
32.4,14.1,403,439,28.1,16.2,0.837,6
30.1,14.2,137,62,26.3,9.4,0.611,6
28.9,9.9,373,425,29.4,13.1,0.636,6
30.7,11.8,387,437,22.5,17.1,0.644,6
26.5,12,488,359,20.1,13.1,0.75,6
30.8,12.3,320,216,19.4,11.6,0.504,6
29.6,13.2,435,367,33.2,27.2,0.995,6
28.7,14.3,202,379,24.4,14.8,0.531,6
31.8,12.9,470,495,20.8,2.8,0.628,6
37.8,13.7,29,303,27.3,6.9,0.931,6
32.7,12.2,167,307,17.3,2.6,0.904,6
34.3,10.7,342,343,31.9,23.6,0.978,6
37.4,11.4,438,328,22.3,12.4,0.814,6
29.3,12.7,353,102,21.8,15.3,0.855,6
39.5,10.5,86,394,19.1,6.6,0.981,6
26.5,10.6,234,268,31.3,22.3,0.648,6
32.3,13.4,92,411,18,3.1,0.876,6
35.7,11.5,129,253,24.3,7.3,0.679,6
39,13.5,390,464,20.7,10.5,0.658,6
28.5,13.3,367,362,18.7,4,0.958,6
37.1,10.2,131,226,29.7,22.5,0.61,6
32.2,11,452,199,23.3,9.7,0.775,6
36.6,12.8,428,417,30.3,24.3,0.703,6
34.9,13.3,350,475,28.3,22.8,0.86,6
39.2,11.2,414,149,18.3,8,0.581,6
29.8,11.9,404,166,29.2,19.4,0.576,6
33.5,12.6,184,72,23.1,3.4,0.848,6
26.8,13,270,288,25.7,15.5,0.734,6
38.4,12.9,366,350,22.1,18.7,0.568,6
29.3,12.8,256,318,24.9,9.3,0.911,6
36.5,11.8,103,479,23.8,12.8,0.719,6
26.8,9.7,255,289,26.4,12,0.662,6
28.2,11.6,315,281,17.4,5.1,0.777,6
37.1,12.4,111,333,20.4,14.9,0.756,6
38.2,12.4,338,489,17.6,12.1,0.817,6
36.8,10.5,72,232,24.1,20.6,0.762,6
27.5,13.4,261,265,18.4,4.2,0.737,6
37.5,10,21,428,32.1,16,0.591,6
27.4,11.2,335,218,20.9,18.1,0.842,6
28.4,10.2,82,246,31.5,22.3,0.796,6
27.2,10.8,39,116,25.1,8.8,0.707,6
34.2,13.6,303,242,30.5,21.1,0.96,6
38.1,13.1,35,112,30.9,8.5,0.827,6
34.7,11.7,292,20,21.2,16.7,0.616,6
35.9,9.6,204,88,31.1,11.5,0.87,6
29.9,12.1,295,403,30.2,4.2,0.991,6
35.1,9.7,33,354,28.6,6.3,0.749,6
33,9.9,121,27,22.9,4.3,0.858,6
38.6,12.7,150,191,32.7,20.6,0.564,6
36.3,9.8,53,324,21.5,11.5,0.7,6
31.6,10,227,448,32.9,20.5,0.942,6
33.9,14.3,357,273,23.5,13.3,0.887,6
29.2,10.7,55,455,16.8,11,0.669,7
35.6,13.5,88,185,16.6,5.4,0.909,7
31.7,14.4,237,170,29.9,11.7,0.985,7
27.9,10.3,75,122,23.6,7.2,0.548,7
33.5,12.5,284,197,31.9,13.5,0.543,7
34.7,13.9,98,65,27.4,13.4,0.925,7
33,12,486,406,19.7,12.6,0.926,7
27,10.4,413,134,17.9,14.2,0.714,7
27.8,12.5,323,387,30.7,14.4,0.553,7
38.7,11.9,424,128,25.9,13.1,0.801,7
35.8,12.3,378,313,28.6,22,0.794,7
38.9,13.7,446,153,32.5,26.9,0.783,7
33.3,11,464,239,18.9,5.1,0.597,7
32.8,13.6,177,74,30.8,7.4,0.82,7
36.8,10.1,265,36,27.2,16.8,0.527,7
30.5,11.4,382,227,24.6,6.4,0.686,7
39.4,9.8,286,95,20.3,13.8,0.587,7
31.2,12.8,125,295,26.1,13.5,0.62,7
32,12.2,60,174,17.8,10.4,0.743,7
37.3,13.8,490,399,27.7,4.5,0.671,7
35.4,9.8,155,32,22.4,9.5,0.631,7
30.9,11.3,309,49,29,21.6,0.51,7
35.1,10.3,475,445,21.9,17,0.729,7
37.9,11.6,327,141,23.9,13.1,0.937,7
39.1,14.2,220,182,32.8,6,0.558,7
31.1,13.1,212,42,29.9,13.7,0.875,7
29,14,499,257,17.1,7,0.788,7
29.6,10.5,194,162,25.5,13.5,0.953,7
31.5,11.7,246,139,26.6,8.2,0.897,7
36.1,10.9,143,100,26.9,12.8,0.57,7
32.6,12.1,68,374,18.6,5.3,0.52,7
30.3,13,448,337,19.2,16.6,0.885,7
28.3,13.9,210,383,19.8,14.3,0.807,7
31.3,14,170,458,26.9,10.3,0.653,7
27.3,10.4,396,211,32.4,27.2,0.693,7
34.4,13.9,149,470,22.8,18.6,0.972,7
33.1,13.7,279,275,24.8,8.3,0.832,7
27.7,11.2,461,109,21.3,6.8,0.512,7
35.3,10.9,46,85,25.9,17.3,0.601,7
38.4,10.8,110,158,21.7,2.6,0.919,7
34,14.1,161,80,16.8,14.8,0.683,7
36.2,10.6,242,54,31.6,18.1,0.766,7
37.6,10.9,420,419,27.9,5.7,0.948,7
34.5,12.6,182,202,20,4,0.52,7
30.5,11.1,222,484,29.5,11.7,0.894,7
33.7,11.5,189,317,27.7,13.4,0.539,7
30.2,11.4,476,44,28.8,5,0.966,7
28.1,13.2,304,492,25.3,6.2,0.721,7
32.4,14.1,403,439,28.1,16.2,0.837,7
30.1,14.2,137,62,26.3,9.4,0.611,7
28.9,9.9,373,425,29.4,13.1,0.636,7
30.7,11.8,387,437,22.5,17.1,0.644,7
26.5,12,488,359,20.1,13.1,0.75,7
30.8,12.3,320,216,19.4,11.6,0.504,7
29.6,13.2,435,367,33.2,27.2,0.995,7
28.7,14.3,202,379,24.4,14.8,0.531,7
31.8,12.9,470,495,20.8,2.8,0.628,7
37.8,13.7,29,303,27.3,6.9,0.931,7
32.7,12.2,167,307,17.3,2.6,0.904,7
34.3,10.7,342,343,31.9,23.6,0.978,7
37.4,11.4,438,328,22.3,12.4,0.814,7
29.3,12.7,353,102,21.8,15.3,0.855,7
39.5,10.5,86,394,19.1,6.6,0.981,7
26.5,10.6,234,268,31.3,22.3,0.648,7
32.3,13.4,92,411,18,3.1,0.876,7
35.7,11.5,129,253,24.3,7.3,0.679,7
39,13.5,390,464,20.7,10.5,0.658,7
28.5,13.3,367,362,18.7,4,0.958,7
37.1,10.2,131,226,29.7,22.5,0.61,7
32.2,11,452,199,23.3,9.7,0.775,7
36.6,12.8,428,417,30.3,24.3,0.703,7
34.9,13.3,350,475,28.3,22.8,0.86,7
39.2,11.2,414,149,18.3,8,0.581,7
29.8,11.9,404,166,29.2,19.4,0.576,7
33.5,12.6,184,72,23.1,3.4,0.848,7
26.8,13,270,288,25.7,15.5,0.734,7
38.4,12.9,366,350,22.1,18.7,0.568,7
29.3,12.8,256,318,24.9,9.3,0.911,7
36.5,11.8,103,479,23.8,12.8,0.719,7
26.8,9.7,255,289,26.4,12,0.662,7
28.2,11.6,315,281,17.4,5.1,0.777,7
37.1,12.4,111,333,20.4,14.9,0.756,7
38.2,12.4,338,489,17.6,12.1,0.817,7
36.8,10.5,72,232,24.1,20.6,0.762,7
27.5,13.4,261,265,18.4,4.2,0.737,7
37.5,10,21,428,32.1,16,0.591,7
27.4,11.2,335,218,20.9,18.1,0.842,7
28.4,10.2,82,246,31.5,22.3,0.796,7
27.2,10.8,39,116,25.1,8.8,0.707,7
34.2,13.6,303,242,30.5,21.1,0.96,7
38.1,13.1,35,112,30.9,8.5,0.827,7
34.7,11.7,292,20,21.2,16.7,0.616,7
35.9,9.6,204,88,31.1,11.5,0.87,7
29.9,12.1,295,403,30.2,4.2,0.991,7
35.1,9.7,33,354,28.6,6.3,0.749,7
33,9.9,121,27,22.9,4.3,0.858,7
38.6,12.7,150,191,32.7,20.6,0.564,7
36.3,9.8,53,324,21.5,11.5,0.7,7
31.6,10,227,448,32.9,20.5,0.942,7
33.9,14.3,357,273,23.5,13.3,0.887,7
29.2,10.7,55,455,16.8,11,0.669,8
35.6,13.5,88,185,16.6,5.4,0.909,8
31.7,14.4,237,170,29.9,11.7,0.985,8
27.9,10.3,75,122,23.6,7.2,0.548,8
33.5,12.5,284,197,31.9,13.5,0.543,8
34.7,13.9,98,65,27.4,13.4,0.925,8
33,12,486,406,19.7,12.6,0.926,8
27,10.4,413,134,17.9,14.2,0.714,8
27.8,12.5,323,387,30.7,14.4,0.553,8
38.7,11.9,424,128,25.9,13.1,0.801,8
35.8,12.3,378,313,28.6,22,0.794,8
38.9,13.7,446,153,32.5,26.9,0.783,8
33.3,11,464,239,18.9,5.1,0.597,8
32.8,13.6,177,74,30.8,7.4,0.82,8
36.8,10.1,265,36,27.2,16.8,0.527,8
30.5,11.4,382,227,24.6,6.4,0.686,8
39.4,9.8,286,95,20.3,13.8,0.587,8
31.2,12.8,125,295,26.1,13.5,0.62,8
32,12.2,60,174,17.8,10.4,0.743,8
37.3,13.8,490,399,27.7,4.5,0.671,8
35.4,9.8,155,32,22.4,9.5,0.631,8
30.9,11.3,309,49,29,21.6,0.51,8
35.1,10.3,475,445,21.9,17,0.729,8
37.9,11.6,327,141,23.9,13.1,0.937,8
39.1,14.2,220,182,32.8,6,0.558,8
31.1,13.1,212,42,29.9,13.7,0.875,8
29,14,499,257,17.1,7,0.788,8
29.6,10.5,194,162,25.5,13.5,0.953,8
31.5,11.7,246,139,26.6,8.2,0.897,8
36.1,10.9,143,100,26.9,12.8,0.57,8
32.6,12.1,68,374,18.6,5.3,0.52,8
30.3,13,448,337,19.2,16.6,0.885,8
28.3,13.9,210,383,19.8,14.3,0.807,8
31.3,14,170,458,26.9,10.3,0.653,8
27.3,10.4,396,211,32.4,27.2,0.693,8
34.4,13.9,149,470,22.8,18.6,0.972,8
33.1,13.7,279,275,24.8,8.3,0.832,8
27.7,11.2,461,109,21.3,6.8,0.512,8
35.3,10.9,46,85,25.9,17.3,0.601,8
38.4,10.8,110,158,21.7,2.6,0.919,8
34,14.1,161,80,16.8,14.8,0.683,8
36.2,10.6,242,54,31.6,18.1,0.766,8
37.6,10.9,420,419,27.9,5.7,0.948,8
34.5,12.6,182,202,20,4,0.52,8
30.5,11.1,222,484,29.5,11.7,0.894,8
33.7,11.5,189,317,27.7,13.4,0.539,8
30.2,11.4,476,44,28.8,5,0.966,8
28.1,13.2,304,492,25.3,6.2,0.721,8
32.4,14.1,403,439,28.1,16.2,0.837,8
30.1,14.2,137,62,26.3,9.4,0.611,8
28.9,9.9,373,425,29.4,13.1,0.636,8
30.7,11.8,387,437,22.5,17.1,0.644,8
26.5,12,488,359,20.1,13.1,0.75,8
30.8,12.3,320,216,19.4,11.6,0.504,8
29.6,13.2,435,367,33.2,27.2,0.995,8
28.7,14.3,202,379,24.4,14.8,0.531,8
31.8,12.9,470,495,20.8,2.8,0.628,8
37.8,13.7,29,303,27.3,6.9,0.931,8
32.7,12.2,167,307,17.3,2.6,0.904,8
34.3,10.7,342,343,31.9,23.6,0.978,8
37.4,11.4,438,328,22.3,12.4,0.814,8
29.3,12.7,353,102,21.8,15.3,0.855,8
39.5,10.5,86,394,19.1,6.6,0.981,8
26.5,10.6,234,268,31.3,22.3,0.648,8
32.3,13.4,92,411,18,3.1,0.876,8
35.7,11.5,129,253,24.3,7.3,0.679,8
39,13.5,390,464,20.7,10.5,0.658,8
28.5,13.3,367,362,18.7,4,0.958,8
37.1,10.2,131,226,29.7,22.5,0.61,8
32.2,11,452,199,23.3,9.7,0.775,8
36.6,12.8,428,417,30.3,24.3,0.703,8
34.9,13.3,350,475,28.3,22.8,0.86,8
39.2,11.2,414,149,18.3,8,0.581,8
29.8,11.9,404,166,29.2,19.4,0.576,8
33.5,12.6,184,72,23.1,3.4,0.848,8
26.8,13,270,288,25.7,15.5,0.734,8
38.4,12.9,366,350,22.1,18.7,0.568,8
29.3,12.8,256,318,24.9,9.3,0.911,8
36.5,11.8,103,479,23.8,12.8,0.719,8
26.8,9.7,255,289,26.4,12,0.662,8
28.2,11.6,315,281,17.4,5.1,0.777,8
37.1,12.4,111,333,20.4,14.9,0.756,8
38.2,12.4,338,489,17.6,12.1,0.817,8
36.8,10.5,72,232,24.1,20.6,0.762,8
27.5,13.4,261,265,18.4,4.2,0.737,8
37.5,10,21,428,32.1,16,0.591,8
27.4,11.2,335,218,20.9,18.1,0.842,8
28.4,10.2,82,246,31.5,22.3,0.796,8
27.2,10.8,39,116,25.1,8.8,0.707,8
34.2,13.6,303,242,30.5,21.1,0.96,8
38.1,13.1,35,112,30.9,8.5,0.827,8
34.7,11.7,292,20,21.2,16.7,0.616,8
35.9,9.6,204,88,31.1,11.5,0.87,8
29.9,12.1,295,403,30.2,4.2,0.991,8
35.1,9.7,33,354,28.6,6.3,0.749,8
33,9.9,121,27,22.9,4.3,0.858,8
38.6,12.7,150,191,32.7,20.6,0.564,8
36.3,9.8,53,324,21.5,11.5,0.7,8
31.6,10,227,448,32.9,20.5,0.942,8
33.9,14.3,357,273,23.5,13.3,0.887,8
29.2,10.7,55,455,16.8,11,0.669,9
35.6,13.5,88,185,16.6,5.4,0.909,9
31.7,14.4,237,170,29.9,11.7,0.985,9
27.9,10.3,75,122,23.6,7.2,0.548,9
33.5,12.5,284,197,31.9,13.5,0.543,9
34.7,13.9,98,65,27.4,13.4,0.925,9
33,12,486,406,19.7,12.6,0.926,9
27,10.4,413,134,17.9,14.2,0.714,9
27.8,12.5,323,387,30.7,14.4,0.553,9
38.7,11.9,424,128,25.9,13.1,0.801,9
35.8,12.3,378,313,28.6,22,0.794,9
38.9,13.7,446,153,32.5,26.9,0.783,9
33.3,11,464,239,18.9,5.1,0.597,9
32.8,13.6,177,74,30.8,7.4,0.82,9
36.8,10.1,265,36,27.2,16.8,0.527,9
30.5,11.4,382,227,24.6,6.4,0.686,9
39.4,9.8,286,95,20.3,13.8,0.587,9
31.2,12.8,125,295,26.1,13.5,0.62,9
32,12.2,60,174,17.8,10.4,0.743,9
37.3,13.8,490,399,27.7,4.5,0.671,9
35.4,9.8,155,32,22.4,9.5,0.631,9
30.9,11.3,309,49,29,21.6,0.51,9
35.1,10.3,475,445,21.9,17,0.729,9
37.9,11.6,327,141,23.9,13.1,0.937,9
39.1,14.2,220,182,32.8,6,0.558,9
31.1,13.1,212,42,29.9,13.7,0.875,9
29,14,499,257,17.1,7,0.788,9
29.6,10.5,194,162,25.5,13.5,0.953,9
31.5,11.7,246,139,26.6,8.2,0.897,9
36.1,10.9,143,100,26.9,12.8,0.57,9
32.6,12.1,68,374,18.6,5.3,0.52,9
30.3,13,448,337,19.2,16.6,0.885,9
28.3,13.9,210,383,19.8,14.3,0.807,9
31.3,14,170,458,26.9,10.3,0.653,9
27.3,10.4,396,211,32.4,27.2,0.693,9
34.4,13.9,149,470,22.8,18.6,0.972,9
33.1,13.7,279,275,24.8,8.3,0.832,9
27.7,11.2,461,109,21.3,6.8,0.512,9
35.3,10.9,46,85,25.9,17.3,0.601,9
38.4,10.8,110,158,21.7,2.6,0.919,9
34,14.1,161,80,16.8,14.8,0.683,9
36.2,10.6,242,54,31.6,18.1,0.766,9
37.6,10.9,420,419,27.9,5.7,0.948,9
34.5,12.6,182,202,20,4,0.52,9
30.5,11.1,222,484,29.5,11.7,0.894,9
33.7,11.5,189,317,27.7,13.4,0.539,9
30.2,11.4,476,44,28.8,5,0.966,9
28.1,13.2,304,492,25.3,6.2,0.721,9
32.4,14.1,403,439,28.1,16.2,0.837,9
30.1,14.2,137,62,26.3,9.4,0.611,9
28.9,9.9,373,425,29.4,13.1,0.636,9
30.7,11.8,387,437,22.5,17.1,0.644,9
26.5,12,488,359,20.1,13.1,0.75,9
30.8,12.3,320,216,19.4,11.6,0.504,9
29.6,13.2,435,367,33.2,27.2,0.995,9
28.7,14.3,202,379,24.4,14.8,0.531,9
31.8,12.9,470,495,20.8,2.8,0.628,9
37.8,13.7,29,303,27.3,6.9,0.931,9
32.7,12.2,167,307,17.3,2.6,0.904,9
34.3,10.7,342,343,31.9,23.6,0.978,9
37.4,11.4,438,328,22.3,12.4,0.814,9
29.3,12.7,353,102,21.8,15.3,0.855,9
39.5,10.5,86,394,19.1,6.6,0.981,9
26.5,10.6,234,268,31.3,22.3,0.648,9
32.3,13.4,92,411,18,3.1,0.876,9
35.7,11.5,129,253,24.3,7.3,0.679,9
39,13.5,390,464,20.7,10.5,0.658,9
28.5,13.3,367,362,18.7,4,0.958,9
37.1,10.2,131,226,29.7,22.5,0.61,9
32.2,11,452,199,23.3,9.7,0.775,9
36.6,12.8,428,417,30.3,24.3,0.703,9
34.9,13.3,350,475,28.3,22.8,0.86,9
39.2,11.2,414,149,18.3,8,0.581,9
29.8,11.9,404,166,29.2,19.4,0.576,9
33.5,12.6,184,72,23.1,3.4,0.848,9
26.8,13,270,288,25.7,15.5,0.734,9
38.4,12.9,366,350,22.1,18.7,0.568,9
29.3,12.8,256,318,24.9,9.3,0.911,9
36.5,11.8,103,479,23.8,12.8,0.719,9
26.8,9.7,255,289,26.4,12,0.662,9
28.2,11.6,315,281,17.4,5.1,0.777,9
37.1,12.4,111,333,20.4,14.9,0.756,9
38.2,12.4,338,489,17.6,12.1,0.817,9
36.8,10.5,72,232,24.1,20.6,0.762,9
27.5,13.4,261,265,18.4,4.2,0.737,9
37.5,10,21,428,32.1,16,0.591,9
27.4,11.2,335,218,20.9,18.1,0.842,9
28.4,10.2,82,246,31.5,22.3,0.796,9
27.2,10.8,39,116,25.1,8.8,0.707,9
34.2,13.6,303,242,30.5,21.1,0.96,9
38.1,13.1,35,112,30.9,8.5,0.827,9
34.7,11.7,292,20,21.2,16.7,0.616,9
35.9,9.6,204,88,31.1,11.5,0.87,9
29.9,12.1,295,403,30.2,4.2,0.991,9
35.1,9.7,33,354,28.6,6.3,0.749,9
33,9.9,121,27,22.9,4.3,0.858,9
38.6,12.7,150,191,32.7,20.6,0.564,9
36.3,9.8,53,324,21.5,11.5,0.7,9
31.6,10,227,448,32.9,20.5,0.942,9
33.9,14.3,357,273,23.5,13.3,0.887,9
29.2,10.7,55,455,16.8,11,0.669,10
35.6,13.5,88,185,16.6,5.4,0.909,10
31.7,14.4,237,170,29.9,11.7,0.985,10
27.9,10.3,75,122,23.6,7.2,0.548,10
33.5,12.5,284,197,31.9,13.5,0.543,10
34.7,13.9,98,65,27.4,13.4,0.925,10
33,12,486,406,19.7,12.6,0.926,10
27,10.4,413,134,17.9,14.2,0.714,10
27.8,12.5,323,387,30.7,14.4,0.553,10
38.7,11.9,424,128,25.9,13.1,0.801,10
35.8,12.3,378,313,28.6,22,0.794,10
38.9,13.7,446,153,32.5,26.9,0.783,10
33.3,11,464,239,18.9,5.1,0.597,10
32.8,13.6,177,74,30.8,7.4,0.82,10
36.8,10.1,265,36,27.2,16.8,0.527,10
30.5,11.4,382,227,24.6,6.4,0.686,10
39.4,9.8,286,95,20.3,13.8,0.587,10
31.2,12.8,125,295,26.1,13.5,0.62,10
32,12.2,60,174,17.8,10.4,0.743,10
37.3,13.8,490,399,27.7,4.5,0.671,10
35.4,9.8,155,32,22.4,9.5,0.631,10
30.9,11.3,309,49,29,21.6,0.51,10
35.1,10.3,475,445,21.9,17,0.729,10
37.9,11.6,327,141,23.9,13.1,0.937,10
39.1,14.2,220,182,32.8,6,0.558,10
31.1,13.1,212,42,29.9,13.7,0.875,10
29,14,499,257,17.1,7,0.788,10
29.6,10.5,194,162,25.5,13.5,0.953,10
31.5,11.7,246,139,26.6,8.2,0.897,10
36.1,10.9,143,100,26.9,12.8,0.57,10
32.6,12.1,68,374,18.6,5.3,0.52,10
30.3,13,448,337,19.2,16.6,0.885,10
28.3,13.9,210,383,19.8,14.3,0.807,10
31.3,14,170,458,26.9,10.3,0.653,10
27.3,10.4,396,211,32.4,27.2,0.693,10
34.4,13.9,149,470,22.8,18.6,0.972,10
33.1,13.7,279,275,24.8,8.3,0.832,10
27.7,11.2,461,109,21.3,6.8,0.512,10
35.3,10.9,46,85,25.9,17.3,0.601,10
38.4,10.8,110,158,21.7,2.6,0.919,10
34,14.1,161,80,16.8,14.8,0.683,10
36.2,10.6,242,54,31.6,18.1,0.766,10
37.6,10.9,420,419,27.9,5.7,0.948,10
34.5,12.6,182,202,20,4,0.52,10
30.5,11.1,222,484,29.5,11.7,0.894,10
33.7,11.5,189,317,27.7,13.4,0.539,10
30.2,11.4,476,44,28.8,5,0.966,10
28.1,13.2,304,492,25.3,6.2,0.721,10
32.4,14.1,403,439,28.1,16.2,0.837,10
30.1,14.2,137,62,26.3,9.4,0.611,10
28.9,9.9,373,425,29.4,13.1,0.636,10
30.7,11.8,387,437,22.5,17.1,0.644,10
26.5,12,488,359,20.1,13.1,0.75,10
30.8,12.3,320,216,19.4,11.6,0.504,10
29.6,13.2,435,367,33.2,27.2,0.995,10
28.7,14.3,202,379,24.4,14.8,0.531,10
31.8,12.9,470,495,20.8,2.8,0.628,10
37.8,13.7,29,303,27.3,6.9,0.931,10
32.7,12.2,167,307,17.3,2.6,0.904,10
34.3,10.7,342,343,31.9,23.6,0.978,10
37.4,11.4,438,328,22.3,12.4,0.814,10
29.3,12.7,353,102,21.8,15.3,0.855,10
39.5,10.5,86,394,19.1,6.6,0.981,10
26.5,10.6,234,268,31.3,22.3,0.648,10
32.3,13.4,92,411,18,3.1,0.876,10
35.7,11.5,129,253,24.3,7.3,0.679,10
39,13.5,390,464,20.7,10.5,0.658,10
28.5,13.3,367,362,18.7,4,0.958,10
37.1,10.2,131,226,29.7,22.5,0.61,10
32.2,11,452,199,23.3,9.7,0.775,10
36.6,12.8,428,417,30.3,24.3,0.703,10
34.9,13.3,350,475,28.3,22.8,0.86,10
39.2,11.2,414,149,18.3,8,0.581,10
29.8,11.9,404,166,29.2,19.4,0.576,10
33.5,12.6,184,72,23.1,3.4,0.848,10
26.8,13,270,288,25.7,15.5,0.734,10
38.4,12.9,366,350,22.1,18.7,0.568,10
29.3,12.8,256,318,24.9,9.3,0.911,10
36.5,11.8,103,479,23.8,12.8,0.719,10
26.8,9.7,255,289,26.4,12,0.662,10
28.2,11.6,315,281,17.4,5.1,0.777,10
37.1,12.4,111,333,20.4,14.9,0.756,10
38.2,12.4,338,489,17.6,12.1,0.817,10
36.8,10.5,72,232,24.1,20.6,0.762,10
27.5,13.4,261,265,18.4,4.2,0.737,10
37.5,10,21,428,32.1,16,0.591,10
27.4,11.2,335,218,20.9,18.1,0.842,10
28.4,10.2,82,246,31.5,22.3,0.796,10
27.2,10.8,39,116,25.1,8.8,0.707,10
34.2,13.6,303,242,30.5,21.1,0.96,10
38.1,13.1,35,112,30.9,8.5,0.827,10
34.7,11.7,292,20,21.2,16.7,0.616,10
35.9,9.6,204,88,31.1,11.5,0.87,10
29.9,12.1,295,403,30.2,4.2,0.991,10
35.1,9.7,33,354,28.6,6.3,0.749,10
33,9.9,121,27,22.9,4.3,0.858,10
38.6,12.7,150,191,32.7,20.6,0.564,10
36.3,9.8,53,324,21.5,11.5,0.7,10
31.6,10,227,448,32.9,20.5,0.942,10
33.9,14.3,357,273,23.5,13.3,0.887,10
