20,5,10,10,10,2,5.5,1
20,5,10,10,10,2,5.5,2
20,5,10,10,10,2,5.5,3
20,5,10,10,10,2,5.5,4
20,5,10,10,10,2,5.5,5
20,5,10,10,10,2,5.5,6
20,5,10,10,10,2,5.5,7
20,5,10,10,10,2,5.5,8
20,5,10,10,10,2,5.5,9
20,5,10,10,10,2,5.5,10
20,5,10,10,10,2,5.5,11
20,5,10,10,10,2,5.5,12
20,5,10,10,10,2,5.5,13
20,5,10,10,10,2,5.5,14
20,5,10,10,10,2,5.5,15
20,5,10,10,10,2,5.5,16
20,5,10,10,10,2,5.5,17
20,5,10,10,10,2,5.5,18
20,5,10,10,10,2,5.5,19
20,5,10,10,10,2,5.5,20
20,5,10,10,10,2,6,1
20,5,10,10,10,2,6,2
20,5,10,10,10,2,6,3
20,5,10,10,10,2,6,4
20,5,10,10,10,2,6,5
20,5,10,10,10,2,6,6
20,5,10,10,10,2,6,7
20,5,10,10,10,2,6,8
20,5,10,10,10,2,6,9
20,5,10,10,10,2,6,10
20,5,10,10,10,2,6,11
20,5,10,10,10,2,6,12
20,5,10,10,10,2,6,13
20,5,10,10,10,2,6,14
20,5,10,10,10,2,6,15
20,5,10,10,10,2,6,16
20,5,10,10,10,2,6,17
20,5,10,10,10,2,6,18
20,5,10,10,10,2,6,19
20,5,10,10,10,2,6,20
20,5,10,10,10,2,6.5,1
20,5,10,10,10,2,6.5,2
20,5,10,10,10,2,6.5,3
20,5,10,10,10,2,6.5,4
20,5,10,10,10,2,6.5,5
20,5,10,10,10,2,6.5,6
20,5,10,10,10,2,6.5,7
20,5,10,10,10,2,6.5,8
20,5,10,10,10,2,6.5,9
20,5,10,10,10,2,6.5,10
20,5,10,10,10,2,6.5,11
20,5,10,10,10,2,6.5,12
20,5,10,10,10,2,6.5,13
20,5,10,10,10,2,6.5,14
20,5,10,10,10,2,6.5,15
20,5,10,10,10,2,6.5,16
20,5,10,10,10,2,6.5,17
20,5,10,10,10,2,6.5,18
20,5,10,10,10,2,6.5,19
20,5,10,10,10,2,6.5,20
20,5,10,10,10,2,7,1
20,5,10,10,10,2,7,2
20,5,10,10,10,2,7,3
20,5,10,10,10,2,7,4
20,5,10,10,10,2,7,5
20,5,10,10,10,2,7,6
20,5,10,10,10,2,7,7
20,5,10,10,10,2,7,8
20,5,10,10,10,2,7,9
20,5,10,10,10,2,7,10
20,5,10,10,10,2,7,11
20,5,10,10,10,2,7,12
20,5,10,10,10,2,7,13
20,5,10,10,10,2,7,14
20,5,10,10,10,2,7,15
20,5,10,10,10,2,7,16
20,5,10,10,10,2,7,17
20,5,10,10,10,2,7,18
20,5,10,10,10,2,7,19
20,5,10,10,10,2,7,20
20,5,10,10,10,2,7.5,1
20,5,10,10,10,2,7.5,2
20,5,10,10,10,2,7.5,3
20,5,10,10,10,2,7.5,4
20,5,10,10,10,2,7.5,5
20,5,10,10,10,2,7.5,6
20,5,10,10,10,2,7.5,7
20,5,10,10,10,2,7.5,8
20,5,10,10,10,2,7.5,9
20,5,10,10,10,2,7.5,10
20,5,10,10,10,2,7.5,11
20,5,10,10,10,2,7.5,12
20,5,10,10,10,2,7.5,13
20,5,10,10,10,2,7.5,14
20,5,10,10,10,2,7.5,15
20,5,10,10,10,2,7.5,16
20,5,10,10,10,2,7.5,17
20,5,10,10,10,2,7.5,18
20,5,10,10,10,2,7.5,19
20,5,10,10,10,2,7.5,20
20,5,10,10,10,2,8,1
20,5,10,10,10,2,8,2
20,5,10,10,10,2,8,3
20,5,10,10,10,2,8,4
20,5,10,10,10,2,8,5
20,5,10,10,10,2,8,6
20,5,10,10,10,2,8,7
20,5,10,10,10,2,8,8
20,5,10,10,10,2,8,9
20,5,10,10,10,2,8,10
20,5,10,10,10,2,8,11
20,5,10,10,10,2,8,12
20,5,10,10,10,2,8,13
20,5,10,10,10,2,8,14
20,5,10,10,10,2,8,15
20,5,10,10,10,2,8,16
20,5,10,10,10,2,8,17
20,5,10,10,10,2,8,18
20,5,10,10,10,2,8,19
20,5,10,10,10,2,8,20
20,5,10,10,10,2,8.5,1
20,5,10,10,10,2,8.5,2
20,5,10,10,10,2,8.5,3
20,5,10,10,10,2,8.5,4
20,5,10,10,10,2,8.5,5
20,5,10,10,10,2,8.5,6
20,5,10,10,10,2,8.5,7
20,5,10,10,10,2,8.5,8
20,5,10,10,10,2,8.5,9
20,5,10,10,10,2,8.5,10
20,5,10,10,10,2,8.5,11
20,5,10,10,10,2,8.5,12
20,5,10,10,10,2,8.5,13
20,5,10,10,10,2,8.5,14
20,5,10,10,10,2,8.5,15
20,5,10,10,10,2,8.5,16
20,5,10,10,10,2,8.5,17
20,5,10,10,10,2,8.5,18
20,5,10,10,10,2,8.5,19
20,5,10,10,10,2,8.5,20
20,5,10,10,10,2,9,1
20,5,10,10,10,2,9,2
20,5,10,10,10,2,9,3
20,5,10,10,10,2,9,4
20,5,10,10,10,2,9,5
20,5,10,10,10,2,9,6
20,5,10,10,10,2,9,7
20,5,10,10,10,2,9,8
20,5,10,10,10,2,9,9
20,5,10,10,10,2,9,10
20,5,10,10,10,2,9,11
20,5,10,10,10,2,9,12
20,5,10,10,10,2,9,13
20,5,10,10,10,2,9,14
20,5,10,10,10,2,9,15
20,5,10,10,10,2,9,16
20,5,10,10,10,2,9,17
20,5,10,10,10,2,9,18
20,5,10,10,10,2,9,19
20,5,10,10,10,2,9,20
20,5,10,10,10,2,9.5,1
20,5,10,10,10,2,9.5,2
20,5,10,10,10,2,9.5,3
20,5,10,10,10,2,9.5,4
20,5,10,10,10,2,9.5,5
20,5,10,10,10,2,9.5,6
20,5,10,10,10,2,9.5,7
20,5,10,10,10,2,9.5,8
20,5,10,10,10,2,9.5,9
20,5,10,10,10,2,9.5,10
20,5,10,10,10,2,9.5,11
20,5,10,10,10,2,9.5,12
20,5,10,10,10,2,9.5,13
20,5,10,10,10,2,9.5,14
20,5,10,10,10,2,9.5,15
20,5,10,10,10,2,9.5,16
20,5,10,10,10,2,9.5,17
20,5,10,10,10,2,9.5,18
20,5,10,10,10,2,9.5,19
20,5,10,10,10,2,9.5,20
20,5,10,10,10,2,10,1
20,5,10,10,10,2,10,2
20,5,10,10,10,2,10,3
20,5,10,10,10,2,10,4
20,5,10,10,10,2,10,5
20,5,10,10,10,2,10,6
20,5,10,10,10,2,10,7
20,5,10,10,10,2,10,8
20,5,10,10,10,2,10,9
20,5,10,10,10,2,10,10
20,5,10,10,10,2,10,11
20,5,10,10,10,2,10,12
20,5,10,10,10,2,10,13
20,5,10,10,10,2,10,14
20,5,10,10,10,2,10,15
20,5,10,10,10,2,10,16
20,5,10,10,10,2,10,17
20,5,10,10,10,2,10,18
20,5,10,10,10,2,10,19
20,5,10,10,10,2,10,20
20,5,10,10,10,4,5.5,1
20,5,10,10,10,4,5.5,2
20,5,10,10,10,4,5.5,3
20,5,10,10,10,4,5.5,4
20,5,10,10,10,4,5.5,5
20,5,10,10,10,4,5.5,6
20,5,10,10,10,4,5.5,7
20,5,10,10,10,4,5.5,8
20,5,10,10,10,4,5.5,9
20,5,10,10,10,4,5.5,10
20,5,10,10,10,4,5.5,11
20,5,10,10,10,4,5.5,12
20,5,10,10,10,4,5.5,13
20,5,10,10,10,4,5.5,14
20,5,10,10,10,4,5.5,15
20,5,10,10,10,4,5.5,16
20,5,10,10,10,4,5.5,17
20,5,10,10,10,4,5.5,18
20,5,10,10,10,4,5.5,19
20,5,10,10,10,4,5.5,20
20,5,10,10,10,4,6,1
20,5,10,10,10,4,6,2
20,5,10,10,10,4,6,3
20,5,10,10,10,4,6,4
20,5,10,10,10,4,6,5
20,5,10,10,10,4,6,6
20,5,10,10,10,4,6,7
20,5,10,10,10,4,6,8
20,5,10,10,10,4,6,9
20,5,10,10,10,4,6,10
20,5,10,10,10,4,6,11
20,5,10,10,10,4,6,12
20,5,10,10,10,4,6,13
20,5,10,10,10,4,6,14
20,5,10,10,10,4,6,15
20,5,10,10,10,4,6,16
20,5,10,10,10,4,6,17
20,5,10,10,10,4,6,18
20,5,10,10,10,4,6,19
20,5,10,10,10,4,6,20
20,5,10,10,10,4,6.5,1
20,5,10,10,10,4,6.5,2
20,5,10,10,10,4,6.5,3
20,5,10,10,10,4,6.5,4
20,5,10,10,10,4,6.5,5
20,5,10,10,10,4,6.5,6
20,5,10,10,10,4,6.5,7
20,5,10,10,10,4,6.5,8
20,5,10,10,10,4,6.5,9
20,5,10,10,10,4,6.5,10
20,5,10,10,10,4,6.5,11
20,5,10,10,10,4,6.5,12
20,5,10,10,10,4,6.5,13
20,5,10,10,10,4,6.5,14
20,5,10,10,10,4,6.5,15
20,5,10,10,10,4,6.5,16
20,5,10,10,10,4,6.5,17
20,5,10,10,10,4,6.5,18
20,5,10,10,10,4,6.5,19
20,5,10,10,10,4,6.5,20
20,5,10,10,10,4,7,1
20,5,10,10,10,4,7,2
20,5,10,10,10,4,7,3
20,5,10,10,10,4,7,4
20,5,10,10,10,4,7,5
20,5,10,10,10,4,7,6
20,5,10,10,10,4,7,7
20,5,10,10,10,4,7,8
20,5,10,10,10,4,7,9
20,5,10,10,10,4,7,10
20,5,10,10,10,4,7,11
20,5,10,10,10,4,7,12
20,5,10,10,10,4,7,13
20,5,10,10,10,4,7,14
20,5,10,10,10,4,7,15
20,5,10,10,10,4,7,16
20,5,10,10,10,4,7,17
20,5,10,10,10,4,7,18
20,5,10,10,10,4,7,19
20,5,10,10,10,4,7,20
20,5,10,10,10,4,7.5,1
20,5,10,10,10,4,7.5,2
20,5,10,10,10,4,7.5,3
20,5,10,10,10,4,7.5,4
20,5,10,10,10,4,7.5,5
20,5,10,10,10,4,7.5,6
20,5,10,10,10,4,7.5,7
20,5,10,10,10,4,7.5,8
20,5,10,10,10,4,7.5,9
20,5,10,10,10,4,7.5,10
20,5,10,10,10,4,7.5,11
20,5,10,10,10,4,7.5,12
20,5,10,10,10,4,7.5,13
20,5,10,10,10,4,7.5,14
20,5,10,10,10,4,7.5,15
20,5,10,10,10,4,7.5,16
20,5,10,10,10,4,7.5,17
20,5,10,10,10,4,7.5,18
20,5,10,10,10,4,7.5,19
20,5,10,10,10,4,7.5,20
20,5,10,10,10,4,8,1
20,5,10,10,10,4,8,2
20,5,10,10,10,4,8,3
20,5,10,10,10,4,8,4
20,5,10,10,10,4,8,5
20,5,10,10,10,4,8,6
20,5,10,10,10,4,8,7
20,5,10,10,10,4,8,8
20,5,10,10,10,4,8,9
20,5,10,10,10,4,8,10
20,5,10,10,10,4,8,11
20,5,10,10,10,4,8,12
20,5,10,10,10,4,8,13
20,5,10,10,10,4,8,14
20,5,10,10,10,4,8,15
20,5,10,10,10,4,8,16
20,5,10,10,10,4,8,17
20,5,10,10,10,4,8,18
20,5,10,10,10,4,8,19
20,5,10,10,10,4,8,20
20,5,10,10,10,4,8.5,1
20,5,10,10,10,4,8.5,2
20,5,10,10,10,4,8.5,3
20,5,10,10,10,4,8.5,4
20,5,10,10,10,4,8.5,5
20,5,10,10,10,4,8.5,6
20,5,10,10,10,4,8.5,7
20,5,10,10,10,4,8.5,8
20,5,10,10,10,4,8.5,9
20,5,10,10,10,4,8.5,10
20,5,10,10,10,4,8.5,11
20,5,10,10,10,4,8.5,12
20,5,10,10,10,4,8.5,13
20,5,10,10,10,4,8.5,14
20,5,10,10,10,4,8.5,15
20,5,10,10,10,4,8.5,16
20,5,10,10,10,4,8.5,17
20,5,10,10,10,4,8.5,18
20,5,10,10,10,4,8.5,19
20,5,10,10,10,4,8.5,20
20,5,10,10,10,4,9,1
20,5,10,10,10,4,9,2
20,5,10,10,10,4,9,3
20,5,10,10,10,4,9,4
20,5,10,10,10,4,9,5
20,5,10,10,10,4,9,6
20,5,10,10,10,4,9,7
20,5,10,10,10,4,9,8
20,5,10,10,10,4,9,9
20,5,10,10,10,4,9,10
20,5,10,10,10,4,9,11
20,5,10,10,10,4,9,12
20,5,10,10,10,4,9,13
20,5,10,10,10,4,9,14
20,5,10,10,10,4,9,15
20,5,10,10,10,4,9,16
20,5,10,10,10,4,9,17
20,5,10,10,10,4,9,18
20,5,10,10,10,4,9,19
20,5,10,10,10,4,9,20
20,5,10,10,10,4,9.5,1
20,5,10,10,10,4,9.5,2
20,5,10,10,10,4,9.5,3
20,5,10,10,10,4,9.5,4
20,5,10,10,10,4,9.5,5
20,5,10,10,10,4,9.5,6
20,5,10,10,10,4,9.5,7
20,5,10,10,10,4,9.5,8
20,5,10,10,10,4,9.5,9
20,5,10,10,10,4,9.5,10
20,5,10,10,10,4,9.5,11
20,5,10,10,10,4,9.5,12
20,5,10,10,10,4,9.5,13
20,5,10,10,10,4,9.5,14
20,5,10,10,10,4,9.5,15
20,5,10,10,10,4,9.5,16
20,5,10,10,10,4,9.5,17
20,5,10,10,10,4,9.5,18
20,5,10,10,10,4,9.5,19
20,5,10,10,10,4,9.5,20
20,5,10,10,10,4,10,1
20,5,10,10,10,4,10,2
20,5,10,10,10,4,10,3
20,5,10,10,10,4,10,4
20,5,10,10,10,4,10,5
20,5,10,10,10,4,10,6
20,5,10,10,10,4,10,7
20,5,10,10,10,4,10,8
20,5,10,10,10,4,10,9
20,5,10,10,10,4,10,10
20,5,10,10,10,4,10,11
20,5,10,10,10,4,10,12
20,5,10,10,10,4,10,13
20,5,10,10,10,4,10,14
20,5,10,10,10,4,10,15
20,5,10,10,10,4,10,16
20,5,10,10,10,4,10,17
20,5,10,10,10,4,10,18
20,5,10,10,10,4,10,19
20,5,10,10,10,4,10,20
20,5,10,10,10,6,5.5,1
20,5,10,10,10,6,5.5,2
20,5,10,10,10,6,5.5,3
20,5,10,10,10,6,5.5,4
20,5,10,10,10,6,5.5,5
20,5,10,10,10,6,5.5,6
20,5,10,10,10,6,5.5,7
20,5,10,10,10,6,5.5,8
20,5,10,10,10,6,5.5,9
20,5,10,10,10,6,5.5,10
20,5,10,10,10,6,5.5,11
20,5,10,10,10,6,5.5,12
20,5,10,10,10,6,5.5,13
20,5,10,10,10,6,5.5,14
20,5,10,10,10,6,5.5,15
20,5,10,10,10,6,5.5,16
20,5,10,10,10,6,5.5,17
20,5,10,10,10,6,5.5,18
20,5,10,10,10,6,5.5,19
20,5,10,10,10,6,5.5,20
20,5,10,10,10,6,6,1
20,5,10,10,10,6,6,2
20,5,10,10,10,6,6,3
20,5,10,10,10,6,6,4
20,5,10,10,10,6,6,5
20,5,10,10,10,6,6,6
20,5,10,10,10,6,6,7
20,5,10,10,10,6,6,8
20,5,10,10,10,6,6,9
20,5,10,10,10,6,6,10
20,5,10,10,10,6,6,11
20,5,10,10,10,6,6,12
20,5,10,10,10,6,6,13
20,5,10,10,10,6,6,14
20,5,10,10,10,6,6,15
20,5,10,10,10,6,6,16
20,5,10,10,10,6,6,17
20,5,10,10,10,6,6,18
20,5,10,10,10,6,6,19
20,5,10,10,10,6,6,20
20,5,10,10,10,6,6.5,1
20,5,10,10,10,6,6.5,2
20,5,10,10,10,6,6.5,3
20,5,10,10,10,6,6.5,4
20,5,10,10,10,6,6.5,5
20,5,10,10,10,6,6.5,6
20,5,10,10,10,6,6.5,7
20,5,10,10,10,6,6.5,8
20,5,10,10,10,6,6.5,9
20,5,10,10,10,6,6.5,10
20,5,10,10,10,6,6.5,11
20,5,10,10,10,6,6.5,12
20,5,10,10,10,6,6.5,13
20,5,10,10,10,6,6.5,14
20,5,10,10,10,6,6.5,15
20,5,10,10,10,6,6.5,16
20,5,10,10,10,6,6.5,17
20,5,10,10,10,6,6.5,18
20,5,10,10,10,6,6.5,19
20,5,10,10,10,6,6.5,20
20,5,10,10,10,6,7,1
20,5,10,10,10,6,7,2
20,5,10,10,10,6,7,3
20,5,10,10,10,6,7,4
20,5,10,10,10,6,7,5
20,5,10,10,10,6,7,6
20,5,10,10,10,6,7,7
20,5,10,10,10,6,7,8
20,5,10,10,10,6,7,9
20,5,10,10,10,6,7,10
20,5,10,10,10,6,7,11
20,5,10,10,10,6,7,12
20,5,10,10,10,6,7,13
20,5,10,10,10,6,7,14
20,5,10,10,10,6,7,15
20,5,10,10,10,6,7,16
20,5,10,10,10,6,7,17
20,5,10,10,10,6,7,18
20,5,10,10,10,6,7,19
20,5,10,10,10,6,7,20
20,5,10,10,10,6,7.5,1
20,5,10,10,10,6,7.5,2
20,5,10,10,10,6,7.5,3
20,5,10,10,10,6,7.5,4
20,5,10,10,10,6,7.5,5
20,5,10,10,10,6,7.5,6
20,5,10,10,10,6,7.5,7
20,5,10,10,10,6,7.5,8
20,5,10,10,10,6,7.5,9
20,5,10,10,10,6,7.5,10
20,5,10,10,10,6,7.5,11
20,5,10,10,10,6,7.5,12
20,5,10,10,10,6,7.5,13
20,5,10,10,10,6,7.5,14
20,5,10,10,10,6,7.5,15
20,5,10,10,10,6,7.5,16
20,5,10,10,10,6,7.5,17
20,5,10,10,10,6,7.5,18
20,5,10,10,10,6,7.5,19
20,5,10,10,10,6,7.5,20
20,5,10,10,10,6,8,1
20,5,10,10,10,6,8,2
20,5,10,10,10,6,8,3
20,5,10,10,10,6,8,4
20,5,10,10,10,6,8,5
20,5,10,10,10,6,8,6
20,5,10,10,10,6,8,7
20,5,10,10,10,6,8,8
20,5,10,10,10,6,8,9
20,5,10,10,10,6,8,10
20,5,10,10,10,6,8,11
20,5,10,10,10,6,8,12
20,5,10,10,10,6,8,13
20,5,10,10,10,6,8,14
20,5,10,10,10,6,8,15
20,5,10,10,10,6,8,16
20,5,10,10,10,6,8,17
20,5,10,10,10,6,8,18
20,5,10,10,10,6,8,19
20,5,10,10,10,6,8,20
20,5,10,10,10,6,8.5,1
20,5,10,10,10,6,8.5,2
20,5,10,10,10,6,8.5,3
20,5,10,10,10,6,8.5,4
20,5,10,10,10,6,8.5,5
20,5,10,10,10,6,8.5,6
20,5,10,10,10,6,8.5,7
20,5,10,10,10,6,8.5,8
20,5,10,10,10,6,8.5,9
20,5,10,10,10,6,8.5,10
20,5,10,10,10,6,8.5,11
20,5,10,10,10,6,8.5,12
20,5,10,10,10,6,8.5,13
20,5,10,10,10,6,8.5,14
20,5,10,10,10,6,8.5,15
20,5,10,10,10,6,8.5,16
20,5,10,10,10,6,8.5,17
20,5,10,10,10,6,8.5,18
20,5,10,10,10,6,8.5,19
20,5,10,10,10,6,8.5,20
20,5,10,10,10,6,9,1
20,5,10,10,10,6,9,2
20,5,10,10,10,6,9,3
20,5,10,10,10,6,9,4
20,5,10,10,10,6,9,5
20,5,10,10,10,6,9,6
20,5,10,10,10,6,9,7
20,5,10,10,10,6,9,8
20,5,10,10,10,6,9,9
20,5,10,10,10,6,9,10
20,5,10,10,10,6,9,11
20,5,10,10,10,6,9,12
20,5,10,10,10,6,9,13
20,5,10,10,10,6,9,14
20,5,10,10,10,6,9,15
20,5,10,10,10,6,9,16
20,5,10,10,10,6,9,17
20,5,10,10,10,6,9,18
20,5,10,10,10,6,9,19
20,5,10,10,10,6,9,20
20,5,10,10,10,6,9.5,1
20,5,10,10,10,6,9.5,2
20,5,10,10,10,6,9.5,3
20,5,10,10,10,6,9.5,4
20,5,10,10,10,6,9.5,5
20,5,10,10,10,6,9.5,6
20,5,10,10,10,6,9.5,7
20,5,10,10,10,6,9.5,8
20,5,10,10,10,6,9.5,9
20,5,10,10,10,6,9.5,10
20,5,10,10,10,6,9.5,11
20,5,10,10,10,6,9.5,12
20,5,10,10,10,6,9.5,13
20,5,10,10,10,6,9.5,14
20,5,10,10,10,6,9.5,15
20,5,10,10,10,6,9.5,16
20,5,10,10,10,6,9.5,17
20,5,10,10,10,6,9.5,18
20,5,10,10,10,6,9.5,19
20,5,10,10,10,6,9.5,20
20,5,10,10,10,6,10,1
20,5,10,10,10,6,10,2
20,5,10,10,10,6,10,3
20,5,10,10,10,6,10,4
20,5,10,10,10,6,10,5
20,5,10,10,10,6,10,6
20,5,10,10,10,6,10,7
20,5,10,10,10,6,10,8
20,5,10,10,10,6,10,9
20,5,10,10,10,6,10,10
20,5,10,10,10,6,10,11
20,5,10,10,10,6,10,12
20,5,10,10,10,6,10,13
20,5,10,10,10,6,10,14
20,5,10,10,10,6,10,15
20,5,10,10,10,6,10,16
20,5,10,10,10,6,10,17
20,5,10,10,10,6,10,18
20,5,10,10,10,6,10,19
20,5,10,10,10,6,10,20
20,5,10,10,10,8,5.5,1
20,5,10,10,10,8,5.5,2
20,5,10,10,10,8,5.5,3
20,5,10,10,10,8,5.5,4
20,5,10,10,10,8,5.5,5
20,5,10,10,10,8,5.5,6
20,5,10,10,10,8,5.5,7
20,5,10,10,10,8,5.5,8
20,5,10,10,10,8,5.5,9
20,5,10,10,10,8,5.5,10
20,5,10,10,10,8,5.5,11
20,5,10,10,10,8,5.5,12
20,5,10,10,10,8,5.5,13
20,5,10,10,10,8,5.5,14
20,5,10,10,10,8,5.5,15
20,5,10,10,10,8,5.5,16
20,5,10,10,10,8,5.5,17
20,5,10,10,10,8,5.5,18
20,5,10,10,10,8,5.5,19
20,5,10,10,10,8,5.5,20
20,5,10,10,10,8,6,1
20,5,10,10,10,8,6,2
20,5,10,10,10,8,6,3
20,5,10,10,10,8,6,4
20,5,10,10,10,8,6,5
20,5,10,10,10,8,6,6
20,5,10,10,10,8,6,7
20,5,10,10,10,8,6,8
20,5,10,10,10,8,6,9
20,5,10,10,10,8,6,10
20,5,10,10,10,8,6,11
20,5,10,10,10,8,6,12
20,5,10,10,10,8,6,13
20,5,10,10,10,8,6,14
20,5,10,10,10,8,6,15
20,5,10,10,10,8,6,16
20,5,10,10,10,8,6,17
20,5,10,10,10,8,6,18
20,5,10,10,10,8,6,19
20,5,10,10,10,8,6,20
20,5,10,10,10,8,6.5,1
20,5,10,10,10,8,6.5,2
20,5,10,10,10,8,6.5,3
20,5,10,10,10,8,6.5,4
20,5,10,10,10,8,6.5,5
20,5,10,10,10,8,6.5,6
20,5,10,10,10,8,6.5,7
20,5,10,10,10,8,6.5,8
20,5,10,10,10,8,6.5,9
20,5,10,10,10,8,6.5,10
20,5,10,10,10,8,6.5,11
20,5,10,10,10,8,6.5,12
20,5,10,10,10,8,6.5,13
20,5,10,10,10,8,6.5,14
20,5,10,10,10,8,6.5,15
20,5,10,10,10,8,6.5,16
20,5,10,10,10,8,6.5,17
20,5,10,10,10,8,6.5,18
20,5,10,10,10,8,6.5,19
20,5,10,10,10,8,6.5,20
20,5,10,10,10,8,7,1
20,5,10,10,10,8,7,2
20,5,10,10,10,8,7,3
20,5,10,10,10,8,7,4
20,5,10,10,10,8,7,5
20,5,10,10,10,8,7,6
20,5,10,10,10,8,7,7
20,5,10,10,10,8,7,8
20,5,10,10,10,8,7,9
20,5,10,10,10,8,7,10
20,5,10,10,10,8,7,11
20,5,10,10,10,8,7,12
20,5,10,10,10,8,7,13
20,5,10,10,10,8,7,14
20,5,10,10,10,8,7,15
20,5,10,10,10,8,7,16
20,5,10,10,10,8,7,17
20,5,10,10,10,8,7,18
20,5,10,10,10,8,7,19
20,5,10,10,10,8,7,20
20,5,10,10,10,8,7.5,1
20,5,10,10,10,8,7.5,2
20,5,10,10,10,8,7.5,3
20,5,10,10,10,8,7.5,4
20,5,10,10,10,8,7.5,5
20,5,10,10,10,8,7.5,6
20,5,10,10,10,8,7.5,7
20,5,10,10,10,8,7.5,8
20,5,10,10,10,8,7.5,9
20,5,10,10,10,8,7.5,10
20,5,10,10,10,8,7.5,11
20,5,10,10,10,8,7.5,12
20,5,10,10,10,8,7.5,13
20,5,10,10,10,8,7.5,14
20,5,10,10,10,8,7.5,15
20,5,10,10,10,8,7.5,16
20,5,10,10,10,8,7.5,17
20,5,10,10,10,8,7.5,18
20,5,10,10,10,8,7.5,19
20,5,10,10,10,8,7.5,20
20,5,10,10,10,8,8,1
20,5,10,10,10,8,8,2
20,5,10,10,10,8,8,3
20,5,10,10,10,8,8,4
20,5,10,10,10,8,8,5
20,5,10,10,10,8,8,6
20,5,10,10,10,8,8,7
20,5,10,10,10,8,8,8
20,5,10,10,10,8,8,9
20,5,10,10,10,8,8,10
20,5,10,10,10,8,8,11
20,5,10,10,10,8,8,12
20,5,10,10,10,8,8,13
20,5,10,10,10,8,8,14
20,5,10,10,10,8,8,15
20,5,10,10,10,8,8,16
20,5,10,10,10,8,8,17
20,5,10,10,10,8,8,18
20,5,10,10,10,8,8,19
20,5,10,10,10,8,8,20
20,5,10,10,10,8,8.5,1
20,5,10,10,10,8,8.5,2
20,5,10,10,10,8,8.5,3
20,5,10,10,10,8,8.5,4
20,5,10,10,10,8,8.5,5
20,5,10,10,10,8,8.5,6
20,5,10,10,10,8,8.5,7
20,5,10,10,10,8,8.5,8
20,5,10,10,10,8,8.5,9
20,5,10,10,10,8,8.5,10
20,5,10,10,10,8,8.5,11
20,5,10,10,10,8,8.5,12
20,5,10,10,10,8,8.5,13
20,5,10,10,10,8,8.5,14
20,5,10,10,10,8,8.5,15
20,5,10,10,10,8,8.5,16
20,5,10,10,10,8,8.5,17
20,5,10,10,10,8,8.5,18
20,5,10,10,10,8,8.5,19
20,5,10,10,10,8,8.5,20
20,5,10,10,10,8,9,1
20,5,10,10,10,8,9,2
20,5,10,10,10,8,9,3
20,5,10,10,10,8,9,4
20,5,10,10,10,8,9,5
20,5,10,10,10,8,9,6
20,5,10,10,10,8,9,7
20,5,10,10,10,8,9,8
20,5,10,10,10,8,9,9
20,5,10,10,10,8,9,10
20,5,10,10,10,8,9,11
20,5,10,10,10,8,9,12
20,5,10,10,10,8,9,13
20,5,10,10,10,8,9,14
20,5,10,10,10,8,9,15
20,5,10,10,10,8,9,16
20,5,10,10,10,8,9,17
20,5,10,10,10,8,9,18
20,5,10,10,10,8,9,19
20,5,10,10,10,8,9,20
20,5,10,10,10,8,9.5,1
20,5,10,10,10,8,9.5,2
20,5,10,10,10,8,9.5,3
20,5,10,10,10,8,9.5,4
20,5,10,10,10,8,9.5,5
20,5,10,10,10,8,9.5,6
20,5,10,10,10,8,9.5,7
20,5,10,10,10,8,9.5,8
20,5,10,10,10,8,9.5,9
20,5,10,10,10,8,9.5,10
20,5,10,10,10,8,9.5,11
20,5,10,10,10,8,9.5,12
20,5,10,10,10,8,9.5,13
20,5,10,10,10,8,9.5,14
20,5,10,10,10,8,9.5,15
20,5,10,10,10,8,9.5,16
20,5,10,10,10,8,9.5,17
20,5,10,10,10,8,9.5,18
20,5,10,10,10,8,9.5,19
20,5,10,10,10,8,9.5,20
20,5,10,10,10,8,10,1
20,5,10,10,10,8,10,2
20,5,10,10,10,8,10,3
20,5,10,10,10,8,10,4
20,5,10,10,10,8,10,5
20,5,10,10,10,8,10,6
20,5,10,10,10,8,10,7
20,5,10,10,10,8,10,8
20,5,10,10,10,8,10,9
20,5,10,10,10,8,10,10
20,5,10,10,10,8,10,11
20,5,10,10,10,8,10,12
20,5,10,10,10,8,10,13
20,5,10,10,10,8,10,14
20,5,10,10,10,8,10,15
20,5,10,10,10,8,10,16
20,5,10,10,10,8,10,17
20,5,10,10,10,8,10,18
20,5,10,10,10,8,10,19
20,5,10,10,10,8,10,20
20,5,10,10,10,10,5.5,1
20,5,10,10,10,10,5.5,2
20,5,10,10,10,10,5.5,3
20,5,10,10,10,10,5.5,4
20,5,10,10,10,10,5.5,5
20,5,10,10,10,10,5.5,6
20,5,10,10,10,10,5.5,7
20,5,10,10,10,10,5.5,8
20,5,10,10,10,10,5.5,9
20,5,10,10,10,10,5.5,10
20,5,10,10,10,10,5.5,11
20,5,10,10,10,10,5.5,12
20,5,10,10,10,10,5.5,13
20,5,10,10,10,10,5.5,14
20,5,10,10,10,10,5.5,15
20,5,10,10,10,10,5.5,16
20,5,10,10,10,10,5.5,17
20,5,10,10,10,10,5.5,18
20,5,10,10,10,10,5.5,19
20,5,10,10,10,10,5.5,20
20,5,10,10,10,10,6,1
20,5,10,10,10,10,6,2
20,5,10,10,10,10,6,3
20,5,10,10,10,10,6,4
20,5,10,10,10,10,6,5
20,5,10,10,10,10,6,6
20,5,10,10,10,10,6,7
20,5,10,10,10,10,6,8
20,5,10,10,10,10,6,9
20,5,10,10,10,10,6,10
20,5,10,10,10,10,6,11
20,5,10,10,10,10,6,12
20,5,10,10,10,10,6,13
20,5,10,10,10,10,6,14
20,5,10,10,10,10,6,15
20,5,10,10,10,10,6,16
20,5,10,10,10,10,6,17
20,5,10,10,10,10,6,18
20,5,10,10,10,10,6,19
20,5,10,10,10,10,6,20
20,5,10,10,10,10,6.5,1
20,5,10,10,10,10,6.5,2
20,5,10,10,10,10,6.5,3
20,5,10,10,10,10,6.5,4
20,5,10,10,10,10,6.5,5
20,5,10,10,10,10,6.5,6
20,5,10,10,10,10,6.5,7
20,5,10,10,10,10,6.5,8
20,5,10,10,10,10,6.5,9
20,5,10,10,10,10,6.5,10
20,5,10,10,10,10,6.5,11
20,5,10,10,10,10,6.5,12
20,5,10,10,10,10,6.5,13
20,5,10,10,10,10,6.5,14
20,5,10,10,10,10,6.5,15
20,5,10,10,10,10,6.5,16
20,5,10,10,10,10,6.5,17
20,5,10,10,10,10,6.5,18
20,5,10,10,10,10,6.5,19
20,5,10,10,10,10,6.5,20
20,5,10,10,10,10,7,1
20,5,10,10,10,10,7,2
20,5,10,10,10,10,7,3
20,5,10,10,10,10,7,4
20,5,10,10,10,10,7,5
20,5,10,10,10,10,7,6
20,5,10,10,10,10,7,7
20,5,10,10,10,10,7,8
20,5,10,10,10,10,7,9
20,5,10,10,10,10,7,10
20,5,10,10,10,10,7,11
20,5,10,10,10,10,7,12
20,5,10,10,10,10,7,13
20,5,10,10,10,10,7,14
20,5,10,10,10,10,7,15
20,5,10,10,10,10,7,16
20,5,10,10,10,10,7,17
20,5,10,10,10,10,7,18
20,5,10,10,10,10,7,19
20,5,10,10,10,10,7,20
20,5,10,10,10,10,7.5,1
20,5,10,10,10,10,7.5,2
20,5,10,10,10,10,7.5,3
20,5,10,10,10,10,7.5,4
20,5,10,10,10,10,7.5,5
20,5,10,10,10,10,7.5,6
20,5,10,10,10,10,7.5,7
20,5,10,10,10,10,7.5,8
20,5,10,10,10,10,7.5,9
20,5,10,10,10,10,7.5,10
20,5,10,10,10,10,7.5,11
20,5,10,10,10,10,7.5,12
20,5,10,10,10,10,7.5,13
20,5,10,10,10,10,7.5,14
20,5,10,10,10,10,7.5,15
20,5,10,10,10,10,7.5,16
20,5,10,10,10,10,7.5,17
20,5,10,10,10,10,7.5,18
20,5,10,10,10,10,7.5,19
20,5,10,10,10,10,7.5,20
20,5,10,10,10,10,8,1
20,5,10,10,10,10,8,2
20,5,10,10,10,10,8,3
20,5,10,10,10,10,8,4
20,5,10,10,10,10,8,5
20,5,10,10,10,10,8,6
20,5,10,10,10,10,8,7
20,5,10,10,10,10,8,8
20,5,10,10,10,10,8,9
20,5,10,10,10,10,8,10
20,5,10,10,10,10,8,11
20,5,10,10,10,10,8,12
20,5,10,10,10,10,8,13
20,5,10,10,10,10,8,14
20,5,10,10,10,10,8,15
20,5,10,10,10,10,8,16
20,5,10,10,10,10,8,17
20,5,10,10,10,10,8,18
20,5,10,10,10,10,8,19
20,5,10,10,10,10,8,20
20,5,10,10,10,10,8.5,1
20,5,10,10,10,10,8.5,2
20,5,10,10,10,10,8.5,3
20,5,10,10,10,10,8.5,4
20,5,10,10,10,10,8.5,5
20,5,10,10,10,10,8.5,6
20,5,10,10,10,10,8.5,7
20,5,10,10,10,10,8.5,8
20,5,10,10,10,10,8.5,9
20,5,10,10,10,10,8.5,10
20,5,10,10,10,10,8.5,11
20,5,10,10,10,10,8.5,12
20,5,10,10,10,10,8.5,13
20,5,10,10,10,10,8.5,14
20,5,10,10,10,10,8.5,15
20,5,10,10,10,10,8.5,16
20,5,10,10,10,10,8.5,17
20,5,10,10,10,10,8.5,18
20,5,10,10,10,10,8.5,19
20,5,10,10,10,10,8.5,20
20,5,10,10,10,10,9,1
20,5,10,10,10,10,9,2
20,5,10,10,10,10,9,3
20,5,10,10,10,10,9,4
20,5,10,10,10,10,9,5
20,5,10,10,10,10,9,6
20,5,10,10,10,10,9,7
20,5,10,10,10,10,9,8
20,5,10,10,10,10,9,9
20,5,10,10,10,10,9,10
20,5,10,10,10,10,9,11
20,5,10,10,10,10,9,12
20,5,10,10,10,10,9,13
20,5,10,10,10,10,9,14
20,5,10,10,10,10,9,15
20,5,10,10,10,10,9,16
20,5,10,10,10,10,9,17
20,5,10,10,10,10,9,18
20,5,10,10,10,10,9,19
20,5,10,10,10,10,9,20
20,5,10,10,10,10,9.5,1
20,5,10,10,10,10,9.5,2
20,5,10,10,10,10,9.5,3
20,5,10,10,10,10,9.5,4
20,5,10,10,10,10,9.5,5
20,5,10,10,10,10,9.5,6
20,5,10,10,10,10,9.5,7
20,5,10,10,10,10,9.5,8
20,5,10,10,10,10,9.5,9
20,5,10,10,10,10,9.5,10
20,5,10,10,10,10,9.5,11
20,5,10,10,10,10,9.5,12
20,5,10,10,10,10,9.5,13
20,5,10,10,10,10,9.5,14
20,5,10,10,10,10,9.5,15
20,5,10,10,10,10,9.5,16
20,5,10,10,10,10,9.5,17
20,5,10,10,10,10,9.5,18
20,5,10,10,10,10,9.5,19
20,5,10,10,10,10,9.5,20
20,5,10,10,10,10,10,1
20,5,10,10,10,10,10,2
20,5,10,10,10,10,10,3
20,5,10,10,10,10,10,4
20,5,10,10,10,10,10,5
20,5,10,10,10,10,10,6
20,5,10,10,10,10,10,7
20,5,10,10,10,10,10,8
20,5,10,10,10,10,10,9
20,5,10,10,10,10,10,10
20,5,10,10,10,10,10,11
20,5,10,10,10,10,10,12
20,5,10,10,10,10,10,13
20,5,10,10,10,10,10,14
20,5,10,10,10,10,10,15
20,5,10,10,10,10,10,16
20,5,10,10,10,10,10,17
20,5,10,10,10,10,10,18
20,5,10,10,10,10,10,19
20,5,10,10,10,10,10,20
20,5,10,10,10,12,5.5,1
20,5,10,10,10,12,5.5,2
20,5,10,10,10,12,5.5,3
20,5,10,10,10,12,5.5,4
20,5,10,10,10,12,5.5,5
20,5,10,10,10,12,5.5,6
20,5,10,10,10,12,5.5,7
20,5,10,10,10,12,5.5,8
20,5,10,10,10,12,5.5,9
20,5,10,10,10,12,5.5,10
20,5,10,10,10,12,5.5,11
20,5,10,10,10,12,5.5,12
20,5,10,10,10,12,5.5,13
20,5,10,10,10,12,5.5,14
20,5,10,10,10,12,5.5,15
20,5,10,10,10,12,5.5,16
20,5,10,10,10,12,5.5,17
20,5,10,10,10,12,5.5,18
20,5,10,10,10,12,5.5,19
20,5,10,10,10,12,5.5,20
20,5,10,10,10,12,6,1
20,5,10,10,10,12,6,2
20,5,10,10,10,12,6,3
20,5,10,10,10,12,6,4
20,5,10,10,10,12,6,5
20,5,10,10,10,12,6,6
20,5,10,10,10,12,6,7
20,5,10,10,10,12,6,8
20,5,10,10,10,12,6,9
20,5,10,10,10,12,6,10
20,5,10,10,10,12,6,11
20,5,10,10,10,12,6,12
20,5,10,10,10,12,6,13
20,5,10,10,10,12,6,14
20,5,10,10,10,12,6,15
20,5,10,10,10,12,6,16
20,5,10,10,10,12,6,17
20,5,10,10,10,12,6,18
20,5,10,10,10,12,6,19
20,5,10,10,10,12,6,20
20,5,10,10,10,12,6.5,1
20,5,10,10,10,12,6.5,2
20,5,10,10,10,12,6.5,3
20,5,10,10,10,12,6.5,4
20,5,10,10,10,12,6.5,5
20,5,10,10,10,12,6.5,6
20,5,10,10,10,12,6.5,7
20,5,10,10,10,12,6.5,8
20,5,10,10,10,12,6.5,9
20,5,10,10,10,12,6.5,10
20,5,10,10,10,12,6.5,11
20,5,10,10,10,12,6.5,12
20,5,10,10,10,12,6.5,13
20,5,10,10,10,12,6.5,14
20,5,10,10,10,12,6.5,15
20,5,10,10,10,12,6.5,16
20,5,10,10,10,12,6.5,17
20,5,10,10,10,12,6.5,18
20,5,10,10,10,12,6.5,19
20,5,10,10,10,12,6.5,20
20,5,10,10,10,12,7,1
20,5,10,10,10,12,7,2
20,5,10,10,10,12,7,3
20,5,10,10,10,12,7,4
20,5,10,10,10,12,7,5
20,5,10,10,10,12,7,6
20,5,10,10,10,12,7,7
20,5,10,10,10,12,7,8
20,5,10,10,10,12,7,9
20,5,10,10,10,12,7,10
20,5,10,10,10,12,7,11
20,5,10,10,10,12,7,12
20,5,10,10,10,12,7,13
20,5,10,10,10,12,7,14
20,5,10,10,10,12,7,15
20,5,10,10,10,12,7,16
20,5,10,10,10,12,7,17
20,5,10,10,10,12,7,18
20,5,10,10,10,12,7,19
20,5,10,10,10,12,7,20
20,5,10,10,10,12,7.5,1
20,5,10,10,10,12,7.5,2
20,5,10,10,10,12,7.5,3
20,5,10,10,10,12,7.5,4
20,5,10,10,10,12,7.5,5
20,5,10,10,10,12,7.5,6
20,5,10,10,10,12,7.5,7
20,5,10,10,10,12,7.5,8
20,5,10,10,10,12,7.5,9
20,5,10,10,10,12,7.5,10
20,5,10,10,10,12,7.5,11
20,5,10,10,10,12,7.5,12
20,5,10,10,10,12,7.5,13
20,5,10,10,10,12,7.5,14
20,5,10,10,10,12,7.5,15
20,5,10,10,10,12,7.5,16
20,5,10,10,10,12,7.5,17
20,5,10,10,10,12,7.5,18
20,5,10,10,10,12,7.5,19
20,5,10,10,10,12,7.5,20
20,5,10,10,10,12,8,1
20,5,10,10,10,12,8,2
20,5,10,10,10,12,8,3
20,5,10,10,10,12,8,4
20,5,10,10,10,12,8,5
20,5,10,10,10,12,8,6
20,5,10,10,10,12,8,7
20,5,10,10,10,12,8,8
20,5,10,10,10,12,8,9
20,5,10,10,10,12,8,10
20,5,10,10,10,12,8,11
20,5,10,10,10,12,8,12
20,5,10,10,10,12,8,13
20,5,10,10,10,12,8,14
20,5,10,10,10,12,8,15
20,5,10,10,10,12,8,16
20,5,10,10,10,12,8,17
20,5,10,10,10,12,8,18
20,5,10,10,10,12,8,19
20,5,10,10,10,12,8,20
20,5,10,10,10,12,8.5,1
20,5,10,10,10,12,8.5,2
20,5,10,10,10,12,8.5,3
20,5,10,10,10,12,8.5,4
20,5,10,10,10,12,8.5,5
20,5,10,10,10,12,8.5,6
20,5,10,10,10,12,8.5,7
20,5,10,10,10,12,8.5,8
20,5,10,10,10,12,8.5,9
20,5,10,10,10,12,8.5,10
20,5,10,10,10,12,8.5,11
20,5,10,10,10,12,8.5,12
20,5,10,10,10,12,8.5,13
20,5,10,10,10,12,8.5,14
20,5,10,10,10,12,8.5,15
20,5,10,10,10,12,8.5,16
20,5,10,10,10,12,8.5,17
20,5,10,10,10,12,8.5,18
20,5,10,10,10,12,8.5,19
20,5,10,10,10,12,8.5,20
20,5,10,10,10,12,9,1
20,5,10,10,10,12,9,2
20,5,10,10,10,12,9,3
20,5,10,10,10,12,9,4
20,5,10,10,10,12,9,5
20,5,10,10,10,12,9,6
20,5,10,10,10,12,9,7
20,5,10,10,10,12,9,8
20,5,10,10,10,12,9,9
20,5,10,10,10,12,9,10
20,5,10,10,10,12,9,11
20,5,10,10,10,12,9,12
20,5,10,10,10,12,9,13
20,5,10,10,10,12,9,14
20,5,10,10,10,12,9,15
20,5,10,10,10,12,9,16
20,5,10,10,10,12,9,17
20,5,10,10,10,12,9,18
20,5,10,10,10,12,9,19
20,5,10,10,10,12,9,20
20,5,10,10,10,12,9.5,1
20,5,10,10,10,12,9.5,2
20,5,10,10,10,12,9.5,3
20,5,10,10,10,12,9.5,4
20,5,10,10,10,12,9.5,5
20,5,10,10,10,12,9.5,6
20,5,10,10,10,12,9.5,7
20,5,10,10,10,12,9.5,8
20,5,10,10,10,12,9.5,9
20,5,10,10,10,12,9.5,10
20,5,10,10,10,12,9.5,11
20,5,10,10,10,12,9.5,12
20,5,10,10,10,12,9.5,13
20,5,10,10,10,12,9.5,14
20,5,10,10,10,12,9.5,15
20,5,10,10,10,12,9.5,16
20,5,10,10,10,12,9.5,17
20,5,10,10,10,12,9.5,18
20,5,10,10,10,12,9.5,19
20,5,10,10,10,12,9.5,20
20,5,10,10,10,12,10,1
20,5,10,10,10,12,10,2
20,5,10,10,10,12,10,3
20,5,10,10,10,12,10,4
20,5,10,10,10,12,10,5
20,5,10,10,10,12,10,6
20,5,10,10,10,12,10,7
20,5,10,10,10,12,10,8
20,5,10,10,10,12,10,9
20,5,10,10,10,12,10,10
20,5,10,10,10,12,10,11
20,5,10,10,10,12,10,12
20,5,10,10,10,12,10,13
20,5,10,10,10,12,10,14
20,5,10,10,10,12,10,15
20,5,10,10,10,12,10,16
20,5,10,10,10,12,10,17
20,5,10,10,10,12,10,18
20,5,10,10,10,12,10,19
20,5,10,10,10,12,10,20
20,5,10,10,10,14,5.5,1
20,5,10,10,10,14,5.5,2
20,5,10,10,10,14,5.5,3
20,5,10,10,10,14,5.5,4
20,5,10,10,10,14,5.5,5
20,5,10,10,10,14,5.5,6
20,5,10,10,10,14,5.5,7
20,5,10,10,10,14,5.5,8
20,5,10,10,10,14,5.5,9
20,5,10,10,10,14,5.5,10
20,5,10,10,10,14,5.5,11
20,5,10,10,10,14,5.5,12
20,5,10,10,10,14,5.5,13
20,5,10,10,10,14,5.5,14
20,5,10,10,10,14,5.5,15
20,5,10,10,10,14,5.5,16
20,5,10,10,10,14,5.5,17
20,5,10,10,10,14,5.5,18
20,5,10,10,10,14,5.5,19
20,5,10,10,10,14,5.5,20
20,5,10,10,10,14,6,1
20,5,10,10,10,14,6,2
20,5,10,10,10,14,6,3
20,5,10,10,10,14,6,4
20,5,10,10,10,14,6,5
20,5,10,10,10,14,6,6
20,5,10,10,10,14,6,7
20,5,10,10,10,14,6,8
20,5,10,10,10,14,6,9
20,5,10,10,10,14,6,10
20,5,10,10,10,14,6,11
20,5,10,10,10,14,6,12
20,5,10,10,10,14,6,13
20,5,10,10,10,14,6,14
20,5,10,10,10,14,6,15
20,5,10,10,10,14,6,16
20,5,10,10,10,14,6,17
20,5,10,10,10,14,6,18
20,5,10,10,10,14,6,19
20,5,10,10,10,14,6,20
20,5,10,10,10,14,6.5,1
20,5,10,10,10,14,6.5,2
20,5,10,10,10,14,6.5,3
20,5,10,10,10,14,6.5,4
20,5,10,10,10,14,6.5,5
20,5,10,10,10,14,6.5,6
20,5,10,10,10,14,6.5,7
20,5,10,10,10,14,6.5,8
20,5,10,10,10,14,6.5,9
20,5,10,10,10,14,6.5,10
20,5,10,10,10,14,6.5,11
20,5,10,10,10,14,6.5,12
20,5,10,10,10,14,6.5,13
20,5,10,10,10,14,6.5,14
20,5,10,10,10,14,6.5,15
20,5,10,10,10,14,6.5,16
20,5,10,10,10,14,6.5,17
20,5,10,10,10,14,6.5,18
20,5,10,10,10,14,6.5,19
20,5,10,10,10,14,6.5,20
20,5,10,10,10,14,7,1
20,5,10,10,10,14,7,2
20,5,10,10,10,14,7,3
20,5,10,10,10,14,7,4
20,5,10,10,10,14,7,5
20,5,10,10,10,14,7,6
20,5,10,10,10,14,7,7
20,5,10,10,10,14,7,8
20,5,10,10,10,14,7,9
20,5,10,10,10,14,7,10
20,5,10,10,10,14,7,11
20,5,10,10,10,14,7,12
20,5,10,10,10,14,7,13
20,5,10,10,10,14,7,14
20,5,10,10,10,14,7,15
20,5,10,10,10,14,7,16
20,5,10,10,10,14,7,17
20,5,10,10,10,14,7,18
20,5,10,10,10,14,7,19
20,5,10,10,10,14,7,20
20,5,10,10,10,14,7.5,1
20,5,10,10,10,14,7.5,2
20,5,10,10,10,14,7.5,3
20,5,10,10,10,14,7.5,4
20,5,10,10,10,14,7.5,5
20,5,10,10,10,14,7.5,6
20,5,10,10,10,14,7.5,7
20,5,10,10,10,14,7.5,8
20,5,10,10,10,14,7.5,9
20,5,10,10,10,14,7.5,10
20,5,10,10,10,14,7.5,11
20,5,10,10,10,14,7.5,12
20,5,10,10,10,14,7.5,13
20,5,10,10,10,14,7.5,14
20,5,10,10,10,14,7.5,15
20,5,10,10,10,14,7.5,16
20,5,10,10,10,14,7.5,17
20,5,10,10,10,14,7.5,18
20,5,10,10,10,14,7.5,19
20,5,10,10,10,14,7.5,20
20,5,10,10,10,14,8,1
20,5,10,10,10,14,8,2
20,5,10,10,10,14,8,3
20,5,10,10,10,14,8,4
20,5,10,10,10,14,8,5
20,5,10,10,10,14,8,6
20,5,10,10,10,14,8,7
20,5,10,10,10,14,8,8
20,5,10,10,10,14,8,9
20,5,10,10,10,14,8,10
20,5,10,10,10,14,8,11
20,5,10,10,10,14,8,12
20,5,10,10,10,14,8,13
20,5,10,10,10,14,8,14
20,5,10,10,10,14,8,15
20,5,10,10,10,14,8,16
20,5,10,10,10,14,8,17
20,5,10,10,10,14,8,18
20,5,10,10,10,14,8,19
20,5,10,10,10,14,8,20
20,5,10,10,10,14,8.5,1
20,5,10,10,10,14,8.5,2
20,5,10,10,10,14,8.5,3
20,5,10,10,10,14,8.5,4
20,5,10,10,10,14,8.5,5
20,5,10,10,10,14,8.5,6
20,5,10,10,10,14,8.5,7
20,5,10,10,10,14,8.5,8
20,5,10,10,10,14,8.5,9
20,5,10,10,10,14,8.5,10
20,5,10,10,10,14,8.5,11
20,5,10,10,10,14,8.5,12
20,5,10,10,10,14,8.5,13
20,5,10,10,10,14,8.5,14
20,5,10,10,10,14,8.5,15
20,5,10,10,10,14,8.5,16
20,5,10,10,10,14,8.5,17
20,5,10,10,10,14,8.5,18
20,5,10,10,10,14,8.5,19
20,5,10,10,10,14,8.5,20
20,5,10,10,10,14,9,1
20,5,10,10,10,14,9,2
20,5,10,10,10,14,9,3
20,5,10,10,10,14,9,4
20,5,10,10,10,14,9,5
20,5,10,10,10,14,9,6
20,5,10,10,10,14,9,7
20,5,10,10,10,14,9,8
20,5,10,10,10,14,9,9
20,5,10,10,10,14,9,10
20,5,10,10,10,14,9,11
20,5,10,10,10,14,9,12
20,5,10,10,10,14,9,13
20,5,10,10,10,14,9,14
20,5,10,10,10,14,9,15
20,5,10,10,10,14,9,16
20,5,10,10,10,14,9,17
20,5,10,10,10,14,9,18
20,5,10,10,10,14,9,19
20,5,10,10,10,14,9,20
20,5,10,10,10,14,9.5,1
20,5,10,10,10,14,9.5,2
20,5,10,10,10,14,9.5,3
20,5,10,10,10,14,9.5,4
20,5,10,10,10,14,9.5,5
20,5,10,10,10,14,9.5,6
20,5,10,10,10,14,9.5,7
20,5,10,10,10,14,9.5,8
20,5,10,10,10,14,9.5,9
20,5,10,10,10,14,9.5,10
20,5,10,10,10,14,9.5,11
20,5,10,10,10,14,9.5,12
20,5,10,10,10,14,9.5,13
20,5,10,10,10,14,9.5,14
20,5,10,10,10,14,9.5,15
20,5,10,10,10,14,9.5,16
20,5,10,10,10,14,9.5,17
20,5,10,10,10,14,9.5,18
20,5,10,10,10,14,9.5,19
20,5,10,10,10,14,9.5,20
20,5,10,10,10,14,10,1
20,5,10,10,10,14,10,2
20,5,10,10,10,14,10,3
20,5,10,10,10,14,10,4
20,5,10,10,10,14,10,5
20,5,10,10,10,14,10,6
20,5,10,10,10,14,10,7
20,5,10,10,10,14,10,8
20,5,10,10,10,14,10,9
20,5,10,10,10,14,10,10
20,5,10,10,10,14,10,11
20,5,10,10,10,14,10,12
20,5,10,10,10,14,10,13
20,5,10,10,10,14,10,14
20,5,10,10,10,14,10,15
20,5,10,10,10,14,10,16
20,5,10,10,10,14,10,17
20,5,10,10,10,14,10,18
20,5,10,10,10,14,10,19
20,5,10,10,10,14,10,20
20,5,10,10,10,16,5.5,1
20,5,10,10,10,16,5.5,2
20,5,10,10,10,16,5.5,3
20,5,10,10,10,16,5.5,4
20,5,10,10,10,16,5.5,5
20,5,10,10,10,16,5.5,6
20,5,10,10,10,16,5.5,7
20,5,10,10,10,16,5.5,8
20,5,10,10,10,16,5.5,9
20,5,10,10,10,16,5.5,10
20,5,10,10,10,16,5.5,11
20,5,10,10,10,16,5.5,12
20,5,10,10,10,16,5.5,13
20,5,10,10,10,16,5.5,14
20,5,10,10,10,16,5.5,15
20,5,10,10,10,16,5.5,16
20,5,10,10,10,16,5.5,17
20,5,10,10,10,16,5.5,18
20,5,10,10,10,16,5.5,19
20,5,10,10,10,16,5.5,20
20,5,10,10,10,16,6,1
20,5,10,10,10,16,6,2
20,5,10,10,10,16,6,3
20,5,10,10,10,16,6,4
20,5,10,10,10,16,6,5
20,5,10,10,10,16,6,6
20,5,10,10,10,16,6,7
20,5,10,10,10,16,6,8
20,5,10,10,10,16,6,9
20,5,10,10,10,16,6,10
20,5,10,10,10,16,6,11
20,5,10,10,10,16,6,12
20,5,10,10,10,16,6,13
20,5,10,10,10,16,6,14
20,5,10,10,10,16,6,15
20,5,10,10,10,16,6,16
20,5,10,10,10,16,6,17
20,5,10,10,10,16,6,18
20,5,10,10,10,16,6,19
20,5,10,10,10,16,6,20
20,5,10,10,10,16,6.5,1
20,5,10,10,10,16,6.5,2
20,5,10,10,10,16,6.5,3
20,5,10,10,10,16,6.5,4
20,5,10,10,10,16,6.5,5
20,5,10,10,10,16,6.5,6
20,5,10,10,10,16,6.5,7
20,5,10,10,10,16,6.5,8
20,5,10,10,10,16,6.5,9
20,5,10,10,10,16,6.5,10
20,5,10,10,10,16,6.5,11
20,5,10,10,10,16,6.5,12
20,5,10,10,10,16,6.5,13
20,5,10,10,10,16,6.5,14
20,5,10,10,10,16,6.5,15
20,5,10,10,10,16,6.5,16
20,5,10,10,10,16,6.5,17
20,5,10,10,10,16,6.5,18
20,5,10,10,10,16,6.5,19
20,5,10,10,10,16,6.5,20
20,5,10,10,10,16,7,1
20,5,10,10,10,16,7,2
20,5,10,10,10,16,7,3
20,5,10,10,10,16,7,4
20,5,10,10,10,16,7,5
20,5,10,10,10,16,7,6
20,5,10,10,10,16,7,7
20,5,10,10,10,16,7,8
20,5,10,10,10,16,7,9
20,5,10,10,10,16,7,10
20,5,10,10,10,16,7,11
20,5,10,10,10,16,7,12
20,5,10,10,10,16,7,13
20,5,10,10,10,16,7,14
20,5,10,10,10,16,7,15
20,5,10,10,10,16,7,16
20,5,10,10,10,16,7,17
20,5,10,10,10,16,7,18
20,5,10,10,10,16,7,19
20,5,10,10,10,16,7,20
20,5,10,10,10,16,7.5,1
20,5,10,10,10,16,7.5,2
20,5,10,10,10,16,7.5,3
20,5,10,10,10,16,7.5,4
20,5,10,10,10,16,7.5,5
20,5,10,10,10,16,7.5,6
20,5,10,10,10,16,7.5,7
20,5,10,10,10,16,7.5,8
20,5,10,10,10,16,7.5,9
20,5,10,10,10,16,7.5,10
20,5,10,10,10,16,7.5,11
20,5,10,10,10,16,7.5,12
20,5,10,10,10,16,7.5,13
20,5,10,10,10,16,7.5,14
20,5,10,10,10,16,7.5,15
20,5,10,10,10,16,7.5,16
20,5,10,10,10,16,7.5,17
20,5,10,10,10,16,7.5,18
20,5,10,10,10,16,7.5,19
20,5,10,10,10,16,7.5,20
20,5,10,10,10,16,8,1
20,5,10,10,10,16,8,2
20,5,10,10,10,16,8,3
20,5,10,10,10,16,8,4
20,5,10,10,10,16,8,5
20,5,10,10,10,16,8,6
20,5,10,10,10,16,8,7
20,5,10,10,10,16,8,8
20,5,10,10,10,16,8,9
20,5,10,10,10,16,8,10
20,5,10,10,10,16,8,11
20,5,10,10,10,16,8,12
20,5,10,10,10,16,8,13
20,5,10,10,10,16,8,14
20,5,10,10,10,16,8,15
20,5,10,10,10,16,8,16
20,5,10,10,10,16,8,17
20,5,10,10,10,16,8,18
20,5,10,10,10,16,8,19
20,5,10,10,10,16,8,20
20,5,10,10,10,16,8.5,1
20,5,10,10,10,16,8.5,2
20,5,10,10,10,16,8.5,3
20,5,10,10,10,16,8.5,4
20,5,10,10,10,16,8.5,5
20,5,10,10,10,16,8.5,6
20,5,10,10,10,16,8.5,7
20,5,10,10,10,16,8.5,8
20,5,10,10,10,16,8.5,9
20,5,10,10,10,16,8.5,10
20,5,10,10,10,16,8.5,11
20,5,10,10,10,16,8.5,12
20,5,10,10,10,16,8.5,13
20,5,10,10,10,16,8.5,14
20,5,10,10,10,16,8.5,15
20,5,10,10,10,16,8.5,16
20,5,10,10,10,16,8.5,17
20,5,10,10,10,16,8.5,18
20,5,10,10,10,16,8.5,19
20,5,10,10,10,16,8.5,20
20,5,10,10,10,16,9,1
20,5,10,10,10,16,9,2
20,5,10,10,10,16,9,3
20,5,10,10,10,16,9,4
20,5,10,10,10,16,9,5
20,5,10,10,10,16,9,6
20,5,10,10,10,16,9,7
20,5,10,10,10,16,9,8
20,5,10,10,10,16,9,9
20,5,10,10,10,16,9,10
20,5,10,10,10,16,9,11
20,5,10,10,10,16,9,12
20,5,10,10,10,16,9,13
20,5,10,10,10,16,9,14
20,5,10,10,10,16,9,15
20,5,10,10,10,16,9,16
20,5,10,10,10,16,9,17
20,5,10,10,10,16,9,18
20,5,10,10,10,16,9,19
20,5,10,10,10,16,9,20
20,5,10,10,10,16,9.5,1
20,5,10,10,10,16,9.5,2
20,5,10,10,10,16,9.5,3
20,5,10,10,10,16,9.5,4
20,5,10,10,10,16,9.5,5
20,5,10,10,10,16,9.5,6
20,5,10,10,10,16,9.5,7
20,5,10,10,10,16,9.5,8
20,5,10,10,10,16,9.5,9
20,5,10,10,10,16,9.5,10
20,5,10,10,10,16,9.5,11
20,5,10,10,10,16,9.5,12
20,5,10,10,10,16,9.5,13
20,5,10,10,10,16,9.5,14
20,5,10,10,10,16,9.5,15
20,5,10,10,10,16,9.5,16
20,5,10,10,10,16,9.5,17
20,5,10,10,10,16,9.5,18
20,5,10,10,10,16,9.5,19
20,5,10,10,10,16,9.5,20
20,5,10,10,10,16,10,1
20,5,10,10,10,16,10,2
20,5,10,10,10,16,10,3
20,5,10,10,10,16,10,4
20,5,10,10,10,16,10,5
20,5,10,10,10,16,10,6
20,5,10,10,10,16,10,7
20,5,10,10,10,16,10,8
20,5,10,10,10,16,10,9
20,5,10,10,10,16,10,10
20,5,10,10,10,16,10,11
20,5,10,10,10,16,10,12
20,5,10,10,10,16,10,13
20,5,10,10,10,16,10,14
20,5,10,10,10,16,10,15
20,5,10,10,10,16,10,16
20,5,10,10,10,16,10,17
20,5,10,10,10,16,10,18
20,5,10,10,10,16,10,19
20,5,10,10,10,16,10,20
20,5,10,10,10,18,5.5,1
20,5,10,10,10,18,5.5,2
20,5,10,10,10,18,5.5,3
20,5,10,10,10,18,5.5,4
20,5,10,10,10,18,5.5,5
20,5,10,10,10,18,5.5,6
20,5,10,10,10,18,5.5,7
20,5,10,10,10,18,5.5,8
20,5,10,10,10,18,5.5,9
20,5,10,10,10,18,5.5,10
20,5,10,10,10,18,5.5,11
20,5,10,10,10,18,5.5,12
20,5,10,10,10,18,5.5,13
20,5,10,10,10,18,5.5,14
20,5,10,10,10,18,5.5,15
20,5,10,10,10,18,5.5,16
20,5,10,10,10,18,5.5,17
20,5,10,10,10,18,5.5,18
20,5,10,10,10,18,5.5,19
20,5,10,10,10,18,5.5,20
20,5,10,10,10,18,6,1
20,5,10,10,10,18,6,2
20,5,10,10,10,18,6,3
20,5,10,10,10,18,6,4
20,5,10,10,10,18,6,5
20,5,10,10,10,18,6,6
20,5,10,10,10,18,6,7
20,5,10,10,10,18,6,8
20,5,10,10,10,18,6,9
20,5,10,10,10,18,6,10
20,5,10,10,10,18,6,11
20,5,10,10,10,18,6,12
20,5,10,10,10,18,6,13
20,5,10,10,10,18,6,14
20,5,10,10,10,18,6,15
20,5,10,10,10,18,6,16
20,5,10,10,10,18,6,17
20,5,10,10,10,18,6,18
20,5,10,10,10,18,6,19
20,5,10,10,10,18,6,20
20,5,10,10,10,18,6.5,1
20,5,10,10,10,18,6.5,2
20,5,10,10,10,18,6.5,3
20,5,10,10,10,18,6.5,4
20,5,10,10,10,18,6.5,5
20,5,10,10,10,18,6.5,6
20,5,10,10,10,18,6.5,7
20,5,10,10,10,18,6.5,8
20,5,10,10,10,18,6.5,9
20,5,10,10,10,18,6.5,10
20,5,10,10,10,18,6.5,11
20,5,10,10,10,18,6.5,12
20,5,10,10,10,18,6.5,13
20,5,10,10,10,18,6.5,14
20,5,10,10,10,18,6.5,15
20,5,10,10,10,18,6.5,16
20,5,10,10,10,18,6.5,17
20,5,10,10,10,18,6.5,18
20,5,10,10,10,18,6.5,19
20,5,10,10,10,18,6.5,20
20,5,10,10,10,18,7,1
20,5,10,10,10,18,7,2
20,5,10,10,10,18,7,3
20,5,10,10,10,18,7,4
20,5,10,10,10,18,7,5
20,5,10,10,10,18,7,6
20,5,10,10,10,18,7,7
20,5,10,10,10,18,7,8
20,5,10,10,10,18,7,9
20,5,10,10,10,18,7,10
20,5,10,10,10,18,7,11
20,5,10,10,10,18,7,12
20,5,10,10,10,18,7,13
20,5,10,10,10,18,7,14
20,5,10,10,10,18,7,15
20,5,10,10,10,18,7,16
20,5,10,10,10,18,7,17
20,5,10,10,10,18,7,18
20,5,10,10,10,18,7,19
20,5,10,10,10,18,7,20
20,5,10,10,10,18,7.5,1
20,5,10,10,10,18,7.5,2
20,5,10,10,10,18,7.5,3
20,5,10,10,10,18,7.5,4
20,5,10,10,10,18,7.5,5
20,5,10,10,10,18,7.5,6
20,5,10,10,10,18,7.5,7
20,5,10,10,10,18,7.5,8
20,5,10,10,10,18,7.5,9
20,5,10,10,10,18,7.5,10
20,5,10,10,10,18,7.5,11
20,5,10,10,10,18,7.5,12
20,5,10,10,10,18,7.5,13
20,5,10,10,10,18,7.5,14
20,5,10,10,10,18,7.5,15
20,5,10,10,10,18,7.5,16
20,5,10,10,10,18,7.5,17
20,5,10,10,10,18,7.5,18
20,5,10,10,10,18,7.5,19
20,5,10,10,10,18,7.5,20
20,5,10,10,10,18,8,1
20,5,10,10,10,18,8,2
20,5,10,10,10,18,8,3
20,5,10,10,10,18,8,4
20,5,10,10,10,18,8,5
20,5,10,10,10,18,8,6
20,5,10,10,10,18,8,7
20,5,10,10,10,18,8,8
20,5,10,10,10,18,8,9
20,5,10,10,10,18,8,10
20,5,10,10,10,18,8,11
20,5,10,10,10,18,8,12
20,5,10,10,10,18,8,13
20,5,10,10,10,18,8,14
20,5,10,10,10,18,8,15
20,5,10,10,10,18,8,16
20,5,10,10,10,18,8,17
20,5,10,10,10,18,8,18
20,5,10,10,10,18,8,19
20,5,10,10,10,18,8,20
20,5,10,10,10,18,8.5,1
20,5,10,10,10,18,8.5,2
20,5,10,10,10,18,8.5,3
20,5,10,10,10,18,8.5,4
20,5,10,10,10,18,8.5,5
20,5,10,10,10,18,8.5,6
20,5,10,10,10,18,8.5,7
20,5,10,10,10,18,8.5,8
20,5,10,10,10,18,8.5,9
20,5,10,10,10,18,8.5,10
20,5,10,10,10,18,8.5,11
20,5,10,10,10,18,8.5,12
20,5,10,10,10,18,8.5,13
20,5,10,10,10,18,8.5,14
20,5,10,10,10,18,8.5,15
20,5,10,10,10,18,8.5,16
20,5,10,10,10,18,8.5,17
20,5,10,10,10,18,8.5,18
20,5,10,10,10,18,8.5,19
20,5,10,10,10,18,8.5,20
20,5,10,10,10,18,9,1
20,5,10,10,10,18,9,2
20,5,10,10,10,18,9,3
20,5,10,10,10,18,9,4
20,5,10,10,10,18,9,5
20,5,10,10,10,18,9,6
20,5,10,10,10,18,9,7
20,5,10,10,10,18,9,8
20,5,10,10,10,18,9,9
20,5,10,10,10,18,9,10
20,5,10,10,10,18,9,11
20,5,10,10,10,18,9,12
20,5,10,10,10,18,9,13
20,5,10,10,10,18,9,14
20,5,10,10,10,18,9,15
20,5,10,10,10,18,9,16
20,5,10,10,10,18,9,17
20,5,10,10,10,18,9,18
20,5,10,10,10,18,9,19
20,5,10,10,10,18,9,20
20,5,10,10,10,18,9.5,1
20,5,10,10,10,18,9.5,2
20,5,10,10,10,18,9.5,3
20,5,10,10,10,18,9.5,4
20,5,10,10,10,18,9.5,5
20,5,10,10,10,18,9.5,6
20,5,10,10,10,18,9.5,7
20,5,10,10,10,18,9.5,8
20,5,10,10,10,18,9.5,9
20,5,10,10,10,18,9.5,10
20,5,10,10,10,18,9.5,11
20,5,10,10,10,18,9.5,12
20,5,10,10,10,18,9.5,13
20,5,10,10,10,18,9.5,14
20,5,10,10,10,18,9.5,15
20,5,10,10,10,18,9.5,16
20,5,10,10,10,18,9.5,17
20,5,10,10,10,18,9.5,18
20,5,10,10,10,18,9.5,19
20,5,10,10,10,18,9.5,20
20,5,10,10,10,18,10,1
20,5,10,10,10,18,10,2
20,5,10,10,10,18,10,3
20,5,10,10,10,18,10,4
20,5,10,10,10,18,10,5
20,5,10,10,10,18,10,6
20,5,10,10,10,18,10,7
20,5,10,10,10,18,10,8
20,5,10,10,10,18,10,9
20,5,10,10,10,18,10,10
20,5,10,10,10,18,10,11
20,5,10,10,10,18,10,12
20,5,10,10,10,18,10,13
20,5,10,10,10,18,10,14
20,5,10,10,10,18,10,15
20,5,10,10,10,18,10,16
20,5,10,10,10,18,10,17
20,5,10,10,10,18,10,18
20,5,10,10,10,18,10,19
20,5,10,10,10,18,10,20
20,5,10,10,10,20,5.5,1
20,5,10,10,10,20,5.5,2
20,5,10,10,10,20,5.5,3
20,5,10,10,10,20,5.5,4
20,5,10,10,10,20,5.5,5
20,5,10,10,10,20,5.5,6
20,5,10,10,10,20,5.5,7
20,5,10,10,10,20,5.5,8
20,5,10,10,10,20,5.5,9
20,5,10,10,10,20,5.5,10
20,5,10,10,10,20,5.5,11
20,5,10,10,10,20,5.5,12
20,5,10,10,10,20,5.5,13
20,5,10,10,10,20,5.5,14
20,5,10,10,10,20,5.5,15
20,5,10,10,10,20,5.5,16
20,5,10,10,10,20,5.5,17
20,5,10,10,10,20,5.5,18
20,5,10,10,10,20,5.5,19
20,5,10,10,10,20,5.5,20
20,5,10,10,10,20,6,1
20,5,10,10,10,20,6,2
20,5,10,10,10,20,6,3
20,5,10,10,10,20,6,4
20,5,10,10,10,20,6,5
20,5,10,10,10,20,6,6
20,5,10,10,10,20,6,7
20,5,10,10,10,20,6,8
20,5,10,10,10,20,6,9
20,5,10,10,10,20,6,10
20,5,10,10,10,20,6,11
20,5,10,10,10,20,6,12
20,5,10,10,10,20,6,13
20,5,10,10,10,20,6,14
20,5,10,10,10,20,6,15
20,5,10,10,10,20,6,16
20,5,10,10,10,20,6,17
20,5,10,10,10,20,6,18
20,5,10,10,10,20,6,19
20,5,10,10,10,20,6,20
20,5,10,10,10,20,6.5,1
20,5,10,10,10,20,6.5,2
20,5,10,10,10,20,6.5,3
20,5,10,10,10,20,6.5,4
20,5,10,10,10,20,6.5,5
20,5,10,10,10,20,6.5,6
20,5,10,10,10,20,6.5,7
20,5,10,10,10,20,6.5,8
20,5,10,10,10,20,6.5,9
20,5,10,10,10,20,6.5,10
20,5,10,10,10,20,6.5,11
20,5,10,10,10,20,6.5,12
20,5,10,10,10,20,6.5,13
20,5,10,10,10,20,6.5,14
20,5,10,10,10,20,6.5,15
20,5,10,10,10,20,6.5,16
20,5,10,10,10,20,6.5,17
20,5,10,10,10,20,6.5,18
20,5,10,10,10,20,6.5,19
20,5,10,10,10,20,6.5,20
20,5,10,10,10,20,7,1
20,5,10,10,10,20,7,2
20,5,10,10,10,20,7,3
20,5,10,10,10,20,7,4
20,5,10,10,10,20,7,5
20,5,10,10,10,20,7,6
20,5,10,10,10,20,7,7
20,5,10,10,10,20,7,8
20,5,10,10,10,20,7,9
20,5,10,10,10,20,7,10
20,5,10,10,10,20,7,11
20,5,10,10,10,20,7,12
20,5,10,10,10,20,7,13
20,5,10,10,10,20,7,14
20,5,10,10,10,20,7,15
20,5,10,10,10,20,7,16
20,5,10,10,10,20,7,17
20,5,10,10,10,20,7,18
20,5,10,10,10,20,7,19
20,5,10,10,10,20,7,20
20,5,10,10,10,20,7.5,1
20,5,10,10,10,20,7.5,2
20,5,10,10,10,20,7.5,3
20,5,10,10,10,20,7.5,4
20,5,10,10,10,20,7.5,5
20,5,10,10,10,20,7.5,6
20,5,10,10,10,20,7.5,7
20,5,10,10,10,20,7.5,8
20,5,10,10,10,20,7.5,9
20,5,10,10,10,20,7.5,10
20,5,10,10,10,20,7.5,11
20,5,10,10,10,20,7.5,12
20,5,10,10,10,20,7.5,13
20,5,10,10,10,20,7.5,14
20,5,10,10,10,20,7.5,15
20,5,10,10,10,20,7.5,16
20,5,10,10,10,20,7.5,17
20,5,10,10,10,20,7.5,18
20,5,10,10,10,20,7.5,19
20,5,10,10,10,20,7.5,20
20,5,10,10,10,20,8,1
20,5,10,10,10,20,8,2
20,5,10,10,10,20,8,3
20,5,10,10,10,20,8,4
20,5,10,10,10,20,8,5
20,5,10,10,10,20,8,6
20,5,10,10,10,20,8,7
20,5,10,10,10,20,8,8
20,5,10,10,10,20,8,9
20,5,10,10,10,20,8,10
20,5,10,10,10,20,8,11
20,5,10,10,10,20,8,12
20,5,10,10,10,20,8,13
20,5,10,10,10,20,8,14
20,5,10,10,10,20,8,15
20,5,10,10,10,20,8,16
20,5,10,10,10,20,8,17
20,5,10,10,10,20,8,18
20,5,10,10,10,20,8,19
20,5,10,10,10,20,8,20
20,5,10,10,10,20,8.5,1
20,5,10,10,10,20,8.5,2
20,5,10,10,10,20,8.5,3
20,5,10,10,10,20,8.5,4
20,5,10,10,10,20,8.5,5
20,5,10,10,10,20,8.5,6
20,5,10,10,10,20,8.5,7
20,5,10,10,10,20,8.5,8
20,5,10,10,10,20,8.5,9
20,5,10,10,10,20,8.5,10
20,5,10,10,10,20,8.5,11
20,5,10,10,10,20,8.5,12
20,5,10,10,10,20,8.5,13
20,5,10,10,10,20,8.5,14
20,5,10,10,10,20,8.5,15
20,5,10,10,10,20,8.5,16
20,5,10,10,10,20,8.5,17
20,5,10,10,10,20,8.5,18
20,5,10,10,10,20,8.5,19
20,5,10,10,10,20,8.5,20
20,5,10,10,10,20,9,1
20,5,10,10,10,20,9,2
20,5,10,10,10,20,9,3
20,5,10,10,10,20,9,4
20,5,10,10,10,20,9,5
20,5,10,10,10,20,9,6
20,5,10,10,10,20,9,7
20,5,10,10,10,20,9,8
20,5,10,10,10,20,9,9
20,5,10,10,10,20,9,10
20,5,10,10,10,20,9,11
20,5,10,10,10,20,9,12
20,5,10,10,10,20,9,13
20,5,10,10,10,20,9,14
20,5,10,10,10,20,9,15
20,5,10,10,10,20,9,16
20,5,10,10,10,20,9,17
20,5,10,10,10,20,9,18
20,5,10,10,10,20,9,19
20,5,10,10,10,20,9,20
20,5,10,10,10,20,9.5,1
20,5,10,10,10,20,9.5,2
20,5,10,10,10,20,9.5,3
20,5,10,10,10,20,9.5,4
20,5,10,10,10,20,9.5,5
20,5,10,10,10,20,9.5,6
20,5,10,10,10,20,9.5,7
20,5,10,10,10,20,9.5,8
20,5,10,10,10,20,9.5,9
20,5,10,10,10,20,9.5,10
20,5,10,10,10,20,9.5,11
20,5,10,10,10,20,9.5,12
20,5,10,10,10,20,9.5,13
20,5,10,10,10,20,9.5,14
20,5,10,10,10,20,9.5,15
20,5,10,10,10,20,9.5,16
20,5,10,10,10,20,9.5,17
20,5,10,10,10,20,9.5,18
20,5,10,10,10,20,9.5,19
20,5,10,10,10,20,9.5,20
20,5,10,10,10,20,10,1
20,5,10,10,10,20,10,2
20,5,10,10,10,20,10,3
20,5,10,10,10,20,10,4
20,5,10,10,10,20,10,5
20,5,10,10,10,20,10,6
20,5,10,10,10,20,10,7
20,5,10,10,10,20,10,8
20,5,10,10,10,20,10,9
20,5,10,10,10,20,10,10
20,5,10,10,10,20,10,11
20,5,10,10,10,20,10,12
20,5,10,10,10,20,10,13
20,5,10,10,10,20,10,14
20,5,10,10,10,20,10,15
20,5,10,10,10,20,10,16
20,5,10,10,10,20,10,17
20,5,10,10,10,20,10,18
20,5,10,10,10,20,10,19
20,5,10,10,10,20,10,20
20,5,10,10,10,22,5.5,1
20,5,10,10,10,22,5.5,2
20,5,10,10,10,22,5.5,3
20,5,10,10,10,22,5.5,4
20,5,10,10,10,22,5.5,5
20,5,10,10,10,22,5.5,6
20,5,10,10,10,22,5.5,7
20,5,10,10,10,22,5.5,8
20,5,10,10,10,22,5.5,9
20,5,10,10,10,22,5.5,10
20,5,10,10,10,22,5.5,11
20,5,10,10,10,22,5.5,12
20,5,10,10,10,22,5.5,13
20,5,10,10,10,22,5.5,14
20,5,10,10,10,22,5.5,15
20,5,10,10,10,22,5.5,16
20,5,10,10,10,22,5.5,17
20,5,10,10,10,22,5.5,18
20,5,10,10,10,22,5.5,19
20,5,10,10,10,22,5.5,20
20,5,10,10,10,22,6,1
20,5,10,10,10,22,6,2
20,5,10,10,10,22,6,3
20,5,10,10,10,22,6,4
20,5,10,10,10,22,6,5
20,5,10,10,10,22,6,6
20,5,10,10,10,22,6,7
20,5,10,10,10,22,6,8
20,5,10,10,10,22,6,9
20,5,10,10,10,22,6,10
20,5,10,10,10,22,6,11
20,5,10,10,10,22,6,12
20,5,10,10,10,22,6,13
20,5,10,10,10,22,6,14
20,5,10,10,10,22,6,15
20,5,10,10,10,22,6,16
20,5,10,10,10,22,6,17
20,5,10,10,10,22,6,18
20,5,10,10,10,22,6,19
20,5,10,10,10,22,6,20
20,5,10,10,10,22,6.5,1
20,5,10,10,10,22,6.5,2
20,5,10,10,10,22,6.5,3
20,5,10,10,10,22,6.5,4
20,5,10,10,10,22,6.5,5
20,5,10,10,10,22,6.5,6
20,5,10,10,10,22,6.5,7
20,5,10,10,10,22,6.5,8
20,5,10,10,10,22,6.5,9
20,5,10,10,10,22,6.5,10
20,5,10,10,10,22,6.5,11
20,5,10,10,10,22,6.5,12
20,5,10,10,10,22,6.5,13
20,5,10,10,10,22,6.5,14
20,5,10,10,10,22,6.5,15
20,5,10,10,10,22,6.5,16
20,5,10,10,10,22,6.5,17
20,5,10,10,10,22,6.5,18
20,5,10,10,10,22,6.5,19
20,5,10,10,10,22,6.5,20
20,5,10,10,10,22,7,1
20,5,10,10,10,22,7,2
20,5,10,10,10,22,7,3
20,5,10,10,10,22,7,4
20,5,10,10,10,22,7,5
20,5,10,10,10,22,7,6
20,5,10,10,10,22,7,7
20,5,10,10,10,22,7,8
20,5,10,10,10,22,7,9
20,5,10,10,10,22,7,10
20,5,10,10,10,22,7,11
20,5,10,10,10,22,7,12
20,5,10,10,10,22,7,13
20,5,10,10,10,22,7,14
20,5,10,10,10,22,7,15
20,5,10,10,10,22,7,16
20,5,10,10,10,22,7,17
20,5,10,10,10,22,7,18
20,5,10,10,10,22,7,19
20,5,10,10,10,22,7,20
20,5,10,10,10,22,7.5,1
20,5,10,10,10,22,7.5,2
20,5,10,10,10,22,7.5,3
20,5,10,10,10,22,7.5,4
20,5,10,10,10,22,7.5,5
20,5,10,10,10,22,7.5,6
20,5,10,10,10,22,7.5,7
20,5,10,10,10,22,7.5,8
20,5,10,10,10,22,7.5,9
20,5,10,10,10,22,7.5,10
20,5,10,10,10,22,7.5,11
20,5,10,10,10,22,7.5,12
20,5,10,10,10,22,7.5,13
20,5,10,10,10,22,7.5,14
20,5,10,10,10,22,7.5,15
20,5,10,10,10,22,7.5,16
20,5,10,10,10,22,7.5,17
20,5,10,10,10,22,7.5,18
20,5,10,10,10,22,7.5,19
20,5,10,10,10,22,7.5,20
20,5,10,10,10,22,8,1
20,5,10,10,10,22,8,2
20,5,10,10,10,22,8,3
20,5,10,10,10,22,8,4
20,5,10,10,10,22,8,5
20,5,10,10,10,22,8,6
20,5,10,10,10,22,8,7
20,5,10,10,10,22,8,8
20,5,10,10,10,22,8,9
20,5,10,10,10,22,8,10
20,5,10,10,10,22,8,11
20,5,10,10,10,22,8,12
20,5,10,10,10,22,8,13
20,5,10,10,10,22,8,14
20,5,10,10,10,22,8,15
20,5,10,10,10,22,8,16
20,5,10,10,10,22,8,17
20,5,10,10,10,22,8,18
20,5,10,10,10,22,8,19
20,5,10,10,10,22,8,20
20,5,10,10,10,22,8.5,1
20,5,10,10,10,22,8.5,2
20,5,10,10,10,22,8.5,3
20,5,10,10,10,22,8.5,4
20,5,10,10,10,22,8.5,5
20,5,10,10,10,22,8.5,6
20,5,10,10,10,22,8.5,7
20,5,10,10,10,22,8.5,8
20,5,10,10,10,22,8.5,9
20,5,10,10,10,22,8.5,10
20,5,10,10,10,22,8.5,11
20,5,10,10,10,22,8.5,12
20,5,10,10,10,22,8.5,13
20,5,10,10,10,22,8.5,14
20,5,10,10,10,22,8.5,15
20,5,10,10,10,22,8.5,16
20,5,10,10,10,22,8.5,17
20,5,10,10,10,22,8.5,18
20,5,10,10,10,22,8.5,19
20,5,10,10,10,22,8.5,20
20,5,10,10,10,22,9,1
20,5,10,10,10,22,9,2
20,5,10,10,10,22,9,3
20,5,10,10,10,22,9,4
20,5,10,10,10,22,9,5
20,5,10,10,10,22,9,6
20,5,10,10,10,22,9,7
20,5,10,10,10,22,9,8
20,5,10,10,10,22,9,9
20,5,10,10,10,22,9,10
20,5,10,10,10,22,9,11
20,5,10,10,10,22,9,12
20,5,10,10,10,22,9,13
20,5,10,10,10,22,9,14
20,5,10,10,10,22,9,15
20,5,10,10,10,22,9,16
20,5,10,10,10,22,9,17
20,5,10,10,10,22,9,18
20,5,10,10,10,22,9,19
20,5,10,10,10,22,9,20
20,5,10,10,10,22,9.5,1
20,5,10,10,10,22,9.5,2
20,5,10,10,10,22,9.5,3
20,5,10,10,10,22,9.5,4
20,5,10,10,10,22,9.5,5
20,5,10,10,10,22,9.5,6
20,5,10,10,10,22,9.5,7
20,5,10,10,10,22,9.5,8
20,5,10,10,10,22,9.5,9
20,5,10,10,10,22,9.5,10
20,5,10,10,10,22,9.5,11
20,5,10,10,10,22,9.5,12
20,5,10,10,10,22,9.5,13
20,5,10,10,10,22,9.5,14
20,5,10,10,10,22,9.5,15
20,5,10,10,10,22,9.5,16
20,5,10,10,10,22,9.5,17
20,5,10,10,10,22,9.5,18
20,5,10,10,10,22,9.5,19
20,5,10,10,10,22,9.5,20
20,5,10,10,10,22,10,1
20,5,10,10,10,22,10,2
20,5,10,10,10,22,10,3
20,5,10,10,10,22,10,4
20,5,10,10,10,22,10,5
20,5,10,10,10,22,10,6
20,5,10,10,10,22,10,7
20,5,10,10,10,22,10,8
20,5,10,10,10,22,10,9
20,5,10,10,10,22,10,10
20,5,10,10,10,22,10,11
20,5,10,10,10,22,10,12
20,5,10,10,10,22,10,13
20,5,10,10,10,22,10,14
20,5,10,10,10,22,10,15
20,5,10,10,10,22,10,16
20,5,10,10,10,22,10,17
20,5,10,10,10,22,10,18
20,5,10,10,10,22,10,19
20,5,10,10,10,22,10,20
20,5,10,10,10,24,5.5,1
20,5,10,10,10,24,5.5,2
20,5,10,10,10,24,5.5,3
20,5,10,10,10,24,5.5,4
20,5,10,10,10,24,5.5,5
20,5,10,10,10,24,5.5,6
20,5,10,10,10,24,5.5,7
20,5,10,10,10,24,5.5,8
20,5,10,10,10,24,5.5,9
20,5,10,10,10,24,5.5,10
20,5,10,10,10,24,5.5,11
20,5,10,10,10,24,5.5,12
20,5,10,10,10,24,5.5,13
20,5,10,10,10,24,5.5,14
20,5,10,10,10,24,5.5,15
20,5,10,10,10,24,5.5,16
20,5,10,10,10,24,5.5,17
20,5,10,10,10,24,5.5,18
20,5,10,10,10,24,5.5,19
20,5,10,10,10,24,5.5,20
20,5,10,10,10,24,6,1
20,5,10,10,10,24,6,2
20,5,10,10,10,24,6,3
20,5,10,10,10,24,6,4
20,5,10,10,10,24,6,5
20,5,10,10,10,24,6,6
20,5,10,10,10,24,6,7
20,5,10,10,10,24,6,8
20,5,10,10,10,24,6,9
20,5,10,10,10,24,6,10
20,5,10,10,10,24,6,11
20,5,10,10,10,24,6,12
20,5,10,10,10,24,6,13
20,5,10,10,10,24,6,14
20,5,10,10,10,24,6,15
20,5,10,10,10,24,6,16
20,5,10,10,10,24,6,17
20,5,10,10,10,24,6,18
20,5,10,10,10,24,6,19
20,5,10,10,10,24,6,20
20,5,10,10,10,24,6.5,1
20,5,10,10,10,24,6.5,2
20,5,10,10,10,24,6.5,3
20,5,10,10,10,24,6.5,4
20,5,10,10,10,24,6.5,5
20,5,10,10,10,24,6.5,6
20,5,10,10,10,24,6.5,7
20,5,10,10,10,24,6.5,8
20,5,10,10,10,24,6.5,9
20,5,10,10,10,24,6.5,10
20,5,10,10,10,24,6.5,11
20,5,10,10,10,24,6.5,12
20,5,10,10,10,24,6.5,13
20,5,10,10,10,24,6.5,14
20,5,10,10,10,24,6.5,15
20,5,10,10,10,24,6.5,16
20,5,10,10,10,24,6.5,17
20,5,10,10,10,24,6.5,18
20,5,10,10,10,24,6.5,19
20,5,10,10,10,24,6.5,20
20,5,10,10,10,24,7,1
20,5,10,10,10,24,7,2
20,5,10,10,10,24,7,3
20,5,10,10,10,24,7,4
20,5,10,10,10,24,7,5
20,5,10,10,10,24,7,6
20,5,10,10,10,24,7,7
20,5,10,10,10,24,7,8
20,5,10,10,10,24,7,9
20,5,10,10,10,24,7,10
20,5,10,10,10,24,7,11
20,5,10,10,10,24,7,12
20,5,10,10,10,24,7,13
20,5,10,10,10,24,7,14
20,5,10,10,10,24,7,15
20,5,10,10,10,24,7,16
20,5,10,10,10,24,7,17
20,5,10,10,10,24,7,18
20,5,10,10,10,24,7,19
20,5,10,10,10,24,7,20
20,5,10,10,10,24,7.5,1
20,5,10,10,10,24,7.5,2
20,5,10,10,10,24,7.5,3
20,5,10,10,10,24,7.5,4
20,5,10,10,10,24,7.5,5
20,5,10,10,10,24,7.5,6
20,5,10,10,10,24,7.5,7
20,5,10,10,10,24,7.5,8
20,5,10,10,10,24,7.5,9
20,5,10,10,10,24,7.5,10
20,5,10,10,10,24,7.5,11
20,5,10,10,10,24,7.5,12
20,5,10,10,10,24,7.5,13
20,5,10,10,10,24,7.5,14
20,5,10,10,10,24,7.5,15
20,5,10,10,10,24,7.5,16
20,5,10,10,10,24,7.5,17
20,5,10,10,10,24,7.5,18
20,5,10,10,10,24,7.5,19
20,5,10,10,10,24,7.5,20
20,5,10,10,10,24,8,1
20,5,10,10,10,24,8,2
20,5,10,10,10,24,8,3
20,5,10,10,10,24,8,4
20,5,10,10,10,24,8,5
20,5,10,10,10,24,8,6
20,5,10,10,10,24,8,7
20,5,10,10,10,24,8,8
20,5,10,10,10,24,8,9
20,5,10,10,10,24,8,10
20,5,10,10,10,24,8,11
20,5,10,10,10,24,8,12
20,5,10,10,10,24,8,13
20,5,10,10,10,24,8,14
20,5,10,10,10,24,8,15
20,5,10,10,10,24,8,16
20,5,10,10,10,24,8,17
20,5,10,10,10,24,8,18
20,5,10,10,10,24,8,19
20,5,10,10,10,24,8,20
20,5,10,10,10,24,8.5,1
20,5,10,10,10,24,8.5,2
20,5,10,10,10,24,8.5,3
20,5,10,10,10,24,8.5,4
20,5,10,10,10,24,8.5,5
20,5,10,10,10,24,8.5,6
20,5,10,10,10,24,8.5,7
20,5,10,10,10,24,8.5,8
20,5,10,10,10,24,8.5,9
20,5,10,10,10,24,8.5,10
20,5,10,10,10,24,8.5,11
20,5,10,10,10,24,8.5,12
20,5,10,10,10,24,8.5,13
20,5,10,10,10,24,8.5,14
20,5,10,10,10,24,8.5,15
20,5,10,10,10,24,8.5,16
20,5,10,10,10,24,8.5,17
20,5,10,10,10,24,8.5,18
20,5,10,10,10,24,8.5,19
20,5,10,10,10,24,8.5,20
20,5,10,10,10,24,9,1
20,5,10,10,10,24,9,2
20,5,10,10,10,24,9,3
20,5,10,10,10,24,9,4
20,5,10,10,10,24,9,5
20,5,10,10,10,24,9,6
20,5,10,10,10,24,9,7
20,5,10,10,10,24,9,8
20,5,10,10,10,24,9,9
20,5,10,10,10,24,9,10
20,5,10,10,10,24,9,11
20,5,10,10,10,24,9,12
20,5,10,10,10,24,9,13
20,5,10,10,10,24,9,14
20,5,10,10,10,24,9,15
20,5,10,10,10,24,9,16
20,5,10,10,10,24,9,17
20,5,10,10,10,24,9,18
20,5,10,10,10,24,9,19
20,5,10,10,10,24,9,20
20,5,10,10,10,24,9.5,1
20,5,10,10,10,24,9.5,2
20,5,10,10,10,24,9.5,3
20,5,10,10,10,24,9.5,4
20,5,10,10,10,24,9.5,5
20,5,10,10,10,24,9.5,6
20,5,10,10,10,24,9.5,7
20,5,10,10,10,24,9.5,8
20,5,10,10,10,24,9.5,9
20,5,10,10,10,24,9.5,10
20,5,10,10,10,24,9.5,11
20,5,10,10,10,24,9.5,12
20,5,10,10,10,24,9.5,13
20,5,10,10,10,24,9.5,14
20,5,10,10,10,24,9.5,15
20,5,10,10,10,24,9.5,16
20,5,10,10,10,24,9.5,17
20,5,10,10,10,24,9.5,18
20,5,10,10,10,24,9.5,19
20,5,10,10,10,24,9.5,20
20,5,10,10,10,24,10,1
20,5,10,10,10,24,10,2
20,5,10,10,10,24,10,3
20,5,10,10,10,24,10,4
20,5,10,10,10,24,10,5
20,5,10,10,10,24,10,6
20,5,10,10,10,24,10,7
20,5,10,10,10,24,10,8
20,5,10,10,10,24,10,9
20,5,10,10,10,24,10,10
20,5,10,10,10,24,10,11
20,5,10,10,10,24,10,12
20,5,10,10,10,24,10,13
20,5,10,10,10,24,10,14
20,5,10,10,10,24,10,15
20,5,10,10,10,24,10,16
20,5,10,10,10,24,10,17
20,5,10,10,10,24,10,18
20,5,10,10,10,24,10,19
20,5,10,10,10,24,10,20
20,5,10,10,10,26,5.5,1
20,5,10,10,10,26,5.5,2
20,5,10,10,10,26,5.5,3
20,5,10,10,10,26,5.5,4
20,5,10,10,10,26,5.5,5
20,5,10,10,10,26,5.5,6
20,5,10,10,10,26,5.5,7
20,5,10,10,10,26,5.5,8
20,5,10,10,10,26,5.5,9
20,5,10,10,10,26,5.5,10
20,5,10,10,10,26,5.5,11
20,5,10,10,10,26,5.5,12
20,5,10,10,10,26,5.5,13
20,5,10,10,10,26,5.5,14
20,5,10,10,10,26,5.5,15
20,5,10,10,10,26,5.5,16
20,5,10,10,10,26,5.5,17
20,5,10,10,10,26,5.5,18
20,5,10,10,10,26,5.5,19
20,5,10,10,10,26,5.5,20
20,5,10,10,10,26,6,1
20,5,10,10,10,26,6,2
20,5,10,10,10,26,6,3
20,5,10,10,10,26,6,4
20,5,10,10,10,26,6,5
20,5,10,10,10,26,6,6
20,5,10,10,10,26,6,7
20,5,10,10,10,26,6,8
20,5,10,10,10,26,6,9
20,5,10,10,10,26,6,10
20,5,10,10,10,26,6,11
20,5,10,10,10,26,6,12
20,5,10,10,10,26,6,13
20,5,10,10,10,26,6,14
20,5,10,10,10,26,6,15
20,5,10,10,10,26,6,16
20,5,10,10,10,26,6,17
20,5,10,10,10,26,6,18
20,5,10,10,10,26,6,19
20,5,10,10,10,26,6,20
20,5,10,10,10,26,6.5,1
20,5,10,10,10,26,6.5,2
20,5,10,10,10,26,6.5,3
20,5,10,10,10,26,6.5,4
20,5,10,10,10,26,6.5,5
20,5,10,10,10,26,6.5,6
20,5,10,10,10,26,6.5,7
20,5,10,10,10,26,6.5,8
20,5,10,10,10,26,6.5,9
20,5,10,10,10,26,6.5,10
20,5,10,10,10,26,6.5,11
20,5,10,10,10,26,6.5,12
20,5,10,10,10,26,6.5,13
20,5,10,10,10,26,6.5,14
20,5,10,10,10,26,6.5,15
20,5,10,10,10,26,6.5,16
20,5,10,10,10,26,6.5,17
20,5,10,10,10,26,6.5,18
20,5,10,10,10,26,6.5,19
20,5,10,10,10,26,6.5,20
20,5,10,10,10,26,7,1
20,5,10,10,10,26,7,2
20,5,10,10,10,26,7,3
20,5,10,10,10,26,7,4
20,5,10,10,10,26,7,5
20,5,10,10,10,26,7,6
20,5,10,10,10,26,7,7
20,5,10,10,10,26,7,8
20,5,10,10,10,26,7,9
20,5,10,10,10,26,7,10
20,5,10,10,10,26,7,11
20,5,10,10,10,26,7,12
20,5,10,10,10,26,7,13
20,5,10,10,10,26,7,14
20,5,10,10,10,26,7,15
20,5,10,10,10,26,7,16
20,5,10,10,10,26,7,17
20,5,10,10,10,26,7,18
20,5,10,10,10,26,7,19
20,5,10,10,10,26,7,20
20,5,10,10,10,26,7.5,1
20,5,10,10,10,26,7.5,2
20,5,10,10,10,26,7.5,3
20,5,10,10,10,26,7.5,4
20,5,10,10,10,26,7.5,5
20,5,10,10,10,26,7.5,6
20,5,10,10,10,26,7.5,7
20,5,10,10,10,26,7.5,8
20,5,10,10,10,26,7.5,9
20,5,10,10,10,26,7.5,10
20,5,10,10,10,26,7.5,11
20,5,10,10,10,26,7.5,12
20,5,10,10,10,26,7.5,13
20,5,10,10,10,26,7.5,14
20,5,10,10,10,26,7.5,15
20,5,10,10,10,26,7.5,16
20,5,10,10,10,26,7.5,17
20,5,10,10,10,26,7.5,18
20,5,10,10,10,26,7.5,19
20,5,10,10,10,26,7.5,20
20,5,10,10,10,26,8,1
20,5,10,10,10,26,8,2
20,5,10,10,10,26,8,3
20,5,10,10,10,26,8,4
20,5,10,10,10,26,8,5
20,5,10,10,10,26,8,6
20,5,10,10,10,26,8,7
20,5,10,10,10,26,8,8
20,5,10,10,10,26,8,9
20,5,10,10,10,26,8,10
20,5,10,10,10,26,8,11
20,5,10,10,10,26,8,12
20,5,10,10,10,26,8,13
20,5,10,10,10,26,8,14
20,5,10,10,10,26,8,15
20,5,10,10,10,26,8,16
20,5,10,10,10,26,8,17
20,5,10,10,10,26,8,18
20,5,10,10,10,26,8,19
20,5,10,10,10,26,8,20
20,5,10,10,10,26,8.5,1
20,5,10,10,10,26,8.5,2
20,5,10,10,10,26,8.5,3
20,5,10,10,10,26,8.5,4
20,5,10,10,10,26,8.5,5
20,5,10,10,10,26,8.5,6
20,5,10,10,10,26,8.5,7
20,5,10,10,10,26,8.5,8
20,5,10,10,10,26,8.5,9
20,5,10,10,10,26,8.5,10
20,5,10,10,10,26,8.5,11
20,5,10,10,10,26,8.5,12
20,5,10,10,10,26,8.5,13
20,5,10,10,10,26,8.5,14
20,5,10,10,10,26,8.5,15
20,5,10,10,10,26,8.5,16
20,5,10,10,10,26,8.5,17
20,5,10,10,10,26,8.5,18
20,5,10,10,10,26,8.5,19
20,5,10,10,10,26,8.5,20
20,5,10,10,10,26,9,1
20,5,10,10,10,26,9,2
20,5,10,10,10,26,9,3
20,5,10,10,10,26,9,4
20,5,10,10,10,26,9,5
20,5,10,10,10,26,9,6
20,5,10,10,10,26,9,7
20,5,10,10,10,26,9,8
20,5,10,10,10,26,9,9
20,5,10,10,10,26,9,10
20,5,10,10,10,26,9,11
20,5,10,10,10,26,9,12
20,5,10,10,10,26,9,13
20,5,10,10,10,26,9,14
20,5,10,10,10,26,9,15
20,5,10,10,10,26,9,16
20,5,10,10,10,26,9,17
20,5,10,10,10,26,9,18
20,5,10,10,10,26,9,19
20,5,10,10,10,26,9,20
20,5,10,10,10,26,9.5,1
20,5,10,10,10,26,9.5,2
20,5,10,10,10,26,9.5,3
20,5,10,10,10,26,9.5,4
20,5,10,10,10,26,9.5,5
20,5,10,10,10,26,9.5,6
20,5,10,10,10,26,9.5,7
20,5,10,10,10,26,9.5,8
20,5,10,10,10,26,9.5,9
20,5,10,10,10,26,9.5,10
20,5,10,10,10,26,9.5,11
20,5,10,10,10,26,9.5,12
20,5,10,10,10,26,9.5,13
20,5,10,10,10,26,9.5,14
20,5,10,10,10,26,9.5,15
20,5,10,10,10,26,9.5,16
20,5,10,10,10,26,9.5,17
20,5,10,10,10,26,9.5,18
20,5,10,10,10,26,9.5,19
20,5,10,10,10,26,9.5,20
20,5,10,10,10,26,10,1
20,5,10,10,10,26,10,2
20,5,10,10,10,26,10,3
20,5,10,10,10,26,10,4
20,5,10,10,10,26,10,5
20,5,10,10,10,26,10,6
20,5,10,10,10,26,10,7
20,5,10,10,10,26,10,8
20,5,10,10,10,26,10,9
20,5,10,10,10,26,10,10
20,5,10,10,10,26,10,11
20,5,10,10,10,26,10,12
20,5,10,10,10,26,10,13
20,5,10,10,10,26,10,14
20,5,10,10,10,26,10,15
20,5,10,10,10,26,10,16
20,5,10,10,10,26,10,17
20,5,10,10,10,26,10,18
20,5,10,10,10,26,10,19
20,5,10,10,10,26,10,20
20,5,10,10,10,28,5.5,1
20,5,10,10,10,28,5.5,2
20,5,10,10,10,28,5.5,3
20,5,10,10,10,28,5.5,4
20,5,10,10,10,28,5.5,5
20,5,10,10,10,28,5.5,6
20,5,10,10,10,28,5.5,7
20,5,10,10,10,28,5.5,8
20,5,10,10,10,28,5.5,9
20,5,10,10,10,28,5.5,10
20,5,10,10,10,28,5.5,11
20,5,10,10,10,28,5.5,12
20,5,10,10,10,28,5.5,13
20,5,10,10,10,28,5.5,14
20,5,10,10,10,28,5.5,15
20,5,10,10,10,28,5.5,16
20,5,10,10,10,28,5.5,17
20,5,10,10,10,28,5.5,18
20,5,10,10,10,28,5.5,19
20,5,10,10,10,28,5.5,20
20,5,10,10,10,28,6,1
20,5,10,10,10,28,6,2
20,5,10,10,10,28,6,3
20,5,10,10,10,28,6,4
20,5,10,10,10,28,6,5
20,5,10,10,10,28,6,6
20,5,10,10,10,28,6,7
20,5,10,10,10,28,6,8
20,5,10,10,10,28,6,9
20,5,10,10,10,28,6,10
20,5,10,10,10,28,6,11
20,5,10,10,10,28,6,12
20,5,10,10,10,28,6,13
20,5,10,10,10,28,6,14
20,5,10,10,10,28,6,15
20,5,10,10,10,28,6,16
20,5,10,10,10,28,6,17
20,5,10,10,10,28,6,18
20,5,10,10,10,28,6,19
20,5,10,10,10,28,6,20
20,5,10,10,10,28,6.5,1
20,5,10,10,10,28,6.5,2
20,5,10,10,10,28,6.5,3
20,5,10,10,10,28,6.5,4
20,5,10,10,10,28,6.5,5
20,5,10,10,10,28,6.5,6
20,5,10,10,10,28,6.5,7
20,5,10,10,10,28,6.5,8
20,5,10,10,10,28,6.5,9
20,5,10,10,10,28,6.5,10
20,5,10,10,10,28,6.5,11
20,5,10,10,10,28,6.5,12
20,5,10,10,10,28,6.5,13
20,5,10,10,10,28,6.5,14
20,5,10,10,10,28,6.5,15
20,5,10,10,10,28,6.5,16
20,5,10,10,10,28,6.5,17
20,5,10,10,10,28,6.5,18
20,5,10,10,10,28,6.5,19
20,5,10,10,10,28,6.5,20
20,5,10,10,10,28,7,1
20,5,10,10,10,28,7,2
20,5,10,10,10,28,7,3
20,5,10,10,10,28,7,4
20,5,10,10,10,28,7,5
20,5,10,10,10,28,7,6
20,5,10,10,10,28,7,7
20,5,10,10,10,28,7,8
20,5,10,10,10,28,7,9
20,5,10,10,10,28,7,10
20,5,10,10,10,28,7,11
20,5,10,10,10,28,7,12
20,5,10,10,10,28,7,13
20,5,10,10,10,28,7,14
20,5,10,10,10,28,7,15
20,5,10,10,10,28,7,16
20,5,10,10,10,28,7,17
20,5,10,10,10,28,7,18
20,5,10,10,10,28,7,19
20,5,10,10,10,28,7,20
20,5,10,10,10,28,7.5,1
20,5,10,10,10,28,7.5,2
20,5,10,10,10,28,7.5,3
20,5,10,10,10,28,7.5,4
20,5,10,10,10,28,7.5,5
20,5,10,10,10,28,7.5,6
20,5,10,10,10,28,7.5,7
20,5,10,10,10,28,7.5,8
20,5,10,10,10,28,7.5,9
20,5,10,10,10,28,7.5,10
20,5,10,10,10,28,7.5,11
20,5,10,10,10,28,7.5,12
20,5,10,10,10,28,7.5,13
20,5,10,10,10,28,7.5,14
20,5,10,10,10,28,7.5,15
20,5,10,10,10,28,7.5,16
20,5,10,10,10,28,7.5,17
20,5,10,10,10,28,7.5,18
20,5,10,10,10,28,7.5,19
20,5,10,10,10,28,7.5,20
20,5,10,10,10,28,8,1
20,5,10,10,10,28,8,2
20,5,10,10,10,28,8,3
20,5,10,10,10,28,8,4
20,5,10,10,10,28,8,5
20,5,10,10,10,28,8,6
20,5,10,10,10,28,8,7
20,5,10,10,10,28,8,8
20,5,10,10,10,28,8,9
20,5,10,10,10,28,8,10
20,5,10,10,10,28,8,11
20,5,10,10,10,28,8,12
20,5,10,10,10,28,8,13
20,5,10,10,10,28,8,14
20,5,10,10,10,28,8,15
20,5,10,10,10,28,8,16
20,5,10,10,10,28,8,17
20,5,10,10,10,28,8,18
20,5,10,10,10,28,8,19
20,5,10,10,10,28,8,20
20,5,10,10,10,28,8.5,1
20,5,10,10,10,28,8.5,2
20,5,10,10,10,28,8.5,3
20,5,10,10,10,28,8.5,4
20,5,10,10,10,28,8.5,5
20,5,10,10,10,28,8.5,6
20,5,10,10,10,28,8.5,7
20,5,10,10,10,28,8.5,8
20,5,10,10,10,28,8.5,9
20,5,10,10,10,28,8.5,10
20,5,10,10,10,28,8.5,11
20,5,10,10,10,28,8.5,12
20,5,10,10,10,28,8.5,13
20,5,10,10,10,28,8.5,14
20,5,10,10,10,28,8.5,15
20,5,10,10,10,28,8.5,16
20,5,10,10,10,28,8.5,17
20,5,10,10,10,28,8.5,18
20,5,10,10,10,28,8.5,19
20,5,10,10,10,28,8.5,20
20,5,10,10,10,28,9,1
20,5,10,10,10,28,9,2
20,5,10,10,10,28,9,3
20,5,10,10,10,28,9,4
20,5,10,10,10,28,9,5
20,5,10,10,10,28,9,6
20,5,10,10,10,28,9,7
20,5,10,10,10,28,9,8
20,5,10,10,10,28,9,9
20,5,10,10,10,28,9,10
20,5,10,10,10,28,9,11
20,5,10,10,10,28,9,12
20,5,10,10,10,28,9,13
20,5,10,10,10,28,9,14
20,5,10,10,10,28,9,15
20,5,10,10,10,28,9,16
20,5,10,10,10,28,9,17
20,5,10,10,10,28,9,18
20,5,10,10,10,28,9,19
20,5,10,10,10,28,9,20
20,5,10,10,10,28,9.5,1
20,5,10,10,10,28,9.5,2
20,5,10,10,10,28,9.5,3
20,5,10,10,10,28,9.5,4
20,5,10,10,10,28,9.5,5
20,5,10,10,10,28,9.5,6
20,5,10,10,10,28,9.5,7
20,5,10,10,10,28,9.5,8
20,5,10,10,10,28,9.5,9
20,5,10,10,10,28,9.5,10
20,5,10,10,10,28,9.5,11
20,5,10,10,10,28,9.5,12
20,5,10,10,10,28,9.5,13
20,5,10,10,10,28,9.5,14
20,5,10,10,10,28,9.5,15
20,5,10,10,10,28,9.5,16
20,5,10,10,10,28,9.5,17
20,5,10,10,10,28,9.5,18
20,5,10,10,10,28,9.5,19
20,5,10,10,10,28,9.5,20
20,5,10,10,10,28,10,1
20,5,10,10,10,28,10,2
20,5,10,10,10,28,10,3
20,5,10,10,10,28,10,4
20,5,10,10,10,28,10,5
20,5,10,10,10,28,10,6
20,5,10,10,10,28,10,7
20,5,10,10,10,28,10,8
20,5,10,10,10,28,10,9
20,5,10,10,10,28,10,10
20,5,10,10,10,28,10,11
20,5,10,10,10,28,10,12
20,5,10,10,10,28,10,13
20,5,10,10,10,28,10,14
20,5,10,10,10,28,10,15
20,5,10,10,10,28,10,16
20,5,10,10,10,28,10,17
20,5,10,10,10,28,10,18
20,5,10,10,10,28,10,19
20,5,10,10,10,28,10,20
20,5,10,10,10,30,5.5,1
20,5,10,10,10,30,5.5,2
20,5,10,10,10,30,5.5,3
20,5,10,10,10,30,5.5,4
20,5,10,10,10,30,5.5,5
20,5,10,10,10,30,5.5,6
20,5,10,10,10,30,5.5,7
20,5,10,10,10,30,5.5,8
20,5,10,10,10,30,5.5,9
20,5,10,10,10,30,5.5,10
20,5,10,10,10,30,5.5,11
20,5,10,10,10,30,5.5,12
20,5,10,10,10,30,5.5,13
20,5,10,10,10,30,5.5,14
20,5,10,10,10,30,5.5,15
20,5,10,10,10,30,5.5,16
20,5,10,10,10,30,5.5,17
20,5,10,10,10,30,5.5,18
20,5,10,10,10,30,5.5,19
20,5,10,10,10,30,5.5,20
20,5,10,10,10,30,6,1
20,5,10,10,10,30,6,2
20,5,10,10,10,30,6,3
20,5,10,10,10,30,6,4
20,5,10,10,10,30,6,5
20,5,10,10,10,30,6,6
20,5,10,10,10,30,6,7
20,5,10,10,10,30,6,8
20,5,10,10,10,30,6,9
20,5,10,10,10,30,6,10
20,5,10,10,10,30,6,11
20,5,10,10,10,30,6,12
20,5,10,10,10,30,6,13
20,5,10,10,10,30,6,14
20,5,10,10,10,30,6,15
20,5,10,10,10,30,6,16
20,5,10,10,10,30,6,17
20,5,10,10,10,30,6,18
20,5,10,10,10,30,6,19
20,5,10,10,10,30,6,20
20,5,10,10,10,30,6.5,1
20,5,10,10,10,30,6.5,2
20,5,10,10,10,30,6.5,3
20,5,10,10,10,30,6.5,4
20,5,10,10,10,30,6.5,5
20,5,10,10,10,30,6.5,6
20,5,10,10,10,30,6.5,7
20,5,10,10,10,30,6.5,8
20,5,10,10,10,30,6.5,9
20,5,10,10,10,30,6.5,10
20,5,10,10,10,30,6.5,11
20,5,10,10,10,30,6.5,12
20,5,10,10,10,30,6.5,13
20,5,10,10,10,30,6.5,14
20,5,10,10,10,30,6.5,15
20,5,10,10,10,30,6.5,16
20,5,10,10,10,30,6.5,17
20,5,10,10,10,30,6.5,18
20,5,10,10,10,30,6.5,19
20,5,10,10,10,30,6.5,20
20,5,10,10,10,30,7,1
20,5,10,10,10,30,7,2
20,5,10,10,10,30,7,3
20,5,10,10,10,30,7,4
20,5,10,10,10,30,7,5
20,5,10,10,10,30,7,6
20,5,10,10,10,30,7,7
20,5,10,10,10,30,7,8
20,5,10,10,10,30,7,9
20,5,10,10,10,30,7,10
20,5,10,10,10,30,7,11
20,5,10,10,10,30,7,12
20,5,10,10,10,30,7,13
20,5,10,10,10,30,7,14
20,5,10,10,10,30,7,15
20,5,10,10,10,30,7,16
20,5,10,10,10,30,7,17
20,5,10,10,10,30,7,18
20,5,10,10,10,30,7,19
20,5,10,10,10,30,7,20
20,5,10,10,10,30,7.5,1
20,5,10,10,10,30,7.5,2
20,5,10,10,10,30,7.5,3
20,5,10,10,10,30,7.5,4
20,5,10,10,10,30,7.5,5
20,5,10,10,10,30,7.5,6
20,5,10,10,10,30,7.5,7
20,5,10,10,10,30,7.5,8
20,5,10,10,10,30,7.5,9
20,5,10,10,10,30,7.5,10
20,5,10,10,10,30,7.5,11
20,5,10,10,10,30,7.5,12
20,5,10,10,10,30,7.5,13
20,5,10,10,10,30,7.5,14
20,5,10,10,10,30,7.5,15
20,5,10,10,10,30,7.5,16
20,5,10,10,10,30,7.5,17
20,5,10,10,10,30,7.5,18
20,5,10,10,10,30,7.5,19
20,5,10,10,10,30,7.5,20
20,5,10,10,10,30,8,1
20,5,10,10,10,30,8,2
20,5,10,10,10,30,8,3
20,5,10,10,10,30,8,4
20,5,10,10,10,30,8,5
20,5,10,10,10,30,8,6
20,5,10,10,10,30,8,7
20,5,10,10,10,30,8,8
20,5,10,10,10,30,8,9
20,5,10,10,10,30,8,10
20,5,10,10,10,30,8,11
20,5,10,10,10,30,8,12
20,5,10,10,10,30,8,13
20,5,10,10,10,30,8,14
20,5,10,10,10,30,8,15
20,5,10,10,10,30,8,16
20,5,10,10,10,30,8,17
20,5,10,10,10,30,8,18
20,5,10,10,10,30,8,19
20,5,10,10,10,30,8,20
20,5,10,10,10,30,8.5,1
20,5,10,10,10,30,8.5,2
20,5,10,10,10,30,8.5,3
20,5,10,10,10,30,8.5,4
20,5,10,10,10,30,8.5,5
20,5,10,10,10,30,8.5,6
20,5,10,10,10,30,8.5,7
20,5,10,10,10,30,8.5,8
20,5,10,10,10,30,8.5,9
20,5,10,10,10,30,8.5,10
20,5,10,10,10,30,8.5,11
20,5,10,10,10,30,8.5,12
20,5,10,10,10,30,8.5,13
20,5,10,10,10,30,8.5,14
20,5,10,10,10,30,8.5,15
20,5,10,10,10,30,8.5,16
20,5,10,10,10,30,8.5,17
20,5,10,10,10,30,8.5,18
20,5,10,10,10,30,8.5,19
20,5,10,10,10,30,8.5,20
20,5,10,10,10,30,9,1
20,5,10,10,10,30,9,2
20,5,10,10,10,30,9,3
20,5,10,10,10,30,9,4
20,5,10,10,10,30,9,5
20,5,10,10,10,30,9,6
20,5,10,10,10,30,9,7
20,5,10,10,10,30,9,8
20,5,10,10,10,30,9,9
20,5,10,10,10,30,9,10
20,5,10,10,10,30,9,11
20,5,10,10,10,30,9,12
20,5,10,10,10,30,9,13
20,5,10,10,10,30,9,14
20,5,10,10,10,30,9,15
20,5,10,10,10,30,9,16
20,5,10,10,10,30,9,17
20,5,10,10,10,30,9,18
20,5,10,10,10,30,9,19
20,5,10,10,10,30,9,20
20,5,10,10,10,30,9.5,1
20,5,10,10,10,30,9.5,2
20,5,10,10,10,30,9.5,3
20,5,10,10,10,30,9.5,4
20,5,10,10,10,30,9.5,5
20,5,10,10,10,30,9.5,6
20,5,10,10,10,30,9.5,7
20,5,10,10,10,30,9.5,8
20,5,10,10,10,30,9.5,9
20,5,10,10,10,30,9.5,10
20,5,10,10,10,30,9.5,11
20,5,10,10,10,30,9.5,12
20,5,10,10,10,30,9.5,13
20,5,10,10,10,30,9.5,14
20,5,10,10,10,30,9.5,15
20,5,10,10,10,30,9.5,16
20,5,10,10,10,30,9.5,17
20,5,10,10,10,30,9.5,18
20,5,10,10,10,30,9.5,19
20,5,10,10,10,30,9.5,20
20,5,10,10,10,30,10,1
20,5,10,10,10,30,10,2
20,5,10,10,10,30,10,3
20,5,10,10,10,30,10,4
20,5,10,10,10,30,10,5
20,5,10,10,10,30,10,6
20,5,10,10,10,30,10,7
20,5,10,10,10,30,10,8
20,5,10,10,10,30,10,9
20,5,10,10,10,30,10,10
20,5,10,10,10,30,10,11
20,5,10,10,10,30,10,12
20,5,10,10,10,30,10,13
20,5,10,10,10,30,10,14
20,5,10,10,10,30,10,15
20,5,10,10,10,30,10,16
20,5,10,10,10,30,10,17
20,5,10,10,10,30,10,18
20,5,10,10,10,30,10,19
20,5,10,10,10,30,10,20
20,5,10,10,10,32,5.5,1
20,5,10,10,10,32,5.5,2
20,5,10,10,10,32,5.5,3
20,5,10,10,10,32,5.5,4
20,5,10,10,10,32,5.5,5
20,5,10,10,10,32,5.5,6
20,5,10,10,10,32,5.5,7
20,5,10,10,10,32,5.5,8
20,5,10,10,10,32,5.5,9
20,5,10,10,10,32,5.5,10
20,5,10,10,10,32,5.5,11
20,5,10,10,10,32,5.5,12
20,5,10,10,10,32,5.5,13
20,5,10,10,10,32,5.5,14
20,5,10,10,10,32,5.5,15
20,5,10,10,10,32,5.5,16
20,5,10,10,10,32,5.5,17
20,5,10,10,10,32,5.5,18
20,5,10,10,10,32,5.5,19
20,5,10,10,10,32,5.5,20
20,5,10,10,10,32,6,1
20,5,10,10,10,32,6,2
20,5,10,10,10,32,6,3
20,5,10,10,10,32,6,4
20,5,10,10,10,32,6,5
20,5,10,10,10,32,6,6
20,5,10,10,10,32,6,7
20,5,10,10,10,32,6,8
20,5,10,10,10,32,6,9
20,5,10,10,10,32,6,10
20,5,10,10,10,32,6,11
20,5,10,10,10,32,6,12
20,5,10,10,10,32,6,13
20,5,10,10,10,32,6,14
20,5,10,10,10,32,6,15
20,5,10,10,10,32,6,16
20,5,10,10,10,32,6,17
20,5,10,10,10,32,6,18
20,5,10,10,10,32,6,19
20,5,10,10,10,32,6,20
20,5,10,10,10,32,6.5,1
20,5,10,10,10,32,6.5,2
20,5,10,10,10,32,6.5,3
20,5,10,10,10,32,6.5,4
20,5,10,10,10,32,6.5,5
20,5,10,10,10,32,6.5,6
20,5,10,10,10,32,6.5,7
20,5,10,10,10,32,6.5,8
20,5,10,10,10,32,6.5,9
20,5,10,10,10,32,6.5,10
20,5,10,10,10,32,6.5,11
20,5,10,10,10,32,6.5,12
20,5,10,10,10,32,6.5,13
20,5,10,10,10,32,6.5,14
20,5,10,10,10,32,6.5,15
20,5,10,10,10,32,6.5,16
20,5,10,10,10,32,6.5,17
20,5,10,10,10,32,6.5,18
20,5,10,10,10,32,6.5,19
20,5,10,10,10,32,6.5,20
20,5,10,10,10,32,7,1
20,5,10,10,10,32,7,2
20,5,10,10,10,32,7,3
20,5,10,10,10,32,7,4
20,5,10,10,10,32,7,5
20,5,10,10,10,32,7,6
20,5,10,10,10,32,7,7
20,5,10,10,10,32,7,8
20,5,10,10,10,32,7,9
20,5,10,10,10,32,7,10
20,5,10,10,10,32,7,11
20,5,10,10,10,32,7,12
20,5,10,10,10,32,7,13
20,5,10,10,10,32,7,14
20,5,10,10,10,32,7,15
20,5,10,10,10,32,7,16
20,5,10,10,10,32,7,17
20,5,10,10,10,32,7,18
20,5,10,10,10,32,7,19
20,5,10,10,10,32,7,20
20,5,10,10,10,32,7.5,1
20,5,10,10,10,32,7.5,2
20,5,10,10,10,32,7.5,3
20,5,10,10,10,32,7.5,4
20,5,10,10,10,32,7.5,5
20,5,10,10,10,32,7.5,6
20,5,10,10,10,32,7.5,7
20,5,10,10,10,32,7.5,8
20,5,10,10,10,32,7.5,9
20,5,10,10,10,32,7.5,10
20,5,10,10,10,32,7.5,11
20,5,10,10,10,32,7.5,12
20,5,10,10,10,32,7.5,13
20,5,10,10,10,32,7.5,14
20,5,10,10,10,32,7.5,15
20,5,10,10,10,32,7.5,16
20,5,10,10,10,32,7.5,17
20,5,10,10,10,32,7.5,18
20,5,10,10,10,32,7.5,19
20,5,10,10,10,32,7.5,20
20,5,10,10,10,32,8,1
20,5,10,10,10,32,8,2
20,5,10,10,10,32,8,3
20,5,10,10,10,32,8,4
20,5,10,10,10,32,8,5
20,5,10,10,10,32,8,6
20,5,10,10,10,32,8,7
20,5,10,10,10,32,8,8
20,5,10,10,10,32,8,9
20,5,10,10,10,32,8,10
20,5,10,10,10,32,8,11
20,5,10,10,10,32,8,12
20,5,10,10,10,32,8,13
20,5,10,10,10,32,8,14
20,5,10,10,10,32,8,15
20,5,10,10,10,32,8,16
20,5,10,10,10,32,8,17
20,5,10,10,10,32,8,18
20,5,10,10,10,32,8,19
20,5,10,10,10,32,8,20
20,5,10,10,10,32,8.5,1
20,5,10,10,10,32,8.5,2
20,5,10,10,10,32,8.5,3
20,5,10,10,10,32,8.5,4
20,5,10,10,10,32,8.5,5
20,5,10,10,10,32,8.5,6
20,5,10,10,10,32,8.5,7
20,5,10,10,10,32,8.5,8
20,5,10,10,10,32,8.5,9
20,5,10,10,10,32,8.5,10
20,5,10,10,10,32,8.5,11
20,5,10,10,10,32,8.5,12
20,5,10,10,10,32,8.5,13
20,5,10,10,10,32,8.5,14
20,5,10,10,10,32,8.5,15
20,5,10,10,10,32,8.5,16
20,5,10,10,10,32,8.5,17
20,5,10,10,10,32,8.5,18
20,5,10,10,10,32,8.5,19
20,5,10,10,10,32,8.5,20
20,5,10,10,10,32,9,1
20,5,10,10,10,32,9,2
20,5,10,10,10,32,9,3
20,5,10,10,10,32,9,4
20,5,10,10,10,32,9,5
20,5,10,10,10,32,9,6
20,5,10,10,10,32,9,7
20,5,10,10,10,32,9,8
20,5,10,10,10,32,9,9
20,5,10,10,10,32,9,10
20,5,10,10,10,32,9,11
20,5,10,10,10,32,9,12
20,5,10,10,10,32,9,13
20,5,10,10,10,32,9,14
20,5,10,10,10,32,9,15
20,5,10,10,10,32,9,16
20,5,10,10,10,32,9,17
20,5,10,10,10,32,9,18
20,5,10,10,10,32,9,19
20,5,10,10,10,32,9,20
20,5,10,10,10,32,9.5,1
20,5,10,10,10,32,9.5,2
20,5,10,10,10,32,9.5,3
20,5,10,10,10,32,9.5,4
20,5,10,10,10,32,9.5,5
20,5,10,10,10,32,9.5,6
20,5,10,10,10,32,9.5,7
20,5,10,10,10,32,9.5,8
20,5,10,10,10,32,9.5,9
20,5,10,10,10,32,9.5,10
20,5,10,10,10,32,9.5,11
20,5,10,10,10,32,9.5,12
20,5,10,10,10,32,9.5,13
20,5,10,10,10,32,9.5,14
20,5,10,10,10,32,9.5,15
20,5,10,10,10,32,9.5,16
20,5,10,10,10,32,9.5,17
20,5,10,10,10,32,9.5,18
20,5,10,10,10,32,9.5,19
20,5,10,10,10,32,9.5,20
20,5,10,10,10,32,10,1
20,5,10,10,10,32,10,2
20,5,10,10,10,32,10,3
20,5,10,10,10,32,10,4
20,5,10,10,10,32,10,5
20,5,10,10,10,32,10,6
20,5,10,10,10,32,10,7
20,5,10,10,10,32,10,8
20,5,10,10,10,32,10,9
20,5,10,10,10,32,10,10
20,5,10,10,10,32,10,11
20,5,10,10,10,32,10,12
20,5,10,10,10,32,10,13
20,5,10,10,10,32,10,14
20,5,10,10,10,32,10,15
20,5,10,10,10,32,10,16
20,5,10,10,10,32,10,17
20,5,10,10,10,32,10,18
20,5,10,10,10,32,10,19
20,5,10,10,10,32,10,20
20,5,10,10,10,34,5.5,1
20,5,10,10,10,34,5.5,2
20,5,10,10,10,34,5.5,3
20,5,10,10,10,34,5.5,4
20,5,10,10,10,34,5.5,5
20,5,10,10,10,34,5.5,6
20,5,10,10,10,34,5.5,7
20,5,10,10,10,34,5.5,8
20,5,10,10,10,34,5.5,9
20,5,10,10,10,34,5.5,10
20,5,10,10,10,34,5.5,11
20,5,10,10,10,34,5.5,12
20,5,10,10,10,34,5.5,13
20,5,10,10,10,34,5.5,14
20,5,10,10,10,34,5.5,15
20,5,10,10,10,34,5.5,16
20,5,10,10,10,34,5.5,17
20,5,10,10,10,34,5.5,18
20,5,10,10,10,34,5.5,19
20,5,10,10,10,34,5.5,20
20,5,10,10,10,34,6,1
20,5,10,10,10,34,6,2
20,5,10,10,10,34,6,3
20,5,10,10,10,34,6,4
20,5,10,10,10,34,6,5
20,5,10,10,10,34,6,6
20,5,10,10,10,34,6,7
20,5,10,10,10,34,6,8
20,5,10,10,10,34,6,9
20,5,10,10,10,34,6,10
20,5,10,10,10,34,6,11
20,5,10,10,10,34,6,12
20,5,10,10,10,34,6,13
20,5,10,10,10,34,6,14
20,5,10,10,10,34,6,15
20,5,10,10,10,34,6,16
20,5,10,10,10,34,6,17
20,5,10,10,10,34,6,18
20,5,10,10,10,34,6,19
20,5,10,10,10,34,6,20
20,5,10,10,10,34,6.5,1
20,5,10,10,10,34,6.5,2
20,5,10,10,10,34,6.5,3
20,5,10,10,10,34,6.5,4
20,5,10,10,10,34,6.5,5
20,5,10,10,10,34,6.5,6
20,5,10,10,10,34,6.5,7
20,5,10,10,10,34,6.5,8
20,5,10,10,10,34,6.5,9
20,5,10,10,10,34,6.5,10
20,5,10,10,10,34,6.5,11
20,5,10,10,10,34,6.5,12
20,5,10,10,10,34,6.5,13
20,5,10,10,10,34,6.5,14
20,5,10,10,10,34,6.5,15
20,5,10,10,10,34,6.5,16
20,5,10,10,10,34,6.5,17
20,5,10,10,10,34,6.5,18
20,5,10,10,10,34,6.5,19
20,5,10,10,10,34,6.5,20
20,5,10,10,10,34,7,1
20,5,10,10,10,34,7,2
20,5,10,10,10,34,7,3
20,5,10,10,10,34,7,4
20,5,10,10,10,34,7,5
20,5,10,10,10,34,7,6
20,5,10,10,10,34,7,7
20,5,10,10,10,34,7,8
20,5,10,10,10,34,7,9
20,5,10,10,10,34,7,10
20,5,10,10,10,34,7,11
20,5,10,10,10,34,7,12
20,5,10,10,10,34,7,13
20,5,10,10,10,34,7,14
20,5,10,10,10,34,7,15
20,5,10,10,10,34,7,16
20,5,10,10,10,34,7,17
20,5,10,10,10,34,7,18
20,5,10,10,10,34,7,19
20,5,10,10,10,34,7,20
20,5,10,10,10,34,7.5,1
20,5,10,10,10,34,7.5,2
20,5,10,10,10,34,7.5,3
20,5,10,10,10,34,7.5,4
20,5,10,10,10,34,7.5,5
20,5,10,10,10,34,7.5,6
20,5,10,10,10,34,7.5,7
20,5,10,10,10,34,7.5,8
20,5,10,10,10,34,7.5,9
20,5,10,10,10,34,7.5,10
20,5,10,10,10,34,7.5,11
20,5,10,10,10,34,7.5,12
20,5,10,10,10,34,7.5,13
20,5,10,10,10,34,7.5,14
20,5,10,10,10,34,7.5,15
20,5,10,10,10,34,7.5,16
20,5,10,10,10,34,7.5,17
20,5,10,10,10,34,7.5,18
20,5,10,10,10,34,7.5,19
20,5,10,10,10,34,7.5,20
20,5,10,10,10,34,8,1
20,5,10,10,10,34,8,2
20,5,10,10,10,34,8,3
20,5,10,10,10,34,8,4
20,5,10,10,10,34,8,5
20,5,10,10,10,34,8,6
20,5,10,10,10,34,8,7
20,5,10,10,10,34,8,8
20,5,10,10,10,34,8,9
20,5,10,10,10,34,8,10
20,5,10,10,10,34,8,11
20,5,10,10,10,34,8,12
20,5,10,10,10,34,8,13
20,5,10,10,10,34,8,14
20,5,10,10,10,34,8,15
20,5,10,10,10,34,8,16
20,5,10,10,10,34,8,17
20,5,10,10,10,34,8,18
20,5,10,10,10,34,8,19
20,5,10,10,10,34,8,20
20,5,10,10,10,34,8.5,1
20,5,10,10,10,34,8.5,2
20,5,10,10,10,34,8.5,3
20,5,10,10,10,34,8.5,4
20,5,10,10,10,34,8.5,5
20,5,10,10,10,34,8.5,6
20,5,10,10,10,34,8.5,7
20,5,10,10,10,34,8.5,8
20,5,10,10,10,34,8.5,9
20,5,10,10,10,34,8.5,10
20,5,10,10,10,34,8.5,11
20,5,10,10,10,34,8.5,12
20,5,10,10,10,34,8.5,13
20,5,10,10,10,34,8.5,14
20,5,10,10,10,34,8.5,15
20,5,10,10,10,34,8.5,16
20,5,10,10,10,34,8.5,17
20,5,10,10,10,34,8.5,18
20,5,10,10,10,34,8.5,19
20,5,10,10,10,34,8.5,20
20,5,10,10,10,34,9,1
20,5,10,10,10,34,9,2
20,5,10,10,10,34,9,3
20,5,10,10,10,34,9,4
20,5,10,10,10,34,9,5
20,5,10,10,10,34,9,6
20,5,10,10,10,34,9,7
20,5,10,10,10,34,9,8
20,5,10,10,10,34,9,9
20,5,10,10,10,34,9,10
20,5,10,10,10,34,9,11
20,5,10,10,10,34,9,12
20,5,10,10,10,34,9,13
20,5,10,10,10,34,9,14
20,5,10,10,10,34,9,15
20,5,10,10,10,34,9,16
20,5,10,10,10,34,9,17
20,5,10,10,10,34,9,18
20,5,10,10,10,34,9,19
20,5,10,10,10,34,9,20
20,5,10,10,10,34,9.5,1
20,5,10,10,10,34,9.5,2
20,5,10,10,10,34,9.5,3
20,5,10,10,10,34,9.5,4
20,5,10,10,10,34,9.5,5
20,5,10,10,10,34,9.5,6
20,5,10,10,10,34,9.5,7
20,5,10,10,10,34,9.5,8
20,5,10,10,10,34,9.5,9
20,5,10,10,10,34,9.5,10
20,5,10,10,10,34,9.5,11
20,5,10,10,10,34,9.5,12
20,5,10,10,10,34,9.5,13
20,5,10,10,10,34,9.5,14
20,5,10,10,10,34,9.5,15
20,5,10,10,10,34,9.5,16
20,5,10,10,10,34,9.5,17
20,5,10,10,10,34,9.5,18
20,5,10,10,10,34,9.5,19
20,5,10,10,10,34,9.5,20
20,5,10,10,10,34,10,1
20,5,10,10,10,34,10,2
20,5,10,10,10,34,10,3
20,5,10,10,10,34,10,4
20,5,10,10,10,34,10,5
20,5,10,10,10,34,10,6
20,5,10,10,10,34,10,7
20,5,10,10,10,34,10,8
20,5,10,10,10,34,10,9
20,5,10,10,10,34,10,10
20,5,10,10,10,34,10,11
20,5,10,10,10,34,10,12
20,5,10,10,10,34,10,13
20,5,10,10,10,34,10,14
20,5,10,10,10,34,10,15
20,5,10,10,10,34,10,16
20,5,10,10,10,34,10,17
20,5,10,10,10,34,10,18
20,5,10,10,10,34,10,19
20,5,10,10,10,34,10,20
20,5,10,10,10,36,5.5,1
20,5,10,10,10,36,5.5,2
20,5,10,10,10,36,5.5,3
20,5,10,10,10,36,5.5,4
20,5,10,10,10,36,5.5,5
20,5,10,10,10,36,5.5,6
20,5,10,10,10,36,5.5,7
20,5,10,10,10,36,5.5,8
20,5,10,10,10,36,5.5,9
20,5,10,10,10,36,5.5,10
20,5,10,10,10,36,5.5,11
20,5,10,10,10,36,5.5,12
20,5,10,10,10,36,5.5,13
20,5,10,10,10,36,5.5,14
20,5,10,10,10,36,5.5,15
20,5,10,10,10,36,5.5,16
20,5,10,10,10,36,5.5,17
20,5,10,10,10,36,5.5,18
20,5,10,10,10,36,5.5,19
20,5,10,10,10,36,5.5,20
20,5,10,10,10,36,6,1
20,5,10,10,10,36,6,2
20,5,10,10,10,36,6,3
20,5,10,10,10,36,6,4
20,5,10,10,10,36,6,5
20,5,10,10,10,36,6,6
20,5,10,10,10,36,6,7
20,5,10,10,10,36,6,8
20,5,10,10,10,36,6,9
20,5,10,10,10,36,6,10
20,5,10,10,10,36,6,11
20,5,10,10,10,36,6,12
20,5,10,10,10,36,6,13
20,5,10,10,10,36,6,14
20,5,10,10,10,36,6,15
20,5,10,10,10,36,6,16
20,5,10,10,10,36,6,17
20,5,10,10,10,36,6,18
20,5,10,10,10,36,6,19
20,5,10,10,10,36,6,20
20,5,10,10,10,36,6.5,1
20,5,10,10,10,36,6.5,2
20,5,10,10,10,36,6.5,3
20,5,10,10,10,36,6.5,4
20,5,10,10,10,36,6.5,5
20,5,10,10,10,36,6.5,6
20,5,10,10,10,36,6.5,7
20,5,10,10,10,36,6.5,8
20,5,10,10,10,36,6.5,9
20,5,10,10,10,36,6.5,10
20,5,10,10,10,36,6.5,11
20,5,10,10,10,36,6.5,12
20,5,10,10,10,36,6.5,13
20,5,10,10,10,36,6.5,14
20,5,10,10,10,36,6.5,15
20,5,10,10,10,36,6.5,16
20,5,10,10,10,36,6.5,17
20,5,10,10,10,36,6.5,18
20,5,10,10,10,36,6.5,19
20,5,10,10,10,36,6.5,20
20,5,10,10,10,36,7,1
20,5,10,10,10,36,7,2
20,5,10,10,10,36,7,3
20,5,10,10,10,36,7,4
20,5,10,10,10,36,7,5
20,5,10,10,10,36,7,6
20,5,10,10,10,36,7,7
20,5,10,10,10,36,7,8
20,5,10,10,10,36,7,9
20,5,10,10,10,36,7,10
20,5,10,10,10,36,7,11
20,5,10,10,10,36,7,12
20,5,10,10,10,36,7,13
20,5,10,10,10,36,7,14
20,5,10,10,10,36,7,15
20,5,10,10,10,36,7,16
20,5,10,10,10,36,7,17
20,5,10,10,10,36,7,18
20,5,10,10,10,36,7,19
20,5,10,10,10,36,7,20
20,5,10,10,10,36,7.5,1
20,5,10,10,10,36,7.5,2
20,5,10,10,10,36,7.5,3
20,5,10,10,10,36,7.5,4
20,5,10,10,10,36,7.5,5
20,5,10,10,10,36,7.5,6
20,5,10,10,10,36,7.5,7
20,5,10,10,10,36,7.5,8
20,5,10,10,10,36,7.5,9
20,5,10,10,10,36,7.5,10
20,5,10,10,10,36,7.5,11
20,5,10,10,10,36,7.5,12
20,5,10,10,10,36,7.5,13
20,5,10,10,10,36,7.5,14
20,5,10,10,10,36,7.5,15
20,5,10,10,10,36,7.5,16
20,5,10,10,10,36,7.5,17
20,5,10,10,10,36,7.5,18
20,5,10,10,10,36,7.5,19
20,5,10,10,10,36,7.5,20
20,5,10,10,10,36,8,1
20,5,10,10,10,36,8,2
20,5,10,10,10,36,8,3
20,5,10,10,10,36,8,4
20,5,10,10,10,36,8,5
20,5,10,10,10,36,8,6
20,5,10,10,10,36,8,7
20,5,10,10,10,36,8,8
20,5,10,10,10,36,8,9
20,5,10,10,10,36,8,10
20,5,10,10,10,36,8,11
20,5,10,10,10,36,8,12
20,5,10,10,10,36,8,13
20,5,10,10,10,36,8,14
20,5,10,10,10,36,8,15
20,5,10,10,10,36,8,16
20,5,10,10,10,36,8,17
20,5,10,10,10,36,8,18
20,5,10,10,10,36,8,19
20,5,10,10,10,36,8,20
20,5,10,10,10,36,8.5,1
20,5,10,10,10,36,8.5,2
20,5,10,10,10,36,8.5,3
20,5,10,10,10,36,8.5,4
20,5,10,10,10,36,8.5,5
20,5,10,10,10,36,8.5,6
20,5,10,10,10,36,8.5,7
20,5,10,10,10,36,8.5,8
20,5,10,10,10,36,8.5,9
20,5,10,10,10,36,8.5,10
20,5,10,10,10,36,8.5,11
20,5,10,10,10,36,8.5,12
20,5,10,10,10,36,8.5,13
20,5,10,10,10,36,8.5,14
20,5,10,10,10,36,8.5,15
20,5,10,10,10,36,8.5,16
20,5,10,10,10,36,8.5,17
20,5,10,10,10,36,8.5,18
20,5,10,10,10,36,8.5,19
20,5,10,10,10,36,8.5,20
20,5,10,10,10,36,9,1
20,5,10,10,10,36,9,2
20,5,10,10,10,36,9,3
20,5,10,10,10,36,9,4
20,5,10,10,10,36,9,5
20,5,10,10,10,36,9,6
20,5,10,10,10,36,9,7
20,5,10,10,10,36,9,8
20,5,10,10,10,36,9,9
20,5,10,10,10,36,9,10
20,5,10,10,10,36,9,11
20,5,10,10,10,36,9,12
20,5,10,10,10,36,9,13
20,5,10,10,10,36,9,14
20,5,10,10,10,36,9,15
20,5,10,10,10,36,9,16
20,5,10,10,10,36,9,17
20,5,10,10,10,36,9,18
20,5,10,10,10,36,9,19
20,5,10,10,10,36,9,20
20,5,10,10,10,36,9.5,1
20,5,10,10,10,36,9.5,2
20,5,10,10,10,36,9.5,3
20,5,10,10,10,36,9.5,4
20,5,10,10,10,36,9.5,5
20,5,10,10,10,36,9.5,6
20,5,10,10,10,36,9.5,7
20,5,10,10,10,36,9.5,8
20,5,10,10,10,36,9.5,9
20,5,10,10,10,36,9.5,10
20,5,10,10,10,36,9.5,11
20,5,10,10,10,36,9.5,12
20,5,10,10,10,36,9.5,13
20,5,10,10,10,36,9.5,14
20,5,10,10,10,36,9.5,15
20,5,10,10,10,36,9.5,16
20,5,10,10,10,36,9.5,17
20,5,10,10,10,36,9.5,18
20,5,10,10,10,36,9.5,19
20,5,10,10,10,36,9.5,20
20,5,10,10,10,36,10,1
20,5,10,10,10,36,10,2
20,5,10,10,10,36,10,3
20,5,10,10,10,36,10,4
20,5,10,10,10,36,10,5
20,5,10,10,10,36,10,6
20,5,10,10,10,36,10,7
20,5,10,10,10,36,10,8
20,5,10,10,10,36,10,9
20,5,10,10,10,36,10,10
20,5,10,10,10,36,10,11
20,5,10,10,10,36,10,12
20,5,10,10,10,36,10,13
20,5,10,10,10,36,10,14
20,5,10,10,10,36,10,15
20,5,10,10,10,36,10,16
20,5,10,10,10,36,10,17
20,5,10,10,10,36,10,18
20,5,10,10,10,36,10,19
20,5,10,10,10,36,10,20
20,5,10,10,10,38,5.5,1
20,5,10,10,10,38,5.5,2
20,5,10,10,10,38,5.5,3
20,5,10,10,10,38,5.5,4
20,5,10,10,10,38,5.5,5
20,5,10,10,10,38,5.5,6
20,5,10,10,10,38,5.5,7
20,5,10,10,10,38,5.5,8
20,5,10,10,10,38,5.5,9
20,5,10,10,10,38,5.5,10
20,5,10,10,10,38,5.5,11
20,5,10,10,10,38,5.5,12
20,5,10,10,10,38,5.5,13
20,5,10,10,10,38,5.5,14
20,5,10,10,10,38,5.5,15
20,5,10,10,10,38,5.5,16
20,5,10,10,10,38,5.5,17
20,5,10,10,10,38,5.5,18
20,5,10,10,10,38,5.5,19
20,5,10,10,10,38,5.5,20
20,5,10,10,10,38,6,1
20,5,10,10,10,38,6,2
20,5,10,10,10,38,6,3
20,5,10,10,10,38,6,4
20,5,10,10,10,38,6,5
20,5,10,10,10,38,6,6
20,5,10,10,10,38,6,7
20,5,10,10,10,38,6,8
20,5,10,10,10,38,6,9
20,5,10,10,10,38,6,10
20,5,10,10,10,38,6,11
20,5,10,10,10,38,6,12
20,5,10,10,10,38,6,13
20,5,10,10,10,38,6,14
20,5,10,10,10,38,6,15
20,5,10,10,10,38,6,16
20,5,10,10,10,38,6,17
20,5,10,10,10,38,6,18
20,5,10,10,10,38,6,19
20,5,10,10,10,38,6,20
20,5,10,10,10,38,6.5,1
20,5,10,10,10,38,6.5,2
20,5,10,10,10,38,6.5,3
20,5,10,10,10,38,6.5,4
20,5,10,10,10,38,6.5,5
20,5,10,10,10,38,6.5,6
20,5,10,10,10,38,6.5,7
20,5,10,10,10,38,6.5,8
20,5,10,10,10,38,6.5,9
20,5,10,10,10,38,6.5,10
20,5,10,10,10,38,6.5,11
20,5,10,10,10,38,6.5,12
20,5,10,10,10,38,6.5,13
20,5,10,10,10,38,6.5,14
20,5,10,10,10,38,6.5,15
20,5,10,10,10,38,6.5,16
20,5,10,10,10,38,6.5,17
20,5,10,10,10,38,6.5,18
20,5,10,10,10,38,6.5,19
20,5,10,10,10,38,6.5,20
20,5,10,10,10,38,7,1
20,5,10,10,10,38,7,2
20,5,10,10,10,38,7,3
20,5,10,10,10,38,7,4
20,5,10,10,10,38,7,5
20,5,10,10,10,38,7,6
20,5,10,10,10,38,7,7
20,5,10,10,10,38,7,8
20,5,10,10,10,38,7,9
20,5,10,10,10,38,7,10
20,5,10,10,10,38,7,11
20,5,10,10,10,38,7,12
20,5,10,10,10,38,7,13
20,5,10,10,10,38,7,14
20,5,10,10,10,38,7,15
20,5,10,10,10,38,7,16
20,5,10,10,10,38,7,17
20,5,10,10,10,38,7,18
20,5,10,10,10,38,7,19
20,5,10,10,10,38,7,20
20,5,10,10,10,38,7.5,1
20,5,10,10,10,38,7.5,2
20,5,10,10,10,38,7.5,3
20,5,10,10,10,38,7.5,4
20,5,10,10,10,38,7.5,5
20,5,10,10,10,38,7.5,6
20,5,10,10,10,38,7.5,7
20,5,10,10,10,38,7.5,8
20,5,10,10,10,38,7.5,9
20,5,10,10,10,38,7.5,10
20,5,10,10,10,38,7.5,11
20,5,10,10,10,38,7.5,12
20,5,10,10,10,38,7.5,13
20,5,10,10,10,38,7.5,14
20,5,10,10,10,38,7.5,15
20,5,10,10,10,38,7.5,16
20,5,10,10,10,38,7.5,17
20,5,10,10,10,38,7.5,18
20,5,10,10,10,38,7.5,19
20,5,10,10,10,38,7.5,20
20,5,10,10,10,38,8,1
20,5,10,10,10,38,8,2
20,5,10,10,10,38,8,3
20,5,10,10,10,38,8,4
20,5,10,10,10,38,8,5
20,5,10,10,10,38,8,6
20,5,10,10,10,38,8,7
20,5,10,10,10,38,8,8
20,5,10,10,10,38,8,9
20,5,10,10,10,38,8,10
20,5,10,10,10,38,8,11
20,5,10,10,10,38,8,12
20,5,10,10,10,38,8,13
20,5,10,10,10,38,8,14
20,5,10,10,10,38,8,15
20,5,10,10,10,38,8,16
20,5,10,10,10,38,8,17
20,5,10,10,10,38,8,18
20,5,10,10,10,38,8,19
20,5,10,10,10,38,8,20
20,5,10,10,10,38,8.5,1
20,5,10,10,10,38,8.5,2
20,5,10,10,10,38,8.5,3
20,5,10,10,10,38,8.5,4
20,5,10,10,10,38,8.5,5
20,5,10,10,10,38,8.5,6
20,5,10,10,10,38,8.5,7
20,5,10,10,10,38,8.5,8
20,5,10,10,10,38,8.5,9
20,5,10,10,10,38,8.5,10
20,5,10,10,10,38,8.5,11
20,5,10,10,10,38,8.5,12
20,5,10,10,10,38,8.5,13
20,5,10,10,10,38,8.5,14
20,5,10,10,10,38,8.5,15
20,5,10,10,10,38,8.5,16
20,5,10,10,10,38,8.5,17
20,5,10,10,10,38,8.5,18
20,5,10,10,10,38,8.5,19
20,5,10,10,10,38,8.5,20
20,5,10,10,10,38,9,1
20,5,10,10,10,38,9,2
20,5,10,10,10,38,9,3
20,5,10,10,10,38,9,4
20,5,10,10,10,38,9,5
20,5,10,10,10,38,9,6
20,5,10,10,10,38,9,7
20,5,10,10,10,38,9,8
20,5,10,10,10,38,9,9
20,5,10,10,10,38,9,10
20,5,10,10,10,38,9,11
20,5,10,10,10,38,9,12
20,5,10,10,10,38,9,13
20,5,10,10,10,38,9,14
20,5,10,10,10,38,9,15
20,5,10,10,10,38,9,16
20,5,10,10,10,38,9,17
20,5,10,10,10,38,9,18
20,5,10,10,10,38,9,19
20,5,10,10,10,38,9,20
20,5,10,10,10,38,9.5,1
20,5,10,10,10,38,9.5,2
20,5,10,10,10,38,9.5,3
20,5,10,10,10,38,9.5,4
20,5,10,10,10,38,9.5,5
20,5,10,10,10,38,9.5,6
20,5,10,10,10,38,9.5,7
20,5,10,10,10,38,9.5,8
20,5,10,10,10,38,9.5,9
20,5,10,10,10,38,9.5,10
20,5,10,10,10,38,9.5,11
20,5,10,10,10,38,9.5,12
20,5,10,10,10,38,9.5,13
20,5,10,10,10,38,9.5,14
20,5,10,10,10,38,9.5,15
20,5,10,10,10,38,9.5,16
20,5,10,10,10,38,9.5,17
20,5,10,10,10,38,9.5,18
20,5,10,10,10,38,9.5,19
20,5,10,10,10,38,9.5,20
20,5,10,10,10,38,10,1
20,5,10,10,10,38,10,2
20,5,10,10,10,38,10,3
20,5,10,10,10,38,10,4
20,5,10,10,10,38,10,5
20,5,10,10,10,38,10,6
20,5,10,10,10,38,10,7
20,5,10,10,10,38,10,8
20,5,10,10,10,38,10,9
20,5,10,10,10,38,10,10
20,5,10,10,10,38,10,11
20,5,10,10,10,38,10,12
20,5,10,10,10,38,10,13
20,5,10,10,10,38,10,14
20,5,10,10,10,38,10,15
20,5,10,10,10,38,10,16
20,5,10,10,10,38,10,17
20,5,10,10,10,38,10,18
20,5,10,10,10,38,10,19
20,5,10,10,10,38,10,20
20,5,10,10,10,40,5.5,1
20,5,10,10,10,40,5.5,2
20,5,10,10,10,40,5.5,3
20,5,10,10,10,40,5.5,4
20,5,10,10,10,40,5.5,5
20,5,10,10,10,40,5.5,6
20,5,10,10,10,40,5.5,7
20,5,10,10,10,40,5.5,8
20,5,10,10,10,40,5.5,9
20,5,10,10,10,40,5.5,10
20,5,10,10,10,40,5.5,11
20,5,10,10,10,40,5.5,12
20,5,10,10,10,40,5.5,13
20,5,10,10,10,40,5.5,14
20,5,10,10,10,40,5.5,15
20,5,10,10,10,40,5.5,16
20,5,10,10,10,40,5.5,17
20,5,10,10,10,40,5.5,18
20,5,10,10,10,40,5.5,19
20,5,10,10,10,40,5.5,20
20,5,10,10,10,40,6,1
20,5,10,10,10,40,6,2
20,5,10,10,10,40,6,3
20,5,10,10,10,40,6,4
20,5,10,10,10,40,6,5
20,5,10,10,10,40,6,6
20,5,10,10,10,40,6,7
20,5,10,10,10,40,6,8
20,5,10,10,10,40,6,9
20,5,10,10,10,40,6,10
20,5,10,10,10,40,6,11
20,5,10,10,10,40,6,12
20,5,10,10,10,40,6,13
20,5,10,10,10,40,6,14
20,5,10,10,10,40,6,15
20,5,10,10,10,40,6,16
20,5,10,10,10,40,6,17
20,5,10,10,10,40,6,18
20,5,10,10,10,40,6,19
20,5,10,10,10,40,6,20
20,5,10,10,10,40,6.5,1
20,5,10,10,10,40,6.5,2
20,5,10,10,10,40,6.5,3
20,5,10,10,10,40,6.5,4
20,5,10,10,10,40,6.5,5
20,5,10,10,10,40,6.5,6
20,5,10,10,10,40,6.5,7
20,5,10,10,10,40,6.5,8
20,5,10,10,10,40,6.5,9
20,5,10,10,10,40,6.5,10
20,5,10,10,10,40,6.5,11
20,5,10,10,10,40,6.5,12
20,5,10,10,10,40,6.5,13
20,5,10,10,10,40,6.5,14
20,5,10,10,10,40,6.5,15
20,5,10,10,10,40,6.5,16
20,5,10,10,10,40,6.5,17
20,5,10,10,10,40,6.5,18
20,5,10,10,10,40,6.5,19
20,5,10,10,10,40,6.5,20
20,5,10,10,10,40,7,1
20,5,10,10,10,40,7,2
20,5,10,10,10,40,7,3
20,5,10,10,10,40,7,4
20,5,10,10,10,40,7,5
20,5,10,10,10,40,7,6
20,5,10,10,10,40,7,7
20,5,10,10,10,40,7,8
20,5,10,10,10,40,7,9
20,5,10,10,10,40,7,10
20,5,10,10,10,40,7,11
20,5,10,10,10,40,7,12
20,5,10,10,10,40,7,13
20,5,10,10,10,40,7,14
20,5,10,10,10,40,7,15
20,5,10,10,10,40,7,16
20,5,10,10,10,40,7,17
20,5,10,10,10,40,7,18
20,5,10,10,10,40,7,19
20,5,10,10,10,40,7,20
20,5,10,10,10,40,7.5,1
20,5,10,10,10,40,7.5,2
20,5,10,10,10,40,7.5,3
20,5,10,10,10,40,7.5,4
20,5,10,10,10,40,7.5,5
20,5,10,10,10,40,7.5,6
20,5,10,10,10,40,7.5,7
20,5,10,10,10,40,7.5,8
20,5,10,10,10,40,7.5,9
20,5,10,10,10,40,7.5,10
20,5,10,10,10,40,7.5,11
20,5,10,10,10,40,7.5,12
20,5,10,10,10,40,7.5,13
20,5,10,10,10,40,7.5,14
20,5,10,10,10,40,7.5,15
20,5,10,10,10,40,7.5,16
20,5,10,10,10,40,7.5,17
20,5,10,10,10,40,7.5,18
20,5,10,10,10,40,7.5,19
20,5,10,10,10,40,7.5,20
20,5,10,10,10,40,8,1
20,5,10,10,10,40,8,2
20,5,10,10,10,40,8,3
20,5,10,10,10,40,8,4
20,5,10,10,10,40,8,5
20,5,10,10,10,40,8,6
20,5,10,10,10,40,8,7
20,5,10,10,10,40,8,8
20,5,10,10,10,40,8,9
20,5,10,10,10,40,8,10
20,5,10,10,10,40,8,11
20,5,10,10,10,40,8,12
20,5,10,10,10,40,8,13
20,5,10,10,10,40,8,14
20,5,10,10,10,40,8,15
20,5,10,10,10,40,8,16
20,5,10,10,10,40,8,17
20,5,10,10,10,40,8,18
20,5,10,10,10,40,8,19
20,5,10,10,10,40,8,20
20,5,10,10,10,40,8.5,1
20,5,10,10,10,40,8.5,2
20,5,10,10,10,40,8.5,3
20,5,10,10,10,40,8.5,4
20,5,10,10,10,40,8.5,5
20,5,10,10,10,40,8.5,6
20,5,10,10,10,40,8.5,7
20,5,10,10,10,40,8.5,8
20,5,10,10,10,40,8.5,9
20,5,10,10,10,40,8.5,10
20,5,10,10,10,40,8.5,11
20,5,10,10,10,40,8.5,12
20,5,10,10,10,40,8.5,13
20,5,10,10,10,40,8.5,14
20,5,10,10,10,40,8.5,15
20,5,10,10,10,40,8.5,16
20,5,10,10,10,40,8.5,17
20,5,10,10,10,40,8.5,18
20,5,10,10,10,40,8.5,19
20,5,10,10,10,40,8.5,20
20,5,10,10,10,40,9,1
20,5,10,10,10,40,9,2
20,5,10,10,10,40,9,3
20,5,10,10,10,40,9,4
20,5,10,10,10,40,9,5
20,5,10,10,10,40,9,6
20,5,10,10,10,40,9,7
20,5,10,10,10,40,9,8
20,5,10,10,10,40,9,9
20,5,10,10,10,40,9,10
20,5,10,10,10,40,9,11
20,5,10,10,10,40,9,12
20,5,10,10,10,40,9,13
20,5,10,10,10,40,9,14
20,5,10,10,10,40,9,15
20,5,10,10,10,40,9,16
20,5,10,10,10,40,9,17
20,5,10,10,10,40,9,18
20,5,10,10,10,40,9,19
20,5,10,10,10,40,9,20
20,5,10,10,10,40,9.5,1
20,5,10,10,10,40,9.5,2
20,5,10,10,10,40,9.5,3
20,5,10,10,10,40,9.5,4
20,5,10,10,10,40,9.5,5
20,5,10,10,10,40,9.5,6
20,5,10,10,10,40,9.5,7
20,5,10,10,10,40,9.5,8
20,5,10,10,10,40,9.5,9
20,5,10,10,10,40,9.5,10
20,5,10,10,10,40,9.5,11
20,5,10,10,10,40,9.5,12
20,5,10,10,10,40,9.5,13
20,5,10,10,10,40,9.5,14
20,5,10,10,10,40,9.5,15
20,5,10,10,10,40,9.5,16
20,5,10,10,10,40,9.5,17
20,5,10,10,10,40,9.5,18
20,5,10,10,10,40,9.5,19
20,5,10,10,10,40,9.5,20
20,5,10,10,10,40,10,1
20,5,10,10,10,40,10,2
20,5,10,10,10,40,10,3
20,5,10,10,10,40,10,4
20,5,10,10,10,40,10,5
20,5,10,10,10,40,10,6
20,5,10,10,10,40,10,7
20,5,10,10,10,40,10,8
20,5,10,10,10,40,10,9
20,5,10,10,10,40,10,10
20,5,10,10,10,40,10,11
20,5,10,10,10,40,10,12
20,5,10,10,10,40,10,13
20,5,10,10,10,40,10,14
20,5,10,10,10,40,10,15
20,5,10,10,10,40,10,16
20,5,10,10,10,40,10,17
20,5,10,10,10,40,10,18
20,5,10,10,10,40,10,19
20,5,10,10,10,40,10,20
