18,25,25,9.3,1.8
18,25,25,9.3,1.9
18,25,25,9.3,2
18,25,25,9.3,2.1
18,25,25,9.3,2.2
18,25,25,9.3,2.3
18,25,25,9.3,2.4
18,25,25,9.3,2.5
18,25,25,9.3,2.6
18,25,25,9.3,2.7
18,25,25,9.3,2.8
18,25,25,9.3,2.9
18,25,25,9.3,3
18,25,25,9.3,3.1
18,25,25,9.3,3.2
18,25,25,9.3,3.3
18,25,25,9.4,0.9
18,25,25,9.4,1
18,25,25,9.4,1.1
18,25,25,9.4,1.2
18,25,25,9.4,1.3
18,25,25,9.4,1.4
18,25,25,9.4,1.5
18,25,25,9.4,1.6
18,25,25,9.4,1.7
18,25,25,9.4,1.8
18,25,25,9.4,1.9
18,25,25,9.4,2
18,25,25,9.4,2.1
18,25,25,9.4,2.2
18,25,25,9.4,2.3
18,25,25,9.4,2.4
18,25,25,9.4,2.5
18,25,25,9.4,2.6
18,25,25,9.4,2.7
18,25,25,9.4,2.8
18,25,25,9.4,2.9
18,25,25,9.4,3
18,25,25,9.4,3.1
18,25,25,9.4,3.2
18,25,25,9.4,3.3
18,25,25,9.4,3.4
18,25,25,9.5,0.9
18,25,25,9.5,1
18,25,25,9.5,1.1
18,25,25,9.5,1.2
18,25,25,9.5,1.3
18,25,25,9.5,1.4
18,25,25,9.5,1.5
18,25,25,9.5,1.6
18,25,25,9.5,1.7
18,25,25,9.5,1.8
18,25,25,9.5,1.9
18,25,25,9.5,2
18,25,25,9.5,2.1
18,25,25,9.5,2.2
18,25,25,9.5,2.3
18,25,25,9.5,2.4
18,25,25,9.5,2.5
18,25,25,9.5,2.6
18,25,25,9.5,2.7
18,25,25,9.5,2.8
18,25,25,9.5,2.9
18,25,25,9.5,3
18,25,25,9.5,3.1
18,25,25,9.5,3.2
18,25,25,9.5,3.3
18,25,25,9.5,3.4
18,25,25,9.5,3.5
19,25,25,9.6,1
19,25,25,9.6,1.1
19,25,25,9.6,1.2
19,25,25,9.6,1.3
19,25,25,9.6,1.4
19,25,25,9.6,1.5
19,25,25,9.6,1.6
19,25,25,9.6,1.7
19,25,25,9.6,1.8
19,25,25,9.6,1.9
19,25,25,9.6,2
19,25,25,9.6,2.1
19,25,25,9.6,2.2
19,25,25,9.6,2.3
19,25,25,9.6,2.4
19,25,25,9.6,2.5
19,25,25,9.6,2.6
19,25,25,9.6,2.7
19,25,25,9.6,2.8
19,25,25,9.6,2.9
19,25,25,9.6,3
19,25,25,9.6,3.1
19,25,25,9.6,3.2
19,25,25,9.6,3.3
19,25,25,9.6,3.4
19,25,25,9.6,3.5
19,25,25,9.6,3.6
19,25,25,9.6,3.7
19,25,25,9.7,1.1
19,25,25,9.7,1.2
19,25,25,9.7,1.3
19,25,25,9.7,1.4
19,25,25,9.7,1.5
19,25,25,9.7,1.6
19,25,25,9.7,1.7
19,25,25,9.7,1.8
19,25,25,9.7,1.9
19,25,25,9.7,2
19,25,25,9.7,2.1
19,25,25,9.7,2.2
19,25,25,9.7,2.3
19,25,25,9.7,2.4
19,25,25,9.7,2.5
19,25,25,9.7,2.6
19,25,25,9.7,2.7
19,25,25,9.7,2.8
19,25,25,9.7,2.9
19,25,25,9.7,3
19,25,25,9.7,3.1
19,25,25,9.7,3.2
19,25,25,9.7,3.3
19,25,25,9.7,3.4
19,25,25,9.7,3.5
19,25,25,9.7,3.6
19,25,25,9.7,3.7
19,25,25,9.7,3.8
19,25,25,9.8,1.1
19,25,25,9.8,1.2
19,25,25,9.8,1.3
19,25,25,9.8,1.4
19,25,25,9.8,1.5
19,25,25,9.8,1.6
19,25,25,9.8,1.7
19,25,25,9.8,1.8
19,25,25,9.8,1.9
19,25,25,9.8,2
19,25,25,9.8,2.1
19,25,25,9.8,2.2
19,25,25,9.8,2.3
19,25,25,9.8,2.4
19,25,25,9.8,2.5
19,25,25,9.8,2.6
19,25,25,9.8,2.7
19,25,25,9.8,2.8
19,25,25,9.8,2.9
19,25,25,9.8,3
19,25,25,9.8,3.1
19,25,25,9.8,3.2
19,25,25,9.8,3.3
19,25,25,9.8,3.4
19,25,25,9.8,3.5
19,25,25,9.8,3.6
19,25,25,9.8,3.7
19,25,25,9.8,3.8
19,25,25,9.8,3.9
19,25,25,9.9,1.2
19,25,25,9.9,1.3
19,25,25,9.9,1.4
19,25,25,9.9,1.5
19,25,25,9.9,1.6
19,25,25,9.9,1.7
19,25,25,9.9,1.8
19,25,25,9.9,1.9
19,25,25,9.9,2
19,25,25,9.9,2.1
19,25,25,9.9,2.2
19,25,25,9.9,2.3
19,25,25,9.9,2.4
19,25,25,9.9,2.5
19,25,25,9.9,2.6
19,25,25,9.9,2.7
19,25,25,9.9,2.8
19,25,25,9.9,2.9
19,25,25,9.9,3
19,25,25,9.9,3.1
19,25,25,9.9,3.2
19,25,25,9.9,3.3
19,25,25,9.9,3.4
19,25,25,9.9,3.5
19,25,25,9.9,3.6
19,25,25,9.9,3.7
19,25,25,9.9,3.8
19,25,25,9.9,3.9
19,25,25,9.9,4
19,25,25,10,1.3
19,25,25,10,1.4
19,25,25,10,1.5
19,25,25,10,1.6
19,25,25,10,1.7
19,25,25,10,1.8
19,25,25,10,1.9
19,25,25,10,2
19,25,25,10,2.1
19,25,25,10,2.2
19,25,25,10,2.3
19,25,25,10,2.4
19,25,25,10,2.5
19,25,25,10,2.6
19,25,25,10,2.7
19,25,25,10,2.8
19,25,25,10,2.9
19,25,25,10,3
19,25,25,10,3.1
19,25,25,10,3.2
19,25,25,10,3.3
19,25,25,10,3.4
19,25,25,10,3.5
19,25,25,10,3.6
19,25,25,10,3.7
19,25,25,10,3.8
19,25,25,10,3.9
19,25,25,10,4
19,25,25,10,4.1
19,25,25,10,4.2
20,25,25,10.1,1.3
20,25,25,10.1,1.4
20,25,25,10.1,1.5
20,25,25,10.1,1.6
20,25,25,10.1,1.7
20,25,25,10.1,1.8
20,25,25,10.1,1.9
20,25,25,10.1,2
20,25,25,10.1,2.1
20,25,25,10.1,2.2
20,25,25,10.1,2.3
20,25,25,10.1,2.4
20,25,25,10.1,2.5
20,25,25,10.1,2.6
20,25,25,10.1,2.7
20,25,25,10.1,2.8
20,25,25,10.1,2.9
20,25,25,10.1,3
20,25,25,10.1,3.1
20,25,25,10.1,3.2
20,25,25,10.1,3.3
20,25,25,10.1,3.4
20,25,25,10.1,3.5
20,25,25,10.1,3.6
20,25,25,10.1,3.7
20,25,25,10.1,3.8
20,25,25,10.1,3.9
20,25,25,10.1,4
20,25,25,10.1,4.1
20,25,25,10.1,4.2
20,25,25,10.1,4.3
20,25,25,10.2,1.4
20,25,25,10.2,1.5
20,25,25,10.2,1.6
20,25,25,10.2,1.7
20,25,25,10.2,1.8
20,25,25,10.2,1.9
20,25,25,10.2,2
20,25,25,10.2,2.1
20,25,25,10.2,2.2
20,25,25,10.2,2.3
20,25,25,10.2,2.4
20,25,25,10.2,2.5
20,25,25,10.2,2.6
20,25,25,10.2,2.7
20,25,25,10.2,2.8
20,25,25,10.2,2.9
20,25,25,10.2,3
20,25,25,10.2,3.1
20,25,25,10.2,3.2
20,25,25,10.2,3.3
20,25,25,10.2,3.4
20,25,25,10.2,3.5
20,25,25,10.2,3.6
20,25,25,10.2,3.7
20,25,25,10.2,3.8
20,25,25,10.2,3.9
20,25,25,10.2,4
20,25,25,10.2,4.1
20,25,25,10.2,4.2
20,25,25,10.2,4.3
20,25,25,10.2,4.4
20,25,25,10.3,1.5
20,25,25,10.3,1.6
20,25,25,10.3,1.7
20,25,25,10.3,1.8
20,25,25,10.3,1.9
20,25,25,10.3,2
20,25,25,10.3,2.1
20,25,25,10.3,2.2
20,25,25,10.3,2.3
20,25,25,10.3,2.4
20,25,25,10.3,2.5
20,25,25,10.3,2.6
20,25,25,10.3,2.7
20,25,25,10.3,2.8
20,25,25,10.3,2.9
20,25,25,10.3,3
20,25,25,10.3,3.1
20,25,25,10.3,3.2
20,25,25,10.3,3.3
20,25,25,10.3,3.4
20,25,25,10.3,3.5
20,25,25,10.3,3.6
20,25,25,10.3,3.7
20,25,25,10.3,3.8
20,25,25,10.3,3.9
20,25,25,10.3,4
20,25,25,10.3,4.1
20,25,25,10.3,4.2
20,25,25,10.3,4.3
20,25,25,10.3,4.4
20,25,25,10.3,4.5
20,25,25,10.3,4.6
20,25,25,10.4,1.6
20,25,25,10.4,1.7
20,25,25,10.4,1.8
20,25,25,10.4,1.9
20,25,25,10.4,2
20,25,25,10.4,2.1
20,25,25,10.4,2.2
20,25,25,10.4,2.3
20,25,25,10.4,2.4
20,25,25,10.4,2.5
20,25,25,10.4,2.6
20,25,25,10.4,2.7
20,25,25,10.4,2.8
20,25,25,10.4,2.9
20,25,25,10.4,3
20,25,25,10.4,3.1
20,25,25,10.4,3.2
20,25,25,10.4,3.3
20,25,25,10.4,3.4
20,25,25,10.4,3.5
20,25,25,10.4,3.6
20,25,25,10.4,3.7
20,25,25,10.4,3.8
20,25,25,10.4,3.9
20,25,25,10.4,4
20,25,25,10.4,4.1
20,25,25,10.4,4.2
20,25,25,10.4,4.3
20,25,25,10.4,4.4
20,25,25,10.4,4.5
20,25,25,10.4,4.6
20,25,25,10.4,4.7
20,25,25,10.5,1.6
20,25,25,10.5,1.7
20,25,25,10.5,1.8
20,25,25,10.5,1.9
20,25,25,10.5,2
20,25,25,10.5,2.1
20,25,25,10.5,2.2
20,25,25,10.5,2.3
20,25,25,10.5,2.4
20,25,25,10.5,2.5
20,25,25,10.5,2.6
20,25,25,10.5,2.7
20,25,25,10.5,2.8
20,25,25,10.5,2.9
20,25,25,10.5,3
20,25,25,10.5,3.1
20,25,25,10.5,3.2
20,25,25,10.5,3.3
20,25,25,10.5,3.4
20,25,25,10.5,3.5
20,25,25,10.5,3.6
20,25,25,10.5,3.7
20,25,25,10.5,3.8
20,25,25,10.5,3.9
20,25,25,10.5,4
20,25,25,10.5,4.1
20,25,25,10.5,4.2
20,25,25,10.5,4.3
20,25,25,10.5,4.4
20,25,25,10.5,4.5
20,25,25,10.5,4.6
20,25,25,10.5,4.7
20,25,25,10.5,4.8
21,25,25,10.6,1.7
21,25,25,10.6,1.8
21,25,25,10.6,1.9
21,25,25,10.6,2
21,25,25,10.6,2.1
21,25,25,10.6,2.2
21,25,25,10.6,2.3
21,25,25,10.6,2.4
21,25,25,10.6,2.5
21,25,25,10.6,2.6
21,25,25,10.6,2.7
21,25,25,10.6,2.8
21,25,25,10.6,2.9
21,25,25,10.6,3
21,25,25,10.6,3.1
21,25,25,10.6,3.2
21,25,25,10.6,3.3
21,25,25,10.6,3.4
21,25,25,10.6,3.5
21,25,25,10.6,3.6
21,25,25,10.6,3.7
21,25,25,10.6,3.8
21,25,25,10.6,3.9
21,25,25,10.6,4
21,25,25,10.6,4.1
21,25,25,10.6,4.2
21,25,25,10.6,4.3
21,25,25,10.6,4.4
21,25,25,10.6,4.5
21,25,25,10.6,4.6
21,25,25,10.6,4.7
21,25,25,10.6,4.8
21,25,25,10.6,4.9
21,25,25,10.6,5
21,25,25,10.7,1.8
21,25,25,10.7,1.9
21,25,25,10.7,2
21,25,25,10.7,2.1
21,25,25,10.7,2.2
21,25,25,10.7,2.3
21,25,25,10.7,2.4
21,25,25,10.7,2.5
21,25,25,10.7,2.6
21,25,25,10.7,2.7
21,25,25,10.7,2.8
21,25,25,10.7,2.9
21,25,25,10.7,3
21,25,25,10.7,3.1
21,25,25,10.7,3.2
21,25,25,10.7,3.3
21,25,25,10.7,3.4
21,25,25,10.7,3.5
21,25,25,10.7,3.6
21,25,25,10.7,3.7
21,25,25,10.7,3.8
21,25,25,10.7,3.9
21,25,25,10.7,4
21,25,25,10.7,4.1
21,25,25,10.7,4.2
21,25,25,10.7,4.3
21,25,25,10.7,4.4
21,25,25,10.7,4.5
21,25,25,10.7,4.6
21,25,25,10.7,4.7
21,25,25,10.7,4.8
21,25,25,10.7,4.9
21,25,25,10.7,5
21,25,25,10.7,5.1
21,25,25,10.8,1.9
21,25,25,10.8,2
21,25,25,10.8,2.1
21,25,25,10.8,2.2
21,25,25,10.8,2.3
21,25,25,10.8,2.4
21,25,25,10.8,2.5
21,25,25,10.8,2.6
21,25,25,10.8,2.7
21,25,25,10.8,2.8
21,25,25,10.8,2.9
21,25,25,10.8,3
21,25,25,10.8,3.1
21,25,25,10.8,3.2
21,25,25,10.8,3.3
21,25,25,10.8,3.4
21,25,25,10.8,3.5
21,25,25,10.8,3.6
21,25,25,10.8,3.7
21,25,25,10.8,3.8
21,25,25,10.8,3.9
21,25,25,10.8,4
21,25,25,10.8,4.1
21,25,25,10.8,4.2
21,25,25,10.8,4.3
21,25,25,10.8,4.4
21,25,25,10.8,4.5
21,25,25,10.8,4.6
21,25,25,10.8,4.7
21,25,25,10.8,4.8
21,25,25,10.8,4.9
21,25,25,10.8,5
21,25,25,10.8,5.1
21,25,25,10.8,5.2
21,25,25,10.8,5.3
21,25,25,10.9,2
21,25,25,10.9,2.1
21,25,25,10.9,2.2
21,25,25,10.9,2.3
21,25,25,10.9,2.4
21,25,25,10.9,2.5
21,25,25,10.9,2.6
21,25,25,10.9,2.7
21,25,25,10.9,2.8
21,25,25,10.9,2.9
21,25,25,10.9,3
21,25,25,10.9,3.1
21,25,25,10.9,3.2
21,25,25,10.9,3.3
21,25,25,10.9,3.4
21,25,25,10.9,3.5
21,25,25,10.9,3.6
21,25,25,10.9,3.7
21,25,25,10.9,3.8
21,25,25,10.9,3.9
21,25,25,10.9,4
21,25,25,10.9,4.1
21,25,25,10.9,4.2
21,25,25,10.9,4.3
21,25,25,10.9,4.4
21,25,25,10.9,4.5
21,25,25,10.9,4.6
21,25,25,10.9,4.7
21,25,25,10.9,4.8
21,25,25,10.9,4.9
21,25,25,10.9,5
21,25,25,10.9,5.1
21,25,25,10.9,5.2
21,25,25,10.9,5.3
21,25,25,10.9,5.4
21,25,25,11,2.1
21,25,25,11,2.2
21,25,25,11,2.3
21,25,25,11,2.4
21,25,25,11,2.5
21,25,25,11,2.6
21,25,25,11,2.7
21,25,25,11,2.8
21,25,25,11,2.9
21,25,25,11,3
21,25,25,11,3.1
21,25,25,11,3.2
21,25,25,11,3.3
21,25,25,11,3.4
21,25,25,11,3.5
21,25,25,11,3.6
21,25,25,11,3.7
21,25,25,11,3.8
21,25,25,11,3.9
21,25,25,11,4
21,25,25,11,4.1
21,25,25,11,4.2
21,25,25,11,4.3
21,25,25,11,4.4
21,25,25,11,4.5
21,25,25,11,4.6
21,25,25,11,4.7
21,25,25,11,4.8
21,25,25,11,4.9
21,25,25,11,5
21,25,25,11,5.1
21,25,25,11,5.2
21,25,25,11,5.3
21,25,25,11,5.4
21,25,25,11,5.5
21,25,25,11,5.6
22,25,25,11.1,2.2
22,25,25,11.1,2.3
22,25,25,11.1,2.4
22,25,25,11.1,2.5
22,25,25,11.1,2.6
22,25,25,11.1,2.7
22,25,25,11.1,2.8
22,25,25,11.1,2.9
22,25,25,11.1,3
22,25,25,11.1,3.1
22,25,25,11.1,3.2
22,25,25,11.1,3.3
22,25,25,11.1,3.4
22,25,25,11.1,3.5
22,25,25,11.1,3.6
22,25,25,11.1,3.7
22,25,25,11.1,3.8
22,25,25,11.1,3.9
22,25,25,11.1,4
22,25,25,11.1,4.1
22,25,25,11.1,4.2
22,25,25,11.1,4.3
22,25,25,11.1,4.4
22,25,25,11.1,4.5
22,25,25,11.1,4.6
22,25,25,11.1,4.7
22,25,25,11.1,4.8
22,25,25,11.1,4.9
22,25,25,11.1,5
22,25,25,11.1,5.1
22,25,25,11.1,5.2
22,25,25,11.1,5.3
22,25,25,11.1,5.4
22,25,25,11.1,5.5
22,25,25,11.1,5.6
22,25,25,11.1,5.7
22,25,25,11.2,2.3
22,25,25,11.2,2.4
22,25,25,11.2,2.5
22,25,25,11.2,2.6
22,25,25,11.2,2.7
22,25,25,11.2,2.8
22,25,25,11.2,2.9
22,25,25,11.2,3
22,25,25,11.2,3.1
22,25,25,11.2,3.2
22,25,25,11.2,3.3
22,25,25,11.2,3.4
22,25,25,11.2,3.5
22,25,25,11.2,3.6
22,25,25,11.2,3.7
22,25,25,11.2,3.8
22,25,25,11.2,3.9
22,25,25,11.2,4
22,25,25,11.2,4.1
22,25,25,11.2,4.2
22,25,25,11.2,4.3
22,25,25,11.2,4.4
22,25,25,11.2,4.5
22,25,25,11.2,4.6
22,25,25,11.2,4.7
22,25,25,11.2,4.8
22,25,25,11.2,4.9
22,25,25,11.2,5
22,25,25,11.2,5.1
22,25,25,11.2,5.2
22,25,25,11.2,5.3
22,25,25,11.2,5.4
22,25,25,11.2,5.5
22,25,25,11.2,5.6
22,25,25,11.2,5.7
22,25,25,11.2,5.8
22,25,25,11.2,5.9
22,25,25,11.3,2.4
22,25,25,11.3,2.5
22,25,25,11.3,2.6
22,25,25,11.3,2.7
22,25,25,11.3,2.8
22,25,25,11.3,2.9
22,25,25,11.3,3
22,25,25,11.3,3.1
22,25,25,11.3,3.2
22,25,25,11.3,3.3
22,25,25,11.3,3.4
22,25,25,11.3,3.5
22,25,25,11.3,3.6
22,25,25,11.3,3.7
22,25,25,11.3,3.8
22,25,25,11.3,3.9
22,25,25,11.3,4
22,25,25,11.3,4.1
22,25,25,11.3,4.2
22,25,25,11.3,4.3
22,25,25,11.3,4.4
22,25,25,11.3,4.5
22,25,25,11.3,4.6
22,25,25,11.3,4.7
22,25,25,11.3,4.8
22,25,25,11.3,4.9
22,25,25,11.3,5
22,25,25,11.3,5.1
22,25,25,11.3,5.2
22,25,25,11.3,5.3
22,25,25,11.3,5.4
22,25,25,11.3,5.5
22,25,25,11.3,5.6
22,25,25,11.3,5.7
22,25,25,11.3,5.8
22,25,25,11.3,5.9
22,25,25,11.3,6
22,25,25,11.4,2.5
22,25,25,11.4,2.6
22,25,25,11.4,2.7
22,25,25,11.4,2.8
22,25,25,11.4,2.9
22,25,25,11.4,3
22,25,25,11.4,3.1
22,25,25,11.4,3.2
22,25,25,11.4,3.3
22,25,25,11.4,3.4
22,25,25,11.4,3.5
22,25,25,11.4,3.6
22,25,25,11.4,3.7
22,25,25,11.4,3.8
22,25,25,11.4,3.9
22,25,25,11.4,4
22,25,25,11.4,4.1
22,25,25,11.4,4.2
22,25,25,11.4,4.3
22,25,25,11.4,4.4
22,25,25,11.4,4.5
22,25,25,11.4,4.6
22,25,25,11.4,4.7
22,25,25,11.4,4.8
22,25,25,11.4,4.9
22,25,25,11.4,5
22,25,25,11.4,5.1
22,25,25,11.4,5.2
22,25,25,11.4,5.3
22,25,25,11.4,5.4
22,25,25,11.4,5.5
22,25,25,11.4,5.6
22,25,25,11.4,5.7
22,25,25,11.4,5.8
22,25,25,11.4,5.9
22,25,25,11.4,6
22,25,25,11.4,6.1
22,25,25,11.4,6.2
22,25,25,11.5,2.5
22,25,25,11.5,2.6
22,25,25,11.5,2.7
22,25,25,11.5,2.8
22,25,25,11.5,2.9
22,25,25,11.5,3
22,25,25,11.5,3.1
22,25,25,11.5,3.2
22,25,25,11.5,3.3
22,25,25,11.5,3.4
22,25,25,11.5,3.5
22,25,25,11.5,3.6
22,25,25,11.5,3.7
22,25,25,11.5,3.8
22,25,25,11.5,3.9
22,25,25,11.5,4
22,25,25,11.5,4.1
22,25,25,11.5,4.2
22,25,25,11.5,4.3
22,25,25,11.5,4.4
22,25,25,11.5,4.5
22,25,25,11.5,4.6
22,25,25,11.5,4.7
22,25,25,11.5,4.8
22,25,25,11.5,4.9
22,25,25,11.5,5
22,25,25,11.5,5.1
22,25,25,11.5,5.2
22,25,25,11.5,5.3
22,25,25,11.5,5.4
22,25,25,11.5,5.5
22,25,25,11.5,5.6
22,25,25,11.5,5.7
22,25,25,11.5,5.8
22,25,25,11.5,5.9
22,25,25,11.5,6
22,25,25,11.5,6.1
22,25,25,11.5,6.2
22,25,25,11.5,6.3
23,25,25,11.6,2.7
23,25,25,11.6,2.8
23,25,25,11.6,2.9
23,25,25,11.6,3
23,25,25,11.6,3.1
23,25,25,11.6,3.2
23,25,25,11.6,3.3
23,25,25,11.6,3.4
23,25,25,11.6,3.5
23,25,25,11.6,3.6
23,25,25,11.6,3.7
23,25,25,11.6,3.8
23,25,25,11.6,3.9
23,25,25,11.6,4
23,25,25,11.6,4.1
23,25,25,11.6,4.2
23,25,25,11.6,4.3
23,25,25,11.6,4.4
23,25,25,11.6,4.5
23,25,25,11.6,4.6
23,25,25,11.6,4.7
23,25,25,11.6,4.8
23,25,25,11.6,4.9
23,25,25,11.6,5
23,25,25,11.6,5.1
23,25,25,11.6,5.2
23,25,25,11.6,5.3
23,25,25,11.6,5.4
23,25,25,11.6,5.5
23,25,25,11.6,5.6
23,25,25,11.6,5.7
23,25,25,11.6,5.8
23,25,25,11.6,5.9
23,25,25,11.6,6
23,25,25,11.6,6.1
23,25,25,11.6,6.2
23,25,25,11.6,6.3
23,25,25,11.6,6.4
23,25,25,11.6,6.5
23,25,25,11.7,2.8
23,25,25,11.7,2.9
23,25,25,11.7,3
23,25,25,11.7,3.1
23,25,25,11.7,3.2
23,25,25,11.7,3.3
23,25,25,11.7,3.4
23,25,25,11.7,3.5
23,25,25,11.7,3.6
23,25,25,11.7,3.7
23,25,25,11.7,3.8
23,25,25,11.7,3.9
23,25,25,11.7,4
23,25,25,11.7,4.1
23,25,25,11.7,4.2
23,25,25,11.7,4.3
23,25,25,11.7,4.4
23,25,25,11.7,4.5
23,25,25,11.7,4.6
23,25,25,11.7,4.7
23,25,25,11.7,4.8
23,25,25,11.7,4.9
23,25,25,11.7,5
23,25,25,11.7,5.1
23,25,25,11.7,5.2
23,25,25,11.7,5.3
23,25,25,11.7,5.4
23,25,25,11.7,5.5
23,25,25,11.7,5.6
23,25,25,11.7,5.7
23,25,25,11.7,5.8
23,25,25,11.7,5.9
23,25,25,11.7,6
23,25,25,11.7,6.1
23,25,25,11.7,6.2
23,25,25,11.7,6.3
23,25,25,11.7,6.4
23,25,25,11.7,6.5
23,25,25,11.7,6.6
23,25,25,11.7,6.7
23,25,25,11.8,2.9
23,25,25,11.8,3
23,25,25,11.8,3.1
23,25,25,11.8,3.2
23,25,25,11.8,3.3
23,25,25,11.8,3.4
23,25,25,11.8,3.5
23,25,25,11.8,3.6
23,25,25,11.8,3.7
23,25,25,11.8,3.8
23,25,25,11.8,3.9
23,25,25,11.8,4
23,25,25,11.8,4.1
23,25,25,11.8,4.2
23,25,25,11.8,4.3
23,25,25,11.8,4.4
23,25,25,11.8,4.5
23,25,25,11.8,4.6
23,25,25,11.8,4.7
23,25,25,11.8,4.8
23,25,25,11.8,4.9
23,25,25,11.8,5
23,25,25,11.8,5.1
23,25,25,11.8,5.2
23,25,25,11.8,5.3
23,25,25,11.8,5.4
23,25,25,11.8,5.5
23,25,25,11.8,5.6
23,25,25,11.8,5.7
23,25,25,11.8,5.8
23,25,25,11.8,5.9
23,25,25,11.8,6
23,25,25,11.8,6.1
23,25,25,11.8,6.2
23,25,25,11.8,6.3
23,25,25,11.8,6.4
23,25,25,11.8,6.5
23,25,25,11.8,6.6
23,25,25,11.8,6.7
23,25,25,11.8,6.8
23,25,25,11.9,3
23,25,25,11.9,3.1
23,25,25,11.9,3.2
23,25,25,11.9,3.3
23,25,25,11.9,3.4
23,25,25,11.9,3.5
23,25,25,11.9,3.6
23,25,25,11.9,3.7
23,25,25,11.9,3.8
23,25,25,11.9,3.9
23,25,25,11.9,4
23,25,25,11.9,4.1
23,25,25,11.9,4.2
23,25,25,11.9,4.3
23,25,25,11.9,4.4
23,25,25,11.9,4.5
23,25,25,11.9,4.6
23,25,25,11.9,4.7
23,25,25,11.9,4.8
23,25,25,11.9,4.9
23,25,25,11.9,5
23,25,25,11.9,5.1
23,25,25,11.9,5.2
23,25,25,11.9,5.3
23,25,25,11.9,5.4
23,25,25,11.9,5.5
23,25,25,11.9,5.6
23,25,25,11.9,5.7
23,25,25,11.9,5.8
23,25,25,11.9,5.9
23,25,25,11.9,6
23,25,25,11.9,6.1
23,25,25,11.9,6.2
23,25,25,11.9,6.3
23,25,25,11.9,6.4
23,25,25,11.9,6.5
23,25,25,11.9,6.6
23,25,25,11.9,6.7
23,25,25,11.9,6.8
23,25,25,11.9,6.9
23,25,25,11.9,7
23,25,25,12,3.1
23,25,25,12,3.2
23,25,25,12,3.3
23,25,25,12,3.4
23,25,25,12,3.5
23,25,25,12,3.6
23,25,25,12,3.7
23,25,25,12,3.8
23,25,25,12,3.9
23,25,25,12,4
23,25,25,12,4.1
23,25,25,12,4.2
23,25,25,12,4.3
23,25,25,12,4.4
23,25,25,12,4.5
23,25,25,12,4.6
23,25,25,12,4.7
23,25,25,12,4.8
23,25,25,12,4.9
23,25,25,12,5
23,25,25,12,5.1
23,25,25,12,5.2
23,25,25,12,5.3
23,25,25,12,5.4
23,25,25,12,5.5
23,25,25,12,5.6
23,25,25,12,5.7
23,25,25,12,5.8
23,25,25,12,5.9
23,25,25,12,6
23,25,25,12,6.1
23,25,25,12,6.2
23,25,25,12,6.3
23,25,25,12,6.4
23,25,25,12,6.5
23,25,25,12,6.6
23,25,25,12,6.7
23,25,25,12,6.8
23,25,25,12,6.9
23,25,25,12,7
23,25,25,12,7.1
23,25,25,12,7.2
24,25,25,12.1,3.2
24,25,25,12.1,3.3
24,25,25,12.1,3.4
24,25,25,12.1,3.5
24,25,25,12.1,3.6
24,25,25,12.1,3.7
24,25,25,12.1,3.8
24,25,25,12.1,3.9
24,25,25,12.1,4
24,25,25,12.1,4.1
24,25,25,12.1,4.2
24,25,25,12.1,4.3
24,25,25,12.1,4.4
24,25,25,12.1,4.5
24,25,25,12.1,4.6
24,25,25,12.1,4.7
24,25,25,12.1,4.8
24,25,25,12.1,4.9
24,25,25,12.1,5
24,25,25,12.1,5.1
24,25,25,12.1,5.2
24,25,25,12.1,5.3
24,25,25,12.1,5.4
24,25,25,12.1,5.5
24,25,25,12.1,5.6
24,25,25,12.1,5.7
24,25,25,12.1,5.8
24,25,25,12.1,5.9
24,25,25,12.1,6
24,25,25,12.1,6.1
24,25,25,12.1,6.2
24,25,25,12.1,6.3
24,25,25,12.1,6.4
24,25,25,12.1,6.5
24,25,25,12.1,6.6
24,25,25,12.1,6.7
24,25,25,12.1,6.8
24,25,25,12.1,6.9
24,25,25,12.1,7
24,25,25,12.1,7.1
24,25,25,12.1,7.2
24,25,25,12.1,7.3
24,25,25,12.2,3.3
24,25,25,12.2,3.4
24,25,25,12.2,3.5
24,25,25,12.2,3.6
24,25,25,12.2,3.7
24,25,25,12.2,3.8
24,25,25,12.2,3.9
24,25,25,12.2,4
24,25,25,12.2,4.1
24,25,25,12.2,4.2
24,25,25,12.2,4.3
24,25,25,12.2,4.4
24,25,25,12.2,4.5
24,25,25,12.2,4.6
24,25,25,12.2,4.7
24,25,25,12.2,4.8
24,25,25,12.2,4.9
24,25,25,12.2,5
24,25,25,12.2,5.1
24,25,25,12.2,5.2
24,25,25,12.2,5.3
24,25,25,12.2,5.4
24,25,25,12.2,5.5
24,25,25,12.2,5.6
24,25,25,12.2,5.7
24,25,25,12.2,5.8
24,25,25,12.2,5.9
24,25,25,12.2,6
24,25,25,12.2,6.1
24,25,25,12.2,6.2
24,25,25,12.2,6.3
24,25,25,12.2,6.4
24,25,25,12.2,6.5
24,25,25,12.2,6.6
24,25,25,12.2,6.7
24,25,25,12.2,6.8
24,25,25,12.2,6.9
24,25,25,12.2,7
24,25,25,12.2,7.1
24,25,25,12.2,7.2
24,25,25,12.2,7.3
24,25,25,12.2,7.4
24,25,25,12.2,7.5
24,25,25,12.3,3.4
24,25,25,12.3,3.5
24,25,25,12.3,3.6
24,25,25,12.3,3.7
24,25,25,12.3,3.8
24,25,25,12.3,3.9
24,25,25,12.3,4
24,25,25,12.3,4.1
24,25,25,12.3,4.2
24,25,25,12.3,4.3
24,25,25,12.3,4.4
24,25,25,12.3,4.5
24,25,25,12.3,4.6
24,25,25,12.3,4.7
24,25,25,12.3,4.8
24,25,25,12.3,4.9
24,25,25,12.3,5
24,25,25,12.3,5.1
24,25,25,12.3,5.2
24,25,25,12.3,5.3
24,25,25,12.3,5.4
24,25,25,12.3,5.5
24,25,25,12.3,5.6
24,25,25,12.3,5.7
24,25,25,12.3,5.8
24,25,25,12.3,5.9
24,25,25,12.3,6
24,25,25,12.3,6.1
24,25,25,12.3,6.2
24,25,25,12.3,6.3
24,25,25,12.3,6.4
24,25,25,12.3,6.5
24,25,25,12.3,6.6
24,25,25,12.3,6.7
24,25,25,12.3,6.8
24,25,25,12.3,6.9
24,25,25,12.3,7
24,25,25,12.3,7.1
24,25,25,12.3,7.2
24,25,25,12.3,7.3
24,25,25,12.3,7.4
24,25,25,12.3,7.5
24,25,25,12.3,7.6
24,25,25,12.3,7.7
24,25,25,12.4,3.5
24,25,25,12.4,3.6
24,25,25,12.4,3.7
24,25,25,12.4,3.8
24,25,25,12.4,3.9
24,25,25,12.4,4
24,25,25,12.4,4.1
24,25,25,12.4,4.2
24,25,25,12.4,4.3
24,25,25,12.4,4.4
24,25,25,12.4,4.5
24,25,25,12.4,4.6
24,25,25,12.4,4.7
24,25,25,12.4,4.8
24,25,25,12.4,4.9
24,25,25,12.4,5
24,25,25,12.4,5.1
24,25,25,12.4,5.2
24,25,25,12.4,5.3
24,25,25,12.4,5.4
24,25,25,12.4,5.5
24,25,25,12.4,5.6
24,25,25,12.4,5.7
24,25,25,12.4,5.8
24,25,25,12.4,5.9
24,25,25,12.4,6
24,25,25,12.4,6.1
24,25,25,12.4,6.2
24,25,25,12.4,6.3
24,25,25,12.4,6.4
24,25,25,12.4,6.5
24,25,25,12.4,6.6
24,25,25,12.4,6.7
24,25,25,12.4,6.8
24,25,25,12.4,6.9
24,25,25,12.4,7
24,25,25,12.4,7.1
24,25,25,12.4,7.2
24,25,25,12.4,7.3
24,25,25,12.4,7.4
24,25,25,12.4,7.5
24,25,25,12.4,7.6
24,25,25,12.4,7.7
24,25,25,12.4,7.8
24,25,25,12.4,7.9
24,25,25,12.5,3.6
24,25,25,12.5,3.7
24,25,25,12.5,3.8
24,25,25,12.5,3.9
24,25,25,12.5,4
24,25,25,12.5,4.1
24,25,25,12.5,4.2
24,25,25,12.5,4.3
24,25,25,12.5,4.4
24,25,25,12.5,4.5
24,25,25,12.5,4.6
24,25,25,12.5,4.7
24,25,25,12.5,4.8
24,25,25,12.5,4.9
24,25,25,12.5,5
24,25,25,12.5,5.1
24,25,25,12.5,5.2
24,25,25,12.5,5.3
24,25,25,12.5,5.4
24,25,25,12.5,5.5
24,25,25,12.5,5.6
24,25,25,12.5,5.7
24,25,25,12.5,5.8
24,25,25,12.5,5.9
24,25,25,12.5,6
24,25,25,12.5,6.1
24,25,25,12.5,6.2
24,25,25,12.5,6.3
24,25,25,12.5,6.4
24,25,25,12.5,6.5
24,25,25,12.5,6.6
24,25,25,12.5,6.7
24,25,25,12.5,6.8
24,25,25,12.5,6.9
24,25,25,12.5,7
24,25,25,12.5,7.1
24,25,25,12.5,7.2
24,25,25,12.5,7.3
24,25,25,12.5,7.4
24,25,25,12.5,7.5
24,25,25,12.5,7.6
24,25,25,12.5,7.7
24,25,25,12.5,7.8
24,25,25,12.5,7.9
24,25,25,12.5,8
25,25,25,12.6,3.8
25,25,25,12.6,3.9
25,25,25,12.6,4
25,25,25,12.6,4.1
25,25,25,12.6,4.2
25,25,25,12.6,4.3
25,25,25,12.6,4.4
25,25,25,12.6,4.5
25,25,25,12.6,4.6
25,25,25,12.6,4.7
25,25,25,12.6,4.8
25,25,25,12.6,4.9
25,25,25,12.6,5
25,25,25,12.6,5.1
25,25,25,12.6,5.2
25,25,25,12.6,5.3
25,25,25,12.6,5.4
25,25,25,12.6,5.5
25,25,25,12.6,5.6
25,25,25,12.6,5.7
25,25,25,12.6,5.8
25,25,25,12.6,5.9
25,25,25,12.6,6
25,25,25,12.6,6.1
25,25,25,12.6,6.2
25,25,25,12.6,6.3
25,25,25,12.6,6.4
25,25,25,12.6,6.5
25,25,25,12.6,6.6
25,25,25,12.6,6.7
25,25,25,12.6,6.8
25,25,25,12.6,6.9
25,25,25,12.6,7
25,25,25,12.6,7.1
25,25,25,12.6,7.2
25,25,25,12.6,7.3
25,25,25,12.6,7.4
25,25,25,12.6,7.5
25,25,25,12.6,7.6
25,25,25,12.6,7.7
25,25,25,12.6,7.8
25,25,25,12.6,7.9
25,25,25,12.6,8
25,25,25,12.6,8.1
25,25,25,12.6,8.2
25,25,25,12.7,3.9
25,25,25,12.7,4
25,25,25,12.7,4.1
25,25,25,12.7,4.2
25,25,25,12.7,4.3
25,25,25,12.7,4.4
25,25,25,12.7,4.5
25,25,25,12.7,4.6
25,25,25,12.7,4.7
25,25,25,12.7,4.8
25,25,25,12.7,4.9
25,25,25,12.7,5
25,25,25,12.7,5.1
25,25,25,12.7,5.2
25,25,25,12.7,5.3
25,25,25,12.7,5.4
25,25,25,12.7,5.5
25,25,25,12.7,5.6
25,25,25,12.7,5.7
25,25,25,12.7,5.8
25,25,25,12.7,5.9
25,25,25,12.7,6
25,25,25,12.7,6.1
25,25,25,12.7,6.2
25,25,25,12.7,6.3
25,25,25,12.7,6.4
25,25,25,12.7,6.5
25,25,25,12.7,6.6
25,25,25,12.7,6.7
25,25,25,12.7,6.8
25,25,25,12.7,6.9
25,25,25,12.7,7
25,25,25,12.7,7.1
25,25,25,12.7,7.2
25,25,25,12.7,7.3
25,25,25,12.7,7.4
25,25,25,12.7,7.5
25,25,25,12.7,7.6
25,25,25,12.7,7.7
25,25,25,12.7,7.8
25,25,25,12.7,7.9
25,25,25,12.7,8
25,25,25,12.7,8.1
25,25,25,12.7,8.2
25,25,25,12.7,8.3
25,25,25,12.7,8.4
25,25,25,12.8,4
25,25,25,12.8,4.1
25,25,25,12.8,4.2
25,25,25,12.8,4.3
25,25,25,12.8,4.4
25,25,25,12.8,4.5
25,25,25,12.8,4.6
25,25,25,12.8,4.7
25,25,25,12.8,4.8
25,25,25,12.8,4.9
25,25,25,12.8,5
25,25,25,12.8,5.1
25,25,25,12.8,5.2
25,25,25,12.8,5.3
25,25,25,12.8,5.4
25,25,25,12.8,5.5
25,25,25,12.8,5.6
25,25,25,12.8,5.7
25,25,25,12.8,5.8
25,25,25,12.8,5.9
25,25,25,12.8,6
25,25,25,12.8,6.1
25,25,25,12.8,6.2
25,25,25,12.8,6.3
25,25,25,12.8,6.4
25,25,25,12.8,6.5
25,25,25,12.8,6.6
25,25,25,12.8,6.7
25,25,25,12.8,6.8
25,25,25,12.8,6.9
25,25,25,12.8,7
25,25,25,12.8,7.1
25,25,25,12.8,7.2
25,25,25,12.8,7.3
25,25,25,12.8,7.4
25,25,25,12.8,7.5
25,25,25,12.8,7.6
25,25,25,12.8,7.7
25,25,25,12.8,7.8
25,25,25,12.8,7.9
25,25,25,12.8,8
25,25,25,12.8,8.1
25,25,25,12.8,8.2
25,25,25,12.8,8.3
25,25,25,12.8,8.4
25,25,25,12.8,8.5
25,25,25,12.8,8.6
25,25,25,12.9,4.1
25,25,25,12.9,4.2
25,25,25,12.9,4.3
25,25,25,12.9,4.4
25,25,25,12.9,4.5
25,25,25,12.9,4.6
25,25,25,12.9,4.7
25,25,25,12.9,4.8
25,25,25,12.9,4.9
25,25,25,12.9,5
25,25,25,12.9,5.1
25,25,25,12.9,5.2
25,25,25,12.9,5.3
25,25,25,12.9,5.4
25,25,25,12.9,5.5
25,25,25,12.9,5.6
25,25,25,12.9,5.7
25,25,25,12.9,5.8
25,25,25,12.9,5.9
25,25,25,12.9,6
25,25,25,12.9,6.1
25,25,25,12.9,6.2
25,25,25,12.9,6.3
25,25,25,12.9,6.4
25,25,25,12.9,6.5
25,25,25,12.9,6.6
25,25,25,12.9,6.7
25,25,25,12.9,6.8
25,25,25,12.9,6.9
25,25,25,12.9,7
25,25,25,12.9,7.1
25,25,25,12.9,7.2
25,25,25,12.9,7.3
25,25,25,12.9,7.4
25,25,25,12.9,7.5
25,25,25,12.9,7.6
25,25,25,12.9,7.7
25,25,25,12.9,7.8
25,25,25,12.9,7.9
25,25,25,12.9,8
25,25,25,12.9,8.1
25,25,25,12.9,8.2
25,25,25,12.9,8.3
25,25,25,12.9,8.4
25,25,25,12.9,8.5
25,25,25,12.9,8.6
25,25,25,12.9,8.7
25,25,25,12.9,8.8
25,25,25,13,4.3
25,25,25,13,4.4
25,25,25,13,4.5
25,25,25,13,4.6
25,25,25,13,4.7
25,25,25,13,4.8
25,25,25,13,4.9
25,25,25,13,5
25,25,25,13,5.1
25,25,25,13,5.2
25,25,25,13,5.3
25,25,25,13,5.4
25,25,25,13,5.5
25,25,25,13,5.6
25,25,25,13,5.7
25,25,25,13,5.8
25,25,25,13,5.9
25,25,25,13,6
25,25,25,13,6.1
25,25,25,13,6.2
25,25,25,13,6.3
25,25,25,13,6.4
25,25,25,13,6.5
25,25,25,13,6.6
25,25,25,13,6.7
25,25,25,13,6.8
25,25,25,13,6.9
25,25,25,13,7
25,25,25,13,7.1
25,25,25,13,7.2
25,25,25,13,7.3
25,25,25,13,7.4
25,25,25,13,7.5
25,25,25,13,7.6
25,25,25,13,7.7
25,25,25,13,7.8
25,25,25,13,7.9
25,25,25,13,8
25,25,25,13,8.1
25,25,25,13,8.2
25,25,25,13,8.3
25,25,25,13,8.4
25,25,25,13,8.5
25,25,25,13,8.6
25,25,25,13,8.7
25,25,25,13,8.8
25,25,25,13,8.9
25,25,25,13,9
26,25,25,13.1,4.4
26,25,25,13.1,4.5
26,25,25,13.1,4.6
26,25,25,13.1,4.7
26,25,25,13.1,4.8
26,25,25,13.1,4.9
26,25,25,13.1,5
26,25,25,13.1,5.1
26,25,25,13.1,5.2
26,25,25,13.1,5.3
26,25,25,13.1,5.4
26,25,25,13.1,5.5
26,25,25,13.1,5.6
26,25,25,13.1,5.7
26,25,25,13.1,5.8
26,25,25,13.1,5.9
26,25,25,13.1,6
26,25,25,13.1,6.1
26,25,25,13.1,6.2
26,25,25,13.1,6.3
26,25,25,13.1,6.4
26,25,25,13.1,6.5
26,25,25,13.1,6.6
26,25,25,13.1,6.7
26,25,25,13.1,6.8
26,25,25,13.1,6.9
26,25,25,13.1,7
26,25,25,13.1,7.1
26,25,25,13.1,7.2
26,25,25,13.1,7.3
26,25,25,13.1,7.4
26,25,25,13.1,7.5
26,25,25,13.1,7.6
26,25,25,13.1,7.7
26,25,25,13.1,7.8
26,25,25,13.1,7.9
26,25,25,13.1,8
26,25,25,13.1,8.1
26,25,25,13.1,8.2
26,25,25,13.1,8.3
26,25,25,13.1,8.4
26,25,25,13.1,8.5
26,25,25,13.1,8.6
26,25,25,13.1,8.7
26,25,25,13.1,8.8
26,25,25,13.1,8.9
26,25,25,13.1,9
26,25,25,13.1,9.1
26,25,25,13.1,9.2
26,25,25,13.2,4.5
26,25,25,13.2,4.6
26,25,25,13.2,4.7
26,25,25,13.2,4.8
26,25,25,13.2,4.9
26,25,25,13.2,5
26,25,25,13.2,5.1
26,25,25,13.2,5.2
26,25,25,13.2,5.3
26,25,25,13.2,5.4
26,25,25,13.2,5.5
26,25,25,13.2,5.6
26,25,25,13.2,5.7
26,25,25,13.2,5.8
26,25,25,13.2,5.9
26,25,25,13.2,6
26,25,25,13.2,6.1
26,25,25,13.2,6.2
26,25,25,13.2,6.3
26,25,25,13.2,6.4
26,25,25,13.2,6.5
26,25,25,13.2,6.6
26,25,25,13.2,6.7
26,25,25,13.2,6.8
26,25,25,13.2,6.9
26,25,25,13.2,7
26,25,25,13.2,7.1
26,25,25,13.2,7.2
26,25,25,13.2,7.3
26,25,25,13.2,7.4
26,25,25,13.2,7.5
26,25,25,13.2,7.6
26,25,25,13.2,7.7
26,25,25,13.2,7.8
26,25,25,13.2,7.9
26,25,25,13.2,8
26,25,25,13.2,8.1
26,25,25,13.2,8.2
26,25,25,13.2,8.3
26,25,25,13.2,8.4
26,25,25,13.2,8.5
26,25,25,13.2,8.6
26,25,25,13.2,8.7
26,25,25,13.2,8.8
26,25,25,13.2,8.9
26,25,25,13.2,9
26,25,25,13.2,9.1
26,25,25,13.2,9.2
26,25,25,13.2,9.3
26,25,25,13.2,9.4
26,25,25,13.3,4.7
26,25,25,13.3,4.8
26,25,25,13.3,4.9
26,25,25,13.3,5
26,25,25,13.3,5.1
26,25,25,13.3,5.2
26,25,25,13.3,5.3
26,25,25,13.3,5.4
26,25,25,13.3,5.5
26,25,25,13.3,5.6
26,25,25,13.3,5.7
26,25,25,13.3,5.8
26,25,25,13.3,5.9
26,25,25,13.3,6
26,25,25,13.3,6.1
26,25,25,13.3,6.2
26,25,25,13.3,6.3
26,25,25,13.3,6.4
26,25,25,13.3,6.5
26,25,25,13.3,6.6
26,25,25,13.3,6.7
26,25,25,13.3,6.8
26,25,25,13.3,6.9
26,25,25,13.3,7
26,25,25,13.3,7.1
26,25,25,13.3,7.2
26,25,25,13.3,7.3
26,25,25,13.3,7.4
26,25,25,13.3,7.5
26,25,25,13.3,7.6
26,25,25,13.3,7.7
26,25,25,13.3,7.8
26,25,25,13.3,7.9
26,25,25,13.3,8
26,25,25,13.3,8.1
26,25,25,13.3,8.2
26,25,25,13.3,8.3
26,25,25,13.3,8.4
26,25,25,13.3,8.5
26,25,25,13.3,8.6
26,25,25,13.3,8.7
26,25,25,13.3,8.8
26,25,25,13.3,8.9
26,25,25,13.3,9
26,25,25,13.3,9.1
26,25,25,13.3,9.2
26,25,25,13.3,9.3
26,25,25,13.3,9.4
26,25,25,13.3,9.5
26,25,25,13.3,9.6
26,25,25,13.4,4.8
26,25,25,13.4,4.9
26,25,25,13.4,5
26,25,25,13.4,5.1
26,25,25,13.4,5.2
26,25,25,13.4,5.3
26,25,25,13.4,5.4
26,25,25,13.4,5.5
26,25,25,13.4,5.6
26,25,25,13.4,5.7
26,25,25,13.4,5.8
26,25,25,13.4,5.9
26,25,25,13.4,6
26,25,25,13.4,6.1
26,25,25,13.4,6.2
26,25,25,13.4,6.3
26,25,25,13.4,6.4
26,25,25,13.4,6.5
26,25,25,13.4,6.6
26,25,25,13.4,6.7
26,25,25,13.4,6.8
26,25,25,13.4,6.9
26,25,25,13.4,7
26,25,25,13.4,7.1
26,25,25,13.4,7.2
26,25,25,13.4,7.3
26,25,25,13.4,7.4
26,25,25,13.4,7.5
26,25,25,13.4,7.6
26,25,25,13.4,7.7
26,25,25,13.4,7.8
26,25,25,13.4,7.9
26,25,25,13.4,8
26,25,25,13.4,8.1
26,25,25,13.4,8.2
26,25,25,13.4,8.3
26,25,25,13.4,8.4
26,25,25,13.4,8.5
26,25,25,13.4,8.6
26,25,25,13.4,8.7
26,25,25,13.4,8.8
26,25,25,13.4,8.9
26,25,25,13.4,9
26,25,25,13.4,9.1
26,25,25,13.4,9.2
26,25,25,13.4,9.3
26,25,25,13.4,9.4
26,25,25,13.4,9.5
26,25,25,13.4,9.6
26,25,25,13.4,9.7
26,25,25,13.4,9.8
26,25,25,13.5,4.9
26,25,25,13.5,5
26,25,25,13.5,5.1
26,25,25,13.5,5.2
26,25,25,13.5,5.3
26,25,25,13.5,5.4
26,25,25,13.5,5.5
26,25,25,13.5,5.6
26,25,25,13.5,5.7
26,25,25,13.5,5.8
26,25,25,13.5,5.9
26,25,25,13.5,6
26,25,25,13.5,6.1
26,25,25,13.5,6.2
26,25,25,13.5,6.3
26,25,25,13.5,6.4
26,25,25,13.5,6.5
26,25,25,13.5,6.6
26,25,25,13.5,6.7
26,25,25,13.5,6.8
26,25,25,13.5,6.9
26,25,25,13.5,7
26,25,25,13.5,7.1
26,25,25,13.5,7.2
26,25,25,13.5,7.3
26,25,25,13.5,7.4
26,25,25,13.5,7.5
26,25,25,13.5,7.6
26,25,25,13.5,7.7
26,25,25,13.5,7.8
26,25,25,13.5,7.9
26,25,25,13.5,8
26,25,25,13.5,8.1
26,25,25,13.5,8.2
26,25,25,13.5,8.3
26,25,25,13.5,8.4
26,25,25,13.5,8.5
26,25,25,13.5,8.6
26,25,25,13.5,8.7
26,25,25,13.5,8.8
26,25,25,13.5,8.9
26,25,25,13.5,9
26,25,25,13.5,9.1
26,25,25,13.5,9.2
26,25,25,13.5,9.3
26,25,25,13.5,9.4
26,25,25,13.5,9.5
26,25,25,13.5,9.6
26,25,25,13.5,9.7
26,25,25,13.5,9.8
26,25,25,13.5,9.9
27,25,25,13.6,5.1
27,25,25,13.6,5.2
27,25,25,13.6,5.3
27,25,25,13.6,5.4
27,25,25,13.6,5.5
27,25,25,13.6,5.6
27,25,25,13.6,5.7
27,25,25,13.6,5.8
27,25,25,13.6,5.9
27,25,25,13.6,6
27,25,25,13.6,6.1
27,25,25,13.6,6.2
27,25,25,13.6,6.3
27,25,25,13.6,6.4
27,25,25,13.6,6.5
27,25,25,13.6,6.6
27,25,25,13.6,6.7
27,25,25,13.6,6.8
27,25,25,13.6,6.9
27,25,25,13.6,7
27,25,25,13.6,7.1
27,25,25,13.6,7.2
27,25,25,13.6,7.3
27,25,25,13.6,7.4
27,25,25,13.6,7.5
27,25,25,13.6,7.6
27,25,25,13.6,7.7
27,25,25,13.6,7.8
27,25,25,13.6,7.9
27,25,25,13.6,8
27,25,25,13.6,8.1
27,25,25,13.6,8.2
27,25,25,13.6,8.3
27,25,25,13.6,8.4
27,25,25,13.6,8.5
27,25,25,13.6,8.6
27,25,25,13.6,8.7
27,25,25,13.6,8.8
27,25,25,13.6,8.9
27,25,25,13.6,9
27,25,25,13.6,9.1
27,25,25,13.6,9.2
27,25,25,13.6,9.3
27,25,25,13.6,9.4
27,25,25,13.6,9.5
27,25,25,13.6,9.6
27,25,25,13.6,9.7
27,25,25,13.6,9.8
27,25,25,13.6,9.9
27,25,25,13.6,10
27,25,25,13.7,5.2
27,25,25,13.7,5.3
27,25,25,13.7,5.4
27,25,25,13.7,5.5
27,25,25,13.7,5.6
27,25,25,13.7,5.7
27,25,25,13.7,5.8
27,25,25,13.7,5.9
27,25,25,13.7,6
27,25,25,13.7,6.1
27,25,25,13.7,6.2
27,25,25,13.7,6.3
27,25,25,13.7,6.4
27,25,25,13.7,6.5
27,25,25,13.7,6.6
27,25,25,13.7,6.7
27,25,25,13.7,6.8
27,25,25,13.7,6.9
27,25,25,13.7,7
27,25,25,13.7,7.1
27,25,25,13.7,7.2
27,25,25,13.7,7.3
27,25,25,13.7,7.4
27,25,25,13.7,7.5
27,25,25,13.7,7.6
27,25,25,13.7,7.7
27,25,25,13.7,7.8
27,25,25,13.7,7.9
27,25,25,13.7,8
27,25,25,13.7,8.1
27,25,25,13.7,8.2
27,25,25,13.7,8.3
27,25,25,13.7,8.4
27,25,25,13.7,8.5
27,25,25,13.7,8.6
27,25,25,13.7,8.7
27,25,25,13.7,8.8
27,25,25,13.7,8.9
27,25,25,13.7,9
27,25,25,13.7,9.1
27,25,25,13.7,9.2
27,25,25,13.7,9.3
27,25,25,13.7,9.4
27,25,25,13.7,9.5
27,25,25,13.7,9.6
27,25,25,13.7,9.7
27,25,25,13.7,9.8
27,25,25,13.7,9.9
27,25,25,13.7,10
27,25,25,13.8,5.4
27,25,25,13.8,5.5
27,25,25,13.8,5.6
27,25,25,13.8,5.7
27,25,25,13.8,5.8
27,25,25,13.8,5.9
27,25,25,13.8,6
27,25,25,13.8,6.1
27,25,25,13.8,6.2
27,25,25,13.8,6.3
27,25,25,13.8,6.4
27,25,25,13.8,6.5
27,25,25,13.8,6.6
27,25,25,13.8,6.7
27,25,25,13.8,6.8
27,25,25,13.8,6.9
27,25,25,13.8,7
27,25,25,13.8,7.1
27,25,25,13.8,7.2
27,25,25,13.8,7.3
27,25,25,13.8,7.4
27,25,25,13.8,7.5
27,25,25,13.8,7.6
27,25,25,13.8,7.7
27,25,25,13.8,7.8
27,25,25,13.8,7.9
27,25,25,13.8,8
27,25,25,13.8,8.1
27,25,25,13.8,8.2
27,25,25,13.8,8.3
27,25,25,13.8,8.4
27,25,25,13.8,8.5
27,25,25,13.8,8.6
27,25,25,13.8,8.7
27,25,25,13.8,8.8
27,25,25,13.8,8.9
27,25,25,13.8,9
27,25,25,13.8,9.1
27,25,25,13.8,9.2
27,25,25,13.8,9.3
27,25,25,13.8,9.4
27,25,25,13.8,9.5
27,25,25,13.8,9.6
27,25,25,13.8,9.7
27,25,25,13.8,9.8
27,25,25,13.8,9.9
27,25,25,13.8,10
27,25,25,13.9,5.5
27,25,25,13.9,5.6
27,25,25,13.9,5.7
27,25,25,13.9,5.8
27,25,25,13.9,5.9
27,25,25,13.9,6
27,25,25,13.9,6.1
27,25,25,13.9,6.2
27,25,25,13.9,6.3
27,25,25,13.9,6.4
27,25,25,13.9,6.5
27,25,25,13.9,6.6
27,25,25,13.9,6.7
27,25,25,13.9,6.8
27,25,25,13.9,6.9
27,25,25,13.9,7
27,25,25,13.9,7.1
27,25,25,13.9,7.2
27,25,25,13.9,7.3
27,25,25,13.9,7.4
27,25,25,13.9,7.5
27,25,25,13.9,7.6
27,25,25,13.9,7.7
27,25,25,13.9,7.8
27,25,25,13.9,7.9
27,25,25,13.9,8
27,25,25,13.9,8.1
27,25,25,13.9,8.2
27,25,25,13.9,8.3
27,25,25,13.9,8.4
27,25,25,13.9,8.5
27,25,25,13.9,8.6
27,25,25,13.9,8.7
27,25,25,13.9,8.8
27,25,25,13.9,8.9
27,25,25,13.9,9
27,25,25,13.9,9.1
27,25,25,13.9,9.2
27,25,25,13.9,9.3
27,25,25,13.9,9.4
27,25,25,13.9,9.5
27,25,25,13.9,9.6
27,25,25,13.9,9.7
27,25,25,13.9,9.8
27,25,25,13.9,9.9
27,25,25,13.9,10
27,25,25,14,5.7
27,25,25,14,5.8
27,25,25,14,5.9
27,25,25,14,6
27,25,25,14,6.1
27,25,25,14,6.2
27,25,25,14,6.3
27,25,25,14,6.4
27,25,25,14,6.5
27,25,25,14,6.6
27,25,25,14,6.7
27,25,25,14,6.8
27,25,25,14,6.9
27,25,25,14,7
27,25,25,14,7.1
27,25,25,14,7.2
27,25,25,14,7.3
27,25,25,14,7.4
27,25,25,14,7.5
27,25,25,14,7.6
27,25,25,14,7.7
27,25,25,14,7.8
27,25,25,14,7.9
27,25,25,14,8
27,25,25,14,8.1
27,25,25,14,8.2
27,25,25,14,8.3
27,25,25,14,8.4
27,25,25,14,8.5
27,25,25,14,8.6
27,25,25,14,8.7
27,25,25,14,8.8
27,25,25,14,8.9
27,25,25,14,9
27,25,25,14,9.1
27,25,25,14,9.2
27,25,25,14,9.3
27,25,25,14,9.4
27,25,25,14,9.5
27,25,25,14,9.6
27,25,25,14,9.7
27,25,25,14,9.8
27,25,25,14,9.9
27,25,25,14,10
28,25,25,14.1,5.8
28,25,25,14.1,5.9
28,25,25,14.1,6
28,25,25,14.1,6.1
28,25,25,14.1,6.2
28,25,25,14.1,6.3
28,25,25,14.1,6.4
28,25,25,14.1,6.5
28,25,25,14.1,6.6
28,25,25,14.1,6.7
28,25,25,14.1,6.8
28,25,25,14.1,6.9
28,25,25,14.1,7
28,25,25,14.1,7.1
28,25,25,14.1,7.2
28,25,25,14.1,7.3
28,25,25,14.1,7.4
28,25,25,14.1,7.5
28,25,25,14.1,7.6
28,25,25,14.1,7.7
28,25,25,14.1,7.8
28,25,25,14.1,7.9
28,25,25,14.1,8
28,25,25,14.1,8.1
28,25,25,14.1,8.2
28,25,25,14.1,8.3
28,25,25,14.1,8.4
28,25,25,14.1,8.5
28,25,25,14.1,8.6
28,25,25,14.1,8.7
28,25,25,14.1,8.8
28,25,25,14.1,8.9
28,25,25,14.1,9
28,25,25,14.1,9.1
28,25,25,14.1,9.2
28,25,25,14.1,9.3
28,25,25,14.1,9.4
28,25,25,14.1,9.5
28,25,25,14.1,9.6
28,25,25,14.1,9.7
28,25,25,14.1,9.8
28,25,25,14.1,9.9
28,25,25,14.1,10
28,25,25,14.2,6
28,25,25,14.2,6.1
28,25,25,14.2,6.2
28,25,25,14.2,6.3
28,25,25,14.2,6.4
28,25,25,14.2,6.5
28,25,25,14.2,6.6
28,25,25,14.2,6.7
28,25,25,14.2,6.8
28,25,25,14.2,6.9
28,25,25,14.2,7
28,25,25,14.2,7.1
28,25,25,14.2,7.2
28,25,25,14.2,7.3
28,25,25,14.2,7.4
28,25,25,14.2,7.5
28,25,25,14.2,7.6
28,25,25,14.2,7.7
28,25,25,14.2,7.8
28,25,25,14.2,7.9
28,25,25,14.2,8
28,25,25,14.2,8.1
28,25,25,14.2,8.2
28,25,25,14.2,8.3
28,25,25,14.2,8.4
28,25,25,14.2,8.5
28,25,25,14.2,8.6
28,25,25,14.2,8.7
28,25,25,14.2,8.8
28,25,25,14.2,8.9
28,25,25,14.2,9
28,25,25,14.2,9.1
28,25,25,14.2,9.2
28,25,25,14.2,9.3
28,25,25,14.2,9.4
28,25,25,14.2,9.5
28,25,25,14.2,9.6
28,25,25,14.2,9.7
28,25,25,14.2,9.8
28,25,25,14.2,9.9
28,25,25,14.2,10
28,25,25,14.3,6.1
28,25,25,14.3,6.2
28,25,25,14.3,6.3
28,25,25,14.3,6.4
28,25,25,14.3,6.5
28,25,25,14.3,6.6
28,25,25,14.3,6.7
28,25,25,14.3,6.8
28,25,25,14.3,6.9
28,25,25,14.3,7
28,25,25,14.3,7.1
28,25,25,14.3,7.2
28,25,25,14.3,7.3
28,25,25,14.3,7.4
28,25,25,14.3,7.5
28,25,25,14.3,7.6
28,25,25,14.3,7.7
28,25,25,14.3,7.8
28,25,25,14.3,7.9
28,25,25,14.3,8
28,25,25,14.3,8.1
28,25,25,14.3,8.2
28,25,25,14.3,8.3
28,25,25,14.3,8.4
28,25,25,14.3,8.5
28,25,25,14.3,8.6
28,25,25,14.3,8.7
28,25,25,14.3,8.8
28,25,25,14.3,8.9
28,25,25,14.3,9
28,25,25,14.3,9.1
28,25,25,14.3,9.2
28,25,25,14.3,9.3
28,25,25,14.3,9.4
28,25,25,14.3,9.5
28,25,25,14.3,9.6
28,25,25,14.3,9.7
28,25,25,14.3,9.8
28,25,25,14.3,9.9
28,25,25,14.3,10
28,25,25,14.4,6.3
28,25,25,14.4,6.4
28,25,25,14.4,6.5
28,25,25,14.4,6.6
28,25,25,14.4,6.7
28,25,25,14.4,6.8
28,25,25,14.4,6.9
28,25,25,14.4,7
28,25,25,14.4,7.1
28,25,25,14.4,7.2
28,25,25,14.4,7.3
28,25,25,14.4,7.4
28,25,25,14.4,7.5
28,25,25,14.4,7.6
28,25,25,14.4,7.7
28,25,25,14.4,7.8
28,25,25,14.4,7.9
28,25,25,14.4,8
28,25,25,14.4,8.1
28,25,25,14.4,8.2
28,25,25,14.4,8.3
28,25,25,14.4,8.4
28,25,25,14.4,8.5
28,25,25,14.4,8.6
28,25,25,14.4,8.7
28,25,25,14.4,8.8
28,25,25,14.4,8.9
28,25,25,14.4,9
28,25,25,14.4,9.1
28,25,25,14.4,9.2
28,25,25,14.4,9.3
28,25,25,14.4,9.4
28,25,25,14.4,9.5
28,25,25,14.4,9.6
28,25,25,14.4,9.7
28,25,25,14.4,9.8
28,25,25,14.4,9.9
28,25,25,14.4,10
28,25,25,14.5,6.4
28,25,25,14.5,6.5
28,25,25,14.5,6.6
28,25,25,14.5,6.7
28,25,25,14.5,6.8
28,25,25,14.5,6.9
28,25,25,14.5,7
28,25,25,14.5,7.1
28,25,25,14.5,7.2
28,25,25,14.5,7.3
28,25,25,14.5,7.4
28,25,25,14.5,7.5
28,25,25,14.5,7.6
28,25,25,14.5,7.7
28,25,25,14.5,7.8
28,25,25,14.5,7.9
28,25,25,14.5,8
28,25,25,14.5,8.1
28,25,25,14.5,8.2
28,25,25,14.5,8.3
28,25,25,14.5,8.4
28,25,25,14.5,8.5
28,25,25,14.5,8.6
28,25,25,14.5,8.7
28,25,25,14.5,8.8
28,25,25,14.5,8.9
28,25,25,14.5,9
28,25,25,14.5,9.1
28,25,25,14.5,9.2
28,25,25,14.5,9.3
28,25,25,14.5,9.4
28,25,25,14.5,9.5
28,25,25,14.5,9.6
28,25,25,14.5,9.7
28,25,25,14.5,9.8
28,25,25,14.5,9.9
28,25,25,14.5,10
29,25,25,14.6,6.6
29,25,25,14.6,6.7
29,25,25,14.6,6.8
29,25,25,14.6,6.9
29,25,25,14.6,7
29,25,25,14.6,7.1
29,25,25,14.6,7.2
29,25,25,14.6,7.3
29,25,25,14.6,7.4
29,25,25,14.6,7.5
29,25,25,14.6,7.6
29,25,25,14.6,7.7
29,25,25,14.6,7.8
29,25,25,14.6,7.9
29,25,25,14.6,8
29,25,25,14.6,8.1
29,25,25,14.6,8.2
29,25,25,14.6,8.3
29,25,25,14.6,8.4
29,25,25,14.6,8.5
29,25,25,14.6,8.6
29,25,25,14.6,8.7
29,25,25,14.6,8.8
29,25,25,14.6,8.9
29,25,25,14.6,9
29,25,25,14.6,9.1
29,25,25,14.6,9.2
29,25,25,14.6,9.3
29,25,25,14.6,9.4
29,25,25,14.6,9.5
29,25,25,14.6,9.6
29,25,25,14.6,9.7
29,25,25,14.6,9.8
29,25,25,14.6,9.9
29,25,25,14.6,10
29,25,25,14.7,6.8
29,25,25,14.7,6.9
29,25,25,14.7,7
29,25,25,14.7,7.1
29,25,25,14.7,7.2
29,25,25,14.7,7.3
29,25,25,14.7,7.4
29,25,25,14.7,7.5
29,25,25,14.7,7.6
29,25,25,14.7,7.7
29,25,25,14.7,7.8
29,25,25,14.7,7.9
29,25,25,14.7,8
29,25,25,14.7,8.1
29,25,25,14.7,8.2
29,25,25,14.7,8.3
29,25,25,14.7,8.4
29,25,25,14.7,8.5
29,25,25,14.7,8.6
29,25,25,14.7,8.7
29,25,25,14.7,8.8
29,25,25,14.7,8.9
29,25,25,14.7,9
29,25,25,14.7,9.1
29,25,25,14.7,9.2
29,25,25,14.7,9.3
29,25,25,14.7,9.4
29,25,25,14.7,9.5
29,25,25,14.7,9.6
29,25,25,14.7,9.7
29,25,25,14.7,9.8
29,25,25,14.7,9.9
29,25,25,14.7,10
29,25,25,14.8,6.9
29,25,25,14.8,7
29,25,25,14.8,7.1
29,25,25,14.8,7.2
29,25,25,14.8,7.3
29,25,25,14.8,7.4
29,25,25,14.8,7.5
29,25,25,14.8,7.6
29,25,25,14.8,7.7
29,25,25,14.8,7.8
29,25,25,14.8,7.9
29,25,25,14.8,8
29,25,25,14.8,8.1
29,25,25,14.8,8.2
29,25,25,14.8,8.3
29,25,25,14.8,8.4
29,25,25,14.8,8.5
29,25,25,14.8,8.6
29,25,25,14.8,8.7
29,25,25,14.8,8.8
29,25,25,14.8,8.9
29,25,25,14.8,9
29,25,25,14.8,9.1
29,25,25,14.8,9.2
29,25,25,14.8,9.3
29,25,25,14.8,9.4
29,25,25,14.8,9.5
29,25,25,14.8,9.6
29,25,25,14.8,9.7
29,25,25,14.8,9.8
29,25,25,14.8,9.9
29,25,25,14.8,10
29,25,25,14.9,7.1
29,25,25,14.9,7.2
29,25,25,14.9,7.3
29,25,25,14.9,7.4
29,25,25,14.9,7.5
29,25,25,14.9,7.6
29,25,25,14.9,7.7
29,25,25,14.9,7.8
29,25,25,14.9,7.9
29,25,25,14.9,8
29,25,25,14.9,8.1
29,25,25,14.9,8.2
29,25,25,14.9,8.3
29,25,25,14.9,8.4
29,25,25,14.9,8.5
29,25,25,14.9,8.6
29,25,25,14.9,8.7
29,25,25,14.9,8.8
29,25,25,14.9,8.9
29,25,25,14.9,9
29,25,25,14.9,9.1
29,25,25,14.9,9.2
29,25,25,14.9,9.3
29,25,25,14.9,9.4
29,25,25,14.9,9.5
29,25,25,14.9,9.6
29,25,25,14.9,9.7
29,25,25,14.9,9.8
29,25,25,14.9,9.9
29,25,25,14.9,10
29,25,25,15,7.3
29,25,25,15,7.4
29,25,25,15,7.5
29,25,25,15,7.6
29,25,25,15,7.7
29,25,25,15,7.8
29,25,25,15,7.9
29,25,25,15,8
29,25,25,15,8.1
29,25,25,15,8.2
29,25,25,15,8.3
29,25,25,15,8.4
29,25,25,15,8.5
29,25,25,15,8.6
29,25,25,15,8.7
29,25,25,15,8.8
29,25,25,15,8.9
29,25,25,15,9
29,25,25,15,9.1
29,25,25,15,9.2
29,25,25,15,9.3
29,25,25,15,9.4
29,25,25,15,9.5
29,25,25,15,9.6
29,25,25,15,9.7
29,25,25,15,9.8
29,25,25,15,9.9
29,25,25,15,10
30,25,25,15.1,7.4
30,25,25,15.1,7.5
30,25,25,15.1,7.6
30,25,25,15.1,7.7
30,25,25,15.1,7.8
30,25,25,15.1,7.9
30,25,25,15.1,8
30,25,25,15.1,8.1
30,25,25,15.1,8.2
30,25,25,15.1,8.3
30,25,25,15.1,8.4
30,25,25,15.1,8.5
30,25,25,15.1,8.6
30,25,25,15.1,8.7
30,25,25,15.1,8.8
30,25,25,15.1,8.9
30,25,25,15.1,9
30,25,25,15.1,9.1
30,25,25,15.1,9.2
30,25,25,15.1,9.3
30,25,25,15.1,9.4
30,25,25,15.1,9.5
30,25,25,15.1,9.6
30,25,25,15.1,9.7
30,25,25,15.1,9.8
30,25,25,15.1,9.9
30,25,25,15.1,10
30,25,25,15.2,7.6
30,25,25,15.2,7.7
30,25,25,15.2,7.8
30,25,25,15.2,7.9
30,25,25,15.2,8
30,25,25,15.2,8.1
30,25,25,15.2,8.2
30,25,25,15.2,8.3
30,25,25,15.2,8.4
30,25,25,15.2,8.5
30,25,25,15.2,8.6
30,25,25,15.2,8.7
30,25,25,15.2,8.8
30,25,25,15.2,8.9
30,25,25,15.2,9
30,25,25,15.2,9.1
30,25,25,15.2,9.2
30,25,25,15.2,9.3
30,25,25,15.2,9.4
30,25,25,15.2,9.5
30,25,25,15.2,9.6
30,25,25,15.2,9.7
30,25,25,15.2,9.8
30,25,25,15.2,9.9
30,25,25,15.2,10
30,25,25,15.3,7.8
30,25,25,15.3,7.9
30,25,25,15.3,8
30,25,25,15.3,8.1
30,25,25,15.3,8.2
30,25,25,15.3,8.3
30,25,25,15.3,8.4
30,25,25,15.3,8.5
30,25,25,15.3,8.6
30,25,25,15.3,8.7
30,25,25,15.3,8.8
30,25,25,15.3,8.9
30,25,25,15.3,9
30,25,25,15.3,9.1
30,25,25,15.3,9.2
30,25,25,15.3,9.3
30,25,25,15.3,9.4
30,25,25,15.3,9.5
30,25,25,15.3,9.6
30,25,25,15.3,9.7
30,25,25,15.3,9.8
30,25,25,15.3,9.9
30,25,25,15.3,10
30,25,25,15.4,8
30,25,25,15.4,8.1
30,25,25,15.4,8.2
30,25,25,15.4,8.3
30,25,25,15.4,8.4
30,25,25,15.4,8.5
30,25,25,15.4,8.6
30,25,25,15.4,8.7
30,25,25,15.4,8.8
30,25,25,15.4,8.9
30,25,25,15.4,9
30,25,25,15.4,9.1
30,25,25,15.4,9.2
30,25,25,15.4,9.3
30,25,25,15.4,9.4
30,25,25,15.4,9.5
30,25,25,15.4,9.6
30,25,25,15.4,9.7
30,25,25,15.4,9.8
30,25,25,15.4,9.9
30,25,25,15.4,10
30,25,25,15.5,8.1
30,25,25,15.5,8.2
30,25,25,15.5,8.3
30,25,25,15.5,8.4
30,25,25,15.5,8.5
30,25,25,15.5,8.6
30,25,25,15.5,8.7
30,25,25,15.5,8.8
30,25,25,15.5,8.9
30,25,25,15.5,9
30,25,25,15.5,9.1
30,25,25,15.5,9.2
30,25,25,15.5,9.3
30,25,25,15.5,9.4
30,25,25,15.5,9.5
30,25,25,15.5,9.6
30,25,25,15.5,9.7
30,25,25,15.5,9.8
30,25,25,15.5,9.9
30,25,25,15.5,10
31,25,25,15.6,8.3
31,25,25,15.6,8.4
31,25,25,15.6,8.5
31,25,25,15.6,8.6
31,25,25,15.6,8.7
31,25,25,15.6,8.8
31,25,25,15.6,8.9
31,25,25,15.6,9
31,25,25,15.6,9.1
31,25,25,15.6,9.2
31,25,25,15.6,9.3
31,25,25,15.6,9.4
31,25,25,15.6,9.5
31,25,25,15.6,9.6
31,25,25,15.6,9.7
31,25,25,15.6,9.8
31,25,25,15.6,9.9
31,25,25,15.6,10
31,25,25,15.7,8.5
31,25,25,15.7,8.6
31,25,25,15.7,8.7
31,25,25,15.7,8.8
31,25,25,15.7,8.9
31,25,25,15.7,9
31,25,25,15.7,9.1
31,25,25,15.7,9.2
31,25,25,15.7,9.3
31,25,25,15.7,9.4
31,25,25,15.7,9.5
31,25,25,15.7,9.6
31,25,25,15.7,9.7
31,25,25,15.7,9.8
31,25,25,15.7,9.9
31,25,25,15.7,10
31,25,25,15.8,8.7
31,25,25,15.8,8.8
31,25,25,15.8,8.9
31,25,25,15.8,9
31,25,25,15.8,9.1
31,25,25,15.8,9.2
31,25,25,15.8,9.3
31,25,25,15.8,9.4
31,25,25,15.8,9.5
31,25,25,15.8,9.6
31,25,25,15.8,9.7
31,25,25,15.8,9.8
31,25,25,15.8,9.9
31,25,25,15.8,10
31,25,25,15.9,8.9
31,25,25,15.9,9
31,25,25,15.9,9.1
31,25,25,15.9,9.2
31,25,25,15.9,9.3
31,25,25,15.9,9.4
31,25,25,15.9,9.5
31,25,25,15.9,9.6
31,25,25,15.9,9.7
31,25,25,15.9,9.8
31,25,25,15.9,9.9
31,25,25,15.9,10
31,25,25,16,9.1
31,25,25,16,9.2
31,25,25,16,9.3
31,25,25,16,9.4
31,25,25,16,9.5
31,25,25,16,9.6
31,25,25,16,9.7
31,25,25,16,9.8
31,25,25,16,9.9
31,25,25,16,10
32,25,25,16.1,9.3
32,25,25,16.1,9.4
32,25,25,16.1,9.5
32,25,25,16.1,9.6
32,25,25,16.1,9.7
32,25,25,16.1,9.8
32,25,25,16.1,9.9
32,25,25,16.1,10
32,25,25,16.2,9.5
32,25,25,16.2,9.6
32,25,25,16.2,9.7
32,25,25,16.2,9.8
32,25,25,16.2,9.9
32,25,25,16.2,10
32,25,25,16.3,9.7
32,25,25,16.3,9.8
32,25,25,16.3,9.9
32,25,25,16.3,10
32,25,25,16.4,9.9
32,25,25,16.4,10
32,25,25,16.5,10
10,25,25,5,1
10,25,25,5,2
10,25,25,5,3
10,25,25,5,4
10,25,25,5,5
10,25,25,5,6
10,25,25,5,7
10,25,25,5,8
10,25,25,5,9
10,25,25,5,10
12,25,25,6,1
12,25,25,6,2
12,25,25,6,3
12,25,25,6,4
12,25,25,6,5
12,25,25,6,6
12,25,25,6,7
12,25,25,6,8
12,25,25,6,9
12,25,25,6,10
14,25,25,7,0
14,25,25,7,2
14,25,25,7,3
14,25,25,7,4
14,25,25,7,5
14,25,25,7,6
14,25,25,7,7
14,25,25,7,8
14,25,25,7,9
14,25,25,7,10
16,25,25,8,0
16,25,25,8,3
16,25,25,8,4
16,25,25,8,5
16,25,25,8,6
16,25,25,8,7
16,25,25,8,8
16,25,25,8,9
16,25,25,8,10
18,25,25,9,0
18,25,25,9,4
18,25,25,9,5
18,25,25,9,6
18,25,25,9,7
18,25,25,9,8
18,25,25,9,9
18,25,25,9,10
20,25,25,10,0
20,25,25,10,1
20,25,25,10,5
20,25,25,10,6
20,25,25,10,7
20,25,25,10,8
20,25,25,10,9
20,25,25,10,10
22,25,25,11,0
22,25,25,11,1
22,25,25,11,2
22,25,25,11,6
22,25,25,11,7
22,25,25,11,8
22,25,25,11,9
22,25,25,11,10
24,25,25,12,0
24,25,25,12,1
24,25,25,12,2
24,25,25,12,3
24,25,25,12,8
24,25,25,12,9
24,25,25,12,10
26,25,25,13,0
26,25,25,13,1
26,25,25,13,2
26,25,25,13,3
26,25,25,13,4
26,25,25,13,10
28,25,25,14,0
28,25,25,14,1
28,25,25,14,2
28,25,25,14,3
28,25,25,14,4
28,25,25,14,5
30,25,25,15,0
30,25,25,15,1
30,25,25,15,2
30,25,25,15,3
30,25,25,15,4
30,25,25,15,5
30,25,25,15,6
30,25,25,15,7
32,25,25,16,0
32,25,25,16,1
32,25,25,16,2
32,25,25,16,3
32,25,25,16,4
32,25,25,16,5
32,25,25,16,6
32,25,25,16,7
32,25,25,16,8
32,25,25,16,9
34,25,25,17,0
34,25,25,17,1
34,25,25,17,2
34,25,25,17,3
34,25,25,17,4
34,25,25,17,5
34,25,25,17,6
34,25,25,17,7
34,25,25,17,8
34,25,25,17,9
34,25,25,17,10
36,25,25,18,0
36,25,25,18,1
36,25,25,18,2
36,25,25,18,3
36,25,25,18,4
36,25,25,18,5
36,25,25,18,6
36,25,25,18,7
36,25,25,18,8
36,25,25,18,9
36,25,25,18,10
38,25,25,19,0
38,25,25,19,1
38,25,25,19,2
38,25,25,19,3
38,25,25,19,4
38,25,25,19,5
38,25,25,19,6
38,25,25,19,7
38,25,25,19,8
38,25,25,19,9
38,25,25,19,10
40,25,25,20,0
40,25,25,20,1
40,25,25,20,2
40,25,25,20,3
40,25,25,20,4
40,25,25,20,5
40,25,25,20,6
40,25,25,20,7
40,25,25,20,8
40,25,25,20,9
40,25,25,20,10
10,30,30,5,0
10,30,30,5,0.1
10,30,30,5.1,0
10,30,30,5.1,0.1
10,30,30,5.1,0.2
10,30,30,5.2,0
10,30,30,5.2,0.1
10,30,30,5.2,0.2
10,30,30,5.3,0
10,30,30,5.3,0.1
10,30,30,5.3,0.2
10,30,30,5.4,0
10,30,30,5.4,0.1
10,30,30,5.4,0.2
10,30,30,5.5,0
10,30,30,5.5,0.1
10,30,30,5.5,0.2
10,30,30,5.5,0.3
11,30,30,5.6,0
11,30,30,5.6,0.1
11,30,30,5.6,0.2
11,30,30,5.6,0.3
11,30,30,5.7,0
11,30,30,5.7,0.1
11,30,30,5.7,0.2
11,30,30,5.7,0.3
11,30,30,5.8,0
11,30,30,5.8,0.1
11,30,30,5.8,0.2
11,30,30,5.8,0.3
11,30,30,5.8,0.4
11,30,30,5.9,0
11,30,30,5.9,0.1
11,30,30,5.9,0.2
11,30,30,5.9,0.3
11,30,30,5.9,0.4
11,30,30,6,0
11,30,30,6,0.1
11,30,30,6,0.2
11,30,30,6,0.3
11,30,30,6,0.4
12,30,30,6.1,0
12,30,30,6.1,0.1
12,30,30,6.1,0.2
12,30,30,6.1,0.3
12,30,30,6.1,0.4
12,30,30,6.1,0.5
12,30,30,6.2,0
12,30,30,6.2,0.1
12,30,30,6.2,0.2
12,30,30,6.2,0.3
12,30,30,6.2,0.4
12,30,30,6.2,0.5
12,30,30,6.3,0
12,30,30,6.3,0.1
12,30,30,6.3,0.2
12,30,30,6.3,0.3
12,30,30,6.3,0.4
12,30,30,6.3,0.5
12,30,30,6.3,0.6
12,30,30,6.4,0
12,30,30,6.4,0.1
12,30,30,6.4,0.2
12,30,30,6.4,0.3
12,30,30,6.4,0.4
12,30,30,6.4,0.5
12,30,30,6.4,0.6
12,30,30,6.5,0
12,30,30,6.5,0.1
12,30,30,6.5,0.2
12,30,30,6.5,0.3
12,30,30,6.5,0.4
12,30,30,6.5,0.5
12,30,30,6.5,0.6
12,30,30,6.5,0.7
13,30,30,6.6,0.1
13,30,30,6.6,0.2
13,30,30,6.6,0.3
13,30,30,6.6,0.4
13,30,30,6.6,0.5
13,30,30,6.6,0.6
13,30,30,6.6,0.7
13,30,30,6.7,0.1
13,30,30,6.7,0.2
13,30,30,6.7,0.3
13,30,30,6.7,0.4
13,30,30,6.7,0.5
13,30,30,6.7,0.6
13,30,30,6.7,0.7
13,30,30,6.7,0.8
13,30,30,6.8,0.1
13,30,30,6.8,0.2
13,30,30,6.8,0.3
13,30,30,6.8,0.4
13,30,30,6.8,0.5
13,30,30,6.8,0.6
13,30,30,6.8,0.7
13,30,30,6.8,0.8
13,30,30,6.9,0.1
13,30,30,6.9,0.2
13,30,30,6.9,0.3
13,30,30,6.9,0.4
13,30,30,6.9,0.5
13,30,30,6.9,0.6
13,30,30,6.9,0.7
13,30,30,6.9,0.8
13,30,30,6.9,0.9
13,30,30,7,0.1
13,30,30,7,0.2
13,30,30,7,0.3
13,30,30,7,0.4
13,30,30,7,0.5
13,30,30,7,0.6
13,30,30,7,0.7
13,30,30,7,0.8
13,30,30,7,0.9
14,30,30,7.1,0.1
14,30,30,7.1,0.2
14,30,30,7.1,0.3
14,30,30,7.1,0.4
14,30,30,7.1,0.5
14,30,30,7.1,0.6
14,30,30,7.1,0.7
14,30,30,7.1,0.8
14,30,30,7.1,0.9
14,30,30,7.1,1
14,30,30,7.2,0.1
14,30,30,7.2,0.2
14,30,30,7.2,0.3
14,30,30,7.2,0.4
14,30,30,7.2,0.5
14,30,30,7.2,0.6
14,30,30,7.2,0.7
14,30,30,7.2,0.8
14,30,30,7.2,0.9
14,30,30,7.2,1
14,30,30,7.3,0.1
14,30,30,7.3,0.2
14,30,30,7.3,0.3
14,30,30,7.3,0.4
14,30,30,7.3,0.5
14,30,30,7.3,0.6
14,30,30,7.3,0.7
14,30,30,7.3,0.8
14,30,30,7.3,0.9
14,30,30,7.3,1
14,30,30,7.3,1.1
14,30,30,7.4,0.1
14,30,30,7.4,0.2
14,30,30,7.4,0.3
14,30,30,7.4,0.4
14,30,30,7.4,0.5
14,30,30,7.4,0.6
14,30,30,7.4,0.7
14,30,30,7.4,0.8
14,30,30,7.4,0.9
14,30,30,7.4,1
14,30,30,7.4,1.1
14,30,30,7.4,1.2
14,30,30,7.5,0.1
14,30,30,7.5,0.2
14,30,30,7.5,0.3
14,30,30,7.5,0.4
14,30,30,7.5,0.5
14,30,30,7.5,0.6
14,30,30,7.5,0.7
14,30,30,7.5,0.8
14,30,30,7.5,0.9
14,30,30,7.5,1
14,30,30,7.5,1.1
14,30,30,7.5,1.2
15,30,30,7.6,0.1
15,30,30,7.6,0.2
15,30,30,7.6,0.3
15,30,30,7.6,0.4
15,30,30,7.6,0.5
15,30,30,7.6,0.6
15,30,30,7.6,0.7
15,30,30,7.6,0.8
15,30,30,7.6,0.9
15,30,30,7.6,1
15,30,30,7.6,1.1
15,30,30,7.6,1.2
15,30,30,7.6,1.3
15,30,30,7.7,0.2
15,30,30,7.7,0.3
15,30,30,7.7,0.4
15,30,30,7.7,0.5
15,30,30,7.7,0.6
15,30,30,7.7,0.7
15,30,30,7.7,0.8
15,30,30,7.7,0.9
15,30,30,7.7,1
15,30,30,7.7,1.1
15,30,30,7.7,1.2
15,30,30,7.7,1.3
15,30,30,7.7,1.4
15,30,30,7.8,0.2
15,30,30,7.8,0.3
15,30,30,7.8,0.4
15,30,30,7.8,0.5
15,30,30,7.8,0.6
15,30,30,7.8,0.7
15,30,30,7.8,0.8
15,30,30,7.8,0.9
15,30,30,7.8,1
15,30,30,7.8,1.1
15,30,30,7.8,1.2
15,30,30,7.8,1.3
15,30,30,7.8,1.4
15,30,30,7.9,0.2
15,30,30,7.9,0.3
15,30,30,7.9,0.4
15,30,30,7.9,0.5
15,30,30,7.9,0.6
15,30,30,7.9,0.7
15,30,30,7.9,0.8
15,30,30,7.9,0.9
15,30,30,7.9,1
15,30,30,7.9,1.1
15,30,30,7.9,1.2
15,30,30,7.9,1.3
15,30,30,7.9,1.4
15,30,30,7.9,1.5
15,30,30,8,0.2
15,30,30,8,0.3
15,30,30,8,0.4
15,30,30,8,0.5
15,30,30,8,0.6
15,30,30,8,0.7
15,30,30,8,0.8
15,30,30,8,0.9
15,30,30,8,1
15,30,30,8,1.1
15,30,30,8,1.2
15,30,30,8,1.3
15,30,30,8,1.4
15,30,30,8,1.5
15,30,30,8,1.6
16,30,30,8.1,0.3
16,30,30,8.1,0.4
16,30,30,8.1,0.5
16,30,30,8.1,0.6
16,30,30,8.1,0.7
16,30,30,8.1,0.8
16,30,30,8.1,0.9
16,30,30,8.1,1
16,30,30,8.1,1.1
16,30,30,8.1,1.2
16,30,30,8.1,1.3
16,30,30,8.1,1.4
16,30,30,8.1,1.5
16,30,30,8.1,1.6
16,30,30,8.2,0.3
16,30,30,8.2,0.4
16,30,30,8.2,0.5
16,30,30,8.2,0.6
16,30,30,8.2,0.7
16,30,30,8.2,0.8
16,30,30,8.2,0.9
16,30,30,8.2,1
16,30,30,8.2,1.1
16,30,30,8.2,1.2
16,30,30,8.2,1.3
16,30,30,8.2,1.4
16,30,30,8.2,1.5
16,30,30,8.2,1.6
16,30,30,8.2,1.7
16,30,30,8.3,0.3
16,30,30,8.3,0.4
16,30,30,8.3,0.5
16,30,30,8.3,0.6
16,30,30,8.3,0.7
16,30,30,8.3,0.8
16,30,30,8.3,0.9
16,30,30,8.3,1
16,30,30,8.3,1.1
16,30,30,8.3,1.2
16,30,30,8.3,1.3
16,30,30,8.3,1.4
16,30,30,8.3,1.5
16,30,30,8.3,1.6
16,30,30,8.3,1.7
16,30,30,8.3,1.8
16,30,30,8.4,0.3
16,30,30,8.4,0.4
16,30,30,8.4,0.5
16,30,30,8.4,0.6
16,30,30,8.4,0.7
16,30,30,8.4,0.8
16,30,30,8.4,0.9
16,30,30,8.4,1
16,30,30,8.4,1.1
16,30,30,8.4,1.2
16,30,30,8.4,1.3
16,30,30,8.4,1.4
16,30,30,8.4,1.5
16,30,30,8.4,1.6
16,30,30,8.4,1.7
16,30,30,8.4,1.8
16,30,30,8.4,1.9
16,30,30,8.5,0.4
16,30,30,8.5,0.5
16,30,30,8.5,0.6
16,30,30,8.5,0.7
16,30,30,8.5,0.8
16,30,30,8.5,0.9
16,30,30,8.5,1
16,30,30,8.5,1.1
16,30,30,8.5,1.2
16,30,30,8.5,1.3
16,30,30,8.5,1.4
16,30,30,8.5,1.5
16,30,30,8.5,1.6
16,30,30,8.5,1.7
16,30,30,8.5,1.8
16,30,30,8.5,1.9
17,30,30,8.6,0.4
17,30,30,8.6,0.5
17,30,30,8.6,0.6
17,30,30,8.6,0.7
17,30,30,8.6,0.8
17,30,30,8.6,0.9
17,30,30,8.6,1
17,30,30,8.6,1.1
17,30,30,8.6,1.2
17,30,30,8.6,1.3
17,30,30,8.6,1.4
17,30,30,8.6,1.5
17,30,30,8.6,1.6
17,30,30,8.6,1.7
17,30,30,8.6,1.8
17,30,30,8.6,1.9
17,30,30,8.6,2
17,30,30,8.7,0.4
17,30,30,8.7,0.5
17,30,30,8.7,0.6
17,30,30,8.7,0.7
17,30,30,8.7,0.8
17,30,30,8.7,0.9
17,30,30,8.7,1
17,30,30,8.7,1.1
17,30,30,8.7,1.2
17,30,30,8.7,1.3
17,30,30,8.7,1.4
17,30,30,8.7,1.5
17,30,30,8.7,1.6
17,30,30,8.7,1.7
17,30,30,8.7,1.8
17,30,30,8.7,1.9
17,30,30,8.7,2
17,30,30,8.7,2.1
17,30,30,8.8,0.5
17,30,30,8.8,0.6
17,30,30,8.8,0.7
17,30,30,8.8,0.8
17,30,30,8.8,0.9
17,30,30,8.8,1
17,30,30,8.8,1.1
17,30,30,8.8,1.2
17,30,30,8.8,1.3
17,30,30,8.8,1.4
17,30,30,8.8,1.5
17,30,30,8.8,1.6
17,30,30,8.8,1.7
17,30,30,8.8,1.8
17,30,30,8.8,1.9
17,30,30,8.8,2
17,30,30,8.8,2.1
17,30,30,8.8,2.2
17,30,30,8.9,0.5
17,30,30,8.9,0.6
17,30,30,8.9,0.7
17,30,30,8.9,0.8
17,30,30,8.9,0.9
17,30,30,8.9,1
17,30,30,8.9,1.1
17,30,30,8.9,1.2
17,30,30,8.9,1.3
17,30,30,8.9,1.4
17,30,30,8.9,1.5
17,30,30,8.9,1.6
17,30,30,8.9,1.7
17,30,30,8.9,1.8
17,30,30,8.9,1.9
17,30,30,8.9,2
17,30,30,8.9,2.1
17,30,30,8.9,2.2
17,30,30,8.9,2.3
17,30,30,9,0.5
17,30,30,9,0.6
17,30,30,9,0.7
17,30,30,9,0.8
17,30,30,9,0.9
17,30,30,9,1
17,30,30,9,1.1
17,30,30,9,1.2
17,30,30,9,1.3
17,30,30,9,1.4
17,30,30,9,1.5
17,30,30,9,1.6
17,30,30,9,1.7
17,30,30,9,1.8
17,30,30,9,1.9
17,30,30,9,2
17,30,30,9,2.1
17,30,30,9,2.2
17,30,30,9,2.3
17,30,30,9,2.4
18,30,30,9.1,0.6
18,30,30,9.1,0.7
18,30,30,9.1,0.8
18,30,30,9.1,0.9
18,30,30,9.1,1
18,30,30,9.1,1.1
18,30,30,9.1,1.2
18,30,30,9.1,1.3
18,30,30,9.1,1.4
18,30,30,9.1,1.5
18,30,30,9.1,1.6
18,30,30,9.1,1.7
18,30,30,9.1,1.8
18,30,30,9.1,1.9
18,30,30,9.1,2
18,30,30,9.1,2.1
18,30,30,9.1,2.2
18,30,30,9.1,2.3
18,30,30,9.1,2.4
18,30,30,9.1,2.5
18,30,30,9.2,0.6
18,30,30,9.2,0.7
18,30,30,9.2,0.8
18,30,30,9.2,0.9
18,30,30,9.2,1
18,30,30,9.2,1.1
18,30,30,9.2,1.2
18,30,30,9.2,1.3
18,30,30,9.2,1.4
18,30,30,9.2,1.5
18,30,30,9.2,1.6
18,30,30,9.2,1.7
18,30,30,9.2,1.8
18,30,30,9.2,1.9
18,30,30,9.2,2
18,30,30,9.2,2.1
18,30,30,9.2,2.2
18,30,30,9.2,2.3
18,30,30,9.2,2.4
18,30,30,9.2,2.5
18,30,30,9.3,0.7
18,30,30,9.3,0.8
18,30,30,9.3,0.9
18,30,30,9.3,1
18,30,30,9.3,1.1
18,30,30,9.3,1.2
18,30,30,9.3,1.3
18,30,30,9.3,1.4
18,30,30,9.3,1.5
18,30,30,9.3,1.6
18,30,30,9.3,1.7
18,30,30,9.3,1.8
18,30,30,9.3,1.9
18,30,30,9.3,2
18,30,30,9.3,2.1
18,30,30,9.3,2.2
18,30,30,9.3,2.3
18,30,30,9.3,2.4
18,30,30,9.3,2.5
18,30,30,9.3,2.6
18,30,30,9.4,0.7
18,30,30,9.4,0.8
18,30,30,9.4,0.9
18,30,30,9.4,1
18,30,30,9.4,1.1
18,30,30,9.4,1.2
18,30,30,9.4,1.3
18,30,30,9.4,1.4
18,30,30,9.4,1.5
18,30,30,9.4,1.6
18,30,30,9.4,1.7
18,30,30,9.4,1.8
18,30,30,9.4,1.9
18,30,30,9.4,2
18,30,30,9.4,2.1
18,30,30,9.4,2.2
18,30,30,9.4,2.3
18,30,30,9.4,2.4
18,30,30,9.4,2.5
18,30,30,9.4,2.6
18,30,30,9.4,2.7
18,30,30,9.5,0.8
18,30,30,9.5,0.9
18,30,30,9.5,1
18,30,30,9.5,1.1
18,30,30,9.5,1.2
18,30,30,9.5,1.3
18,30,30,9.5,1.4
18,30,30,9.5,1.5
18,30,30,9.5,1.6
18,30,30,9.5,1.7
18,30,30,9.5,1.8
18,30,30,9.5,1.9
18,30,30,9.5,2
18,30,30,9.5,2.1
18,30,30,9.5,2.2
18,30,30,9.5,2.3
18,30,30,9.5,2.4
18,30,30,9.5,2.5
18,30,30,9.5,2.6
18,30,30,9.5,2.7
18,30,30,9.5,2.8
19,30,30,9.6,0.8
19,30,30,9.6,0.9
19,30,30,9.6,1
19,30,30,9.6,1.1
19,30,30,9.6,1.2
19,30,30,9.6,1.3
19,30,30,9.6,1.4
19,30,30,9.6,1.5
19,30,30,9.6,1.6
19,30,30,9.6,1.7
19,30,30,9.6,1.8
19,30,30,9.6,1.9
19,30,30,9.6,2
19,30,30,9.6,2.1
19,30,30,9.6,2.2
19,30,30,9.6,2.3
19,30,30,9.6,2.4
19,30,30,9.6,2.5
19,30,30,9.6,2.6
19,30,30,9.6,2.7
19,30,30,9.6,2.8
19,30,30,9.6,2.9
19,30,30,9.7,0.9
19,30,30,9.7,1
19,30,30,9.7,1.1
19,30,30,9.7,1.2
19,30,30,9.7,1.3
19,30,30,9.7,1.4
19,30,30,9.7,1.5
19,30,30,9.7,1.6
19,30,30,9.7,1.7
19,30,30,9.7,1.8
19,30,30,9.7,1.9
19,30,30,9.7,2
19,30,30,9.7,2.1
19,30,30,9.7,2.2
19,30,30,9.7,2.3
19,30,30,9.7,2.4
19,30,30,9.7,2.5
19,30,30,9.7,2.6
19,30,30,9.7,2.7
19,30,30,9.7,2.8
19,30,30,9.7,2.9
19,30,30,9.7,3
19,30,30,9.8,0.9
19,30,30,9.8,1
19,30,30,9.8,1.1
19,30,30,9.8,1.2
19,30,30,9.8,1.3
19,30,30,9.8,1.4
19,30,30,9.8,1.5
19,30,30,9.8,1.6
19,30,30,9.8,1.7
19,30,30,9.8,1.8
19,30,30,9.8,1.9
19,30,30,9.8,2
19,30,30,9.8,2.1
19,30,30,9.8,2.2
19,30,30,9.8,2.3
19,30,30,9.8,2.4
19,30,30,9.8,2.5
19,30,30,9.8,2.6
19,30,30,9.8,2.7
19,30,30,9.8,2.8
19,30,30,9.8,2.9
19,30,30,9.8,3
19,30,30,9.8,3.1
19,30,30,9.9,1
19,30,30,9.9,1.1
19,30,30,9.9,1.2
19,30,30,9.9,1.3
19,30,30,9.9,1.4
19,30,30,9.9,1.5
19,30,30,9.9,1.6
19,30,30,9.9,1.7
19,30,30,9.9,1.8
19,30,30,9.9,1.9
19,30,30,9.9,2
19,30,30,9.9,2.1
19,30,30,9.9,2.2
19,30,30,9.9,2.3
19,30,30,9.9,2.4
19,30,30,9.9,2.5
19,30,30,9.9,2.6
19,30,30,9.9,2.7
19,30,30,9.9,2.8
19,30,30,9.9,2.9
19,30,30,9.9,3
19,30,30,9.9,3.1
19,30,30,9.9,3.2
19,30,30,10,1
19,30,30,10,1.1
19,30,30,10,1.2
19,30,30,10,1.3
19,30,30,10,1.4
19,30,30,10,1.5
19,30,30,10,1.6
19,30,30,10,1.7
19,30,30,10,1.8
19,30,30,10,1.9
19,30,30,10,2
19,30,30,10,2.1
19,30,30,10,2.2
19,30,30,10,2.3
19,30,30,10,2.4
19,30,30,10,2.5
19,30,30,10,2.6
19,30,30,10,2.7
19,30,30,10,2.8
19,30,30,10,2.9
19,30,30,10,3
19,30,30,10,3.1
19,30,30,10,3.2
19,30,30,10,3.3
20,30,30,10.1,1.1
20,30,30,10.1,1.2
20,30,30,10.1,1.3
20,30,30,10.1,1.4
20,30,30,10.1,1.5
20,30,30,10.1,1.6
20,30,30,10.1,1.7
20,30,30,10.1,1.8
20,30,30,10.1,1.9
20,30,30,10.1,2
20,30,30,10.1,2.1
20,30,30,10.1,2.2
20,30,30,10.1,2.3
20,30,30,10.1,2.4
20,30,30,10.1,2.5
20,30,30,10.1,2.6
20,30,30,10.1,2.7
20,30,30,10.1,2.8
20,30,30,10.1,2.9
20,30,30,10.1,3
20,30,30,10.1,3.1
20,30,30,10.1,3.2
20,30,30,10.1,3.3
20,30,30,10.1,3.4
20,30,30,10.2,1.1
20,30,30,10.2,1.2
20,30,30,10.2,1.3
20,30,30,10.2,1.4
20,30,30,10.2,1.5
20,30,30,10.2,1.6
20,30,30,10.2,1.7
20,30,30,10.2,1.8
20,30,30,10.2,1.9
20,30,30,10.2,2
20,30,30,10.2,2.1
20,30,30,10.2,2.2
20,30,30,10.2,2.3
20,30,30,10.2,2.4
20,30,30,10.2,2.5
20,30,30,10.2,2.6
20,30,30,10.2,2.7
20,30,30,10.2,2.8
20,30,30,10.2,2.9
20,30,30,10.2,3
20,30,30,10.2,3.1
20,30,30,10.2,3.2
20,30,30,10.2,3.3
20,30,30,10.2,3.4
20,30,30,10.2,3.5
20,30,30,10.3,1.2
20,30,30,10.3,1.3
20,30,30,10.3,1.4
20,30,30,10.3,1.5
20,30,30,10.3,1.6
20,30,30,10.3,1.7
20,30,30,10.3,1.8
20,30,30,10.3,1.9
20,30,30,10.3,2
20,30,30,10.3,2.1
20,30,30,10.3,2.2
20,30,30,10.3,2.3
20,30,30,10.3,2.4
20,30,30,10.3,2.5
20,30,30,10.3,2.6
20,30,30,10.3,2.7
20,30,30,10.3,2.8
20,30,30,10.3,2.9
20,30,30,10.3,3
20,30,30,10.3,3.1
20,30,30,10.3,3.2
20,30,30,10.3,3.3
20,30,30,10.3,3.4
20,30,30,10.3,3.5
20,30,30,10.3,3.6
20,30,30,10.4,1.3
20,30,30,10.4,1.4
20,30,30,10.4,1.5
20,30,30,10.4,1.6
20,30,30,10.4,1.7
20,30,30,10.4,1.8
20,30,30,10.4,1.9
20,30,30,10.4,2
20,30,30,10.4,2.1
20,30,30,10.4,2.2
20,30,30,10.4,2.3
20,30,30,10.4,2.4
20,30,30,10.4,2.5
20,30,30,10.4,2.6
20,30,30,10.4,2.7
20,30,30,10.4,2.8
20,30,30,10.4,2.9
20,30,30,10.4,3
20,30,30,10.4,3.1
20,30,30,10.4,3.2
20,30,30,10.4,3.3
20,30,30,10.4,3.4
20,30,30,10.4,3.5
20,30,30,10.4,3.6
20,30,30,10.4,3.7
20,30,30,10.4,3.8
20,30,30,10.5,1.3
20,30,30,10.5,1.4
20,30,30,10.5,1.5
20,30,30,10.5,1.6
20,30,30,10.5,1.7
20,30,30,10.5,1.8
20,30,30,10.5,1.9
20,30,30,10.5,2
20,30,30,10.5,2.1
20,30,30,10.5,2.2
20,30,30,10.5,2.3
20,30,30,10.5,2.4
20,30,30,10.5,2.5
20,30,30,10.5,2.6
20,30,30,10.5,2.7
20,30,30,10.5,2.8
20,30,30,10.5,2.9
20,30,30,10.5,3
20,30,30,10.5,3.1
20,30,30,10.5,3.2
20,30,30,10.5,3.3
20,30,30,10.5,3.4
20,30,30,10.5,3.5
20,30,30,10.5,3.6
20,30,30,10.5,3.7
20,30,30,10.5,3.8
20,30,30,10.5,3.9
21,30,30,10.6,1.4
21,30,30,10.6,1.5
21,30,30,10.6,1.6
21,30,30,10.6,1.7
21,30,30,10.6,1.8
21,30,30,10.6,1.9
21,30,30,10.6,2
21,30,30,10.6,2.1
21,30,30,10.6,2.2
21,30,30,10.6,2.3
21,30,30,10.6,2.4
21,30,30,10.6,2.5
21,30,30,10.6,2.6
21,30,30,10.6,2.7
21,30,30,10.6,2.8
21,30,30,10.6,2.9
21,30,30,10.6,3
21,30,30,10.6,3.1
21,30,30,10.6,3.2
21,30,30,10.6,3.3
21,30,30,10.6,3.4
21,30,30,10.6,3.5
21,30,30,10.6,3.6
21,30,30,10.6,3.7
21,30,30,10.6,3.8
21,30,30,10.6,3.9
21,30,30,10.6,4
21,30,30,10.7,1.5
21,30,30,10.7,1.6
21,30,30,10.7,1.7
21,30,30,10.7,1.8
21,30,30,10.7,1.9
21,30,30,10.7,2
21,30,30,10.7,2.1
21,30,30,10.7,2.2
21,30,30,10.7,2.3
21,30,30,10.7,2.4
21,30,30,10.7,2.5
21,30,30,10.7,2.6
21,30,30,10.7,2.7
21,30,30,10.7,2.8
21,30,30,10.7,2.9
21,30,30,10.7,3
21,30,30,10.7,3.1
21,30,30,10.7,3.2
21,30,30,10.7,3.3
21,30,30,10.7,3.4
21,30,30,10.7,3.5
21,30,30,10.7,3.6
21,30,30,10.7,3.7
21,30,30,10.7,3.8
21,30,30,10.7,3.9
21,30,30,10.7,4
21,30,30,10.7,4.1
21,30,30,10.8,1.5
21,30,30,10.8,1.6
21,30,30,10.8,1.7
21,30,30,10.8,1.8
21,30,30,10.8,1.9
21,30,30,10.8,2
21,30,30,10.8,2.1
21,30,30,10.8,2.2
21,30,30,10.8,2.3
21,30,30,10.8,2.4
21,30,30,10.8,2.5
21,30,30,10.8,2.6
21,30,30,10.8,2.7
21,30,30,10.8,2.8
21,30,30,10.8,2.9
21,30,30,10.8,3
21,30,30,10.8,3.1
21,30,30,10.8,3.2
21,30,30,10.8,3.3
21,30,30,10.8,3.4
21,30,30,10.8,3.5
21,30,30,10.8,3.6
21,30,30,10.8,3.7
21,30,30,10.8,3.8
21,30,30,10.8,3.9
21,30,30,10.8,4
21,30,30,10.8,4.1
21,30,30,10.8,4.2
21,30,30,10.9,1.6
21,30,30,10.9,1.7
21,30,30,10.9,1.8
21,30,30,10.9,1.9
21,30,30,10.9,2
21,30,30,10.9,2.1
21,30,30,10.9,2.2
21,30,30,10.9,2.3
21,30,30,10.9,2.4
21,30,30,10.9,2.5
21,30,30,10.9,2.6
21,30,30,10.9,2.7
21,30,30,10.9,2.8
21,30,30,10.9,2.9
21,30,30,10.9,3
21,30,30,10.9,3.1
21,30,30,10.9,3.2
21,30,30,10.9,3.3
21,30,30,10.9,3.4
21,30,30,10.9,3.5
21,30,30,10.9,3.6
21,30,30,10.9,3.7
21,30,30,10.9,3.8
21,30,30,10.9,3.9
21,30,30,10.9,4
21,30,30,10.9,4.1
21,30,30,10.9,4.2
21,30,30,10.9,4.3
21,30,30,11,1.7
21,30,30,11,1.8
21,30,30,11,1.9
21,30,30,11,2
21,30,30,11,2.1
21,30,30,11,2.2
21,30,30,11,2.3
21,30,30,11,2.4
21,30,30,11,2.5
21,30,30,11,2.6
21,30,30,11,2.7
21,30,30,11,2.8
21,30,30,11,2.9
21,30,30,11,3
21,30,30,11,3.1
21,30,30,11,3.2
21,30,30,11,3.3
21,30,30,11,3.4
21,30,30,11,3.5
21,30,30,11,3.6
21,30,30,11,3.7
21,30,30,11,3.8
21,30,30,11,3.9
21,30,30,11,4
21,30,30,11,4.1
21,30,30,11,4.2
21,30,30,11,4.3
21,30,30,11,4.4
22,30,30,11.1,1.7
22,30,30,11.1,1.8
22,30,30,11.1,1.9
22,30,30,11.1,2
22,30,30,11.1,2.1
22,30,30,11.1,2.2
22,30,30,11.1,2.3
22,30,30,11.1,2.4
22,30,30,11.1,2.5
22,30,30,11.1,2.6
22,30,30,11.1,2.7
22,30,30,11.1,2.8
22,30,30,11.1,2.9
22,30,30,11.1,3
22,30,30,11.1,3.1
22,30,30,11.1,3.2
22,30,30,11.1,3.3
22,30,30,11.1,3.4
22,30,30,11.1,3.5
22,30,30,11.1,3.6
22,30,30,11.1,3.7
22,30,30,11.1,3.8
22,30,30,11.1,3.9
22,30,30,11.1,4
22,30,30,11.1,4.1
22,30,30,11.1,4.2
22,30,30,11.1,4.3
22,30,30,11.1,4.4
22,30,30,11.1,4.5
22,30,30,11.1,4.6
22,30,30,11.2,1.8
22,30,30,11.2,1.9
22,30,30,11.2,2
22,30,30,11.2,2.1
22,30,30,11.2,2.2
22,30,30,11.2,2.3
22,30,30,11.2,2.4
22,30,30,11.2,2.5
22,30,30,11.2,2.6
22,30,30,11.2,2.7
22,30,30,11.2,2.8
22,30,30,11.2,2.9
22,30,30,11.2,3
22,30,30,11.2,3.1
22,30,30,11.2,3.2
22,30,30,11.2,3.3
22,30,30,11.2,3.4
22,30,30,11.2,3.5
22,30,30,11.2,3.6
22,30,30,11.2,3.7
22,30,30,11.2,3.8
22,30,30,11.2,3.9
22,30,30,11.2,4
22,30,30,11.2,4.1
22,30,30,11.2,4.2
22,30,30,11.2,4.3
22,30,30,11.2,4.4
22,30,30,11.2,4.5
22,30,30,11.2,4.6
22,30,30,11.2,4.7
22,30,30,11.3,1.9
22,30,30,11.3,2
22,30,30,11.3,2.1
22,30,30,11.3,2.2
22,30,30,11.3,2.3
22,30,30,11.3,2.4
22,30,30,11.3,2.5
22,30,30,11.3,2.6
22,30,30,11.3,2.7
22,30,30,11.3,2.8
22,30,30,11.3,2.9
22,30,30,11.3,3
22,30,30,11.3,3.1
22,30,30,11.3,3.2
22,30,30,11.3,3.3
22,30,30,11.3,3.4
22,30,30,11.3,3.5
22,30,30,11.3,3.6
22,30,30,11.3,3.7
22,30,30,11.3,3.8
22,30,30,11.3,3.9
22,30,30,11.3,4
22,30,30,11.3,4.1
22,30,30,11.3,4.2
22,30,30,11.3,4.3
22,30,30,11.3,4.4
22,30,30,11.3,4.5
22,30,30,11.3,4.6
22,30,30,11.3,4.7
22,30,30,11.3,4.8
22,30,30,11.4,2
22,30,30,11.4,2.1
22,30,30,11.4,2.2
22,30,30,11.4,2.3
22,30,30,11.4,2.4
22,30,30,11.4,2.5
22,30,30,11.4,2.6
22,30,30,11.4,2.7
22,30,30,11.4,2.8
22,30,30,11.4,2.9
22,30,30,11.4,3
22,30,30,11.4,3.1
22,30,30,11.4,3.2
22,30,30,11.4,3.3
22,30,30,11.4,3.4
22,30,30,11.4,3.5
22,30,30,11.4,3.6
22,30,30,11.4,3.7
22,30,30,11.4,3.8
22,30,30,11.4,3.9
22,30,30,11.4,4
22,30,30,11.4,4.1
22,30,30,11.4,4.2
22,30,30,11.4,4.3
22,30,30,11.4,4.4
22,30,30,11.4,4.5
22,30,30,11.4,4.6
22,30,30,11.4,4.7
22,30,30,11.4,4.8
22,30,30,11.4,4.9
22,30,30,11.5,2
22,30,30,11.5,2.1
22,30,30,11.5,2.2
22,30,30,11.5,2.3
22,30,30,11.5,2.4
22,30,30,11.5,2.5
22,30,30,11.5,2.6
22,30,30,11.5,2.7
22,30,30,11.5,2.8
22,30,30,11.5,2.9
22,30,30,11.5,3
22,30,30,11.5,3.1
22,30,30,11.5,3.2
22,30,30,11.5,3.3
22,30,30,11.5,3.4
22,30,30,11.5,3.5
22,30,30,11.5,3.6
22,30,30,11.5,3.7
22,30,30,11.5,3.8
22,30,30,11.5,3.9
22,30,30,11.5,4
22,30,30,11.5,4.1
22,30,30,11.5,4.2
22,30,30,11.5,4.3
22,30,30,11.5,4.4
22,30,30,11.5,4.5
22,30,30,11.5,4.6
22,30,30,11.5,4.7
22,30,30,11.5,4.8
22,30,30,11.5,4.9
22,30,30,11.5,5
22,30,30,11.5,5.1
23,30,30,11.6,2.1
23,30,30,11.6,2.2
23,30,30,11.6,2.3
23,30,30,11.6,2.4
23,30,30,11.6,2.5
23,30,30,11.6,2.6
23,30,30,11.6,2.7
23,30,30,11.6,2.8
23,30,30,11.6,2.9
23,30,30,11.6,3
23,30,30,11.6,3.1
23,30,30,11.6,3.2
23,30,30,11.6,3.3
23,30,30,11.6,3.4
23,30,30,11.6,3.5
23,30,30,11.6,3.6
23,30,30,11.6,3.7
23,30,30,11.6,3.8
23,30,30,11.6,3.9
23,30,30,11.6,4
23,30,30,11.6,4.1
23,30,30,11.6,4.2
23,30,30,11.6,4.3
23,30,30,11.6,4.4
23,30,30,11.6,4.5
23,30,30,11.6,4.6
23,30,30,11.6,4.7
23,30,30,11.6,4.8
23,30,30,11.6,4.9
23,30,30,11.6,5
23,30,30,11.6,5.1
23,30,30,11.6,5.2
23,30,30,11.7,2.2
23,30,30,11.7,2.3
23,30,30,11.7,2.4
23,30,30,11.7,2.5
23,30,30,11.7,2.6
23,30,30,11.7,2.7
23,30,30,11.7,2.8
23,30,30,11.7,2.9
23,30,30,11.7,3
23,30,30,11.7,3.1
23,30,30,11.7,3.2
23,30,30,11.7,3.3
23,30,30,11.7,3.4
23,30,30,11.7,3.5
23,30,30,11.7,3.6
23,30,30,11.7,3.7
23,30,30,11.7,3.8
23,30,30,11.7,3.9
23,30,30,11.7,4
23,30,30,11.7,4.1
23,30,30,11.7,4.2
23,30,30,11.7,4.3
23,30,30,11.7,4.4
23,30,30,11.7,4.5
23,30,30,11.7,4.6
23,30,30,11.7,4.7
23,30,30,11.7,4.8
23,30,30,11.7,4.9
23,30,30,11.7,5
23,30,30,11.7,5.1
23,30,30,11.7,5.2
23,30,30,11.7,5.3
23,30,30,11.8,2.3
23,30,30,11.8,2.4
23,30,30,11.8,2.5
23,30,30,11.8,2.6
23,30,30,11.8,2.7
23,30,30,11.8,2.8
23,30,30,11.8,2.9
23,30,30,11.8,3
23,30,30,11.8,3.1
23,30,30,11.8,3.2
23,30,30,11.8,3.3
23,30,30,11.8,3.4
23,30,30,11.8,3.5
23,30,30,11.8,3.6
23,30,30,11.8,3.7
23,30,30,11.8,3.8
23,30,30,11.8,3.9
23,30,30,11.8,4
23,30,30,11.8,4.1
23,30,30,11.8,4.2
23,30,30,11.8,4.3
23,30,30,11.8,4.4
23,30,30,11.8,4.5
23,30,30,11.8,4.6
23,30,30,11.8,4.7
23,30,30,11.8,4.8
23,30,30,11.8,4.9
23,30,30,11.8,5
23,30,30,11.8,5.1
23,30,30,11.8,5.2
23,30,30,11.8,5.3
23,30,30,11.8,5.4
23,30,30,11.8,5.5
23,30,30,11.9,2.4
23,30,30,11.9,2.5
23,30,30,11.9,2.6
23,30,30,11.9,2.7
23,30,30,11.9,2.8
23,30,30,11.9,2.9
23,30,30,11.9,3
23,30,30,11.9,3.1
23,30,30,11.9,3.2
23,30,30,11.9,3.3
23,30,30,11.9,3.4
23,30,30,11.9,3.5
23,30,30,11.9,3.6
23,30,30,11.9,3.7
23,30,30,11.9,3.8
23,30,30,11.9,3.9
23,30,30,11.9,4
23,30,30,11.9,4.1
23,30,30,11.9,4.2
23,30,30,11.9,4.3
23,30,30,11.9,4.4
23,30,30,11.9,4.5
23,30,30,11.9,4.6
23,30,30,11.9,4.7
23,30,30,11.9,4.8
23,30,30,11.9,4.9
23,30,30,11.9,5
23,30,30,11.9,5.1
23,30,30,11.9,5.2
23,30,30,11.9,5.3
23,30,30,11.9,5.4
23,30,30,11.9,5.5
23,30,30,11.9,5.6
23,30,30,12,2.5
23,30,30,12,2.6
23,30,30,12,2.7
23,30,30,12,2.8
23,30,30,12,2.9
23,30,30,12,3
23,30,30,12,3.1
23,30,30,12,3.2
23,30,30,12,3.3
23,30,30,12,3.4
23,30,30,12,3.5
23,30,30,12,3.6
23,30,30,12,3.7
23,30,30,12,3.8
23,30,30,12,3.9
23,30,30,12,4
23,30,30,12,4.1
23,30,30,12,4.2
23,30,30,12,4.3
23,30,30,12,4.4
23,30,30,12,4.5
23,30,30,12,4.6
23,30,30,12,4.7
23,30,30,12,4.8
23,30,30,12,4.9
23,30,30,12,5
23,30,30,12,5.1
23,30,30,12,5.2
23,30,30,12,5.3
23,30,30,12,5.4
23,30,30,12,5.5
23,30,30,12,5.6
23,30,30,12,5.7
24,30,30,12.1,2.6
24,30,30,12.1,2.7
24,30,30,12.1,2.8
24,30,30,12.1,2.9
24,30,30,12.1,3
24,30,30,12.1,3.1
24,30,30,12.1,3.2
24,30,30,12.1,3.3
24,30,30,12.1,3.4
24,30,30,12.1,3.5
24,30,30,12.1,3.6
24,30,30,12.1,3.7
24,30,30,12.1,3.8
24,30,30,12.1,3.9
24,30,30,12.1,4
24,30,30,12.1,4.1
24,30,30,12.1,4.2
24,30,30,12.1,4.3
24,30,30,12.1,4.4
24,30,30,12.1,4.5
24,30,30,12.1,4.6
24,30,30,12.1,4.7
24,30,30,12.1,4.8
24,30,30,12.1,4.9
24,30,30,12.1,5
24,30,30,12.1,5.1
24,30,30,12.1,5.2
24,30,30,12.1,5.3
24,30,30,12.1,5.4
24,30,30,12.1,5.5
24,30,30,12.1,5.6
24,30,30,12.1,5.7
24,30,30,12.1,5.8
24,30,30,12.1,5.9
24,30,30,12.2,2.6
24,30,30,12.2,2.7
24,30,30,12.2,2.8
24,30,30,12.2,2.9
24,30,30,12.2,3
24,30,30,12.2,3.1
24,30,30,12.2,3.2
24,30,30,12.2,3.3
24,30,30,12.2,3.4
24,30,30,12.2,3.5
24,30,30,12.2,3.6
24,30,30,12.2,3.7
24,30,30,12.2,3.8
24,30,30,12.2,3.9
24,30,30,12.2,4
24,30,30,12.2,4.1
24,30,30,12.2,4.2
24,30,30,12.2,4.3
24,30,30,12.2,4.4
24,30,30,12.2,4.5
24,30,30,12.2,4.6
24,30,30,12.2,4.7
24,30,30,12.2,4.8
24,30,30,12.2,4.9
24,30,30,12.2,5
24,30,30,12.2,5.1
24,30,30,12.2,5.2
24,30,30,12.2,5.3
24,30,30,12.2,5.4
24,30,30,12.2,5.5
24,30,30,12.2,5.6
24,30,30,12.2,5.7
24,30,30,12.2,5.8
24,30,30,12.2,5.9
24,30,30,12.2,6
24,30,30,12.3,2.7
24,30,30,12.3,2.8
24,30,30,12.3,2.9
24,30,30,12.3,3
24,30,30,12.3,3.1
24,30,30,12.3,3.2
24,30,30,12.3,3.3
24,30,30,12.3,3.4
24,30,30,12.3,3.5
24,30,30,12.3,3.6
24,30,30,12.3,3.7
24,30,30,12.3,3.8
24,30,30,12.3,3.9
24,30,30,12.3,4
24,30,30,12.3,4.1
24,30,30,12.3,4.2
24,30,30,12.3,4.3
24,30,30,12.3,4.4
24,30,30,12.3,4.5
24,30,30,12.3,4.6
24,30,30,12.3,4.7
24,30,30,12.3,4.8
24,30,30,12.3,4.9
24,30,30,12.3,5
24,30,30,12.3,5.1
24,30,30,12.3,5.2
24,30,30,12.3,5.3
24,30,30,12.3,5.4
24,30,30,12.3,5.5
24,30,30,12.3,5.6
24,30,30,12.3,5.7
24,30,30,12.3,5.8
24,30,30,12.3,5.9
24,30,30,12.3,6
24,30,30,12.3,6.1
24,30,30,12.4,2.8
24,30,30,12.4,2.9
24,30,30,12.4,3
24,30,30,12.4,3.1
24,30,30,12.4,3.2
24,30,30,12.4,3.3
24,30,30,12.4,3.4
24,30,30,12.4,3.5
24,30,30,12.4,3.6
24,30,30,12.4,3.7
24,30,30,12.4,3.8
24,30,30,12.4,3.9
24,30,30,12.4,4
24,30,30,12.4,4.1
24,30,30,12.4,4.2
24,30,30,12.4,4.3
24,30,30,12.4,4.4
24,30,30,12.4,4.5
24,30,30,12.4,4.6
24,30,30,12.4,4.7
24,30,30,12.4,4.8
24,30,30,12.4,4.9
24,30,30,12.4,5
24,30,30,12.4,5.1
24,30,30,12.4,5.2
24,30,30,12.4,5.3
24,30,30,12.4,5.4
24,30,30,12.4,5.5
24,30,30,12.4,5.6
24,30,30,12.4,5.7
24,30,30,12.4,5.8
24,30,30,12.4,5.9
24,30,30,12.4,6
24,30,30,12.4,6.1
24,30,30,12.4,6.2
24,30,30,12.4,6.3
24,30,30,12.5,2.9
24,30,30,12.5,3
24,30,30,12.5,3.1
24,30,30,12.5,3.2
24,30,30,12.5,3.3
24,30,30,12.5,3.4
24,30,30,12.5,3.5
24,30,30,12.5,3.6
24,30,30,12.5,3.7
24,30,30,12.5,3.8
24,30,30,12.5,3.9
24,30,30,12.5,4
24,30,30,12.5,4.1
24,30,30,12.5,4.2
24,30,30,12.5,4.3
24,30,30,12.5,4.4
24,30,30,12.5,4.5
24,30,30,12.5,4.6
24,30,30,12.5,4.7
24,30,30,12.5,4.8
24,30,30,12.5,4.9
24,30,30,12.5,5
24,30,30,12.5,5.1
24,30,30,12.5,5.2
24,30,30,12.5,5.3
24,30,30,12.5,5.4
24,30,30,12.5,5.5
24,30,30,12.5,5.6
24,30,30,12.5,5.7
24,30,30,12.5,5.8
24,30,30,12.5,5.9
24,30,30,12.5,6
24,30,30,12.5,6.1
24,30,30,12.5,6.2
24,30,30,12.5,6.3
24,30,30,12.5,6.4
25,30,30,12.6,3
25,30,30,12.6,3.1
25,30,30,12.6,3.2
25,30,30,12.6,3.3
25,30,30,12.6,3.4
25,30,30,12.6,3.5
25,30,30,12.6,3.6
25,30,30,12.6,3.7
25,30,30,12.6,3.8
25,30,30,12.6,3.9
25,30,30,12.6,4
25,30,30,12.6,4.1
25,30,30,12.6,4.2
25,30,30,12.6,4.3
25,30,30,12.6,4.4
25,30,30,12.6,4.5
25,30,30,12.6,4.6
25,30,30,12.6,4.7
25,30,30,12.6,4.8
25,30,30,12.6,4.9
25,30,30,12.6,5
25,30,30,12.6,5.1
25,30,30,12.6,5.2
25,30,30,12.6,5.3
25,30,30,12.6,5.4
25,30,30,12.6,5.5
25,30,30,12.6,5.6
25,30,30,12.6,5.7
25,30,30,12.6,5.8
25,30,30,12.6,5.9
25,30,30,12.6,6
25,30,30,12.6,6.1
25,30,30,12.6,6.2
25,30,30,12.6,6.3
25,30,30,12.6,6.4
25,30,30,12.6,6.5
25,30,30,12.6,6.6
25,30,30,12.7,3.1
25,30,30,12.7,3.2
25,30,30,12.7,3.3
25,30,30,12.7,3.4
25,30,30,12.7,3.5
25,30,30,12.7,3.6
25,30,30,12.7,3.7
25,30,30,12.7,3.8
25,30,30,12.7,3.9
25,30,30,12.7,4
25,30,30,12.7,4.1
25,30,30,12.7,4.2
25,30,30,12.7,4.3
25,30,30,12.7,4.4
25,30,30,12.7,4.5
25,30,30,12.7,4.6
25,30,30,12.7,4.7
25,30,30,12.7,4.8
25,30,30,12.7,4.9
25,30,30,12.7,5
25,30,30,12.7,5.1
25,30,30,12.7,5.2
25,30,30,12.7,5.3
25,30,30,12.7,5.4
25,30,30,12.7,5.5
25,30,30,12.7,5.6
25,30,30,12.7,5.7
25,30,30,12.7,5.8
25,30,30,12.7,5.9
25,30,30,12.7,6
25,30,30,12.7,6.1
25,30,30,12.7,6.2
25,30,30,12.7,6.3
25,30,30,12.7,6.4
25,30,30,12.7,6.5
25,30,30,12.7,6.6
25,30,30,12.7,6.7
25,30,30,12.8,3.2
25,30,30,12.8,3.3
25,30,30,12.8,3.4
25,30,30,12.8,3.5
25,30,30,12.8,3.6
25,30,30,12.8,3.7
25,30,30,12.8,3.8
25,30,30,12.8,3.9
25,30,30,12.8,4
25,30,30,12.8,4.1
25,30,30,12.8,4.2
25,30,30,12.8,4.3
25,30,30,12.8,4.4
25,30,30,12.8,4.5
25,30,30,12.8,4.6
25,30,30,12.8,4.7
25,30,30,12.8,4.8
25,30,30,12.8,4.9
25,30,30,12.8,5
25,30,30,12.8,5.1
25,30,30,12.8,5.2
25,30,30,12.8,5.3
25,30,30,12.8,5.4
25,30,30,12.8,5.5
25,30,30,12.8,5.6
25,30,30,12.8,5.7
25,30,30,12.8,5.8
25,30,30,12.8,5.9
25,30,30,12.8,6
25,30,30,12.8,6.1
25,30,30,12.8,6.2
25,30,30,12.8,6.3
25,30,30,12.8,6.4
25,30,30,12.8,6.5
25,30,30,12.8,6.6
25,30,30,12.8,6.7
25,30,30,12.8,6.8
25,30,30,12.8,6.9
25,30,30,12.9,3.3
25,30,30,12.9,3.4
25,30,30,12.9,3.5
25,30,30,12.9,3.6
25,30,30,12.9,3.7
25,30,30,12.9,3.8
25,30,30,12.9,3.9
25,30,30,12.9,4
25,30,30,12.9,4.1
25,30,30,12.9,4.2
25,30,30,12.9,4.3
25,30,30,12.9,4.4
25,30,30,12.9,4.5
25,30,30,12.9,4.6
25,30,30,12.9,4.7
25,30,30,12.9,4.8
25,30,30,12.9,4.9
25,30,30,12.9,5
25,30,30,12.9,5.1
25,30,30,12.9,5.2
25,30,30,12.9,5.3
25,30,30,12.9,5.4
25,30,30,12.9,5.5
25,30,30,12.9,5.6
25,30,30,12.9,5.7
25,30,30,12.9,5.8
25,30,30,12.9,5.9
25,30,30,12.9,6
25,30,30,12.9,6.1
25,30,30,12.9,6.2
25,30,30,12.9,6.3
25,30,30,12.9,6.4
25,30,30,12.9,6.5
25,30,30,12.9,6.6
25,30,30,12.9,6.7
25,30,30,12.9,6.8
25,30,30,12.9,6.9
25,30,30,12.9,7
25,30,30,13,3.4
25,30,30,13,3.5
25,30,30,13,3.6
25,30,30,13,3.7
25,30,30,13,3.8
25,30,30,13,3.9
25,30,30,13,4
25,30,30,13,4.1
25,30,30,13,4.2
25,30,30,13,4.3
25,30,30,13,4.4
25,30,30,13,4.5
25,30,30,13,4.6
25,30,30,13,4.7
25,30,30,13,4.8
25,30,30,13,4.9
25,30,30,13,5
25,30,30,13,5.1
25,30,30,13,5.2
25,30,30,13,5.3
25,30,30,13,5.4
25,30,30,13,5.5
25,30,30,13,5.6
25,30,30,13,5.7
25,30,30,13,5.8
25,30,30,13,5.9
25,30,30,13,6
25,30,30,13,6.1
25,30,30,13,6.2
25,30,30,13,6.3
25,30,30,13,6.4
25,30,30,13,6.5
25,30,30,13,6.6
25,30,30,13,6.7
25,30,30,13,6.8
25,30,30,13,6.9
25,30,30,13,7
25,30,30,13,7.1
25,30,30,13,7.2
26,30,30,13.1,3.5
26,30,30,13.1,3.6
26,30,30,13.1,3.7
26,30,30,13.1,3.8
26,30,30,13.1,3.9
26,30,30,13.1,4
26,30,30,13.1,4.1
26,30,30,13.1,4.2
26,30,30,13.1,4.3
26,30,30,13.1,4.4
26,30,30,13.1,4.5
26,30,30,13.1,4.6
26,30,30,13.1,4.7
26,30,30,13.1,4.8
26,30,30,13.1,4.9
26,30,30,13.1,5
26,30,30,13.1,5.1
26,30,30,13.1,5.2
26,30,30,13.1,5.3
26,30,30,13.1,5.4
26,30,30,13.1,5.5
26,30,30,13.1,5.6
26,30,30,13.1,5.7
26,30,30,13.1,5.8
26,30,30,13.1,5.9
26,30,30,13.1,6
26,30,30,13.1,6.1
26,30,30,13.1,6.2
26,30,30,13.1,6.3
26,30,30,13.1,6.4
26,30,30,13.1,6.5
26,30,30,13.1,6.6
26,30,30,13.1,6.7
26,30,30,13.1,6.8
26,30,30,13.1,6.9
26,30,30,13.1,7
26,30,30,13.1,7.1
26,30,30,13.1,7.2
26,30,30,13.1,7.3
26,30,30,13.2,3.6
26,30,30,13.2,3.7
26,30,30,13.2,3.8
26,30,30,13.2,3.9
26,30,30,13.2,4
26,30,30,13.2,4.1
26,30,30,13.2,4.2
26,30,30,13.2,4.3
26,30,30,13.2,4.4
26,30,30,13.2,4.5
26,30,30,13.2,4.6
26,30,30,13.2,4.7
26,30,30,13.2,4.8
26,30,30,13.2,4.9
26,30,30,13.2,5
26,30,30,13.2,5.1
26,30,30,13.2,5.2
26,30,30,13.2,5.3
26,30,30,13.2,5.4
26,30,30,13.2,5.5
26,30,30,13.2,5.6
26,30,30,13.2,5.7
26,30,30,13.2,5.8
26,30,30,13.2,5.9
26,30,30,13.2,6
26,30,30,13.2,6.1
26,30,30,13.2,6.2
26,30,30,13.2,6.3
26,30,30,13.2,6.4
26,30,30,13.2,6.5
26,30,30,13.2,6.6
26,30,30,13.2,6.7
26,30,30,13.2,6.8
26,30,30,13.2,6.9
26,30,30,13.2,7
26,30,30,13.2,7.1
26,30,30,13.2,7.2
26,30,30,13.2,7.3
26,30,30,13.2,7.4
26,30,30,13.2,7.5
26,30,30,13.3,3.7
26,30,30,13.3,3.8
26,30,30,13.3,3.9
26,30,30,13.3,4
26,30,30,13.3,4.1
26,30,30,13.3,4.2
26,30,30,13.3,4.3
26,30,30,13.3,4.4
26,30,30,13.3,4.5
26,30,30,13.3,4.6
26,30,30,13.3,4.7
26,30,30,13.3,4.8
26,30,30,13.3,4.9
26,30,30,13.3,5
26,30,30,13.3,5.1
26,30,30,13.3,5.2
26,30,30,13.3,5.3
26,30,30,13.3,5.4
26,30,30,13.3,5.5
26,30,30,13.3,5.6
26,30,30,13.3,5.7
26,30,30,13.3,5.8
26,30,30,13.3,5.9
26,30,30,13.3,6
26,30,30,13.3,6.1
26,30,30,13.3,6.2
26,30,30,13.3,6.3
26,30,30,13.3,6.4
26,30,30,13.3,6.5
26,30,30,13.3,6.6
26,30,30,13.3,6.7
26,30,30,13.3,6.8
26,30,30,13.3,6.9
26,30,30,13.3,7
26,30,30,13.3,7.1
26,30,30,13.3,7.2
26,30,30,13.3,7.3
26,30,30,13.3,7.4
26,30,30,13.3,7.5
26,30,30,13.3,7.6
26,30,30,13.4,3.9
26,30,30,13.4,4
26,30,30,13.4,4.1
26,30,30,13.4,4.2
26,30,30,13.4,4.3
26,30,30,13.4,4.4
26,30,30,13.4,4.5
26,30,30,13.4,4.6
26,30,30,13.4,4.7
26,30,30,13.4,4.8
26,30,30,13.4,4.9
26,30,30,13.4,5
26,30,30,13.4,5.1
26,30,30,13.4,5.2
26,30,30,13.4,5.3
26,30,30,13.4,5.4
26,30,30,13.4,5.5
26,30,30,13.4,5.6
26,30,30,13.4,5.7
26,30,30,13.4,5.8
26,30,30,13.4,5.9
26,30,30,13.4,6
26,30,30,13.4,6.1
26,30,30,13.4,6.2
26,30,30,13.4,6.3
26,30,30,13.4,6.4
26,30,30,13.4,6.5
26,30,30,13.4,6.6
26,30,30,13.4,6.7
26,30,30,13.4,6.8
26,30,30,13.4,6.9
26,30,30,13.4,7
26,30,30,13.4,7.1
26,30,30,13.4,7.2
26,30,30,13.4,7.3
26,30,30,13.4,7.4
26,30,30,13.4,7.5
26,30,30,13.4,7.6
26,30,30,13.4,7.7
26,30,30,13.4,7.8
26,30,30,13.5,4
26,30,30,13.5,4.1
26,30,30,13.5,4.2
26,30,30,13.5,4.3
26,30,30,13.5,4.4
26,30,30,13.5,4.5
26,30,30,13.5,4.6
26,30,30,13.5,4.7
26,30,30,13.5,4.8
26,30,30,13.5,4.9
26,30,30,13.5,5
26,30,30,13.5,5.1
26,30,30,13.5,5.2
26,30,30,13.5,5.3
26,30,30,13.5,5.4
26,30,30,13.5,5.5
26,30,30,13.5,5.6
26,30,30,13.5,5.7
26,30,30,13.5,5.8
26,30,30,13.5,5.9
26,30,30,13.5,6
26,30,30,13.5,6.1
26,30,30,13.5,6.2
26,30,30,13.5,6.3
26,30,30,13.5,6.4
26,30,30,13.5,6.5
26,30,30,13.5,6.6
26,30,30,13.5,6.7
26,30,30,13.5,6.8
26,30,30,13.5,6.9
26,30,30,13.5,7
26,30,30,13.5,7.1
26,30,30,13.5,7.2
26,30,30,13.5,7.3
26,30,30,13.5,7.4
26,30,30,13.5,7.5
26,30,30,13.5,7.6
26,30,30,13.5,7.7
26,30,30,13.5,7.8
26,30,30,13.5,7.9
27,30,30,13.6,4.1
27,30,30,13.6,4.2
27,30,30,13.6,4.3
27,30,30,13.6,4.4
27,30,30,13.6,4.5
27,30,30,13.6,4.6
27,30,30,13.6,4.7
27,30,30,13.6,4.8
27,30,30,13.6,4.9
27,30,30,13.6,5
27,30,30,13.6,5.1
27,30,30,13.6,5.2
27,30,30,13.6,5.3
27,30,30,13.6,5.4
27,30,30,13.6,5.5
27,30,30,13.6,5.6
27,30,30,13.6,5.7
27,30,30,13.6,5.8
27,30,30,13.6,5.9
27,30,30,13.6,6
27,30,30,13.6,6.1
27,30,30,13.6,6.2
27,30,30,13.6,6.3
27,30,30,13.6,6.4
27,30,30,13.6,6.5
27,30,30,13.6,6.6
27,30,30,13.6,6.7
27,30,30,13.6,6.8
27,30,30,13.6,6.9
27,30,30,13.6,7
27,30,30,13.6,7.1
27,30,30,13.6,7.2
27,30,30,13.6,7.3
27,30,30,13.6,7.4
27,30,30,13.6,7.5
27,30,30,13.6,7.6
27,30,30,13.6,7.7
27,30,30,13.6,7.8
27,30,30,13.6,7.9
27,30,30,13.6,8
27,30,30,13.6,8.1
27,30,30,13.7,4.2
27,30,30,13.7,4.3
27,30,30,13.7,4.4
27,30,30,13.7,4.5
27,30,30,13.7,4.6
27,30,30,13.7,4.7
27,30,30,13.7,4.8
27,30,30,13.7,4.9
27,30,30,13.7,5
27,30,30,13.7,5.1
27,30,30,13.7,5.2
27,30,30,13.7,5.3
27,30,30,13.7,5.4
27,30,30,13.7,5.5
27,30,30,13.7,5.6
27,30,30,13.7,5.7
27,30,30,13.7,5.8
27,30,30,13.7,5.9
27,30,30,13.7,6
27,30,30,13.7,6.1
27,30,30,13.7,6.2
27,30,30,13.7,6.3
27,30,30,13.7,6.4
27,30,30,13.7,6.5
27,30,30,13.7,6.6
27,30,30,13.7,6.7
27,30,30,13.7,6.8
27,30,30,13.7,6.9
27,30,30,13.7,7
27,30,30,13.7,7.1
27,30,30,13.7,7.2
27,30,30,13.7,7.3
27,30,30,13.7,7.4
27,30,30,13.7,7.5
27,30,30,13.7,7.6
27,30,30,13.7,7.7
27,30,30,13.7,7.8
27,30,30,13.7,7.9
27,30,30,13.7,8
27,30,30,13.7,8.1
27,30,30,13.7,8.2
27,30,30,13.7,8.3
27,30,30,13.8,4.3
27,30,30,13.8,4.4
27,30,30,13.8,4.5
27,30,30,13.8,4.6
27,30,30,13.8,4.7
27,30,30,13.8,4.8
27,30,30,13.8,4.9
27,30,30,13.8,5
27,30,30,13.8,5.1
27,30,30,13.8,5.2
27,30,30,13.8,5.3
27,30,30,13.8,5.4
27,30,30,13.8,5.5
27,30,30,13.8,5.6
27,30,30,13.8,5.7
27,30,30,13.8,5.8
27,30,30,13.8,5.9
27,30,30,13.8,6
27,30,30,13.8,6.1
27,30,30,13.8,6.2
27,30,30,13.8,6.3
27,30,30,13.8,6.4
27,30,30,13.8,6.5
27,30,30,13.8,6.6
27,30,30,13.8,6.7
27,30,30,13.8,6.8
27,30,30,13.8,6.9
27,30,30,13.8,7
27,30,30,13.8,7.1
27,30,30,13.8,7.2
27,30,30,13.8,7.3
27,30,30,13.8,7.4
27,30,30,13.8,7.5
27,30,30,13.8,7.6
27,30,30,13.8,7.7
27,30,30,13.8,7.8
27,30,30,13.8,7.9
27,30,30,13.8,8
27,30,30,13.8,8.1
27,30,30,13.8,8.2
27,30,30,13.8,8.3
27,30,30,13.8,8.4
27,30,30,13.9,4.4
27,30,30,13.9,4.5
27,30,30,13.9,4.6
27,30,30,13.9,4.7
27,30,30,13.9,4.8
27,30,30,13.9,4.9
27,30,30,13.9,5
27,30,30,13.9,5.1
27,30,30,13.9,5.2
27,30,30,13.9,5.3
27,30,30,13.9,5.4
27,30,30,13.9,5.5
27,30,30,13.9,5.6
27,30,30,13.9,5.7
27,30,30,13.9,5.8
27,30,30,13.9,5.9
27,30,30,13.9,6
27,30,30,13.9,6.1
27,30,30,13.9,6.2
27,30,30,13.9,6.3
27,30,30,13.9,6.4
27,30,30,13.9,6.5
27,30,30,13.9,6.6
27,30,30,13.9,6.7
27,30,30,13.9,6.8
27,30,30,13.9,6.9
27,30,30,13.9,7
27,30,30,13.9,7.1
27,30,30,13.9,7.2
27,30,30,13.9,7.3
27,30,30,13.9,7.4
27,30,30,13.9,7.5
27,30,30,13.9,7.6
27,30,30,13.9,7.7
27,30,30,13.9,7.8
27,30,30,13.9,7.9
27,30,30,13.9,8
27,30,30,13.9,8.1
27,30,30,13.9,8.2
27,30,30,13.9,8.3
27,30,30,13.9,8.4
27,30,30,13.9,8.5
27,30,30,13.9,8.6
27,30,30,14,4.5
27,30,30,14,4.6
27,30,30,14,4.7
27,30,30,14,4.8
27,30,30,14,4.9
27,30,30,14,5
27,30,30,14,5.1
27,30,30,14,5.2
27,30,30,14,5.3
27,30,30,14,5.4
27,30,30,14,5.5
27,30,30,14,5.6
27,30,30,14,5.7
27,30,30,14,5.8
27,30,30,14,5.9
27,30,30,14,6
27,30,30,14,6.1
27,30,30,14,6.2
27,30,30,14,6.3
27,30,30,14,6.4
27,30,30,14,6.5
27,30,30,14,6.6
27,30,30,14,6.7
27,30,30,14,6.8
27,30,30,14,6.9
27,30,30,14,7
27,30,30,14,7.1
27,30,30,14,7.2
27,30,30,14,7.3
27,30,30,14,7.4
27,30,30,14,7.5
27,30,30,14,7.6
27,30,30,14,7.7
27,30,30,14,7.8
27,30,30,14,7.9
27,30,30,14,8
27,30,30,14,8.1
27,30,30,14,8.2
27,30,30,14,8.3
27,30,30,14,8.4
27,30,30,14,8.5
27,30,30,14,8.6
27,30,30,14,8.7
27,30,30,14,8.8
28,30,30,14.1,4.7
28,30,30,14.1,4.8
28,30,30,14.1,4.9
28,30,30,14.1,5
28,30,30,14.1,5.1
28,30,30,14.1,5.2
28,30,30,14.1,5.3
28,30,30,14.1,5.4
28,30,30,14.1,5.5
28,30,30,14.1,5.6
28,30,30,14.1,5.7
28,30,30,14.1,5.8
28,30,30,14.1,5.9
28,30,30,14.1,6
28,30,30,14.1,6.1
28,30,30,14.1,6.2
28,30,30,14.1,6.3
28,30,30,14.1,6.4
28,30,30,14.1,6.5
28,30,30,14.1,6.6
28,30,30,14.1,6.7
28,30,30,14.1,6.8
28,30,30,14.1,6.9
28,30,30,14.1,7
28,30,30,14.1,7.1
28,30,30,14.1,7.2
28,30,30,14.1,7.3
28,30,30,14.1,7.4
28,30,30,14.1,7.5
28,30,30,14.1,7.6
28,30,30,14.1,7.7
28,30,30,14.1,7.8
28,30,30,14.1,7.9
28,30,30,14.1,8
28,30,30,14.1,8.1
28,30,30,14.1,8.2
28,30,30,14.1,8.3
28,30,30,14.1,8.4
28,30,30,14.1,8.5
28,30,30,14.1,8.6
28,30,30,14.1,8.7
28,30,30,14.1,8.8
28,30,30,14.1,8.9
28,30,30,14.2,4.8
28,30,30,14.2,4.9
28,30,30,14.2,5
28,30,30,14.2,5.1
28,30,30,14.2,5.2
28,30,30,14.2,5.3
28,30,30,14.2,5.4
28,30,30,14.2,5.5
28,30,30,14.2,5.6
28,30,30,14.2,5.7
28,30,30,14.2,5.8
28,30,30,14.2,5.9
28,30,30,14.2,6
28,30,30,14.2,6.1
28,30,30,14.2,6.2
28,30,30,14.2,6.3
28,30,30,14.2,6.4
28,30,30,14.2,6.5
28,30,30,14.2,6.6
28,30,30,14.2,6.7
28,30,30,14.2,6.8
28,30,30,14.2,6.9
28,30,30,14.2,7
28,30,30,14.2,7.1
28,30,30,14.2,7.2
28,30,30,14.2,7.3
28,30,30,14.2,7.4
28,30,30,14.2,7.5
28,30,30,14.2,7.6
28,30,30,14.2,7.7
28,30,30,14.2,7.8
28,30,30,14.2,7.9
28,30,30,14.2,8
28,30,30,14.2,8.1
28,30,30,14.2,8.2
28,30,30,14.2,8.3
28,30,30,14.2,8.4
28,30,30,14.2,8.5
28,30,30,14.2,8.6
28,30,30,14.2,8.7
28,30,30,14.2,8.8
28,30,30,14.2,8.9
28,30,30,14.2,9
28,30,30,14.2,9.1
28,30,30,14.3,4.9
28,30,30,14.3,5
28,30,30,14.3,5.1
28,30,30,14.3,5.2
28,30,30,14.3,5.3
28,30,30,14.3,5.4
28,30,30,14.3,5.5
28,30,30,14.3,5.6
28,30,30,14.3,5.7
28,30,30,14.3,5.8
28,30,30,14.3,5.9
28,30,30,14.3,6
28,30,30,14.3,6.1
28,30,30,14.3,6.2
28,30,30,14.3,6.3
28,30,30,14.3,6.4
28,30,30,14.3,6.5
28,30,30,14.3,6.6
28,30,30,14.3,6.7
28,30,30,14.3,6.8
28,30,30,14.3,6.9
28,30,30,14.3,7
28,30,30,14.3,7.1
28,30,30,14.3,7.2
28,30,30,14.3,7.3
28,30,30,14.3,7.4
28,30,30,14.3,7.5
28,30,30,14.3,7.6
28,30,30,14.3,7.7
28,30,30,14.3,7.8
28,30,30,14.3,7.9
28,30,30,14.3,8
28,30,30,14.3,8.1
28,30,30,14.3,8.2
28,30,30,14.3,8.3
28,30,30,14.3,8.4
28,30,30,14.3,8.5
28,30,30,14.3,8.6
28,30,30,14.3,8.7
28,30,30,14.3,8.8
28,30,30,14.3,8.9
28,30,30,14.3,9
28,30,30,14.3,9.1
28,30,30,14.3,9.2
28,30,30,14.3,9.3
28,30,30,14.4,5
28,30,30,14.4,5.1
28,30,30,14.4,5.2
28,30,30,14.4,5.3
28,30,30,14.4,5.4
28,30,30,14.4,5.5
28,30,30,14.4,5.6
28,30,30,14.4,5.7
28,30,30,14.4,5.8
28,30,30,14.4,5.9
28,30,30,14.4,6
28,30,30,14.4,6.1
28,30,30,14.4,6.2
28,30,30,14.4,6.3
28,30,30,14.4,6.4
28,30,30,14.4,6.5
28,30,30,14.4,6.6
28,30,30,14.4,6.7
28,30,30,14.4,6.8
28,30,30,14.4,6.9
28,30,30,14.4,7
28,30,30,14.4,7.1
28,30,30,14.4,7.2
28,30,30,14.4,7.3
28,30,30,14.4,7.4
28,30,30,14.4,7.5
28,30,30,14.4,7.6
28,30,30,14.4,7.7
28,30,30,14.4,7.8
28,30,30,14.4,7.9
28,30,30,14.4,8
28,30,30,14.4,8.1
28,30,30,14.4,8.2
28,30,30,14.4,8.3
28,30,30,14.4,8.4
28,30,30,14.4,8.5
28,30,30,14.4,8.6
28,30,30,14.4,8.7
28,30,30,14.4,8.8
28,30,30,14.4,8.9
28,30,30,14.4,9
28,30,30,14.4,9.1
28,30,30,14.4,9.2
28,30,30,14.4,9.3
28,30,30,14.4,9.4
28,30,30,14.4,9.5
28,30,30,14.5,5.2
28,30,30,14.5,5.3
28,30,30,14.5,5.4
28,30,30,14.5,5.5
28,30,30,14.5,5.6
28,30,30,14.5,5.7
28,30,30,14.5,5.8
28,30,30,14.5,5.9
28,30,30,14.5,6
28,30,30,14.5,6.1
28,30,30,14.5,6.2
28,30,30,14.5,6.3
28,30,30,14.5,6.4
28,30,30,14.5,6.5
28,30,30,14.5,6.6
28,30,30,14.5,6.7
28,30,30,14.5,6.8
28,30,30,14.5,6.9
28,30,30,14.5,7
28,30,30,14.5,7.1
28,30,30,14.5,7.2
28,30,30,14.5,7.3
28,30,30,14.5,7.4
28,30,30,14.5,7.5
28,30,30,14.5,7.6
28,30,30,14.5,7.7
28,30,30,14.5,7.8
28,30,30,14.5,7.9
28,30,30,14.5,8
28,30,30,14.5,8.1
28,30,30,14.5,8.2
28,30,30,14.5,8.3
28,30,30,14.5,8.4
28,30,30,14.5,8.5
28,30,30,14.5,8.6
28,30,30,14.5,8.7
28,30,30,14.5,8.8
28,30,30,14.5,8.9
28,30,30,14.5,9
28,30,30,14.5,9.1
28,30,30,14.5,9.2
28,30,30,14.5,9.3
28,30,30,14.5,9.4
28,30,30,14.5,9.5
28,30,30,14.5,9.6
29,30,30,14.6,5.3
29,30,30,14.6,5.4
29,30,30,14.6,5.5
29,30,30,14.6,5.6
29,30,30,14.6,5.7
29,30,30,14.6,5.8
29,30,30,14.6,5.9
29,30,30,14.6,6
29,30,30,14.6,6.1
29,30,30,14.6,6.2
29,30,30,14.6,6.3
29,30,30,14.6,6.4
29,30,30,14.6,6.5
29,30,30,14.6,6.6
29,30,30,14.6,6.7
29,30,30,14.6,6.8
29,30,30,14.6,6.9
29,30,30,14.6,7
29,30,30,14.6,7.1
29,30,30,14.6,7.2
29,30,30,14.6,7.3
29,30,30,14.6,7.4
29,30,30,14.6,7.5
29,30,30,14.6,7.6
29,30,30,14.6,7.7
29,30,30,14.6,7.8
29,30,30,14.6,7.9
29,30,30,14.6,8
29,30,30,14.6,8.1
29,30,30,14.6,8.2
29,30,30,14.6,8.3
29,30,30,14.6,8.4
29,30,30,14.6,8.5
29,30,30,14.6,8.6
29,30,30,14.6,8.7
29,30,30,14.6,8.8
29,30,30,14.6,8.9
29,30,30,14.6,9
29,30,30,14.6,9.1
29,30,30,14.6,9.2
29,30,30,14.6,9.3
29,30,30,14.6,9.4
29,30,30,14.6,9.5
29,30,30,14.6,9.6
29,30,30,14.6,9.7
29,30,30,14.6,9.8
29,30,30,14.7,5.4
29,30,30,14.7,5.5
29,30,30,14.7,5.6
29,30,30,14.7,5.7
29,30,30,14.7,5.8
29,30,30,14.7,5.9
29,30,30,14.7,6
29,30,30,14.7,6.1
29,30,30,14.7,6.2
29,30,30,14.7,6.3
29,30,30,14.7,6.4
29,30,30,14.7,6.5
29,30,30,14.7,6.6
29,30,30,14.7,6.7
29,30,30,14.7,6.8
29,30,30,14.7,6.9
29,30,30,14.7,7
29,30,30,14.7,7.1
29,30,30,14.7,7.2
29,30,30,14.7,7.3
29,30,30,14.7,7.4
29,30,30,14.7,7.5
29,30,30,14.7,7.6
29,30,30,14.7,7.7
29,30,30,14.7,7.8
29,30,30,14.7,7.9
29,30,30,14.7,8
29,30,30,14.7,8.1
29,30,30,14.7,8.2
29,30,30,14.7,8.3
29,30,30,14.7,8.4
29,30,30,14.7,8.5
29,30,30,14.7,8.6
29,30,30,14.7,8.7
29,30,30,14.7,8.8
29,30,30,14.7,8.9
29,30,30,14.7,9
29,30,30,14.7,9.1
29,30,30,14.7,9.2
29,30,30,14.7,9.3
29,30,30,14.7,9.4
29,30,30,14.7,9.5
29,30,30,14.7,9.6
29,30,30,14.7,9.7
29,30,30,14.7,9.8
29,30,30,14.7,9.9
29,30,30,14.7,10
29,30,30,14.8,5.6
29,30,30,14.8,5.7
29,30,30,14.8,5.8
29,30,30,14.8,5.9
29,30,30,14.8,6
29,30,30,14.8,6.1
29,30,30,14.8,6.2
29,30,30,14.8,6.3
29,30,30,14.8,6.4
29,30,30,14.8,6.5
29,30,30,14.8,6.6
29,30,30,14.8,6.7
29,30,30,14.8,6.8
29,30,30,14.8,6.9
29,30,30,14.8,7
29,30,30,14.8,7.1
29,30,30,14.8,7.2
29,30,30,14.8,7.3
29,30,30,14.8,7.4
29,30,30,14.8,7.5
29,30,30,14.8,7.6
29,30,30,14.8,7.7
29,30,30,14.8,7.8
29,30,30,14.8,7.9
29,30,30,14.8,8
29,30,30,14.8,8.1
29,30,30,14.8,8.2
29,30,30,14.8,8.3
29,30,30,14.8,8.4
29,30,30,14.8,8.5
29,30,30,14.8,8.6
29,30,30,14.8,8.7
29,30,30,14.8,8.8
29,30,30,14.8,8.9
29,30,30,14.8,9
29,30,30,14.8,9.1
29,30,30,14.8,9.2
29,30,30,14.8,9.3
29,30,30,14.8,9.4
29,30,30,14.8,9.5
29,30,30,14.8,9.6
29,30,30,14.8,9.7
29,30,30,14.8,9.8
29,30,30,14.8,9.9
29,30,30,14.8,10
29,30,30,14.9,5.7
29,30,30,14.9,5.8
29,30,30,14.9,5.9
29,30,30,14.9,6
29,30,30,14.9,6.1
29,30,30,14.9,6.2
29,30,30,14.9,6.3
29,30,30,14.9,6.4
29,30,30,14.9,6.5
29,30,30,14.9,6.6
29,30,30,14.9,6.7
29,30,30,14.9,6.8
29,30,30,14.9,6.9
29,30,30,14.9,7
29,30,30,14.9,7.1
29,30,30,14.9,7.2
29,30,30,14.9,7.3
29,30,30,14.9,7.4
29,30,30,14.9,7.5
29,30,30,14.9,7.6
29,30,30,14.9,7.7
29,30,30,14.9,7.8
29,30,30,14.9,7.9
29,30,30,14.9,8
29,30,30,14.9,8.1
29,30,30,14.9,8.2
29,30,30,14.9,8.3
29,30,30,14.9,8.4
29,30,30,14.9,8.5
29,30,30,14.9,8.6
29,30,30,14.9,8.7
29,30,30,14.9,8.8
29,30,30,14.9,8.9
29,30,30,14.9,9
29,30,30,14.9,9.1
29,30,30,14.9,9.2
29,30,30,14.9,9.3
29,30,30,14.9,9.4
29,30,30,14.9,9.5
29,30,30,14.9,9.6
29,30,30,14.9,9.7
29,30,30,14.9,9.8
29,30,30,14.9,9.9
29,30,30,14.9,10
29,30,30,15,5.8
29,30,30,15,5.9
29,30,30,15,6
29,30,30,15,6.1
29,30,30,15,6.2
29,30,30,15,6.3
29,30,30,15,6.4
29,30,30,15,6.5
29,30,30,15,6.6
29,30,30,15,6.7
29,30,30,15,6.8
29,30,30,15,6.9
29,30,30,15,7
29,30,30,15,7.1
29,30,30,15,7.2
29,30,30,15,7.3
29,30,30,15,7.4
29,30,30,15,7.5
29,30,30,15,7.6
29,30,30,15,7.7
29,30,30,15,7.8
29,30,30,15,7.9
29,30,30,15,8
29,30,30,15,8.1
29,30,30,15,8.2
29,30,30,15,8.3
29,30,30,15,8.4
29,30,30,15,8.5
29,30,30,15,8.6
29,30,30,15,8.7
29,30,30,15,8.8
29,30,30,15,8.9
29,30,30,15,9
29,30,30,15,9.1
29,30,30,15,9.2
29,30,30,15,9.3
29,30,30,15,9.4
29,30,30,15,9.5
29,30,30,15,9.6
29,30,30,15,9.7
29,30,30,15,9.8
29,30,30,15,9.9
29,30,30,15,10
30,30,30,15.1,6
30,30,30,15.1,6.1
30,30,30,15.1,6.2
30,30,30,15.1,6.3
30,30,30,15.1,6.4
30,30,30,15.1,6.5
30,30,30,15.1,6.6
30,30,30,15.1,6.7
30,30,30,15.1,6.8
30,30,30,15.1,6.9
30,30,30,15.1,7
30,30,30,15.1,7.1
30,30,30,15.1,7.2
30,30,30,15.1,7.3
30,30,30,15.1,7.4
30,30,30,15.1,7.5
30,30,30,15.1,7.6
30,30,30,15.1,7.7
30,30,30,15.1,7.8
30,30,30,15.1,7.9
30,30,30,15.1,8
30,30,30,15.1,8.1
30,30,30,15.1,8.2
30,30,30,15.1,8.3
30,30,30,15.1,8.4
30,30,30,15.1,8.5
30,30,30,15.1,8.6
30,30,30,15.1,8.7
30,30,30,15.1,8.8
30,30,30,15.1,8.9
30,30,30,15.1,9
30,30,30,15.1,9.1
30,30,30,15.1,9.2
30,30,30,15.1,9.3
30,30,30,15.1,9.4
30,30,30,15.1,9.5
30,30,30,15.1,9.6
30,30,30,15.1,9.7
30,30,30,15.1,9.8
30,30,30,15.1,9.9
30,30,30,15.1,10
30,30,30,15.2,6.1
30,30,30,15.2,6.2
30,30,30,15.2,6.3
30,30,30,15.2,6.4
30,30,30,15.2,6.5
30,30,30,15.2,6.6
30,30,30,15.2,6.7
30,30,30,15.2,6.8
30,30,30,15.2,6.9
30,30,30,15.2,7
30,30,30,15.2,7.1
30,30,30,15.2,7.2
30,30,30,15.2,7.3
30,30,30,15.2,7.4
30,30,30,15.2,7.5
30,30,30,15.2,7.6
30,30,30,15.2,7.7
30,30,30,15.2,7.8
30,30,30,15.2,7.9
30,30,30,15.2,8
30,30,30,15.2,8.1
30,30,30,15.2,8.2
30,30,30,15.2,8.3
30,30,30,15.2,8.4
30,30,30,15.2,8.5
30,30,30,15.2,8.6
30,30,30,15.2,8.7
30,30,30,15.2,8.8
30,30,30,15.2,8.9
30,30,30,15.2,9
30,30,30,15.2,9.1
30,30,30,15.2,9.2
30,30,30,15.2,9.3
30,30,30,15.2,9.4
30,30,30,15.2,9.5
30,30,30,15.2,9.6
30,30,30,15.2,9.7
30,30,30,15.2,9.8
30,30,30,15.2,9.9
30,30,30,15.2,10
30,30,30,15.3,6.2
30,30,30,15.3,6.3
30,30,30,15.3,6.4
30,30,30,15.3,6.5
30,30,30,15.3,6.6
30,30,30,15.3,6.7
30,30,30,15.3,6.8
30,30,30,15.3,6.9
30,30,30,15.3,7
30,30,30,15.3,7.1
30,30,30,15.3,7.2
30,30,30,15.3,7.3
30,30,30,15.3,7.4
30,30,30,15.3,7.5
30,30,30,15.3,7.6
30,30,30,15.3,7.7
30,30,30,15.3,7.8
30,30,30,15.3,7.9
30,30,30,15.3,8
30,30,30,15.3,8.1
30,30,30,15.3,8.2
30,30,30,15.3,8.3
30,30,30,15.3,8.4
30,30,30,15.3,8.5
30,30,30,15.3,8.6
30,30,30,15.3,8.7
30,30,30,15.3,8.8
30,30,30,15.3,8.9
30,30,30,15.3,9
30,30,30,15.3,9.1
30,30,30,15.3,9.2
30,30,30,15.3,9.3
30,30,30,15.3,9.4
30,30,30,15.3,9.5
30,30,30,15.3,9.6
30,30,30,15.3,9.7
30,30,30,15.3,9.8
30,30,30,15.3,9.9
30,30,30,15.3,10
30,30,30,15.4,6.4
30,30,30,15.4,6.5
30,30,30,15.4,6.6
30,30,30,15.4,6.7
30,30,30,15.4,6.8
30,30,30,15.4,6.9
30,30,30,15.4,7
30,30,30,15.4,7.1
30,30,30,15.4,7.2
30,30,30,15.4,7.3
30,30,30,15.4,7.4
30,30,30,15.4,7.5
30,30,30,15.4,7.6
30,30,30,15.4,7.7
30,30,30,15.4,7.8
30,30,30,15.4,7.9
30,30,30,15.4,8
30,30,30,15.4,8.1
30,30,30,15.4,8.2
30,30,30,15.4,8.3
30,30,30,15.4,8.4
30,30,30,15.4,8.5
30,30,30,15.4,8.6
30,30,30,15.4,8.7
30,30,30,15.4,8.8
30,30,30,15.4,8.9
30,30,30,15.4,9
30,30,30,15.4,9.1
30,30,30,15.4,9.2
30,30,30,15.4,9.3
30,30,30,15.4,9.4
30,30,30,15.4,9.5
30,30,30,15.4,9.6
30,30,30,15.4,9.7
30,30,30,15.4,9.8
30,30,30,15.4,9.9
30,30,30,15.4,10
30,30,30,15.5,6.5
30,30,30,15.5,6.6
30,30,30,15.5,6.7
30,30,30,15.5,6.8
30,30,30,15.5,6.9
30,30,30,15.5,7
30,30,30,15.5,7.1
30,30,30,15.5,7.2
30,30,30,15.5,7.3
30,30,30,15.5,7.4
30,30,30,15.5,7.5
30,30,30,15.5,7.6
30,30,30,15.5,7.7
30,30,30,15.5,7.8
30,30,30,15.5,7.9
30,30,30,15.5,8
30,30,30,15.5,8.1
30,30,30,15.5,8.2
30,30,30,15.5,8.3
30,30,30,15.5,8.4
30,30,30,15.5,8.5
30,30,30,15.5,8.6
30,30,30,15.5,8.7
30,30,30,15.5,8.8
30,30,30,15.5,8.9
30,30,30,15.5,9
30,30,30,15.5,9.1
30,30,30,15.5,9.2
30,30,30,15.5,9.3
30,30,30,15.5,9.4
30,30,30,15.5,9.5
30,30,30,15.5,9.6
30,30,30,15.5,9.7
30,30,30,15.5,9.8
30,30,30,15.5,9.9
30,30,30,15.5,10
31,30,30,15.6,6.7
31,30,30,15.6,6.8
31,30,30,15.6,6.9
31,30,30,15.6,7
31,30,30,15.6,7.1
31,30,30,15.6,7.2
31,30,30,15.6,7.3
31,30,30,15.6,7.4
31,30,30,15.6,7.5
31,30,30,15.6,7.6
31,30,30,15.6,7.7
31,30,30,15.6,7.8
31,30,30,15.6,7.9
31,30,30,15.6,8
31,30,30,15.6,8.1
31,30,30,15.6,8.2
31,30,30,15.6,8.3
31,30,30,15.6,8.4
31,30,30,15.6,8.5
31,30,30,15.6,8.6
31,30,30,15.6,8.7
31,30,30,15.6,8.8
31,30,30,15.6,8.9
31,30,30,15.6,9
31,30,30,15.6,9.1
31,30,30,15.6,9.2
31,30,30,15.6,9.3
31,30,30,15.6,9.4
31,30,30,15.6,9.5
31,30,30,15.6,9.6
31,30,30,15.6,9.7
31,30,30,15.6,9.8
31,30,30,15.6,9.9
31,30,30,15.6,10
31,30,30,15.7,6.8
31,30,30,15.7,6.9
31,30,30,15.7,7
31,30,30,15.7,7.1
31,30,30,15.7,7.2
31,30,30,15.7,7.3
31,30,30,15.7,7.4
31,30,30,15.7,7.5
31,30,30,15.7,7.6
31,30,30,15.7,7.7
31,30,30,15.7,7.8
31,30,30,15.7,7.9
31,30,30,15.7,8
31,30,30,15.7,8.1
31,30,30,15.7,8.2
31,30,30,15.7,8.3
31,30,30,15.7,8.4
31,30,30,15.7,8.5
31,30,30,15.7,8.6
31,30,30,15.7,8.7
31,30,30,15.7,8.8
31,30,30,15.7,8.9
31,30,30,15.7,9
31,30,30,15.7,9.1
31,30,30,15.7,9.2
31,30,30,15.7,9.3
31,30,30,15.7,9.4
31,30,30,15.7,9.5
31,30,30,15.7,9.6
31,30,30,15.7,9.7
31,30,30,15.7,9.8
31,30,30,15.7,9.9
31,30,30,15.7,10
31,30,30,15.8,7
31,30,30,15.8,7.1
31,30,30,15.8,7.2
31,30,30,15.8,7.3
31,30,30,15.8,7.4
31,30,30,15.8,7.5
31,30,30,15.8,7.6
31,30,30,15.8,7.7
31,30,30,15.8,7.8
31,30,30,15.8,7.9
31,30,30,15.8,8
31,30,30,15.8,8.1
31,30,30,15.8,8.2
31,30,30,15.8,8.3
31,30,30,15.8,8.4
31,30,30,15.8,8.5
31,30,30,15.8,8.6
31,30,30,15.8,8.7
31,30,30,15.8,8.8
31,30,30,15.8,8.9
31,30,30,15.8,9
31,30,30,15.8,9.1
31,30,30,15.8,9.2
31,30,30,15.8,9.3
31,30,30,15.8,9.4
31,30,30,15.8,9.5
31,30,30,15.8,9.6
31,30,30,15.8,9.7
31,30,30,15.8,9.8
31,30,30,15.8,9.9
31,30,30,15.8,10
31,30,30,15.9,7.1
31,30,30,15.9,7.2
31,30,30,15.9,7.3
31,30,30,15.9,7.4
31,30,30,15.9,7.5
31,30,30,15.9,7.6
31,30,30,15.9,7.7
31,30,30,15.9,7.8
31,30,30,15.9,7.9
31,30,30,15.9,8
31,30,30,15.9,8.1
31,30,30,15.9,8.2
31,30,30,15.9,8.3
31,30,30,15.9,8.4
31,30,30,15.9,8.5
31,30,30,15.9,8.6
31,30,30,15.9,8.7
31,30,30,15.9,8.8
31,30,30,15.9,8.9
31,30,30,15.9,9
31,30,30,15.9,9.1
31,30,30,15.9,9.2
31,30,30,15.9,9.3
31,30,30,15.9,9.4
31,30,30,15.9,9.5
31,30,30,15.9,9.6
31,30,30,15.9,9.7
31,30,30,15.9,9.8
31,30,30,15.9,9.9
31,30,30,15.9,10
31,30,30,16,7.3
31,30,30,16,7.4
31,30,30,16,7.5
31,30,30,16,7.6
31,30,30,16,7.7
31,30,30,16,7.8
31,30,30,16,7.9
31,30,30,16,8
31,30,30,16,8.1
31,30,30,16,8.2
31,30,30,16,8.3
31,30,30,16,8.4
31,30,30,16,8.5
31,30,30,16,8.6
31,30,30,16,8.7
31,30,30,16,8.8
31,30,30,16,8.9
31,30,30,16,9
31,30,30,16,9.1
31,30,30,16,9.2
31,30,30,16,9.3
31,30,30,16,9.4
31,30,30,16,9.5
31,30,30,16,9.6
31,30,30,16,9.7
31,30,30,16,9.8
31,30,30,16,9.9
31,30,30,16,10
32,30,30,16.1,7.4
32,30,30,16.1,7.5
32,30,30,16.1,7.6
32,30,30,16.1,7.7
32,30,30,16.1,7.8
32,30,30,16.1,7.9
32,30,30,16.1,8
32,30,30,16.1,8.1
32,30,30,16.1,8.2
32,30,30,16.1,8.3
32,30,30,16.1,8.4
32,30,30,16.1,8.5
32,30,30,16.1,8.6
32,30,30,16.1,8.7
32,30,30,16.1,8.8
32,30,30,16.1,8.9
32,30,30,16.1,9
32,30,30,16.1,9.1
32,30,30,16.1,9.2
32,30,30,16.1,9.3
32,30,30,16.1,9.4
32,30,30,16.1,9.5
32,30,30,16.1,9.6
32,30,30,16.1,9.7
32,30,30,16.1,9.8
32,30,30,16.1,9.9
32,30,30,16.1,10
32,30,30,16.2,7.6
32,30,30,16.2,7.7
32,30,30,16.2,7.8
32,30,30,16.2,7.9
32,30,30,16.2,8
32,30,30,16.2,8.1
32,30,30,16.2,8.2
32,30,30,16.2,8.3
32,30,30,16.2,8.4
32,30,30,16.2,8.5
32,30,30,16.2,8.6
32,30,30,16.2,8.7
32,30,30,16.2,8.8
32,30,30,16.2,8.9
32,30,30,16.2,9
32,30,30,16.2,9.1
32,30,30,16.2,9.2
32,30,30,16.2,9.3
32,30,30,16.2,9.4
32,30,30,16.2,9.5
32,30,30,16.2,9.6
32,30,30,16.2,9.7
32,30,30,16.2,9.8
32,30,30,16.2,9.9
32,30,30,16.2,10
32,30,30,16.3,7.7
32,30,30,16.3,7.8
32,30,30,16.3,7.9
32,30,30,16.3,8
32,30,30,16.3,8.1
32,30,30,16.3,8.2
32,30,30,16.3,8.3
32,30,30,16.3,8.4
32,30,30,16.3,8.5
32,30,30,16.3,8.6
32,30,30,16.3,8.7
32,30,30,16.3,8.8
32,30,30,16.3,8.9
32,30,30,16.3,9
32,30,30,16.3,9.1
32,30,30,16.3,9.2
32,30,30,16.3,9.3
32,30,30,16.3,9.4
32,30,30,16.3,9.5
32,30,30,16.3,9.6
32,30,30,16.3,9.7
32,30,30,16.3,9.8
32,30,30,16.3,9.9
32,30,30,16.3,10
32,30,30,16.4,7.9
32,30,30,16.4,8
32,30,30,16.4,8.1
32,30,30,16.4,8.2
32,30,30,16.4,8.3
32,30,30,16.4,8.4
32,30,30,16.4,8.5
32,30,30,16.4,8.6
32,30,30,16.4,8.7
32,30,30,16.4,8.8
32,30,30,16.4,8.9
32,30,30,16.4,9
32,30,30,16.4,9.1
32,30,30,16.4,9.2
32,30,30,16.4,9.3
32,30,30,16.4,9.4
32,30,30,16.4,9.5
32,30,30,16.4,9.6
32,30,30,16.4,9.7
32,30,30,16.4,9.8
32,30,30,16.4,9.9
32,30,30,16.4,10
32,30,30,16.5,8
32,30,30,16.5,8.1
32,30,30,16.5,8.2
32,30,30,16.5,8.3
32,30,30,16.5,8.4
32,30,30,16.5,8.5
32,30,30,16.5,8.6
32,30,30,16.5,8.7
32,30,30,16.5,8.8
32,30,30,16.5,8.9
32,30,30,16.5,9
32,30,30,16.5,9.1
32,30,30,16.5,9.2
32,30,30,16.5,9.3
32,30,30,16.5,9.4
32,30,30,16.5,9.5
32,30,30,16.5,9.6
32,30,30,16.5,9.7
32,30,30,16.5,9.8
32,30,30,16.5,9.9
32,30,30,16.5,10
33,30,30,16.6,8.2
33,30,30,16.6,8.3
33,30,30,16.6,8.4
33,30,30,16.6,8.5
33,30,30,16.6,8.6
33,30,30,16.6,8.7
33,30,30,16.6,8.8
33,30,30,16.6,8.9
33,30,30,16.6,9
33,30,30,16.6,9.1
33,30,30,16.6,9.2
33,30,30,16.6,9.3
33,30,30,16.6,9.4
33,30,30,16.6,9.5
33,30,30,16.6,9.6
33,30,30,16.6,9.7
33,30,30,16.6,9.8
33,30,30,16.6,9.9
33,30,30,16.6,10
33,30,30,16.7,8.4
33,30,30,16.7,8.5
33,30,30,16.7,8.6
33,30,30,16.7,8.7
33,30,30,16.7,8.8
33,30,30,16.7,8.9
33,30,30,16.7,9
33,30,30,16.7,9.1
33,30,30,16.7,9.2
33,30,30,16.7,9.3
33,30,30,16.7,9.4
33,30,30,16.7,9.5
33,30,30,16.7,9.6
33,30,30,16.7,9.7
33,30,30,16.7,9.8
33,30,30,16.7,9.9
33,30,30,16.7,10
33,30,30,16.8,8.5
33,30,30,16.8,8.6
33,30,30,16.8,8.7
33,30,30,16.8,8.8
33,30,30,16.8,8.9
33,30,30,16.8,9
33,30,30,16.8,9.1
33,30,30,16.8,9.2
33,30,30,16.8,9.3
33,30,30,16.8,9.4
33,30,30,16.8,9.5
33,30,30,16.8,9.6
33,30,30,16.8,9.7
33,30,30,16.8,9.8
33,30,30,16.8,9.9
33,30,30,16.8,10
33,30,30,16.9,8.7
33,30,30,16.9,8.8
33,30,30,16.9,8.9
33,30,30,16.9,9
33,30,30,16.9,9.1
33,30,30,16.9,9.2
33,30,30,16.9,9.3
33,30,30,16.9,9.4
33,30,30,16.9,9.5
33,30,30,16.9,9.6
33,30,30,16.9,9.7
33,30,30,16.9,9.8
33,30,30,16.9,9.9
33,30,30,16.9,10
33,30,30,17,8.9
33,30,30,17,9
33,30,30,17,9.1
33,30,30,17,9.2
33,30,30,17,9.3
33,30,30,17,9.4
33,30,30,17,9.5
33,30,30,17,9.6
33,30,30,17,9.7
33,30,30,17,9.8
33,30,30,17,9.9
33,30,30,17,10
34,30,30,17.1,9
34,30,30,17.1,9.1
34,30,30,17.1,9.2
34,30,30,17.1,9.3
34,30,30,17.1,9.4
34,30,30,17.1,9.5
34,30,30,17.1,9.6
34,30,30,17.1,9.7
34,30,30,17.1,9.8
34,30,30,17.1,9.9
34,30,30,17.1,10
34,30,30,17.2,9.2
34,30,30,17.2,9.3
34,30,30,17.2,9.4
34,30,30,17.2,9.5
34,30,30,17.2,9.6
34,30,30,17.2,9.7
34,30,30,17.2,9.8
34,30,30,17.2,9.9
34,30,30,17.2,10
34,30,30,17.3,9.4
34,30,30,17.3,9.5
34,30,30,17.3,9.6
34,30,30,17.3,9.7
34,30,30,17.3,9.8
34,30,30,17.3,9.9
34,30,30,17.3,10
34,30,30,17.4,9.6
34,30,30,17.4,9.7
34,30,30,17.4,9.8
34,30,30,17.4,9.9
34,30,30,17.4,10
34,30,30,17.5,9.7
34,30,30,17.5,9.8
34,30,30,17.5,9.9
34,30,30,17.5,10
35,30,30,17.6,9.9
35,30,30,17.6,10
10,30,30,5,1
10,30,30,5,2
10,30,30,5,3
10,30,30,5,4
10,30,30,5,5
10,30,30,5,6
10,30,30,5,7
10,30,30,5,8
10,30,30,5,9
10,30,30,5,10
12,30,30,6,1
12,30,30,6,2
12,30,30,6,3
12,30,30,6,4
12,30,30,6,5
12,30,30,6,6
12,30,30,6,7
12,30,30,6,8
12,30,30,6,9
12,30,30,6,10
14,30,30,7,0
14,30,30,7,1
14,30,30,7,2
14,30,30,7,3
14,30,30,7,4
14,30,30,7,5
14,30,30,7,6
14,30,30,7,7
14,30,30,7,8
14,30,30,7,9
14,30,30,7,10
16,30,30,8,0
16,30,30,8,2
16,30,30,8,3
16,30,30,8,4
16,30,30,8,5
16,30,30,8,6
16,30,30,8,7
16,30,30,8,8
16,30,30,8,9
16,30,30,8,10
18,30,30,9,0
18,30,30,9,3
18,30,30,9,4
18,30,30,9,5
18,30,30,9,6
18,30,30,9,7
18,30,30,9,8
18,30,30,9,9
18,30,30,9,10
20,30,30,10,0
20,30,30,10,4
20,30,30,10,5
20,30,30,10,6
20,30,30,10,7
20,30,30,10,8
20,30,30,10,9
20,30,30,10,10
22,30,30,11,0
22,30,30,11,1
22,30,30,11,5
22,30,30,11,6
22,30,30,11,7
22,30,30,11,8
22,30,30,11,9
22,30,30,11,10
24,30,30,12,0
24,30,30,12,1
24,30,30,12,2
24,30,30,12,6
24,30,30,12,7
24,30,30,12,8
24,30,30,12,9
24,30,30,12,10
26,30,30,13,0
26,30,30,13,1
26,30,30,13,2
26,30,30,13,3
26,30,30,13,8
26,30,30,13,9
26,30,30,13,10
28,30,30,14,0
28,30,30,14,1
28,30,30,14,2
28,30,30,14,3
28,30,30,14,4
28,30,30,14,9
28,30,30,14,10
30,30,30,15,0
30,30,30,15,1
30,30,30,15,2
30,30,30,15,3
30,30,30,15,4
30,30,30,15,5
32,30,30,16,0
32,30,30,16,1
32,30,30,16,2
32,30,30,16,3
32,30,30,16,4
32,30,30,16,5
32,30,30,16,6
32,30,30,16,7
34,30,30,17,0
34,30,30,17,1
34,30,30,17,2
34,30,30,17,3
34,30,30,17,4
34,30,30,17,5
34,30,30,17,6
34,30,30,17,7
34,30,30,17,8
36,30,30,18,0
36,30,30,18,1
36,30,30,18,2
36,30,30,18,3
36,30,30,18,4
36,30,30,18,5
36,30,30,18,6
36,30,30,18,7
36,30,30,18,8
36,30,30,18,9
36,30,30,18,10
38,30,30,19,0
38,30,30,19,1
38,30,30,19,2
38,30,30,19,3
38,30,30,19,4
38,30,30,19,5
38,30,30,19,6
38,30,30,19,7
38,30,30,19,8
38,30,30,19,9
38,30,30,19,10
40,30,30,20,0
40,30,30,20,1
40,30,30,20,2
40,30,30,20,3
40,30,30,20,4
40,30,30,20,5
40,30,30,20,6
40,30,30,20,7
40,30,30,20,8
40,30,30,20,9
40,30,30,20,10
