26,30,180,0.77
26,30,180,0.78
26,30,180,0.79
26,30,180,0.8
26,30,185,0.7
26,30,185,0.71
26,30,185,0.72
26,30,185,0.73
26,30,185,0.74
26,30,185,0.75
26,30,185,0.76
26,30,185,0.77
26,30,185,0.78
26,30,185,0.79
26,30,185,0.8
26,30,190,0.7
26,30,190,0.71
26,30,190,0.72
26,30,190,0.73
26,30,190,0.74
26,30,190,0.75
26,30,190,0.76
26,30,190,0.77
26,30,190,0.78
26,30,190,0.79
26,30,190,0.8
26,30,195,0.7
26,30,195,0.71
26,30,195,0.72
26,30,195,0.73
26,30,195,0.74
26,30,195,0.75
26,30,195,0.76
26,30,195,0.77
26,30,195,0.78
26,30,195,0.79
26,30,195,0.8
26,30,200,0.7
26,30,200,0.71
26,30,200,0.72
26,30,200,0.73
26,30,200,0.74
26,30,200,0.75
26,30,200,0.76
26,30,200,0.77
26,30,200,0.78
26,30,200,0.79
26,30,200,0.8
26,30,205,0.7
26,30,205,0.71
26,30,205,0.72
26,30,205,0.73
26,30,205,0.74
26,30,205,0.75
26,30,205,0.76
26,30,205,0.77
26,30,205,0.78
26,30,205,0.79
26,30,205,0.8
26,30,210,0.7
26,30,210,0.71
26,30,210,0.72
26,30,210,0.73
26,30,210,0.74
26,30,210,0.75
26,30,210,0.76
26,30,210,0.77
26,30,210,0.78
26,30,210,0.79
26,30,210,0.8
26,30,215,0.7
26,30,215,0.71
26,30,215,0.72
26,30,215,0.73
26,30,215,0.74
26,30,215,0.75
26,30,215,0.76
26,30,215,0.77
26,30,215,0.78
26,30,215,0.79
26,30,215,0.8
26,30,220,0.7
26,30,220,0.71
26,30,220,0.72
26,30,220,0.73
26,30,220,0.74
26,30,220,0.75
26,30,220,0.76
26,30,220,0.77
26,30,220,0.78
26,30,220,0.79
26,30,220,0.8
26,30,225,0.7
26,30,225,0.71
26,30,225,0.72
26,30,225,0.73
26,30,225,0.74
26,30,225,0.75
26,30,225,0.76
26,30,225,0.77
26,30,225,0.78
26,30,225,0.79
26,30,225,0.8
26,30,230,0.7
26,30,230,0.71
26,30,230,0.72
26,30,230,0.73
26,30,230,0.74
26,30,230,0.75
26,30,230,0.76
26,30,230,0.77
26,30,230,0.78
26,30,230,0.79
26,30,230,0.8
26,30,235,0.7
26,30,235,0.71
26,30,235,0.72
26,30,235,0.73
26,30,235,0.74
26,30,235,0.75
26,30,235,0.76
26,30,235,0.77
26,30,235,0.78
26,30,235,0.79
26,30,235,0.8
26,30,240,0.7
26,30,240,0.71
26,30,240,0.72
26,30,240,0.73
26,30,240,0.74
26,30,240,0.75
26,30,240,0.76
26,30,240,0.77
26,30,240,0.78
26,30,240,0.79
26,30,240,0.8
26,30,245,0.7
26,30,245,0.71
26,30,245,0.72
26,30,245,0.73
26,30,245,0.74
26,30,245,0.75
26,30,245,0.76
26,30,245,0.77
26,30,245,0.78
26,30,245,0.79
26,30,245,0.8
26,30,250,0.7
26,30,250,0.71
26,30,250,0.72
26,30,250,0.73
26,30,250,0.74
26,30,250,0.75
26,30,250,0.76
26,30,250,0.77
26,30,250,0.78
26,30,250,0.79
26,30,250,0.8
26,35,150,0.7
26,35,150,0.71
26,35,150,0.72
26,35,150,0.73
26,35,150,0.74
26,35,150,0.75
26,35,150,0.76
26,35,150,0.77
26,35,150,0.78
26,35,150,0.79
26,35,150,0.8
26,35,155,0.7
26,35,155,0.71
26,35,155,0.72
26,35,155,0.73
26,35,155,0.74
26,35,155,0.75
26,35,155,0.76
26,35,155,0.77
26,35,155,0.78
26,35,155,0.79
26,35,155,0.8
26,35,160,0.7
26,35,160,0.71
26,35,160,0.72
26,35,160,0.73
26,35,160,0.74
26,35,160,0.75
26,35,160,0.76
26,35,160,0.77
26,35,160,0.78
26,35,160,0.79
26,35,160,0.8
26,35,165,0.7
26,35,165,0.71
26,35,165,0.72
26,35,165,0.73
26,35,165,0.74
26,35,165,0.75
26,35,165,0.76
26,35,165,0.77
26,35,165,0.78
26,35,165,0.79
26,35,165,0.8
26,35,170,0.7
26,35,170,0.71
26,35,170,0.72
26,35,170,0.73
26,35,170,0.74
26,35,170,0.75
26,35,170,0.76
26,35,170,0.77
26,35,170,0.78
26,35,170,0.79
26,35,170,0.8
26,35,175,0.7
26,35,175,0.71
26,35,175,0.72
26,35,175,0.73
26,35,175,0.74
26,35,175,0.75
26,35,175,0.76
26,35,175,0.77
26,35,175,0.78
26,35,175,0.79
26,35,175,0.8
26,35,180,0.7
26,35,180,0.71
26,35,180,0.72
26,35,180,0.73
26,35,180,0.74
26,35,180,0.75
26,35,180,0.76
26,35,180,0.77
26,35,180,0.78
26,35,180,0.79
26,35,180,0.8
26,35,185,0.7
26,35,185,0.71
26,35,185,0.72
26,35,185,0.73
26,35,185,0.74
26,35,185,0.75
26,35,185,0.76
26,35,185,0.77
26,35,185,0.78
26,35,185,0.79
26,35,185,0.8
26,35,190,0.7
26,35,190,0.71
26,35,190,0.72
26,35,190,0.73
26,35,190,0.74
26,35,190,0.75
26,35,190,0.76
26,35,190,0.77
26,35,190,0.78
26,35,190,0.79
26,35,190,0.8
26,35,195,0.7
26,35,195,0.71
26,35,195,0.72
26,35,195,0.73
26,35,195,0.74
26,35,195,0.75
26,35,195,0.76
26,35,195,0.77
26,35,195,0.78
26,35,195,0.79
26,35,195,0.8
26,35,200,0.7
26,35,200,0.71
26,35,200,0.72
26,35,200,0.73
26,35,200,0.74
26,35,200,0.75
26,35,200,0.76
26,35,200,0.77
26,35,200,0.78
26,35,200,0.79
26,35,200,0.8
26,35,205,0.7
26,35,205,0.71
26,35,205,0.72
26,35,205,0.73
26,35,205,0.74
26,35,205,0.75
26,35,205,0.76
26,35,205,0.77
26,35,205,0.78
26,35,205,0.79
26,35,205,0.8
26,35,210,0.7
26,35,210,0.71
26,35,210,0.72
26,35,210,0.73
26,35,210,0.74
26,35,210,0.75
26,35,210,0.76
26,35,210,0.77
26,35,210,0.78
26,35,210,0.79
26,35,210,0.8
26,35,215,0.7
26,35,215,0.71
26,35,215,0.72
26,35,215,0.73
26,35,215,0.74
26,35,215,0.75
26,35,215,0.76
26,35,215,0.77
26,35,215,0.78
26,35,215,0.79
26,35,215,0.8
26,35,220,0.7
26,35,220,0.71
26,35,220,0.72
26,35,220,0.73
26,35,220,0.74
26,35,220,0.75
26,35,220,0.76
26,35,220,0.77
26,35,220,0.78
26,35,220,0.79
26,35,220,0.8
26,35,225,0.7
26,35,225,0.71
26,35,225,0.72
26,35,225,0.73
26,35,225,0.74
26,35,225,0.75
26,35,225,0.76
26,35,225,0.77
26,35,225,0.78
26,35,225,0.79
26,35,225,0.8
26,35,230,0.7
26,35,230,0.71
26,35,230,0.72
26,35,230,0.73
26,35,230,0.74
26,35,230,0.75
26,35,230,0.76
26,35,230,0.77
26,35,230,0.78
26,35,230,0.79
26,35,230,0.8
26,35,235,0.7
26,35,235,0.71
26,35,235,0.72
26,35,235,0.73
26,35,235,0.74
26,35,235,0.75
26,35,235,0.76
26,35,235,0.77
26,35,235,0.78
26,35,235,0.79
26,35,235,0.8
26,35,240,0.7
26,35,240,0.71
26,35,240,0.72
26,35,240,0.73
26,35,240,0.74
26,35,240,0.75
26,35,240,0.76
26,35,240,0.77
26,35,240,0.78
26,35,240,0.79
26,35,240,0.8
26,35,245,0.7
26,35,245,0.71
26,35,245,0.72
26,35,245,0.73
26,35,245,0.74
26,35,245,0.75
26,35,245,0.76
26,35,245,0.77
26,35,245,0.78
26,35,245,0.79
26,35,245,0.8
26,35,250,0.7
26,35,250,0.71
26,35,250,0.72
26,35,250,0.73
26,35,250,0.74
26,35,250,0.75
26,35,250,0.76
26,35,250,0.77
26,35,250,0.78
26,35,250,0.79
26,35,250,0.8
26,40,150,0.7
26,40,150,0.71
26,40,150,0.72
26,40,150,0.73
26,40,150,0.74
26,40,150,0.75
26,40,150,0.76
26,40,150,0.77
26,40,150,0.78
26,40,150,0.79
26,40,150,0.8
26,40,155,0.7
26,40,155,0.71
26,40,155,0.72
26,40,155,0.73
26,40,155,0.74
26,40,155,0.75
26,40,155,0.76
26,40,155,0.77
26,40,155,0.78
26,40,155,0.79
26,40,155,0.8
26,40,160,0.7
26,40,160,0.71
26,40,160,0.72
26,40,160,0.73
26,40,160,0.74
26,40,160,0.75
26,40,160,0.76
26,40,160,0.77
26,40,160,0.78
26,40,160,0.79
26,40,160,0.8
26,40,165,0.7
26,40,165,0.71
26,40,165,0.72
26,40,165,0.73
26,40,165,0.74
26,40,165,0.75
26,40,165,0.76
26,40,165,0.77
26,40,165,0.78
26,40,165,0.79
26,40,165,0.8
26,40,170,0.7
26,40,170,0.71
26,40,170,0.72
26,40,170,0.73
26,40,170,0.74
26,40,170,0.75
26,40,170,0.76
26,40,170,0.77
26,40,170,0.78
26,40,170,0.79
26,40,170,0.8
26,40,175,0.7
26,40,175,0.71
26,40,175,0.72
26,40,175,0.73
26,40,175,0.74
26,40,175,0.75
26,40,175,0.76
26,40,175,0.77
26,40,175,0.78
26,40,175,0.79
26,40,175,0.8
26,40,180,0.7
26,40,180,0.71
26,40,180,0.72
26,40,180,0.73
26,40,180,0.74
26,40,180,0.75
26,40,180,0.76
26,40,180,0.77
26,40,180,0.78
26,40,180,0.79
26,40,180,0.8
26,40,185,0.7
26,40,185,0.71
26,40,185,0.72
26,40,185,0.73
26,40,185,0.74
26,40,185,0.75
26,40,185,0.76
26,40,185,0.77
26,40,185,0.78
26,40,185,0.79
26,40,185,0.8
26,40,190,0.7
26,40,190,0.71
26,40,190,0.72
26,40,190,0.73
26,40,190,0.74
26,40,190,0.75
26,40,190,0.76
26,40,190,0.77
26,40,190,0.78
26,40,190,0.79
26,40,190,0.8
26,40,195,0.7
26,40,195,0.71
26,40,195,0.72
26,40,195,0.73
26,40,195,0.74
26,40,195,0.75
26,40,195,0.76
26,40,195,0.77
26,40,195,0.78
26,40,195,0.79
26,40,195,0.8
26,40,200,0.7
26,40,200,0.71
26,40,200,0.72
26,40,200,0.73
26,40,200,0.74
26,40,200,0.75
26,40,200,0.76
26,40,200,0.77
26,40,200,0.78
26,40,200,0.79
26,40,200,0.8
26,40,205,0.7
26,40,205,0.71
26,40,205,0.72
26,40,205,0.73
26,40,205,0.74
26,40,205,0.75
26,40,205,0.76
26,40,205,0.77
26,40,205,0.78
26,40,205,0.79
26,40,205,0.8
26,40,210,0.7
26,40,210,0.71
26,40,210,0.72
26,40,210,0.73
26,40,210,0.74
26,40,210,0.75
26,40,210,0.76
26,40,210,0.77
26,40,210,0.78
26,40,210,0.79
26,40,210,0.8
26,40,215,0.7
26,40,215,0.71
26,40,215,0.72
26,40,215,0.73
26,40,215,0.74
26,40,215,0.75
26,40,215,0.76
26,40,215,0.77
26,40,215,0.78
26,40,215,0.79
26,40,215,0.8
26,40,220,0.7
26,40,220,0.71
26,40,220,0.72
26,40,220,0.73
26,40,220,0.74
26,40,220,0.75
26,40,220,0.76
26,40,220,0.77
26,40,220,0.78
26,40,220,0.79
26,40,220,0.8
26,40,225,0.7
26,40,225,0.71
26,40,225,0.72
26,40,225,0.73
26,40,225,0.74
26,40,225,0.75
26,40,225,0.76
26,40,225,0.77
26,40,225,0.78
26,40,225,0.79
26,40,225,0.8
26,40,230,0.7
26,40,230,0.71
26,40,230,0.72
26,40,230,0.73
26,40,230,0.74
26,40,230,0.75
26,40,230,0.76
26,40,230,0.77
26,40,230,0.78
26,40,230,0.79
26,40,230,0.8
26,40,235,0.7
26,40,235,0.71
26,40,235,0.72
26,40,235,0.73
26,40,235,0.74
26,40,235,0.75
26,40,235,0.76
26,40,235,0.77
26,40,235,0.78
26,40,235,0.79
26,40,235,0.8
26,40,240,0.7
26,40,240,0.71
26,40,240,0.72
26,40,240,0.73
26,40,240,0.74
26,40,240,0.75
26,40,240,0.76
26,40,240,0.77
26,40,240,0.78
26,40,240,0.79
26,40,240,0.8
26,40,245,0.7
26,40,245,0.71
26,40,245,0.72
26,40,245,0.73
26,40,245,0.74
26,40,245,0.75
26,40,245,0.76
26,40,245,0.77
26,40,245,0.78
26,40,245,0.79
26,40,245,0.8
26,40,250,0.7
26,40,250,0.71
26,40,250,0.72
26,40,250,0.73
26,40,250,0.74
26,40,250,0.75
26,40,250,0.76
26,40,250,0.77
26,40,250,0.78
26,40,250,0.79
26,40,250,0.8
26,45,150,0.7
26,45,150,0.71
26,45,150,0.72
26,45,150,0.73
26,45,150,0.74
26,45,150,0.75
26,45,150,0.76
26,45,150,0.77
26,45,150,0.78
26,45,150,0.79
26,45,150,0.8
26,45,155,0.7
26,45,155,0.71
26,45,155,0.72
26,45,155,0.73
26,45,155,0.74
26,45,155,0.75
26,45,155,0.76
26,45,155,0.77
26,45,155,0.78
26,45,155,0.79
26,45,155,0.8
26,45,160,0.7
26,45,160,0.71
26,45,160,0.72
26,45,160,0.73
26,45,160,0.74
26,45,160,0.75
26,45,160,0.76
26,45,160,0.77
26,45,160,0.78
26,45,160,0.79
26,45,160,0.8
26,45,165,0.7
26,45,165,0.71
26,45,165,0.72
26,45,165,0.73
26,45,165,0.74
26,45,165,0.75
26,45,165,0.76
26,45,165,0.77
26,45,165,0.78
26,45,165,0.79
26,45,165,0.8
26,45,170,0.7
26,45,170,0.71
26,45,170,0.72
26,45,170,0.73
26,45,170,0.74
26,45,170,0.75
26,45,170,0.76
26,45,170,0.77
26,45,170,0.78
26,45,170,0.79
26,45,170,0.8
26,45,175,0.7
26,45,175,0.71
26,45,175,0.72
26,45,175,0.73
26,45,175,0.74
26,45,175,0.75
26,45,175,0.76
26,45,175,0.77
26,45,175,0.78
26,45,175,0.79
26,45,175,0.8
26,45,180,0.7
26,45,180,0.71
26,45,180,0.72
26,45,180,0.73
26,45,180,0.74
26,45,180,0.75
26,45,180,0.76
26,45,180,0.77
26,45,180,0.78
26,45,180,0.79
26,45,180,0.8
26,45,185,0.7
26,45,185,0.71
26,45,185,0.72
26,45,185,0.73
26,45,185,0.74
26,45,185,0.75
26,45,185,0.76
26,45,185,0.77
26,45,185,0.78
26,45,185,0.79
26,45,185,0.8
26,45,190,0.7
26,45,190,0.71
26,45,190,0.72
26,45,190,0.73
26,45,190,0.74
26,45,190,0.75
26,45,190,0.76
26,45,190,0.77
26,45,190,0.78
26,45,190,0.79
26,45,190,0.8
26,45,195,0.7
26,45,195,0.71
26,45,195,0.72
26,45,195,0.73
26,45,195,0.74
26,45,195,0.75
26,45,195,0.76
26,45,195,0.77
26,45,195,0.78
26,45,195,0.79
26,45,195,0.8
26,45,200,0.7
26,45,200,0.71
26,45,200,0.72
26,45,200,0.73
26,45,200,0.74
26,45,200,0.75
26,45,200,0.76
26,45,200,0.77
26,45,200,0.78
26,45,200,0.79
26,45,200,0.8
26,45,205,0.7
26,45,205,0.71
26,45,205,0.72
26,45,205,0.73
26,45,205,0.74
26,45,205,0.75
26,45,205,0.76
26,45,205,0.77
26,45,205,0.78
26,45,205,0.79
26,45,205,0.8
26,45,210,0.7
26,45,210,0.71
26,45,210,0.72
26,45,210,0.73
26,45,210,0.74
26,45,210,0.75
26,45,210,0.76
26,45,210,0.77
26,45,210,0.78
26,45,210,0.79
26,45,210,0.8
26,45,215,0.7
26,45,215,0.71
26,45,215,0.72
26,45,215,0.73
26,45,215,0.74
26,45,215,0.75
26,45,215,0.76
26,45,215,0.77
26,45,215,0.78
26,45,215,0.79
26,45,215,0.8
26,45,220,0.7
26,45,220,0.71
26,45,220,0.72
26,45,220,0.73
26,45,220,0.74
26,45,220,0.75
26,45,220,0.76
26,45,220,0.77
26,45,220,0.78
26,45,220,0.79
26,45,220,0.8
26,45,225,0.7
26,45,225,0.71
26,45,225,0.72
26,45,225,0.73
26,45,225,0.74
26,45,225,0.75
26,45,225,0.76
26,45,225,0.77
26,45,225,0.78
26,45,225,0.79
26,45,225,0.8
26,45,230,0.7
26,45,230,0.71
26,45,230,0.72
26,45,230,0.73
26,45,230,0.74
26,45,230,0.75
26,45,230,0.76
26,45,230,0.77
26,45,230,0.78
26,45,230,0.79
26,45,230,0.8
26,45,235,0.7
26,45,235,0.71
26,45,235,0.72
26,45,235,0.73
26,45,235,0.74
26,45,235,0.75
26,45,235,0.76
26,45,235,0.77
26,45,235,0.78
26,45,235,0.79
26,45,235,0.8
26,45,240,0.7
26,45,240,0.71
26,45,240,0.72
26,45,240,0.73
26,45,240,0.74
26,45,240,0.75
26,45,240,0.76
26,45,240,0.77
26,45,240,0.78
26,45,240,0.79
26,45,240,0.8
26,45,245,0.7
26,45,245,0.71
26,45,245,0.72
26,45,245,0.73
26,45,245,0.74
26,45,245,0.75
26,45,245,0.76
26,45,245,0.77
26,45,245,0.78
26,45,245,0.79
26,45,245,0.8
26,45,250,0.7
26,45,250,0.71
26,45,250,0.72
26,45,250,0.73
26,45,250,0.74
26,45,250,0.75
26,45,250,0.76
26,45,250,0.77
26,45,250,0.78
26,45,250,0.79
26,45,250,0.8
26,50,150,0.7
26,50,150,0.71
26,50,150,0.72
26,50,150,0.73
26,50,150,0.74
26,50,150,0.75
26,50,150,0.76
26,50,150,0.77
26,50,150,0.78
26,50,150,0.79
26,50,150,0.8
26,50,155,0.7
26,50,155,0.71
26,50,155,0.72
26,50,155,0.73
26,50,155,0.74
26,50,155,0.75
26,50,155,0.76
26,50,155,0.77
26,50,155,0.78
26,50,155,0.79
26,50,155,0.8
26,50,160,0.7
26,50,160,0.71
26,50,160,0.72
26,50,160,0.73
26,50,160,0.74
26,50,160,0.75
26,50,160,0.76
26,50,160,0.77
26,50,160,0.78
26,50,160,0.79
26,50,160,0.8
26,50,165,0.7
26,50,165,0.71
26,50,165,0.72
26,50,165,0.73
26,50,165,0.74
26,50,165,0.75
26,50,165,0.76
26,50,165,0.77
26,50,165,0.78
26,50,165,0.79
26,50,165,0.8
26,50,170,0.7
26,50,170,0.71
26,50,170,0.72
26,50,170,0.73
26,50,170,0.74
26,50,170,0.75
26,50,170,0.76
26,50,170,0.77
26,50,170,0.78
26,50,170,0.79
26,50,170,0.8
26,50,175,0.7
26,50,175,0.71
26,50,175,0.72
26,50,175,0.73
26,50,175,0.74
26,50,175,0.75
26,50,175,0.76
26,50,175,0.77
26,50,175,0.78
26,50,175,0.79
26,50,175,0.8
26,50,180,0.7
26,50,180,0.71
26,50,180,0.72
26,50,180,0.73
26,50,180,0.74
26,50,180,0.75
26,50,180,0.76
26,50,180,0.77
26,50,180,0.78
26,50,180,0.79
26,50,180,0.8
26,50,185,0.7
26,50,185,0.71
26,50,185,0.72
26,50,185,0.73
26,50,185,0.74
26,50,185,0.75
26,50,185,0.76
26,50,185,0.77
26,50,185,0.78
26,50,185,0.79
26,50,185,0.8
26,50,190,0.7
26,50,190,0.71
26,50,190,0.72
26,50,190,0.73
26,50,190,0.74
26,50,190,0.75
26,50,190,0.76
26,50,190,0.77
26,50,190,0.78
26,50,190,0.79
26,50,190,0.8
26,50,195,0.7
26,50,195,0.71
26,50,195,0.72
26,50,195,0.73
26,50,195,0.74
26,50,195,0.75
26,50,195,0.76
26,50,195,0.77
26,50,195,0.78
26,50,195,0.79
26,50,195,0.8
26,50,200,0.7
26,50,200,0.71
26,50,200,0.72
26,50,200,0.73
26,50,200,0.74
26,50,200,0.75
26,50,200,0.76
26,50,200,0.77
26,50,200,0.78
26,50,200,0.79
26,50,200,0.8
26,50,205,0.7
26,50,205,0.71
26,50,205,0.72
26,50,205,0.73
26,50,205,0.74
26,50,205,0.75
26,50,205,0.76
26,50,205,0.77
26,50,205,0.78
26,50,205,0.79
26,50,205,0.8
26,50,210,0.7
26,50,210,0.71
26,50,210,0.72
26,50,210,0.73
26,50,210,0.74
26,50,210,0.75
26,50,210,0.76
26,50,210,0.77
26,50,210,0.78
26,50,210,0.79
26,50,210,0.8
26,50,215,0.7
26,50,215,0.71
26,50,215,0.72
26,50,215,0.73
26,50,215,0.74
26,50,215,0.75
26,50,215,0.76
26,50,215,0.77
26,50,215,0.78
26,50,215,0.79
26,50,215,0.8
26,50,220,0.7
26,50,220,0.71
26,50,220,0.72
26,50,220,0.73
26,50,220,0.74
26,50,220,0.75
26,50,220,0.76
26,50,220,0.77
26,50,220,0.78
26,50,220,0.79
26,50,220,0.8
26,50,225,0.7
26,50,225,0.71
26,50,225,0.72
26,50,225,0.73
26,50,225,0.74
26,50,225,0.75
26,50,225,0.76
26,50,225,0.77
26,50,225,0.78
26,50,225,0.79
26,50,225,0.8
26,50,230,0.7
26,50,230,0.71
26,50,230,0.72
26,50,230,0.73
26,50,230,0.74
26,50,230,0.75
26,50,230,0.76
26,50,230,0.77
26,50,230,0.78
26,50,230,0.79
26,50,230,0.8
26,50,235,0.7
26,50,235,0.71
26,50,235,0.72
26,50,235,0.73
26,50,235,0.74
26,50,235,0.75
26,50,235,0.76
26,50,235,0.77
26,50,235,0.78
26,50,235,0.79
26,50,235,0.8
26,50,240,0.7
26,50,240,0.71
26,50,240,0.72
26,50,240,0.73
26,50,240,0.74
26,50,240,0.75
26,50,240,0.76
26,50,240,0.77
26,50,240,0.78
26,50,240,0.79
26,50,240,0.8
26,50,245,0.7
26,50,245,0.71
26,50,245,0.72
26,50,245,0.73
26,50,245,0.74
26,50,245,0.75
26,50,245,0.76
26,50,245,0.77
26,50,245,0.78
26,50,245,0.79
26,50,245,0.8
26,50,250,0.7
26,50,250,0.71
26,50,250,0.72
26,50,250,0.73
26,50,250,0.74
26,50,250,0.75
26,50,250,0.76
26,50,250,0.77
26,50,250,0.78
26,50,250,0.79
26,50,250,0.8
26,55,150,0.7
26,55,150,0.71
26,55,150,0.72
26,55,150,0.73
26,55,150,0.74
26,55,150,0.75
26,55,150,0.76
26,55,150,0.77
26,55,150,0.78
26,55,150,0.79
26,55,150,0.8
26,55,155,0.7
26,55,155,0.71
26,55,155,0.72
26,55,155,0.73
26,55,155,0.74
26,55,155,0.75
26,55,155,0.76
26,55,155,0.77
26,55,155,0.78
26,55,155,0.79
26,55,155,0.8
26,55,160,0.7
26,55,160,0.71
26,55,160,0.72
26,55,160,0.73
26,55,160,0.74
26,55,160,0.75
26,55,160,0.76
26,55,160,0.77
26,55,160,0.78
26,55,160,0.79
26,55,160,0.8
26,55,165,0.7
26,55,165,0.71
26,55,165,0.72
26,55,165,0.73
26,55,165,0.74
26,55,165,0.75
26,55,165,0.76
26,55,165,0.77
26,55,165,0.78
26,55,165,0.79
26,55,165,0.8
26,55,170,0.7
26,55,170,0.71
26,55,170,0.72
26,55,170,0.73
26,55,170,0.74
26,55,170,0.75
26,55,170,0.76
26,55,170,0.77
26,55,170,0.78
26,55,170,0.79
26,55,170,0.8
26,55,175,0.7
26,55,175,0.71
26,55,175,0.72
26,55,175,0.73
26,55,175,0.74
26,55,175,0.75
26,55,175,0.76
26,55,175,0.77
26,55,175,0.78
26,55,175,0.79
26,55,175,0.8
26,55,180,0.7
26,55,180,0.71
26,55,180,0.72
26,55,180,0.73
26,55,180,0.74
26,55,180,0.75
26,55,180,0.76
26,55,180,0.77
26,55,180,0.78
26,55,180,0.79
26,55,180,0.8
26,55,185,0.7
26,55,185,0.71
26,55,185,0.72
26,55,185,0.73
26,55,185,0.74
26,55,185,0.75
26,55,185,0.76
26,55,185,0.77
26,55,185,0.78
26,55,185,0.79
26,55,185,0.8
26,55,190,0.7
26,55,190,0.71
26,55,190,0.72
26,55,190,0.73
26,55,190,0.74
26,55,190,0.75
26,55,190,0.76
26,55,190,0.77
26,55,190,0.78
26,55,190,0.79
26,55,190,0.8
26,55,195,0.7
26,55,195,0.71
26,55,195,0.72
26,55,195,0.73
26,55,195,0.74
26,55,195,0.75
26,55,195,0.76
26,55,195,0.77
26,55,195,0.78
26,55,195,0.79
26,55,195,0.8
26,55,200,0.7
26,55,200,0.71
26,55,200,0.72
26,55,200,0.73
26,55,200,0.74
26,55,200,0.75
26,55,200,0.76
26,55,200,0.77
26,55,200,0.78
26,55,200,0.79
26,55,200,0.8
26,55,205,0.7
26,55,205,0.71
26,55,205,0.72
26,55,205,0.73
26,55,205,0.74
26,55,205,0.75
26,55,205,0.76
26,55,205,0.77
26,55,205,0.78
26,55,205,0.79
26,55,205,0.8
26,55,210,0.7
26,55,210,0.71
26,55,210,0.72
26,55,210,0.73
26,55,210,0.74
26,55,210,0.75
26,55,210,0.76
26,55,210,0.77
26,55,210,0.78
26,55,210,0.79
26,55,210,0.8
26,55,215,0.7
26,55,215,0.71
26,55,215,0.72
26,55,215,0.73
26,55,215,0.74
26,55,215,0.75
26,55,215,0.76
26,55,215,0.77
26,55,215,0.78
26,55,215,0.79
26,55,215,0.8
26,55,220,0.7
26,55,220,0.71
26,55,220,0.72
26,55,220,0.73
26,55,220,0.74
26,55,220,0.75
26,55,220,0.76
26,55,220,0.77
26,55,220,0.78
26,55,220,0.79
26,55,220,0.8
26,55,225,0.7
26,55,225,0.71
26,55,225,0.72
26,55,225,0.73
26,55,225,0.74
26,55,225,0.75
26,55,225,0.76
26,55,225,0.77
26,55,225,0.78
26,55,225,0.79
26,55,225,0.8
26,55,230,0.7
26,55,230,0.71
26,55,230,0.72
26,55,230,0.73
26,55,230,0.74
26,55,230,0.75
26,55,230,0.76
26,55,230,0.77
26,55,230,0.78
26,55,230,0.79
26,55,230,0.8
26,55,235,0.7
26,55,235,0.71
26,55,235,0.72
26,55,235,0.73
26,55,235,0.74
26,55,235,0.75
26,55,235,0.76
26,55,235,0.77
26,55,235,0.78
26,55,235,0.79
26,55,235,0.8
26,55,240,0.7
26,55,240,0.71
26,55,240,0.72
26,55,240,0.73
26,55,240,0.74
26,55,240,0.75
26,55,240,0.76
26,55,240,0.77
26,55,240,0.78
26,55,240,0.79
26,55,240,0.8
26,55,245,0.7
26,55,245,0.71
26,55,245,0.72
26,55,245,0.73
26,55,245,0.74
26,55,245,0.75
26,55,245,0.76
26,55,245,0.77
26,55,245,0.78
26,55,245,0.79
26,55,245,0.8
26,55,250,0.7
26,55,250,0.71
26,55,250,0.72
26,55,250,0.73
26,55,250,0.74
26,55,250,0.75
26,55,250,0.76
26,55,250,0.77
26,55,250,0.78
26,55,250,0.79
26,55,250,0.8
26,60,150,0.7
26,60,150,0.71
26,60,150,0.72
26,60,150,0.73
26,60,150,0.74
26,60,150,0.75
26,60,150,0.76
26,60,150,0.77
26,60,150,0.78
26,60,150,0.79
26,60,150,0.8
26,60,155,0.7
26,60,155,0.71
26,60,155,0.72
26,60,155,0.73
26,60,155,0.74
26,60,155,0.75
26,60,155,0.76
26,60,155,0.77
26,60,155,0.78
26,60,155,0.79
26,60,155,0.8
26,60,160,0.7
26,60,160,0.71
26,60,160,0.72
26,60,160,0.73
26,60,160,0.74
26,60,160,0.75
26,60,160,0.76
26,60,160,0.77
26,60,160,0.78
26,60,160,0.79
26,60,160,0.8
26,60,165,0.7
26,60,165,0.71
26,60,165,0.72
26,60,165,0.73
26,60,165,0.74
26,60,165,0.75
26,60,165,0.76
26,60,165,0.77
26,60,165,0.78
26,60,165,0.79
26,60,165,0.8
26,60,170,0.7
26,60,170,0.71
26,60,170,0.72
26,60,170,0.73
26,60,170,0.74
26,60,170,0.75
26,60,170,0.76
26,60,170,0.77
26,60,170,0.78
26,60,170,0.79
26,60,170,0.8
26,60,175,0.7
26,60,175,0.71
26,60,175,0.72
26,60,175,0.73
26,60,175,0.74
26,60,175,0.75
26,60,175,0.76
26,60,175,0.77
26,60,175,0.78
26,60,175,0.79
26,60,175,0.8
26,60,180,0.7
26,60,180,0.71
26,60,180,0.72
26,60,180,0.73
26,60,180,0.74
26,60,180,0.75
26,60,180,0.76
26,60,180,0.77
26,60,180,0.78
26,60,180,0.79
26,60,180,0.8
26,60,185,0.7
26,60,185,0.71
26,60,185,0.72
26,60,185,0.73
26,60,185,0.74
26,60,185,0.75
26,60,185,0.76
26,60,185,0.77
26,60,185,0.78
26,60,185,0.79
26,60,185,0.8
26,60,190,0.7
26,60,190,0.71
26,60,190,0.72
26,60,190,0.73
26,60,190,0.74
26,60,190,0.75
26,60,190,0.76
26,60,190,0.77
26,60,190,0.78
26,60,190,0.79
26,60,190,0.8
26,60,195,0.7
26,60,195,0.71
26,60,195,0.72
26,60,195,0.73
26,60,195,0.74
26,60,195,0.75
26,60,195,0.76
26,60,195,0.77
26,60,195,0.78
26,60,195,0.79
26,60,195,0.8
26,60,200,0.7
26,60,200,0.71
26,60,200,0.72
26,60,200,0.73
26,60,200,0.74
26,60,200,0.75
26,60,200,0.76
26,60,200,0.77
26,60,200,0.78
26,60,200,0.79
26,60,200,0.8
26,60,205,0.7
26,60,205,0.71
26,60,205,0.72
26,60,205,0.73
26,60,205,0.74
26,60,205,0.75
26,60,205,0.76
26,60,205,0.77
26,60,205,0.78
26,60,205,0.79
26,60,205,0.8
26,60,210,0.7
26,60,210,0.71
26,60,210,0.72
26,60,210,0.73
26,60,210,0.74
26,60,210,0.75
26,60,210,0.76
26,60,210,0.77
26,60,210,0.78
26,60,210,0.79
26,60,210,0.8
26,60,215,0.7
26,60,215,0.71
26,60,215,0.72
26,60,215,0.73
26,60,215,0.74
26,60,215,0.75
26,60,215,0.76
26,60,215,0.77
26,60,215,0.78
26,60,215,0.79
26,60,215,0.8
26,60,220,0.7
26,60,220,0.71
26,60,220,0.72
26,60,220,0.73
26,60,220,0.74
26,60,220,0.75
26,60,220,0.76
26,60,220,0.77
26,60,220,0.78
26,60,220,0.79
26,60,220,0.8
26,60,225,0.7
26,60,225,0.71
26,60,225,0.72
26,60,225,0.73
26,60,225,0.74
26,60,225,0.75
26,60,225,0.76
26,60,225,0.77
26,60,225,0.78
26,60,225,0.79
26,60,225,0.8
26,60,230,0.7
26,60,230,0.71
26,60,230,0.72
26,60,230,0.73
26,60,230,0.74
26,60,230,0.75
26,60,230,0.76
26,60,230,0.77
26,60,230,0.78
26,60,230,0.79
26,60,230,0.8
26,60,235,0.7
26,60,235,0.71
26,60,235,0.72
26,60,235,0.73
26,60,235,0.74
26,60,235,0.75
26,60,235,0.76
26,60,235,0.77
26,60,235,0.78
26,60,235,0.79
26,60,235,0.8
26,60,240,0.7
26,60,240,0.71
26,60,240,0.72
26,60,240,0.73
26,60,240,0.74
26,60,240,0.75
26,60,240,0.76
26,60,240,0.77
26,60,240,0.78
26,60,240,0.79
26,60,240,0.8
26,60,245,0.7
26,60,245,0.71
26,60,245,0.72
26,60,245,0.73
26,60,245,0.74
26,60,245,0.75
26,60,245,0.76
26,60,245,0.77
26,60,245,0.78
26,60,245,0.79
26,60,245,0.8
26,60,250,0.7
26,60,250,0.71
26,60,250,0.72
26,60,250,0.73
26,60,250,0.74
26,60,250,0.75
26,60,250,0.76
26,60,250,0.77
26,60,250,0.78
26,60,250,0.79
26,60,250,0.8
26,65,150,0.7
26,65,150,0.71
26,65,150,0.72
26,65,150,0.73
26,65,150,0.74
26,65,150,0.75
26,65,150,0.76
26,65,150,0.77
26,65,150,0.78
26,65,150,0.79
26,65,150,0.8
26,65,155,0.7
26,65,155,0.71
26,65,155,0.72
26,65,155,0.73
26,65,155,0.74
26,65,155,0.75
26,65,155,0.76
26,65,155,0.77
26,65,155,0.78
26,65,155,0.79
26,65,155,0.8
26,65,160,0.7
26,65,160,0.71
26,65,160,0.72
26,65,160,0.73
26,65,160,0.74
26,65,160,0.75
26,65,160,0.76
26,65,160,0.77
26,65,160,0.78
26,65,160,0.79
26,65,160,0.8
26,65,165,0.7
26,65,165,0.71
26,65,165,0.72
26,65,165,0.73
26,65,165,0.74
26,65,165,0.75
26,65,165,0.76
26,65,165,0.77
26,65,165,0.78
26,65,165,0.79
26,65,165,0.8
26,65,170,0.7
26,65,170,0.71
26,65,170,0.72
26,65,170,0.73
26,65,170,0.74
26,65,170,0.75
26,65,170,0.76
26,65,170,0.77
26,65,170,0.78
26,65,170,0.79
26,65,170,0.8
26,65,175,0.7
26,65,175,0.71
26,65,175,0.72
26,65,175,0.73
26,65,175,0.74
26,65,175,0.75
26,65,175,0.76
26,65,175,0.77
26,65,175,0.78
26,65,175,0.79
26,65,175,0.8
26,65,180,0.7
26,65,180,0.71
26,65,180,0.72
26,65,180,0.73
26,65,180,0.74
26,65,180,0.75
26,65,180,0.76
26,65,180,0.77
26,65,180,0.78
26,65,180,0.79
26,65,180,0.8
26,65,185,0.7
26,65,185,0.71
26,65,185,0.72
26,65,185,0.73
26,65,185,0.74
26,65,185,0.75
26,65,185,0.76
26,65,185,0.77
26,65,185,0.78
26,65,185,0.79
26,65,185,0.8
26,65,190,0.7
26,65,190,0.71
26,65,190,0.72
26,65,190,0.73
26,65,190,0.74
26,65,190,0.75
26,65,190,0.76
26,65,190,0.77
26,65,190,0.78
26,65,190,0.79
26,65,190,0.8
26,65,195,0.7
26,65,195,0.71
26,65,195,0.72
26,65,195,0.73
26,65,195,0.74
26,65,195,0.75
26,65,195,0.76
26,65,195,0.77
26,65,195,0.78
26,65,195,0.79
26,65,195,0.8
26,65,200,0.7
26,65,200,0.71
26,65,200,0.72
26,65,200,0.73
26,65,200,0.74
26,65,200,0.75
26,65,200,0.76
26,65,200,0.77
26,65,200,0.78
26,65,200,0.79
26,65,200,0.8
26,65,205,0.7
26,65,205,0.71
26,65,205,0.72
26,65,205,0.73
26,65,205,0.74
26,65,205,0.75
26,65,205,0.76
26,65,205,0.77
26,65,205,0.78
26,65,205,0.79
26,65,205,0.8
26,65,210,0.7
26,65,210,0.71
26,65,210,0.72
26,65,210,0.73
26,65,210,0.74
26,65,210,0.75
26,65,210,0.76
26,65,210,0.77
26,65,210,0.78
26,65,210,0.79
26,65,210,0.8
26,65,215,0.7
26,65,215,0.71
26,65,215,0.72
26,65,215,0.73
26,65,215,0.74
26,65,215,0.75
26,65,215,0.76
26,65,215,0.77
26,65,215,0.78
26,65,215,0.79
26,65,215,0.8
26,65,220,0.7
26,65,220,0.71
26,65,220,0.72
26,65,220,0.73
26,65,220,0.74
26,65,220,0.75
26,65,220,0.76
26,65,220,0.77
26,65,220,0.78
26,65,220,0.79
26,65,220,0.8
26,65,225,0.7
26,65,225,0.71
26,65,225,0.72
26,65,225,0.73
26,65,225,0.74
26,65,225,0.75
26,65,225,0.76
26,65,225,0.77
26,65,225,0.78
26,65,225,0.79
26,65,225,0.8
26,65,230,0.7
26,65,230,0.71
26,65,230,0.72
26,65,230,0.73
26,65,230,0.74
26,65,230,0.75
26,65,230,0.76
26,65,230,0.77
26,65,230,0.78
26,65,230,0.79
26,65,230,0.8
26,65,235,0.7
26,65,235,0.71
26,65,235,0.72
26,65,235,0.73
26,65,235,0.74
26,65,235,0.75
26,65,235,0.76
26,65,235,0.77
26,65,235,0.78
26,65,235,0.79
26,65,235,0.8
26,65,240,0.7
26,65,240,0.71
26,65,240,0.72
26,65,240,0.73
26,65,240,0.74
26,65,240,0.75
26,65,240,0.76
26,65,240,0.77
26,65,240,0.78
26,65,240,0.79
26,65,240,0.8
26,65,245,0.7
26,65,245,0.71
26,65,245,0.72
26,65,245,0.73
26,65,245,0.74
26,65,245,0.75
26,65,245,0.76
26,65,245,0.77
26,65,245,0.78
26,65,245,0.79
26,65,245,0.8
26,65,250,0.7
26,65,250,0.71
26,65,250,0.72
26,65,250,0.73
26,65,250,0.74
26,65,250,0.75
26,65,250,0.76
26,65,250,0.77
26,65,250,0.78
26,65,250,0.79
26,65,250,0.8
26,70,150,0.7
26,70,150,0.71
26,70,150,0.72
26,70,150,0.73
26,70,150,0.74
26,70,150,0.75
26,70,150,0.76
26,70,150,0.77
26,70,150,0.78
26,70,150,0.79
26,70,150,0.8
26,70,155,0.7
26,70,155,0.71
26,70,155,0.72
26,70,155,0.73
26,70,155,0.74
26,70,155,0.75
26,70,155,0.76
26,70,155,0.77
26,70,155,0.78
26,70,155,0.79
26,70,155,0.8
26,70,160,0.7
26,70,160,0.71
26,70,160,0.72
26,70,160,0.73
26,70,160,0.74
26,70,160,0.75
26,70,160,0.76
26,70,160,0.77
26,70,160,0.78
26,70,160,0.79
26,70,160,0.8
26,70,165,0.7
26,70,165,0.71
26,70,165,0.72
26,70,165,0.73
26,70,165,0.74
26,70,165,0.75
26,70,165,0.76
26,70,165,0.77
26,70,165,0.78
26,70,165,0.79
26,70,165,0.8
26,70,170,0.7
26,70,170,0.71
26,70,170,0.72
26,70,170,0.73
26,70,170,0.74
26,70,170,0.75
26,70,170,0.76
26,70,170,0.77
26,70,170,0.78
26,70,170,0.79
26,70,170,0.8
26,70,175,0.7
26,70,175,0.71
26,70,175,0.72
26,70,175,0.73
26,70,175,0.74
26,70,175,0.75
26,70,175,0.76
26,70,175,0.77
26,70,175,0.78
26,70,175,0.79
26,70,175,0.8
26,70,180,0.7
26,70,180,0.71
26,70,180,0.72
26,70,180,0.73
26,70,180,0.74
26,70,180,0.75
26,70,180,0.76
26,70,180,0.77
26,70,180,0.78
26,70,180,0.79
26,70,180,0.8
26,70,185,0.7
26,70,185,0.71
26,70,185,0.72
26,70,185,0.73
26,70,185,0.74
26,70,185,0.75
26,70,185,0.76
26,70,185,0.77
26,70,185,0.78
26,70,185,0.79
26,70,185,0.8
26,70,190,0.7
26,70,190,0.71
26,70,190,0.72
26,70,190,0.73
26,70,190,0.74
26,70,190,0.75
26,70,190,0.76
26,70,190,0.77
26,70,190,0.78
26,70,190,0.79
26,70,190,0.8
26,70,195,0.7
26,70,195,0.71
26,70,195,0.72
26,70,195,0.73
26,70,195,0.74
26,70,195,0.75
26,70,195,0.76
26,70,195,0.77
26,70,195,0.78
26,70,195,0.79
26,70,195,0.8
26,70,200,0.7
26,70,200,0.71
26,70,200,0.72
26,70,200,0.73
26,70,200,0.74
26,70,200,0.75
26,70,200,0.76
26,70,200,0.77
26,70,200,0.78
26,70,200,0.79
26,70,200,0.8
26,70,205,0.7
26,70,205,0.71
26,70,205,0.72
26,70,205,0.73
26,70,205,0.74
26,70,205,0.75
26,70,205,0.76
26,70,205,0.77
26,70,205,0.78
26,70,205,0.79
26,70,205,0.8
26,70,210,0.7
26,70,210,0.71
26,70,210,0.72
26,70,210,0.73
26,70,210,0.74
26,70,210,0.75
26,70,210,0.76
26,70,210,0.77
26,70,210,0.78
26,70,210,0.79
26,70,210,0.8
26,70,215,0.7
26,70,215,0.71
26,70,215,0.72
26,70,215,0.73
26,70,215,0.74
26,70,215,0.75
26,70,215,0.76
26,70,215,0.77
26,70,215,0.78
26,70,215,0.79
26,70,215,0.8
26,70,220,0.7
26,70,220,0.71
26,70,220,0.72
26,70,220,0.73
26,70,220,0.74
26,70,220,0.75
26,70,220,0.76
26,70,220,0.77
26,70,220,0.78
26,70,220,0.79
26,70,220,0.8
26,70,225,0.7
26,70,225,0.71
26,70,225,0.72
26,70,225,0.73
26,70,225,0.74
26,70,225,0.75
26,70,225,0.76
26,70,225,0.77
26,70,225,0.78
26,70,225,0.79
26,70,225,0.8
26,70,230,0.7
26,70,230,0.71
26,70,230,0.72
26,70,230,0.73
26,70,230,0.74
26,70,230,0.75
26,70,230,0.76
26,70,230,0.77
26,70,230,0.78
26,70,230,0.79
26,70,230,0.8
26,70,235,0.7
26,70,235,0.71
26,70,235,0.72
26,70,235,0.73
26,70,235,0.74
26,70,235,0.75
26,70,235,0.76
26,70,235,0.77
26,70,235,0.78
26,70,235,0.79
26,70,235,0.8
26,70,240,0.7
26,70,240,0.71
26,70,240,0.72
26,70,240,0.73
26,70,240,0.74
26,70,240,0.75
26,70,240,0.76
26,70,240,0.77
26,70,240,0.78
26,70,240,0.79
26,70,240,0.8
26,70,245,0.7
26,70,245,0.71
26,70,245,0.72
26,70,245,0.73
26,70,245,0.74
26,70,245,0.75
26,70,245,0.76
26,70,245,0.77
26,70,245,0.78
26,70,245,0.79
26,70,245,0.8
26,70,250,0.7
26,70,250,0.71
26,70,250,0.72
26,70,250,0.73
26,70,250,0.74
26,70,250,0.75
26,70,250,0.76
26,70,250,0.77
26,70,250,0.78
26,70,250,0.79
26,70,250,0.8
26,75,150,0.7
26,75,150,0.71
26,75,150,0.72
26,75,150,0.73
26,75,150,0.74
26,75,150,0.75
26,75,150,0.76
26,75,150,0.77
26,75,150,0.78
26,75,150,0.79
26,75,150,0.8
26,75,155,0.7
26,75,155,0.71
26,75,155,0.72
26,75,155,0.73
26,75,155,0.74
26,75,155,0.75
26,75,155,0.76
26,75,155,0.77
26,75,155,0.78
26,75,155,0.79
26,75,155,0.8
26,75,160,0.7
26,75,160,0.71
26,75,160,0.72
26,75,160,0.73
26,75,160,0.74
26,75,160,0.75
26,75,160,0.76
26,75,160,0.77
26,75,160,0.78
26,75,160,0.79
26,75,160,0.8
26,75,165,0.7
26,75,165,0.71
26,75,165,0.72
26,75,165,0.73
26,75,165,0.74
26,75,165,0.75
26,75,165,0.76
26,75,165,0.77
26,75,165,0.78
26,75,165,0.79
26,75,165,0.8
26,75,170,0.7
26,75,170,0.71
26,75,170,0.72
26,75,170,0.73
26,75,170,0.74
26,75,170,0.75
26,75,170,0.76
26,75,170,0.77
26,75,170,0.78
26,75,170,0.79
26,75,170,0.8
26,75,175,0.7
26,75,175,0.71
26,75,175,0.72
26,75,175,0.73
26,75,175,0.74
26,75,175,0.75
26,75,175,0.76
26,75,175,0.77
26,75,175,0.78
26,75,175,0.79
26,75,175,0.8
26,75,180,0.7
26,75,180,0.71
26,75,180,0.72
26,75,180,0.73
26,75,180,0.74
26,75,180,0.75
26,75,180,0.76
26,75,180,0.77
26,75,180,0.78
26,75,180,0.79
26,75,180,0.8
26,75,185,0.7
26,75,185,0.71
26,75,185,0.72
26,75,185,0.73
26,75,185,0.74
26,75,185,0.75
26,75,185,0.76
26,75,185,0.77
26,75,185,0.78
26,75,185,0.79
26,75,185,0.8
26,75,190,0.7
26,75,190,0.71
26,75,190,0.72
26,75,190,0.73
26,75,190,0.74
26,75,190,0.75
26,75,190,0.76
26,75,190,0.77
26,75,190,0.78
26,75,190,0.79
26,75,190,0.8
26,75,195,0.7
26,75,195,0.71
26,75,195,0.72
26,75,195,0.73
26,75,195,0.74
26,75,195,0.75
26,75,195,0.76
26,75,195,0.77
26,75,195,0.78
26,75,195,0.79
26,75,195,0.8
26,75,200,0.7
26,75,200,0.71
26,75,200,0.72
26,75,200,0.73
26,75,200,0.74
26,75,200,0.75
26,75,200,0.76
26,75,200,0.77
26,75,200,0.78
26,75,200,0.79
26,75,200,0.8
26,75,205,0.7
26,75,205,0.71
26,75,205,0.72
26,75,205,0.73
26,75,205,0.74
26,75,205,0.75
26,75,205,0.76
26,75,205,0.77
26,75,205,0.78
26,75,205,0.79
26,75,205,0.8
26,75,210,0.7
26,75,210,0.71
26,75,210,0.72
26,75,210,0.73
26,75,210,0.74
26,75,210,0.75
26,75,210,0.76
26,75,210,0.77
26,75,210,0.78
26,75,210,0.79
26,75,210,0.8
26,75,215,0.7
26,75,215,0.71
26,75,215,0.72
26,75,215,0.73
26,75,215,0.74
26,75,215,0.75
26,75,215,0.76
26,75,215,0.77
26,75,215,0.78
26,75,215,0.79
26,75,215,0.8
26,75,220,0.7
26,75,220,0.71
26,75,220,0.72
26,75,220,0.73
26,75,220,0.74
26,75,220,0.75
26,75,220,0.76
26,75,220,0.77
26,75,220,0.78
26,75,220,0.79
26,75,220,0.8
26,75,225,0.7
26,75,225,0.71
26,75,225,0.72
26,75,225,0.73
26,75,225,0.74
26,75,225,0.75
26,75,225,0.76
26,75,225,0.77
26,75,225,0.78
26,75,225,0.79
26,75,225,0.8
26,75,230,0.7
26,75,230,0.71
26,75,230,0.72
26,75,230,0.73
26,75,230,0.74
26,75,230,0.75
26,75,230,0.76
26,75,230,0.77
26,75,230,0.78
26,75,230,0.79
26,75,230,0.8
26,75,235,0.7
26,75,235,0.71
26,75,235,0.72
26,75,235,0.73
26,75,235,0.74
26,75,235,0.75
26,75,235,0.76
26,75,235,0.77
26,75,235,0.78
26,75,235,0.79
26,75,235,0.8
26,75,240,0.7
26,75,240,0.71
26,75,240,0.72
26,75,240,0.73
26,75,240,0.74
26,75,240,0.75
26,75,240,0.76
26,75,240,0.77
26,75,240,0.78
26,75,240,0.79
26,75,240,0.8
26,75,245,0.7
26,75,245,0.71
26,75,245,0.72
26,75,245,0.73
26,75,245,0.74
26,75,245,0.75
26,75,245,0.76
26,75,245,0.77
26,75,245,0.78
26,75,245,0.79
26,75,245,0.8
26,75,250,0.7
26,75,250,0.71
26,75,250,0.72
26,75,250,0.73
26,75,250,0.74
26,75,250,0.75
26,75,250,0.76
26,75,250,0.77
26,75,250,0.78
26,75,250,0.79
26,75,250,0.8
26,80,150,0.7
26,80,150,0.71
26,80,150,0.72
26,80,150,0.73
26,80,150,0.74
26,80,150,0.75
26,80,150,0.76
26,80,150,0.77
26,80,150,0.78
26,80,150,0.79
26,80,150,0.8
26,80,155,0.7
26,80,155,0.71
26,80,155,0.72
26,80,155,0.73
26,80,155,0.74
26,80,155,0.75
26,80,155,0.76
26,80,155,0.77
26,80,155,0.78
26,80,155,0.79
26,80,155,0.8
26,80,160,0.7
26,80,160,0.71
26,80,160,0.72
26,80,160,0.73
26,80,160,0.74
26,80,160,0.75
26,80,160,0.76
26,80,160,0.77
26,80,160,0.78
26,80,160,0.79
26,80,160,0.8
26,80,165,0.7
26,80,165,0.71
26,80,165,0.72
26,80,165,0.73
26,80,165,0.74
26,80,165,0.75
26,80,165,0.76
26,80,165,0.77
26,80,165,0.78
26,80,165,0.79
26,80,165,0.8
26,80,170,0.7
26,80,170,0.71
26,80,170,0.72
26,80,170,0.73
26,80,170,0.74
26,80,170,0.75
26,80,170,0.76
26,80,170,0.77
26,80,170,0.78
26,80,170,0.79
26,80,170,0.8
26,80,175,0.7
26,80,175,0.71
26,80,175,0.72
26,80,175,0.73
26,80,175,0.74
26,80,175,0.75
26,80,175,0.76
26,80,175,0.77
26,80,175,0.78
26,80,175,0.79
26,80,175,0.8
26,80,180,0.7
26,80,180,0.71
26,80,180,0.72
26,80,180,0.73
26,80,180,0.74
26,80,180,0.75
26,80,180,0.76
26,80,180,0.77
26,80,180,0.78
26,80,180,0.79
26,80,180,0.8
26,80,185,0.7
26,80,185,0.71
26,80,185,0.72
26,80,185,0.73
26,80,185,0.74
26,80,185,0.75
26,80,185,0.76
26,80,185,0.77
26,80,185,0.78
26,80,185,0.79
26,80,185,0.8
26,80,190,0.7
26,80,190,0.71
26,80,190,0.72
26,80,190,0.73
26,80,190,0.74
26,80,190,0.75
26,80,190,0.76
26,80,190,0.77
26,80,190,0.78
26,80,190,0.79
26,80,190,0.8
26,80,195,0.7
26,80,195,0.71
26,80,195,0.72
26,80,195,0.73
26,80,195,0.74
26,80,195,0.75
26,80,195,0.76
26,80,195,0.77
26,80,195,0.78
26,80,195,0.79
26,80,195,0.8
26,80,200,0.7
26,80,200,0.71
26,80,200,0.72
26,80,200,0.73
26,80,200,0.74
26,80,200,0.75
26,80,200,0.76
26,80,200,0.77
26,80,200,0.78
26,80,200,0.79
26,80,200,0.8
26,80,205,0.7
26,80,205,0.71
26,80,205,0.72
26,80,205,0.73
26,80,205,0.74
26,80,205,0.75
26,80,205,0.76
26,80,205,0.77
26,80,205,0.78
26,80,205,0.79
26,80,205,0.8
26,80,210,0.7
26,80,210,0.71
26,80,210,0.72
26,80,210,0.73
26,80,210,0.74
26,80,210,0.75
26,80,210,0.76
26,80,210,0.77
26,80,210,0.78
26,80,210,0.79
26,80,210,0.8
26,80,215,0.7
26,80,215,0.71
26,80,215,0.72
26,80,215,0.73
26,80,215,0.74
26,80,215,0.75
26,80,215,0.76
26,80,215,0.77
26,80,215,0.78
26,80,215,0.79
26,80,215,0.8
26,80,220,0.7
26,80,220,0.71
26,80,220,0.72
26,80,220,0.73
26,80,220,0.74
26,80,220,0.75
26,80,220,0.76
26,80,220,0.77
26,80,220,0.78
26,80,220,0.79
26,80,220,0.8
26,80,225,0.7
26,80,225,0.71
26,80,225,0.72
26,80,225,0.73
26,80,225,0.74
26,80,225,0.75
26,80,225,0.76
26,80,225,0.77
26,80,225,0.78
26,80,225,0.79
26,80,225,0.8
26,80,230,0.7
26,80,230,0.71
26,80,230,0.72
26,80,230,0.73
26,80,230,0.74
26,80,230,0.75
26,80,230,0.76
26,80,230,0.77
26,80,230,0.78
26,80,230,0.79
26,80,230,0.8
26,80,235,0.7
26,80,235,0.71
26,80,235,0.72
26,80,235,0.73
26,80,235,0.74
26,80,235,0.75
26,80,235,0.76
26,80,235,0.77
26,80,235,0.78
26,80,235,0.79
26,80,235,0.8
26,80,240,0.7
26,80,240,0.71
26,80,240,0.72
26,80,240,0.73
26,80,240,0.74
26,80,240,0.75
26,80,240,0.76
26,80,240,0.77
26,80,240,0.78
26,80,240,0.79
26,80,240,0.8
26,80,245,0.7
26,80,245,0.71
26,80,245,0.72
26,80,245,0.73
26,80,245,0.74
26,80,245,0.75
26,80,245,0.76
26,80,245,0.77
26,80,245,0.78
26,80,245,0.79
26,80,245,0.8
26,80,250,0.7
26,80,250,0.71
26,80,250,0.72
26,80,250,0.73
26,80,250,0.74
26,80,250,0.75
26,80,250,0.76
26,80,250,0.77
26,80,250,0.78
26,80,250,0.79
26,80,250,0.8
26,85,150,0.7
26,85,150,0.71
26,85,150,0.72
26,85,150,0.73
26,85,150,0.74
26,85,150,0.75
26,85,150,0.76
26,85,150,0.77
26,85,150,0.78
26,85,150,0.79
26,85,150,0.8
26,85,155,0.7
26,85,155,0.71
26,85,155,0.72
26,85,155,0.73
26,85,155,0.74
26,85,155,0.75
26,85,155,0.76
26,85,155,0.77
26,85,155,0.78
26,85,155,0.79
26,85,155,0.8
26,85,160,0.7
26,85,160,0.71
26,85,160,0.72
26,85,160,0.73
26,85,160,0.74
26,85,160,0.75
26,85,160,0.76
26,85,160,0.77
26,85,160,0.78
26,85,160,0.79
26,85,160,0.8
26,85,165,0.7
26,85,165,0.71
26,85,165,0.72
26,85,165,0.73
26,85,165,0.74
26,85,165,0.75
26,85,165,0.76
26,85,165,0.77
26,85,165,0.78
26,85,165,0.79
26,85,165,0.8
26,85,170,0.7
26,85,170,0.71
26,85,170,0.72
26,85,170,0.73
26,85,170,0.74
26,85,170,0.75
26,85,170,0.76
26,85,170,0.77
26,85,170,0.78
26,85,170,0.79
26,85,170,0.8
26,85,175,0.7
26,85,175,0.71
26,85,175,0.72
26,85,175,0.73
26,85,175,0.74
26,85,175,0.75
26,85,175,0.76
26,85,175,0.77
26,85,175,0.78
26,85,175,0.79
26,85,175,0.8
26,85,180,0.7
26,85,180,0.71
26,85,180,0.72
26,85,180,0.73
26,85,180,0.74
26,85,180,0.75
26,85,180,0.76
26,85,180,0.77
26,85,180,0.78
26,85,180,0.79
26,85,180,0.8
26,85,185,0.7
26,85,185,0.71
26,85,185,0.72
26,85,185,0.73
26,85,185,0.74
26,85,185,0.75
26,85,185,0.76
26,85,185,0.77
26,85,185,0.78
26,85,185,0.79
26,85,185,0.8
26,85,190,0.7
26,85,190,0.71
26,85,190,0.72
26,85,190,0.73
26,85,190,0.74
26,85,190,0.75
26,85,190,0.76
26,85,190,0.77
26,85,190,0.78
26,85,190,0.79
26,85,190,0.8
26,85,195,0.7
26,85,195,0.71
26,85,195,0.72
26,85,195,0.73
26,85,195,0.74
26,85,195,0.75
26,85,195,0.76
26,85,195,0.77
26,85,195,0.78
26,85,195,0.79
26,85,195,0.8
26,85,200,0.7
26,85,200,0.71
26,85,200,0.72
26,85,200,0.73
26,85,200,0.74
26,85,200,0.75
26,85,200,0.76
26,85,200,0.77
26,85,200,0.78
26,85,200,0.79
26,85,200,0.8
26,85,205,0.7
26,85,205,0.71
26,85,205,0.72
26,85,205,0.73
26,85,205,0.74
26,85,205,0.75
26,85,205,0.76
26,85,205,0.77
26,85,205,0.78
26,85,205,0.79
26,85,205,0.8
26,85,210,0.7
26,85,210,0.71
26,85,210,0.72
26,85,210,0.73
26,85,210,0.74
26,85,210,0.75
26,85,210,0.76
26,85,210,0.77
26,85,210,0.78
26,85,210,0.79
26,85,210,0.8
26,85,215,0.7
26,85,215,0.71
26,85,215,0.72
26,85,215,0.73
26,85,215,0.74
26,85,215,0.75
26,85,215,0.76
26,85,215,0.77
26,85,215,0.78
26,85,215,0.79
26,85,215,0.8
26,85,220,0.7
26,85,220,0.71
26,85,220,0.72
26,85,220,0.73
26,85,220,0.74
26,85,220,0.75
26,85,220,0.76
26,85,220,0.77
26,85,220,0.78
26,85,220,0.79
26,85,220,0.8
26,85,225,0.7
26,85,225,0.71
26,85,225,0.72
26,85,225,0.73
26,85,225,0.74
26,85,225,0.75
26,85,225,0.76
26,85,225,0.77
26,85,225,0.78
26,85,225,0.79
26,85,225,0.8
26,85,230,0.7
26,85,230,0.71
26,85,230,0.72
26,85,230,0.73
26,85,230,0.74
26,85,230,0.75
26,85,230,0.76
26,85,230,0.77
26,85,230,0.78
26,85,230,0.79
26,85,230,0.8
26,85,235,0.7
26,85,235,0.71
26,85,235,0.72
26,85,235,0.73
26,85,235,0.74
26,85,235,0.75
26,85,235,0.76
26,85,235,0.77
26,85,235,0.78
26,85,235,0.79
26,85,235,0.8
26,85,240,0.7
26,85,240,0.71
26,85,240,0.72
26,85,240,0.73
26,85,240,0.74
26,85,240,0.75
26,85,240,0.76
26,85,240,0.77
26,85,240,0.78
26,85,240,0.79
26,85,240,0.8
26,85,245,0.7
26,85,245,0.71
26,85,245,0.72
26,85,245,0.73
26,85,245,0.74
26,85,245,0.75
26,85,245,0.76
26,85,245,0.77
26,85,245,0.78
26,85,245,0.79
26,85,245,0.8
26,85,250,0.7
26,85,250,0.71
26,85,250,0.72
26,85,250,0.73
26,85,250,0.74
26,85,250,0.75
26,85,250,0.76
26,85,250,0.77
26,85,250,0.78
26,85,250,0.79
26,85,250,0.8
26,90,150,0.7
26,90,150,0.71
26,90,150,0.72
26,90,150,0.73
26,90,150,0.74
26,90,150,0.75
26,90,150,0.76
26,90,150,0.77
26,90,150,0.78
26,90,150,0.79
26,90,150,0.8
26,90,155,0.7
26,90,155,0.71
26,90,155,0.72
26,90,155,0.73
26,90,155,0.74
26,90,155,0.75
26,90,155,0.76
26,90,155,0.77
26,90,155,0.78
26,90,155,0.79
26,90,155,0.8
26,90,160,0.7
26,90,160,0.71
26,90,160,0.72
26,90,160,0.73
26,90,160,0.74
26,90,160,0.75
26,90,160,0.76
26,90,160,0.77
26,90,160,0.78
26,90,160,0.79
26,90,160,0.8
26,90,165,0.7
26,90,165,0.71
26,90,165,0.72
26,90,165,0.73
26,90,165,0.74
26,90,165,0.75
26,90,165,0.76
26,90,165,0.77
26,90,165,0.78
26,90,165,0.79
26,90,165,0.8
26,90,170,0.7
26,90,170,0.71
26,90,170,0.72
26,90,170,0.73
26,90,170,0.74
26,90,170,0.75
26,90,170,0.76
26,90,170,0.77
26,90,170,0.78
26,90,170,0.79
26,90,170,0.8
26,90,175,0.7
26,90,175,0.71
26,90,175,0.72
26,90,175,0.73
26,90,175,0.74
26,90,175,0.75
26,90,175,0.76
26,90,175,0.77
26,90,175,0.78
26,90,175,0.79
26,90,175,0.8
26,90,180,0.7
26,90,180,0.71
26,90,180,0.72
26,90,180,0.73
26,90,180,0.74
26,90,180,0.75
26,90,180,0.76
26,90,180,0.77
26,90,180,0.78
26,90,180,0.79
26,90,180,0.8
26,90,185,0.7
26,90,185,0.71
26,90,185,0.72
26,90,185,0.73
26,90,185,0.74
26,90,185,0.75
26,90,185,0.76
26,90,185,0.77
26,90,185,0.78
26,90,185,0.79
26,90,185,0.8
26,90,190,0.7
26,90,190,0.71
26,90,190,0.72
26,90,190,0.73
26,90,190,0.74
26,90,190,0.75
26,90,190,0.76
26,90,190,0.77
26,90,190,0.78
26,90,190,0.79
26,90,190,0.8
26,90,195,0.7
26,90,195,0.71
26,90,195,0.72
26,90,195,0.73
26,90,195,0.74
26,90,195,0.75
26,90,195,0.76
26,90,195,0.77
26,90,195,0.78
26,90,195,0.79
26,90,195,0.8
26,90,200,0.7
26,90,200,0.71
26,90,200,0.72
26,90,200,0.73
26,90,200,0.74
26,90,200,0.75
26,90,200,0.76
26,90,200,0.77
26,90,200,0.78
26,90,200,0.79
26,90,200,0.8
26,90,205,0.7
26,90,205,0.71
26,90,205,0.72
26,90,205,0.73
26,90,205,0.74
26,90,205,0.75
26,90,205,0.76
26,90,205,0.77
26,90,205,0.78
26,90,205,0.79
26,90,205,0.8
26,90,210,0.7
26,90,210,0.71
26,90,210,0.72
26,90,210,0.73
26,90,210,0.74
26,90,210,0.75
26,90,210,0.76
26,90,210,0.77
26,90,210,0.78
26,90,210,0.79
26,90,210,0.8
26,90,215,0.7
26,90,215,0.71
26,90,215,0.72
26,90,215,0.73
26,90,215,0.74
26,90,215,0.75
26,90,215,0.76
26,90,215,0.77
26,90,215,0.78
26,90,215,0.79
26,90,215,0.8
26,90,220,0.7
26,90,220,0.71
26,90,220,0.72
26,90,220,0.73
26,90,220,0.74
26,90,220,0.75
26,90,220,0.76
26,90,220,0.77
26,90,220,0.78
26,90,220,0.79
26,90,220,0.8
26,90,225,0.7
26,90,225,0.71
26,90,225,0.72
26,90,225,0.73
26,90,225,0.74
26,90,225,0.75
26,90,225,0.76
26,90,225,0.77
26,90,225,0.78
26,90,225,0.79
26,90,225,0.8
26,90,230,0.7
26,90,230,0.71
26,90,230,0.72
26,90,230,0.73
26,90,230,0.74
26,90,230,0.75
26,90,230,0.76
26,90,230,0.77
26,90,230,0.78
26,90,230,0.79
26,90,230,0.8
26,90,235,0.7
26,90,235,0.71
26,90,235,0.72
26,90,235,0.73
26,90,235,0.74
26,90,235,0.75
26,90,235,0.76
26,90,235,0.77
26,90,235,0.78
26,90,235,0.79
26,90,235,0.8
26,90,240,0.7
26,90,240,0.71
26,90,240,0.72
26,90,240,0.73
26,90,240,0.74
26,90,240,0.75
26,90,240,0.76
26,90,240,0.77
26,90,240,0.78
26,90,240,0.79
26,90,240,0.8
26,90,245,0.7
26,90,245,0.71
26,90,245,0.72
26,90,245,0.73
26,90,245,0.74
26,90,245,0.75
26,90,245,0.76
26,90,245,0.77
26,90,245,0.78
26,90,245,0.79
26,90,245,0.8
26,90,250,0.7
26,90,250,0.71
26,90,250,0.72
26,90,250,0.73
26,90,250,0.74
26,90,250,0.75
26,90,250,0.76
26,90,250,0.77
26,90,250,0.78
26,90,250,0.79
26,90,250,0.8
26,95,150,0.7
26,95,150,0.71
26,95,150,0.72
26,95,150,0.73
26,95,150,0.74
26,95,150,0.75
26,95,150,0.76
26,95,150,0.77
26,95,150,0.78
26,95,150,0.79
26,95,150,0.8
26,95,155,0.7
26,95,155,0.71
26,95,155,0.72
26,95,155,0.73
26,95,155,0.74
26,95,155,0.75
26,95,155,0.76
26,95,155,0.77
26,95,155,0.78
26,95,155,0.79
26,95,155,0.8
26,95,160,0.7
26,95,160,0.71
26,95,160,0.72
26,95,160,0.73
26,95,160,0.74
26,95,160,0.75
26,95,160,0.76
26,95,160,0.77
26,95,160,0.78
26,95,160,0.79
26,95,160,0.8
26,95,165,0.7
26,95,165,0.71
26,95,165,0.72
26,95,165,0.73
26,95,165,0.74
26,95,165,0.75
26,95,165,0.76
26,95,165,0.77
26,95,165,0.78
26,95,165,0.79
26,95,165,0.8
26,95,170,0.7
26,95,170,0.71
26,95,170,0.72
26,95,170,0.73
26,95,170,0.74
26,95,170,0.75
26,95,170,0.76
26,95,170,0.77
26,95,170,0.78
26,95,170,0.79
26,95,170,0.8
26,95,175,0.7
26,95,175,0.71
26,95,175,0.72
26,95,175,0.73
26,95,175,0.74
26,95,175,0.75
26,95,175,0.76
26,95,175,0.77
26,95,175,0.78
26,95,175,0.79
26,95,175,0.8
26,95,180,0.7
26,95,180,0.71
26,95,180,0.72
26,95,180,0.73
26,95,180,0.74
26,95,180,0.75
26,95,180,0.76
26,95,180,0.77
26,95,180,0.78
26,95,180,0.79
26,95,180,0.8
26,95,185,0.7
26,95,185,0.71
26,95,185,0.72
26,95,185,0.73
26,95,185,0.74
26,95,185,0.75
26,95,185,0.76
26,95,185,0.77
26,95,185,0.78
26,95,185,0.79
26,95,185,0.8
26,95,190,0.7
26,95,190,0.71
26,95,190,0.72
26,95,190,0.73
26,95,190,0.74
26,95,190,0.75
26,95,190,0.76
26,95,190,0.77
26,95,190,0.78
26,95,190,0.79
26,95,190,0.8
26,95,195,0.7
26,95,195,0.71
26,95,195,0.72
26,95,195,0.73
26,95,195,0.74
26,95,195,0.75
26,95,195,0.76
26,95,195,0.77
26,95,195,0.78
26,95,195,0.79
26,95,195,0.8
26,95,200,0.7
26,95,200,0.71
26,95,200,0.72
26,95,200,0.73
26,95,200,0.74
26,95,200,0.75
26,95,200,0.76
26,95,200,0.77
26,95,200,0.78
26,95,200,0.79
26,95,200,0.8
26,95,205,0.7
26,95,205,0.71
26,95,205,0.72
26,95,205,0.73
26,95,205,0.74
26,95,205,0.75
26,95,205,0.76
26,95,205,0.77
26,95,205,0.78
26,95,205,0.79
26,95,205,0.8
26,95,210,0.7
26,95,210,0.71
26,95,210,0.72
26,95,210,0.73
26,95,210,0.74
26,95,210,0.75
26,95,210,0.76
26,95,210,0.77
26,95,210,0.78
26,95,210,0.79
26,95,210,0.8
26,95,215,0.7
26,95,215,0.71
26,95,215,0.72
26,95,215,0.73
26,95,215,0.74
26,95,215,0.75
26,95,215,0.76
26,95,215,0.77
26,95,215,0.78
26,95,215,0.79
26,95,215,0.8
26,95,220,0.7
26,95,220,0.71
26,95,220,0.72
26,95,220,0.73
26,95,220,0.74
26,95,220,0.75
26,95,220,0.76
26,95,220,0.77
26,95,220,0.78
26,95,220,0.79
26,95,220,0.8
26,95,225,0.7
26,95,225,0.71
26,95,225,0.72
26,95,225,0.73
26,95,225,0.74
26,95,225,0.75
26,95,225,0.76
26,95,225,0.77
26,95,225,0.78
26,95,225,0.79
26,95,225,0.8
26,95,230,0.7
26,95,230,0.71
26,95,230,0.72
26,95,230,0.73
26,95,230,0.74
26,95,230,0.75
26,95,230,0.76
26,95,230,0.77
26,95,230,0.78
26,95,230,0.79
26,95,230,0.8
26,95,235,0.7
26,95,235,0.71
26,95,235,0.72
26,95,235,0.73
26,95,235,0.74
26,95,235,0.75
26,95,235,0.76
26,95,235,0.77
26,95,235,0.78
26,95,235,0.79
26,95,235,0.8
26,95,240,0.7
26,95,240,0.71
26,95,240,0.72
26,95,240,0.73
26,95,240,0.74
26,95,240,0.75
26,95,240,0.76
26,95,240,0.77
26,95,240,0.78
26,95,240,0.79
26,95,240,0.8
26,95,245,0.7
26,95,245,0.71
26,95,245,0.72
26,95,245,0.73
26,95,245,0.74
26,95,245,0.75
26,95,245,0.76
26,95,245,0.77
26,95,245,0.78
26,95,245,0.79
26,95,245,0.8
26,95,250,0.7
26,95,250,0.71
26,95,250,0.72
26,95,250,0.73
26,95,250,0.74
26,95,250,0.75
26,95,250,0.76
26,95,250,0.77
26,95,250,0.78
26,95,250,0.79
26,95,250,0.8
26,100,150,0.7
26,100,150,0.71
26,100,150,0.72
26,100,150,0.73
26,100,150,0.74
26,100,150,0.75
26,100,150,0.76
26,100,150,0.77
26,100,150,0.78
26,100,150,0.79
26,100,150,0.8
26,100,155,0.7
26,100,155,0.71
26,100,155,0.72
26,100,155,0.73
26,100,155,0.74
26,100,155,0.75
26,100,155,0.76
26,100,155,0.77
26,100,155,0.78
26,100,155,0.79
26,100,155,0.8
26,100,160,0.7
26,100,160,0.71
26,100,160,0.72
26,100,160,0.73
26,100,160,0.74
26,100,160,0.75
26,100,160,0.76
26,100,160,0.77
26,100,160,0.78
26,100,160,0.79
26,100,160,0.8
26,100,165,0.7
26,100,165,0.71
26,100,165,0.72
26,100,165,0.73
26,100,165,0.74
26,100,165,0.75
26,100,165,0.76
26,100,165,0.77
26,100,165,0.78
26,100,165,0.79
26,100,165,0.8
26,100,170,0.7
26,100,170,0.71
26,100,170,0.72
26,100,170,0.73
26,100,170,0.74
26,100,170,0.75
26,100,170,0.76
26,100,170,0.77
26,100,170,0.78
26,100,170,0.79
26,100,170,0.8
26,100,175,0.7
26,100,175,0.71
26,100,175,0.72
26,100,175,0.73
26,100,175,0.74
26,100,175,0.75
26,100,175,0.76
26,100,175,0.77
26,100,175,0.78
26,100,175,0.79
26,100,175,0.8
26,100,180,0.7
26,100,180,0.71
26,100,180,0.72
26,100,180,0.73
26,100,180,0.74
26,100,180,0.75
26,100,180,0.76
26,100,180,0.77
26,100,180,0.78
26,100,180,0.79
26,100,180,0.8
26,100,185,0.7
26,100,185,0.71
26,100,185,0.72
26,100,185,0.73
26,100,185,0.74
26,100,185,0.75
26,100,185,0.76
26,100,185,0.77
26,100,185,0.78
26,100,185,0.79
26,100,185,0.8
26,100,190,0.7
26,100,190,0.71
26,100,190,0.72
26,100,190,0.73
26,100,190,0.74
26,100,190,0.75
26,100,190,0.76
26,100,190,0.77
26,100,190,0.78
26,100,190,0.79
26,100,190,0.8
26,100,195,0.7
26,100,195,0.71
26,100,195,0.72
26,100,195,0.73
26,100,195,0.74
26,100,195,0.75
26,100,195,0.76
26,100,195,0.77
26,100,195,0.78
26,100,195,0.79
26,100,195,0.8
26,100,200,0.7
26,100,200,0.71
26,100,200,0.72
26,100,200,0.73
26,100,200,0.74
26,100,200,0.75
26,100,200,0.76
26,100,200,0.77
26,100,200,0.78
26,100,200,0.79
26,100,200,0.8
26,100,205,0.7
26,100,205,0.71
26,100,205,0.72
26,100,205,0.73
26,100,205,0.74
26,100,205,0.75
26,100,205,0.76
26,100,205,0.77
26,100,205,0.78
26,100,205,0.79
26,100,205,0.8
26,100,210,0.7
26,100,210,0.71
26,100,210,0.72
26,100,210,0.73
26,100,210,0.74
26,100,210,0.75
26,100,210,0.76
26,100,210,0.77
26,100,210,0.78
26,100,210,0.79
26,100,210,0.8
26,100,215,0.7
26,100,215,0.71
26,100,215,0.72
26,100,215,0.73
26,100,215,0.74
26,100,215,0.75
26,100,215,0.76
26,100,215,0.77
26,100,215,0.78
26,100,215,0.79
26,100,215,0.8
26,100,220,0.7
26,100,220,0.71
26,100,220,0.72
26,100,220,0.73
26,100,220,0.74
26,100,220,0.75
26,100,220,0.76
26,100,220,0.77
26,100,220,0.78
26,100,220,0.79
26,100,220,0.8
26,100,225,0.7
26,100,225,0.71
26,100,225,0.72
26,100,225,0.73
26,100,225,0.74
26,100,225,0.75
26,100,225,0.76
26,100,225,0.77
26,100,225,0.78
26,100,225,0.79
26,100,225,0.8
26,100,230,0.7
26,100,230,0.71
26,100,230,0.72
26,100,230,0.73
26,100,230,0.74
26,100,230,0.75
26,100,230,0.76
26,100,230,0.77
26,100,230,0.78
26,100,230,0.79
26,100,230,0.8
26,100,235,0.7
26,100,235,0.71
26,100,235,0.72
26,100,235,0.73
26,100,235,0.74
26,100,235,0.75
26,100,235,0.76
26,100,235,0.77
26,100,235,0.78
26,100,235,0.79
26,100,235,0.8
26,100,240,0.7
26,100,240,0.71
26,100,240,0.72
26,100,240,0.73
26,100,240,0.74
26,100,240,0.75
26,100,240,0.76
26,100,240,0.77
26,100,240,0.78
26,100,240,0.79
26,100,240,0.8
26,100,245,0.7
26,100,245,0.71
26,100,245,0.72
26,100,245,0.73
26,100,245,0.74
26,100,245,0.75
26,100,245,0.76
26,100,245,0.77
26,100,245,0.78
26,100,245,0.79
26,100,245,0.8
26,100,250,0.7
26,100,250,0.71
26,100,250,0.72
26,100,250,0.73
26,100,250,0.74
26,100,250,0.75
26,100,250,0.76
26,100,250,0.77
26,100,250,0.78
26,100,250,0.79
26,100,250,0.8
27,25,150,0.7
27,25,150,0.71
27,25,150,0.72
27,25,150,0.73
27,25,150,0.74
27,25,150,0.75
27,25,150,0.76
27,25,150,0.77
27,25,150,0.78
27,25,150,0.79
27,25,150,0.8
27,25,155,0.7
27,25,155,0.71
27,25,155,0.72
27,25,155,0.73
27,25,155,0.74
27,25,155,0.75
27,25,155,0.76
27,25,155,0.77
27,25,155,0.78
27,25,155,0.79
27,25,155,0.8
27,25,160,0.7
27,25,160,0.71
27,25,160,0.72
27,25,160,0.73
27,25,160,0.74
27,25,160,0.75
27,25,160,0.76
27,25,160,0.77
27,25,160,0.78
27,25,160,0.79
27,25,160,0.8
27,25,165,0.7
27,25,165,0.71
27,25,165,0.72
27,25,165,0.73
27,25,165,0.74
27,25,165,0.75
27,25,165,0.76
27,25,165,0.77
27,25,165,0.78
27,25,165,0.79
27,25,165,0.8
27,25,170,0.7
27,25,170,0.71
27,25,170,0.72
27,25,170,0.73
27,25,170,0.74
27,25,170,0.75
27,25,170,0.76
27,25,170,0.77
27,25,170,0.78
27,25,170,0.79
27,25,170,0.8
27,25,175,0.7
27,25,175,0.71
27,25,175,0.72
27,25,175,0.73
27,25,175,0.74
27,25,175,0.75
27,25,175,0.76
27,25,175,0.77
27,25,175,0.78
27,25,175,0.79
27,25,175,0.8
27,25,180,0.7
27,25,180,0.71
27,25,180,0.72
27,25,180,0.73
27,25,180,0.74
27,25,180,0.75
27,25,180,0.76
27,25,180,0.77
27,25,180,0.78
27,25,180,0.79
27,25,180,0.8
27,25,185,0.7
27,25,185,0.71
27,25,185,0.72
27,25,185,0.73
27,25,185,0.74
27,25,185,0.75
27,25,185,0.76
27,25,185,0.77
27,25,185,0.78
27,25,185,0.79
27,25,185,0.8
27,25,190,0.7
27,25,190,0.71
27,25,190,0.72
27,25,190,0.73
27,25,190,0.74
27,25,190,0.75
27,25,190,0.76
27,25,190,0.77
27,25,190,0.78
27,25,190,0.79
27,25,190,0.8
27,25,195,0.7
27,25,195,0.71
27,25,195,0.72
27,25,195,0.73
27,25,195,0.74
27,25,195,0.75
27,25,195,0.76
27,25,195,0.77
27,25,195,0.78
27,25,195,0.79
27,25,195,0.8
27,25,200,0.7
27,25,200,0.71
27,25,200,0.72
27,25,200,0.73
27,25,200,0.74
27,25,200,0.75
27,25,200,0.76
27,25,200,0.77
27,25,200,0.78
27,25,200,0.79
27,25,200,0.8
27,25,205,0.7
27,25,205,0.71
27,25,205,0.72
27,25,205,0.73
27,25,205,0.74
27,25,205,0.75
27,25,205,0.76
27,25,205,0.77
27,25,205,0.78
27,25,205,0.79
27,25,205,0.8
27,25,210,0.7
27,25,210,0.71
27,25,210,0.72
27,25,210,0.73
27,25,210,0.74
27,25,210,0.75
27,25,210,0.76
27,25,210,0.77
27,25,210,0.78
27,25,210,0.79
27,25,210,0.8
27,25,215,0.7
27,25,215,0.71
27,25,215,0.72
27,25,215,0.73
27,25,215,0.74
27,25,215,0.75
27,25,215,0.76
27,25,215,0.77
27,25,215,0.78
27,25,215,0.79
27,25,215,0.8
27,25,220,0.7
27,25,220,0.71
27,25,220,0.72
27,25,220,0.73
27,25,220,0.74
27,25,220,0.75
27,25,220,0.76
27,25,220,0.77
27,25,220,0.78
27,25,220,0.79
27,25,220,0.8
27,25,225,0.7
27,25,225,0.71
27,25,225,0.72
27,25,225,0.73
27,25,225,0.74
27,25,225,0.75
27,25,225,0.76
27,25,225,0.77
27,25,225,0.78
27,25,225,0.79
27,25,225,0.8
27,25,230,0.7
27,25,230,0.71
27,25,230,0.72
27,25,230,0.73
27,25,230,0.74
27,25,230,0.75
27,25,230,0.76
27,25,230,0.77
27,25,230,0.78
27,25,230,0.79
27,25,230,0.8
27,25,235,0.7
27,25,235,0.71
27,25,235,0.72
27,25,235,0.73
27,25,235,0.74
27,25,235,0.75
27,25,235,0.76
27,25,235,0.77
27,25,235,0.78
27,25,235,0.79
27,25,235,0.8
27,25,240,0.7
27,25,240,0.71
27,25,240,0.72
27,25,240,0.73
27,25,240,0.74
27,25,240,0.75
27,25,240,0.76
27,25,240,0.77
27,25,240,0.78
27,25,240,0.79
27,25,240,0.8
27,25,245,0.7
27,25,245,0.71
27,25,245,0.72
27,25,245,0.73
27,25,245,0.74
27,25,245,0.75
27,25,245,0.76
27,25,245,0.77
27,25,245,0.78
27,25,245,0.79
27,25,245,0.8
27,25,250,0.7
27,25,250,0.71
27,25,250,0.72
27,25,250,0.73
27,25,250,0.74
27,25,250,0.75
27,25,250,0.76
27,25,250,0.77
27,25,250,0.78
27,25,250,0.79
27,25,250,0.8
27,30,150,0.7
27,30,150,0.71
27,30,150,0.72
27,30,150,0.73
27,30,150,0.74
27,30,150,0.75
27,30,150,0.76
27,30,150,0.77
27,30,150,0.78
27,30,150,0.79
27,30,150,0.8
27,30,155,0.7
27,30,155,0.71
27,30,155,0.72
27,30,155,0.73
27,30,155,0.74
27,30,155,0.75
27,30,155,0.76
27,30,155,0.77
27,30,155,0.78
27,30,155,0.79
27,30,155,0.8
27,30,160,0.7
27,30,160,0.71
27,30,160,0.72
27,30,160,0.73
27,30,160,0.74
27,30,160,0.75
27,30,160,0.76
27,30,160,0.77
27,30,160,0.78
27,30,160,0.79
27,30,160,0.8
27,30,165,0.7
27,30,165,0.71
27,30,165,0.72
27,30,165,0.73
27,30,165,0.74
27,30,165,0.75
27,30,165,0.76
27,30,165,0.77
27,30,165,0.78
27,30,165,0.79
27,30,165,0.8
27,30,170,0.7
27,30,170,0.71
27,30,170,0.72
27,30,170,0.73
27,30,170,0.74
27,30,170,0.75
27,30,170,0.76
27,30,170,0.77
27,30,170,0.78
27,30,170,0.79
27,30,170,0.8
27,30,175,0.7
27,30,175,0.71
27,30,175,0.72
27,30,175,0.73
27,30,175,0.74
27,30,175,0.75
27,30,175,0.76
27,30,175,0.77
27,30,175,0.78
27,30,175,0.79
27,30,175,0.8
27,30,180,0.7
27,30,180,0.71
27,30,180,0.72
27,30,180,0.73
27,30,180,0.74
27,30,180,0.75
27,30,180,0.76
27,30,180,0.77
27,30,180,0.78
27,30,180,0.79
27,30,180,0.8
27,30,185,0.7
27,30,185,0.71
27,30,185,0.72
27,30,185,0.73
27,30,185,0.74
27,30,185,0.75
27,30,185,0.76
27,30,185,0.77
27,30,185,0.78
27,30,185,0.79
27,30,185,0.8
27,30,190,0.7
27,30,190,0.71
27,30,190,0.72
27,30,190,0.73
27,30,190,0.74
27,30,190,0.75
27,30,190,0.76
27,30,190,0.77
27,30,190,0.78
27,30,190,0.79
27,30,190,0.8
27,30,195,0.7
27,30,195,0.71
27,30,195,0.72
27,30,195,0.73
27,30,195,0.74
27,30,195,0.75
27,30,195,0.76
27,30,195,0.77
27,30,195,0.78
27,30,195,0.79
27,30,195,0.8
27,30,200,0.7
27,30,200,0.71
27,30,200,0.72
27,30,200,0.73
27,30,200,0.74
27,30,200,0.75
27,30,200,0.76
27,30,200,0.77
27,30,200,0.78
27,30,200,0.79
27,30,200,0.8
27,30,205,0.7
27,30,205,0.71
27,30,205,0.72
27,30,205,0.73
27,30,205,0.74
27,30,205,0.75
27,30,205,0.76
27,30,205,0.77
27,30,205,0.78
27,30,205,0.79
27,30,205,0.8
27,30,210,0.7
27,30,210,0.71
27,30,210,0.72
27,30,210,0.73
27,30,210,0.74
27,30,210,0.75
27,30,210,0.76
27,30,210,0.77
27,30,210,0.78
27,30,210,0.79
27,30,210,0.8
27,30,215,0.7
27,30,215,0.71
27,30,215,0.72
27,30,215,0.73
27,30,215,0.74
27,30,215,0.75
27,30,215,0.76
27,30,215,0.77
27,30,215,0.78
27,30,215,0.79
27,30,215,0.8
27,30,220,0.7
27,30,220,0.71
27,30,220,0.72
27,30,220,0.73
27,30,220,0.74
27,30,220,0.75
27,30,220,0.76
27,30,220,0.77
27,30,220,0.78
27,30,220,0.79
27,30,220,0.8
27,30,225,0.7
27,30,225,0.71
27,30,225,0.72
27,30,225,0.73
27,30,225,0.74
27,30,225,0.75
27,30,225,0.76
27,30,225,0.77
27,30,225,0.78
27,30,225,0.79
27,30,225,0.8
27,30,230,0.7
27,30,230,0.71
27,30,230,0.72
27,30,230,0.73
27,30,230,0.74
27,30,230,0.75
27,30,230,0.76
27,30,230,0.77
27,30,230,0.78
27,30,230,0.79
27,30,230,0.8
27,30,235,0.7
27,30,235,0.71
27,30,235,0.72
27,30,235,0.73
27,30,235,0.74
27,30,235,0.75
27,30,235,0.76
27,30,235,0.77
27,30,235,0.78
27,30,235,0.79
27,30,235,0.8
27,30,240,0.7
27,30,240,0.71
27,30,240,0.72
27,30,240,0.73
27,30,240,0.74
27,30,240,0.75
27,30,240,0.76
27,30,240,0.77
27,30,240,0.78
27,30,240,0.79
27,30,240,0.8
27,30,245,0.7
27,30,245,0.71
27,30,245,0.72
27,30,245,0.73
27,30,245,0.74
27,30,245,0.75
27,30,245,0.76
27,30,245,0.77
27,30,245,0.78
27,30,245,0.79
27,30,245,0.8
27,30,250,0.7
27,30,250,0.71
27,30,250,0.72
27,30,250,0.73
27,30,250,0.74
27,30,250,0.75
27,30,250,0.76
27,30,250,0.77
27,30,250,0.78
27,30,250,0.79
27,30,250,0.8
27,35,150,0.7
27,35,150,0.71
27,35,150,0.72
27,35,150,0.73
27,35,150,0.74
27,35,150,0.75
27,35,150,0.76
27,35,150,0.77
27,35,150,0.78
27,35,150,0.79
27,35,150,0.8
27,35,155,0.7
27,35,155,0.71
27,35,155,0.72
27,35,155,0.73
27,35,155,0.74
27,35,155,0.75
27,35,155,0.76
27,35,155,0.77
27,35,155,0.78
27,35,155,0.79
27,35,155,0.8
27,35,160,0.7
27,35,160,0.71
27,35,160,0.72
27,35,160,0.73
27,35,160,0.74
27,35,160,0.75
27,35,160,0.76
27,35,160,0.77
27,35,160,0.78
27,35,160,0.79
27,35,160,0.8
27,35,165,0.7
27,35,165,0.71
27,35,165,0.72
27,35,165,0.73
27,35,165,0.74
27,35,165,0.75
27,35,165,0.76
27,35,165,0.77
27,35,165,0.78
27,35,165,0.79
27,35,165,0.8
27,35,170,0.7
27,35,170,0.71
27,35,170,0.72
27,35,170,0.73
27,35,170,0.74
27,35,170,0.75
27,35,170,0.76
27,35,170,0.77
27,35,170,0.78
27,35,170,0.79
27,35,170,0.8
27,35,175,0.7
27,35,175,0.71
27,35,175,0.72
27,35,175,0.73
27,35,175,0.74
27,35,175,0.75
27,35,175,0.76
27,35,175,0.77
27,35,175,0.78
27,35,175,0.79
27,35,175,0.8
27,35,180,0.7
27,35,180,0.71
27,35,180,0.72
27,35,180,0.73
27,35,180,0.74
27,35,180,0.75
27,35,180,0.76
27,35,180,0.77
27,35,180,0.78
27,35,180,0.79
27,35,180,0.8
27,35,185,0.7
27,35,185,0.71
27,35,185,0.72
27,35,185,0.73
27,35,185,0.74
27,35,185,0.75
27,35,185,0.76
27,35,185,0.77
27,35,185,0.78
27,35,185,0.79
27,35,185,0.8
27,35,190,0.7
27,35,190,0.71
27,35,190,0.72
27,35,190,0.73
27,35,190,0.74
27,35,190,0.75
27,35,190,0.76
27,35,190,0.77
27,35,190,0.78
27,35,190,0.79
27,35,190,0.8
27,35,195,0.7
27,35,195,0.71
27,35,195,0.72
27,35,195,0.73
27,35,195,0.74
27,35,195,0.75
27,35,195,0.76
27,35,195,0.77
27,35,195,0.78
27,35,195,0.79
27,35,195,0.8
27,35,200,0.7
27,35,200,0.71
27,35,200,0.72
27,35,200,0.73
27,35,200,0.74
27,35,200,0.75
27,35,200,0.76
27,35,200,0.77
27,35,200,0.78
27,35,200,0.79
27,35,200,0.8
27,35,205,0.7
27,35,205,0.71
27,35,205,0.72
27,35,205,0.73
27,35,205,0.74
27,35,205,0.75
27,35,205,0.76
27,35,205,0.77
27,35,205,0.78
27,35,205,0.79
27,35,205,0.8
27,35,210,0.7
27,35,210,0.71
27,35,210,0.72
27,35,210,0.73
27,35,210,0.74
27,35,210,0.75
27,35,210,0.76
27,35,210,0.77
27,35,210,0.78
27,35,210,0.79
27,35,210,0.8
27,35,215,0.7
27,35,215,0.71
27,35,215,0.72
