27,35,215,0.73
27,35,215,0.74
27,35,215,0.75
27,35,215,0.76
27,35,215,0.77
27,35,215,0.78
27,35,215,0.79
27,35,215,0.8
27,35,220,0.7
27,35,220,0.71
27,35,220,0.72
27,35,220,0.73
27,35,220,0.74
27,35,220,0.75
27,35,220,0.76
27,35,220,0.77
27,35,220,0.78
27,35,220,0.79
27,35,220,0.8
27,35,225,0.7
27,35,225,0.71
27,35,225,0.72
27,35,225,0.73
27,35,225,0.74
27,35,225,0.75
27,35,225,0.76
27,35,225,0.77
27,35,225,0.78
27,35,225,0.79
27,35,225,0.8
27,35,230,0.7
27,35,230,0.71
27,35,230,0.72
27,35,230,0.73
27,35,230,0.74
27,35,230,0.75
27,35,230,0.76
27,35,230,0.77
27,35,230,0.78
27,35,230,0.79
27,35,230,0.8
27,35,235,0.7
27,35,235,0.71
27,35,235,0.72
27,35,235,0.73
27,35,235,0.74
27,35,235,0.75
27,35,235,0.76
27,35,235,0.77
27,35,235,0.78
27,35,235,0.79
27,35,235,0.8
27,35,240,0.7
27,35,240,0.71
27,35,240,0.72
27,35,240,0.73
27,35,240,0.74
27,35,240,0.75
27,35,240,0.76
27,35,240,0.77
27,35,240,0.78
27,35,240,0.79
27,35,240,0.8
27,35,245,0.7
27,35,245,0.71
27,35,245,0.72
27,35,245,0.73
27,35,245,0.74
27,35,245,0.75
27,35,245,0.76
27,35,245,0.77
27,35,245,0.78
27,35,245,0.79
27,35,245,0.8
27,35,250,0.7
27,35,250,0.71
27,35,250,0.72
27,35,250,0.73
27,35,250,0.74
27,35,250,0.75
27,35,250,0.76
27,35,250,0.77
27,35,250,0.78
27,35,250,0.79
27,35,250,0.8
27,40,150,0.7
27,40,150,0.71
27,40,150,0.72
27,40,150,0.73
27,40,150,0.74
27,40,150,0.75
27,40,150,0.76
27,40,150,0.77
27,40,150,0.78
27,40,150,0.79
27,40,150,0.8
27,40,155,0.7
27,40,155,0.71
27,40,155,0.72
27,40,155,0.73
27,40,155,0.74
27,40,155,0.75
27,40,155,0.76
27,40,155,0.77
27,40,155,0.78
27,40,155,0.79
27,40,155,0.8
27,40,160,0.7
27,40,160,0.71
27,40,160,0.72
27,40,160,0.73
27,40,160,0.74
27,40,160,0.75
27,40,160,0.76
27,40,160,0.77
27,40,160,0.78
27,40,160,0.79
27,40,160,0.8
27,40,165,0.7
27,40,165,0.71
27,40,165,0.72
27,40,165,0.73
27,40,165,0.74
27,40,165,0.75
27,40,165,0.76
27,40,165,0.77
27,40,165,0.78
27,40,165,0.79
27,40,165,0.8
27,40,170,0.7
27,40,170,0.71
27,40,170,0.72
27,40,170,0.73
27,40,170,0.74
27,40,170,0.75
27,40,170,0.76
27,40,170,0.77
27,40,170,0.78
27,40,170,0.79
27,40,170,0.8
27,40,175,0.7
27,40,175,0.71
27,40,175,0.72
27,40,175,0.73
27,40,175,0.74
27,40,175,0.75
27,40,175,0.76
27,40,175,0.77
27,40,175,0.78
27,40,175,0.79
27,40,175,0.8
27,40,180,0.7
27,40,180,0.71
27,40,180,0.72
27,40,180,0.73
27,40,180,0.74
27,40,180,0.75
27,40,180,0.76
27,40,180,0.77
27,40,180,0.78
27,40,180,0.79
27,40,180,0.8
27,40,185,0.7
27,40,185,0.71
27,40,185,0.72
27,40,185,0.73
27,40,185,0.74
27,40,185,0.75
27,40,185,0.76
27,40,185,0.77
27,40,185,0.78
27,40,185,0.79
27,40,185,0.8
27,40,190,0.7
27,40,190,0.71
27,40,190,0.72
27,40,190,0.73
27,40,190,0.74
27,40,190,0.75
27,40,190,0.76
27,40,190,0.77
27,40,190,0.78
27,40,190,0.79
27,40,190,0.8
27,40,195,0.7
27,40,195,0.71
27,40,195,0.72
27,40,195,0.73
27,40,195,0.74
27,40,195,0.75
27,40,195,0.76
27,40,195,0.77
27,40,195,0.78
27,40,195,0.79
27,40,195,0.8
27,40,200,0.7
27,40,200,0.71
27,40,200,0.72
27,40,200,0.73
27,40,200,0.74
27,40,200,0.75
27,40,200,0.76
27,40,200,0.77
27,40,200,0.78
27,40,200,0.79
27,40,200,0.8
27,40,205,0.7
27,40,205,0.71
27,40,205,0.72
27,40,205,0.73
27,40,205,0.74
27,40,205,0.75
27,40,205,0.76
27,40,205,0.77
27,40,205,0.78
27,40,205,0.79
27,40,205,0.8
27,40,210,0.7
27,40,210,0.71
27,40,210,0.72
27,40,210,0.73
27,40,210,0.74
27,40,210,0.75
27,40,210,0.76
27,40,210,0.77
27,40,210,0.78
27,40,210,0.79
27,40,210,0.8
27,40,215,0.7
27,40,215,0.71
27,40,215,0.72
27,40,215,0.73
27,40,215,0.74
27,40,215,0.75
27,40,215,0.76
27,40,215,0.77
27,40,215,0.78
27,40,215,0.79
27,40,215,0.8
27,40,220,0.7
27,40,220,0.71
27,40,220,0.72
27,40,220,0.73
27,40,220,0.74
27,40,220,0.75
27,40,220,0.76
27,40,220,0.77
27,40,220,0.78
27,40,220,0.79
27,40,220,0.8
27,40,225,0.7
27,40,225,0.71
27,40,225,0.72
27,40,225,0.73
27,40,225,0.74
27,40,225,0.75
27,40,225,0.76
27,40,225,0.77
27,40,225,0.78
27,40,225,0.79
27,40,225,0.8
27,40,230,0.7
27,40,230,0.71
27,40,230,0.72
27,40,230,0.73
27,40,230,0.74
27,40,230,0.75
27,40,230,0.76
27,40,230,0.77
27,40,230,0.78
27,40,230,0.79
27,40,230,0.8
27,40,235,0.7
27,40,235,0.71
27,40,235,0.72
27,40,235,0.73
27,40,235,0.74
27,40,235,0.75
27,40,235,0.76
27,40,235,0.77
27,40,235,0.78
27,40,235,0.79
27,40,235,0.8
27,40,240,0.7
27,40,240,0.71
27,40,240,0.72
27,40,240,0.73
27,40,240,0.74
27,40,240,0.75
27,40,240,0.76
27,40,240,0.77
27,40,240,0.78
27,40,240,0.79
27,40,240,0.8
27,40,245,0.7
27,40,245,0.71
27,40,245,0.72
27,40,245,0.73
27,40,245,0.74
27,40,245,0.75
27,40,245,0.76
27,40,245,0.77
27,40,245,0.78
27,40,245,0.79
27,40,245,0.8
27,40,250,0.7
27,40,250,0.71
27,40,250,0.72
27,40,250,0.73
27,40,250,0.74
27,40,250,0.75
27,40,250,0.76
27,40,250,0.77
27,40,250,0.78
27,40,250,0.79
27,40,250,0.8
27,45,150,0.7
27,45,150,0.71
27,45,150,0.72
27,45,150,0.73
27,45,150,0.74
27,45,150,0.75
27,45,150,0.76
27,45,150,0.77
27,45,150,0.78
27,45,150,0.79
27,45,150,0.8
27,45,155,0.7
27,45,155,0.71
27,45,155,0.72
27,45,155,0.73
27,45,155,0.74
27,45,155,0.75
27,45,155,0.76
27,45,155,0.77
27,45,155,0.78
27,45,155,0.79
27,45,155,0.8
27,45,160,0.7
27,45,160,0.71
27,45,160,0.72
27,45,160,0.73
27,45,160,0.74
27,45,160,0.75
27,45,160,0.76
27,45,160,0.77
27,45,160,0.78
27,45,160,0.79
27,45,160,0.8
27,45,165,0.7
27,45,165,0.71
27,45,165,0.72
27,45,165,0.73
27,45,165,0.74
27,45,165,0.75
27,45,165,0.76
27,45,165,0.77
27,45,165,0.78
27,45,165,0.79
27,45,165,0.8
27,45,170,0.7
27,45,170,0.71
27,45,170,0.72
27,45,170,0.73
27,45,170,0.74
27,45,170,0.75
27,45,170,0.76
27,45,170,0.77
27,45,170,0.78
27,45,170,0.79
27,45,170,0.8
27,45,175,0.7
27,45,175,0.71
27,45,175,0.72
27,45,175,0.73
27,45,175,0.74
27,45,175,0.75
27,45,175,0.76
27,45,175,0.77
27,45,175,0.78
27,45,175,0.79
27,45,175,0.8
27,45,180,0.7
27,45,180,0.71
27,45,180,0.72
27,45,180,0.73
27,45,180,0.74
27,45,180,0.75
27,45,180,0.76
27,45,180,0.77
27,45,180,0.78
27,45,180,0.79
27,45,180,0.8
27,45,185,0.7
27,45,185,0.71
27,45,185,0.72
27,45,185,0.73
27,45,185,0.74
27,45,185,0.75
27,45,185,0.76
27,45,185,0.77
27,45,185,0.78
27,45,185,0.79
27,45,185,0.8
27,45,190,0.7
27,45,190,0.71
27,45,190,0.72
27,45,190,0.73
27,45,190,0.74
27,45,190,0.75
27,45,190,0.76
27,45,190,0.77
27,45,190,0.78
27,45,190,0.79
27,45,190,0.8
27,45,195,0.7
27,45,195,0.71
27,45,195,0.72
27,45,195,0.73
27,45,195,0.74
27,45,195,0.75
27,45,195,0.76
27,45,195,0.77
27,45,195,0.78
27,45,195,0.79
27,45,195,0.8
27,45,200,0.7
27,45,200,0.71
27,45,200,0.72
27,45,200,0.73
27,45,200,0.74
27,45,200,0.75
27,45,200,0.76
27,45,200,0.77
27,45,200,0.78
27,45,200,0.79
27,45,200,0.8
27,45,205,0.7
27,45,205,0.71
27,45,205,0.72
27,45,205,0.73
27,45,205,0.74
27,45,205,0.75
27,45,205,0.76
27,45,205,0.77
27,45,205,0.78
27,45,205,0.79
27,45,205,0.8
27,45,210,0.7
27,45,210,0.71
27,45,210,0.72
27,45,210,0.73
27,45,210,0.74
27,45,210,0.75
27,45,210,0.76
27,45,210,0.77
27,45,210,0.78
27,45,210,0.79
27,45,210,0.8
27,45,215,0.7
27,45,215,0.71
27,45,215,0.72
27,45,215,0.73
27,45,215,0.74
27,45,215,0.75
27,45,215,0.76
27,45,215,0.77
27,45,215,0.78
27,45,215,0.79
27,45,215,0.8
27,45,220,0.7
27,45,220,0.71
27,45,220,0.72
27,45,220,0.73
27,45,220,0.74
27,45,220,0.75
27,45,220,0.76
27,45,220,0.77
27,45,220,0.78
27,45,220,0.79
27,45,220,0.8
27,45,225,0.7
27,45,225,0.71
27,45,225,0.72
27,45,225,0.73
27,45,225,0.74
27,45,225,0.75
27,45,225,0.76
27,45,225,0.77
27,45,225,0.78
27,45,225,0.79
27,45,225,0.8
27,45,230,0.7
27,45,230,0.71
27,45,230,0.72
27,45,230,0.73
27,45,230,0.74
27,45,230,0.75
27,45,230,0.76
27,45,230,0.77
27,45,230,0.78
27,45,230,0.79
27,45,230,0.8
27,45,235,0.7
27,45,235,0.71
27,45,235,0.72
27,45,235,0.73
27,45,235,0.74
27,45,235,0.75
27,45,235,0.76
27,45,235,0.77
27,45,235,0.78
27,45,235,0.79
27,45,235,0.8
27,45,240,0.7
27,45,240,0.71
27,45,240,0.72
27,45,240,0.73
27,45,240,0.74
27,45,240,0.75
27,45,240,0.76
27,45,240,0.77
27,45,240,0.78
27,45,240,0.79
27,45,240,0.8
27,45,245,0.7
27,45,245,0.71
27,45,245,0.72
27,45,245,0.73
27,45,245,0.74
27,45,245,0.75
27,45,245,0.76
27,45,245,0.77
27,45,245,0.78
27,45,245,0.79
27,45,245,0.8
27,45,250,0.7
27,45,250,0.71
27,45,250,0.72
27,45,250,0.73
27,45,250,0.74
27,45,250,0.75
27,45,250,0.76
27,45,250,0.77
27,45,250,0.78
27,45,250,0.79
27,45,250,0.8
27,50,150,0.7
27,50,150,0.71
27,50,150,0.72
27,50,150,0.73
27,50,150,0.74
27,50,150,0.75
27,50,150,0.76
27,50,150,0.77
27,50,150,0.78
27,50,150,0.79
27,50,150,0.8
27,50,155,0.7
27,50,155,0.71
27,50,155,0.72
27,50,155,0.73
27,50,155,0.74
27,50,155,0.75
27,50,155,0.76
27,50,155,0.77
27,50,155,0.78
27,50,155,0.79
27,50,155,0.8
27,50,160,0.7
27,50,160,0.71
27,50,160,0.72
27,50,160,0.73
27,50,160,0.74
27,50,160,0.75
27,50,160,0.76
27,50,160,0.77
27,50,160,0.78
27,50,160,0.79
27,50,160,0.8
27,50,165,0.7
27,50,165,0.71
27,50,165,0.72
27,50,165,0.73
27,50,165,0.74
27,50,165,0.75
27,50,165,0.76
27,50,165,0.77
27,50,165,0.78
27,50,165,0.79
27,50,165,0.8
27,50,170,0.7
27,50,170,0.71
27,50,170,0.72
27,50,170,0.73
27,50,170,0.74
27,50,170,0.75
27,50,170,0.76
27,50,170,0.77
27,50,170,0.78
27,50,170,0.79
27,50,170,0.8
27,50,175,0.7
27,50,175,0.71
27,50,175,0.72
27,50,175,0.73
27,50,175,0.74
27,50,175,0.75
27,50,175,0.76
27,50,175,0.77
27,50,175,0.78
27,50,175,0.79
27,50,175,0.8
27,50,180,0.7
27,50,180,0.71
27,50,180,0.72
27,50,180,0.73
27,50,180,0.74
27,50,180,0.75
27,50,180,0.76
27,50,180,0.77
27,50,180,0.78
27,50,180,0.79
27,50,180,0.8
27,50,185,0.7
27,50,185,0.71
27,50,185,0.72
27,50,185,0.73
27,50,185,0.74
27,50,185,0.75
27,50,185,0.76
27,50,185,0.77
27,50,185,0.78
27,50,185,0.79
27,50,185,0.8
27,50,190,0.7
27,50,190,0.71
27,50,190,0.72
27,50,190,0.73
27,50,190,0.74
27,50,190,0.75
27,50,190,0.76
27,50,190,0.77
27,50,190,0.78
27,50,190,0.79
27,50,190,0.8
27,50,195,0.7
27,50,195,0.71
27,50,195,0.72
27,50,195,0.73
27,50,195,0.74
27,50,195,0.75
27,50,195,0.76
27,50,195,0.77
27,50,195,0.78
27,50,195,0.79
27,50,195,0.8
27,50,200,0.7
27,50,200,0.71
27,50,200,0.72
27,50,200,0.73
27,50,200,0.74
27,50,200,0.75
27,50,200,0.76
27,50,200,0.77
27,50,200,0.78
27,50,200,0.79
27,50,200,0.8
27,50,205,0.7
27,50,205,0.71
27,50,205,0.72
27,50,205,0.73
27,50,205,0.74
27,50,205,0.75
27,50,205,0.76
27,50,205,0.77
27,50,205,0.78
27,50,205,0.79
27,50,205,0.8
27,50,210,0.7
27,50,210,0.71
27,50,210,0.72
27,50,210,0.73
27,50,210,0.74
27,50,210,0.75
27,50,210,0.76
27,50,210,0.77
27,50,210,0.78
27,50,210,0.79
27,50,210,0.8
27,50,215,0.7
27,50,215,0.71
27,50,215,0.72
27,50,215,0.73
27,50,215,0.74
27,50,215,0.75
27,50,215,0.76
27,50,215,0.77
27,50,215,0.78
27,50,215,0.79
27,50,215,0.8
27,50,220,0.7
27,50,220,0.71
27,50,220,0.72
27,50,220,0.73
27,50,220,0.74
27,50,220,0.75
27,50,220,0.76
27,50,220,0.77
27,50,220,0.78
27,50,220,0.79
27,50,220,0.8
27,50,225,0.7
27,50,225,0.71
27,50,225,0.72
27,50,225,0.73
27,50,225,0.74
27,50,225,0.75
27,50,225,0.76
27,50,225,0.77
27,50,225,0.78
27,50,225,0.79
27,50,225,0.8
27,50,230,0.7
27,50,230,0.71
27,50,230,0.72
27,50,230,0.73
27,50,230,0.74
27,50,230,0.75
27,50,230,0.76
27,50,230,0.77
27,50,230,0.78
27,50,230,0.79
27,50,230,0.8
27,50,235,0.7
27,50,235,0.71
27,50,235,0.72
27,50,235,0.73
27,50,235,0.74
27,50,235,0.75
27,50,235,0.76
27,50,235,0.77
27,50,235,0.78
27,50,235,0.79
27,50,235,0.8
27,50,240,0.7
27,50,240,0.71
27,50,240,0.72
27,50,240,0.73
27,50,240,0.74
27,50,240,0.75
27,50,240,0.76
27,50,240,0.77
27,50,240,0.78
27,50,240,0.79
27,50,240,0.8
27,50,245,0.7
27,50,245,0.71
27,50,245,0.72
27,50,245,0.73
27,50,245,0.74
27,50,245,0.75
27,50,245,0.76
27,50,245,0.77
27,50,245,0.78
27,50,245,0.79
27,50,245,0.8
27,50,250,0.7
27,50,250,0.71
27,50,250,0.72
27,50,250,0.73
27,50,250,0.74
27,50,250,0.75
27,50,250,0.76
27,50,250,0.77
27,50,250,0.78
27,50,250,0.79
27,50,250,0.8
27,55,150,0.7
27,55,150,0.71
27,55,150,0.72
27,55,150,0.73
27,55,150,0.74
27,55,150,0.75
27,55,150,0.76
27,55,150,0.77
27,55,150,0.78
27,55,150,0.79
27,55,150,0.8
27,55,155,0.7
27,55,155,0.71
27,55,155,0.72
27,55,155,0.73
27,55,155,0.74
27,55,155,0.75
27,55,155,0.76
27,55,155,0.77
27,55,155,0.78
27,55,155,0.79
27,55,155,0.8
27,55,160,0.7
27,55,160,0.71
27,55,160,0.72
27,55,160,0.73
27,55,160,0.74
27,55,160,0.75
27,55,160,0.76
27,55,160,0.77
27,55,160,0.78
27,55,160,0.79
27,55,160,0.8
27,55,165,0.7
27,55,165,0.71
27,55,165,0.72
27,55,165,0.73
27,55,165,0.74
27,55,165,0.75
27,55,165,0.76
27,55,165,0.77
27,55,165,0.78
27,55,165,0.79
27,55,165,0.8
27,55,170,0.7
27,55,170,0.71
27,55,170,0.72
27,55,170,0.73
27,55,170,0.74
27,55,170,0.75
27,55,170,0.76
27,55,170,0.77
27,55,170,0.78
27,55,170,0.79
27,55,170,0.8
27,55,175,0.7
27,55,175,0.71
27,55,175,0.72
27,55,175,0.73
27,55,175,0.74
27,55,175,0.75
27,55,175,0.76
27,55,175,0.77
27,55,175,0.78
27,55,175,0.79
27,55,175,0.8
27,55,180,0.7
27,55,180,0.71
27,55,180,0.72
27,55,180,0.73
27,55,180,0.74
27,55,180,0.75
27,55,180,0.76
27,55,180,0.77
27,55,180,0.78
27,55,180,0.79
27,55,180,0.8
27,55,185,0.7
27,55,185,0.71
27,55,185,0.72
27,55,185,0.73
27,55,185,0.74
27,55,185,0.75
27,55,185,0.76
27,55,185,0.77
27,55,185,0.78
27,55,185,0.79
27,55,185,0.8
27,55,190,0.7
27,55,190,0.71
27,55,190,0.72
27,55,190,0.73
27,55,190,0.74
27,55,190,0.75
27,55,190,0.76
27,55,190,0.77
27,55,190,0.78
27,55,190,0.79
27,55,190,0.8
27,55,195,0.7
27,55,195,0.71
27,55,195,0.72
27,55,195,0.73
27,55,195,0.74
27,55,195,0.75
27,55,195,0.76
27,55,195,0.77
27,55,195,0.78
27,55,195,0.79
27,55,195,0.8
27,55,200,0.7
27,55,200,0.71
27,55,200,0.72
27,55,200,0.73
27,55,200,0.74
27,55,200,0.75
27,55,200,0.76
27,55,200,0.77
27,55,200,0.78
27,55,200,0.79
27,55,200,0.8
27,55,205,0.7
27,55,205,0.71
27,55,205,0.72
27,55,205,0.73
27,55,205,0.74
27,55,205,0.75
27,55,205,0.76
27,55,205,0.77
27,55,205,0.78
27,55,205,0.79
27,55,205,0.8
27,55,210,0.7
27,55,210,0.71
27,55,210,0.72
27,55,210,0.73
27,55,210,0.74
27,55,210,0.75
27,55,210,0.76
27,55,210,0.77
27,55,210,0.78
27,55,210,0.79
27,55,210,0.8
27,55,215,0.7
27,55,215,0.71
27,55,215,0.72
27,55,215,0.73
27,55,215,0.74
27,55,215,0.75
27,55,215,0.76
27,55,215,0.77
27,55,215,0.78
27,55,215,0.79
27,55,215,0.8
27,55,220,0.7
27,55,220,0.71
27,55,220,0.72
27,55,220,0.73
27,55,220,0.74
27,55,220,0.75
27,55,220,0.76
27,55,220,0.77
27,55,220,0.78
27,55,220,0.79
27,55,220,0.8
27,55,225,0.7
27,55,225,0.71
27,55,225,0.72
27,55,225,0.73
27,55,225,0.74
27,55,225,0.75
27,55,225,0.76
27,55,225,0.77
27,55,225,0.78
27,55,225,0.79
27,55,225,0.8
27,55,230,0.7
27,55,230,0.71
27,55,230,0.72
27,55,230,0.73
27,55,230,0.74
27,55,230,0.75
27,55,230,0.76
27,55,230,0.77
27,55,230,0.78
27,55,230,0.79
27,55,230,0.8
27,55,235,0.7
27,55,235,0.71
27,55,235,0.72
27,55,235,0.73
27,55,235,0.74
27,55,235,0.75
27,55,235,0.76
27,55,235,0.77
27,55,235,0.78
27,55,235,0.79
27,55,235,0.8
27,55,240,0.7
27,55,240,0.71
27,55,240,0.72
27,55,240,0.73
27,55,240,0.74
27,55,240,0.75
27,55,240,0.76
27,55,240,0.77
27,55,240,0.78
27,55,240,0.79
27,55,240,0.8
27,55,245,0.7
27,55,245,0.71
27,55,245,0.72
27,55,245,0.73
27,55,245,0.74
27,55,245,0.75
27,55,245,0.76
27,55,245,0.77
27,55,245,0.78
27,55,245,0.79
27,55,245,0.8
27,55,250,0.7
27,55,250,0.71
27,55,250,0.72
27,55,250,0.73
27,55,250,0.74
27,55,250,0.75
27,55,250,0.76
27,55,250,0.77
27,55,250,0.78
27,55,250,0.79
27,55,250,0.8
27,60,150,0.7
27,60,150,0.71
27,60,150,0.72
27,60,150,0.73
27,60,150,0.74
27,60,150,0.75
27,60,150,0.76
27,60,150,0.77
27,60,150,0.78
27,60,150,0.79
27,60,150,0.8
27,60,155,0.7
27,60,155,0.71
27,60,155,0.72
27,60,155,0.73
27,60,155,0.74
27,60,155,0.75
27,60,155,0.76
27,60,155,0.77
27,60,155,0.78
27,60,155,0.79
27,60,155,0.8
27,60,160,0.7
27,60,160,0.71
27,60,160,0.72
27,60,160,0.73
27,60,160,0.74
27,60,160,0.75
27,60,160,0.76
27,60,160,0.77
27,60,160,0.78
27,60,160,0.79
27,60,160,0.8
27,60,165,0.7
27,60,165,0.71
27,60,165,0.72
27,60,165,0.73
27,60,165,0.74
27,60,165,0.75
27,60,165,0.76
27,60,165,0.77
27,60,165,0.78
27,60,165,0.79
27,60,165,0.8
27,60,170,0.7
27,60,170,0.71
27,60,170,0.72
27,60,170,0.73
27,60,170,0.74
27,60,170,0.75
27,60,170,0.76
27,60,170,0.77
27,60,170,0.78
27,60,170,0.79
27,60,170,0.8
27,60,175,0.7
27,60,175,0.71
27,60,175,0.72
27,60,175,0.73
27,60,175,0.74
27,60,175,0.75
27,60,175,0.76
27,60,175,0.77
27,60,175,0.78
27,60,175,0.79
27,60,175,0.8
27,60,180,0.7
27,60,180,0.71
27,60,180,0.72
27,60,180,0.73
27,60,180,0.74
27,60,180,0.75
27,60,180,0.76
27,60,180,0.77
27,60,180,0.78
27,60,180,0.79
27,60,180,0.8
27,60,185,0.7
27,60,185,0.71
27,60,185,0.72
27,60,185,0.73
27,60,185,0.74
27,60,185,0.75
27,60,185,0.76
27,60,185,0.77
27,60,185,0.78
27,60,185,0.79
27,60,185,0.8
27,60,190,0.7
27,60,190,0.71
27,60,190,0.72
27,60,190,0.73
27,60,190,0.74
27,60,190,0.75
27,60,190,0.76
27,60,190,0.77
27,60,190,0.78
27,60,190,0.79
27,60,190,0.8
27,60,195,0.7
27,60,195,0.71
27,60,195,0.72
27,60,195,0.73
27,60,195,0.74
27,60,195,0.75
27,60,195,0.76
27,60,195,0.77
27,60,195,0.78
27,60,195,0.79
27,60,195,0.8
27,60,200,0.7
27,60,200,0.71
27,60,200,0.72
27,60,200,0.73
27,60,200,0.74
27,60,200,0.75
27,60,200,0.76
27,60,200,0.77
27,60,200,0.78
27,60,200,0.79
27,60,200,0.8
27,60,205,0.7
27,60,205,0.71
27,60,205,0.72
27,60,205,0.73
27,60,205,0.74
27,60,205,0.75
27,60,205,0.76
27,60,205,0.77
27,60,205,0.78
27,60,205,0.79
27,60,205,0.8
27,60,210,0.7
27,60,210,0.71
27,60,210,0.72
27,60,210,0.73
27,60,210,0.74
27,60,210,0.75
27,60,210,0.76
27,60,210,0.77
27,60,210,0.78
27,60,210,0.79
27,60,210,0.8
27,60,215,0.7
27,60,215,0.71
27,60,215,0.72
27,60,215,0.73
27,60,215,0.74
27,60,215,0.75
27,60,215,0.76
27,60,215,0.77
27,60,215,0.78
27,60,215,0.79
27,60,215,0.8
27,60,220,0.7
27,60,220,0.71
27,60,220,0.72
27,60,220,0.73
27,60,220,0.74
27,60,220,0.75
27,60,220,0.76
27,60,220,0.77
27,60,220,0.78
27,60,220,0.79
27,60,220,0.8
27,60,225,0.7
27,60,225,0.71
27,60,225,0.72
27,60,225,0.73
27,60,225,0.74
27,60,225,0.75
27,60,225,0.76
27,60,225,0.77
27,60,225,0.78
27,60,225,0.79
27,60,225,0.8
27,60,230,0.7
27,60,230,0.71
27,60,230,0.72
27,60,230,0.73
27,60,230,0.74
27,60,230,0.75
27,60,230,0.76
27,60,230,0.77
27,60,230,0.78
27,60,230,0.79
27,60,230,0.8
27,60,235,0.7
27,60,235,0.71
27,60,235,0.72
27,60,235,0.73
27,60,235,0.74
27,60,235,0.75
27,60,235,0.76
27,60,235,0.77
27,60,235,0.78
27,60,235,0.79
27,60,235,0.8
27,60,240,0.7
27,60,240,0.71
27,60,240,0.72
27,60,240,0.73
27,60,240,0.74
27,60,240,0.75
27,60,240,0.76
27,60,240,0.77
27,60,240,0.78
27,60,240,0.79
27,60,240,0.8
27,60,245,0.7
27,60,245,0.71
27,60,245,0.72
27,60,245,0.73
27,60,245,0.74
27,60,245,0.75
27,60,245,0.76
27,60,245,0.77
27,60,245,0.78
27,60,245,0.79
27,60,245,0.8
27,60,250,0.7
27,60,250,0.71
27,60,250,0.72
27,60,250,0.73
27,60,250,0.74
27,60,250,0.75
27,60,250,0.76
27,60,250,0.77
27,60,250,0.78
27,60,250,0.79
27,60,250,0.8
27,65,150,0.7
27,65,150,0.71
27,65,150,0.72
27,65,150,0.73
27,65,150,0.74
27,65,150,0.75
27,65,150,0.76
27,65,150,0.77
27,65,150,0.78
27,65,150,0.79
27,65,150,0.8
27,65,155,0.7
27,65,155,0.71
27,65,155,0.72
27,65,155,0.73
27,65,155,0.74
27,65,155,0.75
27,65,155,0.76
27,65,155,0.77
27,65,155,0.78
27,65,155,0.79
27,65,155,0.8
27,65,160,0.7
27,65,160,0.71
27,65,160,0.72
27,65,160,0.73
27,65,160,0.74
27,65,160,0.75
27,65,160,0.76
27,65,160,0.77
27,65,160,0.78
27,65,160,0.79
27,65,160,0.8
27,65,165,0.7
27,65,165,0.71
27,65,165,0.72
27,65,165,0.73
27,65,165,0.74
27,65,165,0.75
27,65,165,0.76
27,65,165,0.77
27,65,165,0.78
27,65,165,0.79
27,65,165,0.8
27,65,170,0.7
27,65,170,0.71
27,65,170,0.72
27,65,170,0.73
27,65,170,0.74
27,65,170,0.75
27,65,170,0.76
27,65,170,0.77
27,65,170,0.78
27,65,170,0.79
27,65,170,0.8
27,65,175,0.7
27,65,175,0.71
27,65,175,0.72
27,65,175,0.73
27,65,175,0.74
27,65,175,0.75
27,65,175,0.76
27,65,175,0.77
27,65,175,0.78
27,65,175,0.79
27,65,175,0.8
27,65,180,0.7
27,65,180,0.71
27,65,180,0.72
27,65,180,0.73
27,65,180,0.74
27,65,180,0.75
27,65,180,0.76
27,65,180,0.77
27,65,180,0.78
27,65,180,0.79
27,65,180,0.8
27,65,185,0.7
27,65,185,0.71
27,65,185,0.72
27,65,185,0.73
27,65,185,0.74
27,65,185,0.75
27,65,185,0.76
27,65,185,0.77
27,65,185,0.78
27,65,185,0.79
27,65,185,0.8
27,65,190,0.7
27,65,190,0.71
27,65,190,0.72
27,65,190,0.73
27,65,190,0.74
27,65,190,0.75
27,65,190,0.76
27,65,190,0.77
27,65,190,0.78
27,65,190,0.79
27,65,190,0.8
27,65,195,0.7
27,65,195,0.71
27,65,195,0.72
27,65,195,0.73
27,65,195,0.74
27,65,195,0.75
27,65,195,0.76
27,65,195,0.77
27,65,195,0.78
27,65,195,0.79
27,65,195,0.8
27,65,200,0.7
27,65,200,0.71
27,65,200,0.72
27,65,200,0.73
27,65,200,0.74
27,65,200,0.75
27,65,200,0.76
27,65,200,0.77
27,65,200,0.78
27,65,200,0.79
27,65,200,0.8
27,65,205,0.7
27,65,205,0.71
27,65,205,0.72
27,65,205,0.73
27,65,205,0.74
27,65,205,0.75
27,65,205,0.76
27,65,205,0.77
27,65,205,0.78
27,65,205,0.79
27,65,205,0.8
27,65,210,0.7
27,65,210,0.71
27,65,210,0.72
27,65,210,0.73
27,65,210,0.74
27,65,210,0.75
27,65,210,0.76
27,65,210,0.77
27,65,210,0.78
27,65,210,0.79
27,65,210,0.8
27,65,215,0.7
27,65,215,0.71
27,65,215,0.72
27,65,215,0.73
27,65,215,0.74
27,65,215,0.75
27,65,215,0.76
27,65,215,0.77
27,65,215,0.78
27,65,215,0.79
27,65,215,0.8
27,65,220,0.7
27,65,220,0.71
27,65,220,0.72
27,65,220,0.73
27,65,220,0.74
27,65,220,0.75
27,65,220,0.76
27,65,220,0.77
27,65,220,0.78
27,65,220,0.79
27,65,220,0.8
27,65,225,0.7
27,65,225,0.71
27,65,225,0.72
27,65,225,0.73
27,65,225,0.74
27,65,225,0.75
27,65,225,0.76
27,65,225,0.77
27,65,225,0.78
27,65,225,0.79
27,65,225,0.8
27,65,230,0.7
27,65,230,0.71
27,65,230,0.72
27,65,230,0.73
27,65,230,0.74
27,65,230,0.75
27,65,230,0.76
27,65,230,0.77
27,65,230,0.78
27,65,230,0.79
27,65,230,0.8
27,65,235,0.7
27,65,235,0.71
27,65,235,0.72
27,65,235,0.73
27,65,235,0.74
27,65,235,0.75
27,65,235,0.76
27,65,235,0.77
27,65,235,0.78
27,65,235,0.79
27,65,235,0.8
27,65,240,0.7
27,65,240,0.71
27,65,240,0.72
27,65,240,0.73
27,65,240,0.74
27,65,240,0.75
27,65,240,0.76
27,65,240,0.77
27,65,240,0.78
27,65,240,0.79
27,65,240,0.8
27,65,245,0.7
27,65,245,0.71
27,65,245,0.72
27,65,245,0.73
27,65,245,0.74
27,65,245,0.75
27,65,245,0.76
27,65,245,0.77
27,65,245,0.78
27,65,245,0.79
27,65,245,0.8
27,65,250,0.7
27,65,250,0.71
27,65,250,0.72
27,65,250,0.73
27,65,250,0.74
27,65,250,0.75
27,65,250,0.76
27,65,250,0.77
27,65,250,0.78
27,65,250,0.79
27,65,250,0.8
27,70,150,0.7
27,70,150,0.71
27,70,150,0.72
27,70,150,0.73
27,70,150,0.74
27,70,150,0.75
27,70,150,0.76
27,70,150,0.77
27,70,150,0.78
27,70,150,0.79
27,70,150,0.8
27,70,155,0.7
27,70,155,0.71
27,70,155,0.72
27,70,155,0.73
27,70,155,0.74
27,70,155,0.75
27,70,155,0.76
27,70,155,0.77
27,70,155,0.78
27,70,155,0.79
27,70,155,0.8
27,70,160,0.7
27,70,160,0.71
27,70,160,0.72
27,70,160,0.73
27,70,160,0.74
27,70,160,0.75
27,70,160,0.76
27,70,160,0.77
27,70,160,0.78
27,70,160,0.79
27,70,160,0.8
27,70,165,0.7
27,70,165,0.71
27,70,165,0.72
27,70,165,0.73
27,70,165,0.74
27,70,165,0.75
27,70,165,0.76
27,70,165,0.77
27,70,165,0.78
27,70,165,0.79
27,70,165,0.8
27,70,170,0.7
27,70,170,0.71
27,70,170,0.72
27,70,170,0.73
27,70,170,0.74
27,70,170,0.75
27,70,170,0.76
27,70,170,0.77
27,70,170,0.78
27,70,170,0.79
27,70,170,0.8
27,70,175,0.7
27,70,175,0.71
27,70,175,0.72
27,70,175,0.73
27,70,175,0.74
27,70,175,0.75
27,70,175,0.76
27,70,175,0.77
27,70,175,0.78
27,70,175,0.79
27,70,175,0.8
27,70,180,0.7
27,70,180,0.71
27,70,180,0.72
27,70,180,0.73
27,70,180,0.74
27,70,180,0.75
27,70,180,0.76
27,70,180,0.77
27,70,180,0.78
27,70,180,0.79
27,70,180,0.8
27,70,185,0.7
27,70,185,0.71
27,70,185,0.72
27,70,185,0.73
27,70,185,0.74
27,70,185,0.75
27,70,185,0.76
27,70,185,0.77
27,70,185,0.78
27,70,185,0.79
27,70,185,0.8
27,70,190,0.7
27,70,190,0.71
27,70,190,0.72
27,70,190,0.73
27,70,190,0.74
27,70,190,0.75
27,70,190,0.76
27,70,190,0.77
27,70,190,0.78
27,70,190,0.79
27,70,190,0.8
27,70,195,0.7
27,70,195,0.71
27,70,195,0.72
27,70,195,0.73
27,70,195,0.74
27,70,195,0.75
27,70,195,0.76
27,70,195,0.77
27,70,195,0.78
27,70,195,0.79
27,70,195,0.8
27,70,200,0.7
27,70,200,0.71
27,70,200,0.72
27,70,200,0.73
27,70,200,0.74
27,70,200,0.75
27,70,200,0.76
27,70,200,0.77
27,70,200,0.78
27,70,200,0.79
27,70,200,0.8
27,70,205,0.7
27,70,205,0.71
27,70,205,0.72
27,70,205,0.73
27,70,205,0.74
27,70,205,0.75
27,70,205,0.76
27,70,205,0.77
27,70,205,0.78
27,70,205,0.79
27,70,205,0.8
27,70,210,0.7
27,70,210,0.71
27,70,210,0.72
27,70,210,0.73
27,70,210,0.74
27,70,210,0.75
27,70,210,0.76
27,70,210,0.77
27,70,210,0.78
27,70,210,0.79
27,70,210,0.8
27,70,215,0.7
27,70,215,0.71
27,70,215,0.72
27,70,215,0.73
27,70,215,0.74
27,70,215,0.75
27,70,215,0.76
27,70,215,0.77
27,70,215,0.78
27,70,215,0.79
27,70,215,0.8
27,70,220,0.7
27,70,220,0.71
27,70,220,0.72
27,70,220,0.73
27,70,220,0.74
27,70,220,0.75
27,70,220,0.76
27,70,220,0.77
27,70,220,0.78
27,70,220,0.79
27,70,220,0.8
27,70,225,0.7
27,70,225,0.71
27,70,225,0.72
27,70,225,0.73
27,70,225,0.74
27,70,225,0.75
27,70,225,0.76
27,70,225,0.77
27,70,225,0.78
27,70,225,0.79
27,70,225,0.8
27,70,230,0.7
27,70,230,0.71
27,70,230,0.72
27,70,230,0.73
27,70,230,0.74
27,70,230,0.75
27,70,230,0.76
27,70,230,0.77
27,70,230,0.78
27,70,230,0.79
27,70,230,0.8
27,70,235,0.7
27,70,235,0.71
27,70,235,0.72
27,70,235,0.73
27,70,235,0.74
27,70,235,0.75
27,70,235,0.76
27,70,235,0.77
27,70,235,0.78
27,70,235,0.79
27,70,235,0.8
27,70,240,0.7
27,70,240,0.71
27,70,240,0.72
27,70,240,0.73
27,70,240,0.74
27,70,240,0.75
27,70,240,0.76
27,70,240,0.77
27,70,240,0.78
27,70,240,0.79
27,70,240,0.8
27,70,245,0.7
27,70,245,0.71
27,70,245,0.72
27,70,245,0.73
27,70,245,0.74
27,70,245,0.75
27,70,245,0.76
27,70,245,0.77
27,70,245,0.78
27,70,245,0.79
27,70,245,0.8
27,70,250,0.7
27,70,250,0.71
27,70,250,0.72
27,70,250,0.73
27,70,250,0.74
27,70,250,0.75
27,70,250,0.76
27,70,250,0.77
27,70,250,0.78
27,70,250,0.79
27,70,250,0.8
27,75,150,0.7
27,75,150,0.71
27,75,150,0.72
27,75,150,0.73
27,75,150,0.74
27,75,150,0.75
27,75,150,0.76
27,75,150,0.77
27,75,150,0.78
27,75,150,0.79
27,75,150,0.8
27,75,155,0.7
27,75,155,0.71
27,75,155,0.72
27,75,155,0.73
27,75,155,0.74
27,75,155,0.75
27,75,155,0.76
27,75,155,0.77
27,75,155,0.78
27,75,155,0.79
27,75,155,0.8
27,75,160,0.7
27,75,160,0.71
27,75,160,0.72
27,75,160,0.73
27,75,160,0.74
27,75,160,0.75
27,75,160,0.76
27,75,160,0.77
27,75,160,0.78
27,75,160,0.79
27,75,160,0.8
27,75,165,0.7
27,75,165,0.71
27,75,165,0.72
27,75,165,0.73
27,75,165,0.74
27,75,165,0.75
27,75,165,0.76
27,75,165,0.77
27,75,165,0.78
27,75,165,0.79
27,75,165,0.8
27,75,170,0.7
27,75,170,0.71
27,75,170,0.72
27,75,170,0.73
27,75,170,0.74
27,75,170,0.75
27,75,170,0.76
27,75,170,0.77
27,75,170,0.78
27,75,170,0.79
27,75,170,0.8
27,75,175,0.7
27,75,175,0.71
27,75,175,0.72
27,75,175,0.73
27,75,175,0.74
27,75,175,0.75
27,75,175,0.76
27,75,175,0.77
27,75,175,0.78
27,75,175,0.79
27,75,175,0.8
27,75,180,0.7
27,75,180,0.71
27,75,180,0.72
27,75,180,0.73
27,75,180,0.74
27,75,180,0.75
27,75,180,0.76
27,75,180,0.77
27,75,180,0.78
27,75,180,0.79
27,75,180,0.8
27,75,185,0.7
27,75,185,0.71
27,75,185,0.72
27,75,185,0.73
27,75,185,0.74
27,75,185,0.75
27,75,185,0.76
27,75,185,0.77
27,75,185,0.78
27,75,185,0.79
27,75,185,0.8
27,75,190,0.7
27,75,190,0.71
27,75,190,0.72
27,75,190,0.73
27,75,190,0.74
27,75,190,0.75
27,75,190,0.76
27,75,190,0.77
27,75,190,0.78
27,75,190,0.79
27,75,190,0.8
27,75,195,0.7
27,75,195,0.71
27,75,195,0.72
27,75,195,0.73
27,75,195,0.74
27,75,195,0.75
27,75,195,0.76
27,75,195,0.77
27,75,195,0.78
27,75,195,0.79
27,75,195,0.8
27,75,200,0.7
27,75,200,0.71
27,75,200,0.72
27,75,200,0.73
27,75,200,0.74
27,75,200,0.75
27,75,200,0.76
27,75,200,0.77
27,75,200,0.78
27,75,200,0.79
27,75,200,0.8
27,75,205,0.7
27,75,205,0.71
27,75,205,0.72
27,75,205,0.73
27,75,205,0.74
27,75,205,0.75
27,75,205,0.76
27,75,205,0.77
27,75,205,0.78
27,75,205,0.79
27,75,205,0.8
27,75,210,0.7
27,75,210,0.71
27,75,210,0.72
27,75,210,0.73
27,75,210,0.74
27,75,210,0.75
27,75,210,0.76
27,75,210,0.77
27,75,210,0.78
27,75,210,0.79
27,75,210,0.8
27,75,215,0.7
27,75,215,0.71
27,75,215,0.72
27,75,215,0.73
27,75,215,0.74
27,75,215,0.75
27,75,215,0.76
27,75,215,0.77
27,75,215,0.78
27,75,215,0.79
27,75,215,0.8
27,75,220,0.7
27,75,220,0.71
27,75,220,0.72
27,75,220,0.73
27,75,220,0.74
27,75,220,0.75
27,75,220,0.76
27,75,220,0.77
27,75,220,0.78
27,75,220,0.79
27,75,220,0.8
27,75,225,0.7
27,75,225,0.71
27,75,225,0.72
27,75,225,0.73
27,75,225,0.74
27,75,225,0.75
27,75,225,0.76
27,75,225,0.77
27,75,225,0.78
27,75,225,0.79
27,75,225,0.8
27,75,230,0.7
27,75,230,0.71
27,75,230,0.72
27,75,230,0.73
27,75,230,0.74
27,75,230,0.75
27,75,230,0.76
27,75,230,0.77
27,75,230,0.78
27,75,230,0.79
27,75,230,0.8
27,75,235,0.7
27,75,235,0.71
27,75,235,0.72
27,75,235,0.73
27,75,235,0.74
27,75,235,0.75
27,75,235,0.76
27,75,235,0.77
27,75,235,0.78
27,75,235,0.79
27,75,235,0.8
27,75,240,0.7
27,75,240,0.71
27,75,240,0.72
27,75,240,0.73
27,75,240,0.74
27,75,240,0.75
27,75,240,0.76
27,75,240,0.77
27,75,240,0.78
27,75,240,0.79
27,75,240,0.8
27,75,245,0.7
27,75,245,0.71
27,75,245,0.72
27,75,245,0.73
27,75,245,0.74
27,75,245,0.75
27,75,245,0.76
27,75,245,0.77
27,75,245,0.78
27,75,245,0.79
27,75,245,0.8
27,75,250,0.7
27,75,250,0.71
27,75,250,0.72
27,75,250,0.73
27,75,250,0.74
27,75,250,0.75
27,75,250,0.76
27,75,250,0.77
27,75,250,0.78
27,75,250,0.79
27,75,250,0.8
27,80,150,0.7
27,80,150,0.71
27,80,150,0.72
27,80,150,0.73
27,80,150,0.74
27,80,150,0.75
27,80,150,0.76
27,80,150,0.77
27,80,150,0.78
27,80,150,0.79
27,80,150,0.8
27,80,155,0.7
27,80,155,0.71
27,80,155,0.72
27,80,155,0.73
27,80,155,0.74
27,80,155,0.75
27,80,155,0.76
27,80,155,0.77
27,80,155,0.78
27,80,155,0.79
27,80,155,0.8
27,80,160,0.7
27,80,160,0.71
27,80,160,0.72
27,80,160,0.73
27,80,160,0.74
27,80,160,0.75
27,80,160,0.76
27,80,160,0.77
27,80,160,0.78
27,80,160,0.79
27,80,160,0.8
27,80,165,0.7
27,80,165,0.71
27,80,165,0.72
27,80,165,0.73
27,80,165,0.74
27,80,165,0.75
27,80,165,0.76
27,80,165,0.77
27,80,165,0.78
27,80,165,0.79
27,80,165,0.8
27,80,170,0.7
27,80,170,0.71
27,80,170,0.72
27,80,170,0.73
27,80,170,0.74
27,80,170,0.75
27,80,170,0.76
27,80,170,0.77
27,80,170,0.78
27,80,170,0.79
27,80,170,0.8
27,80,175,0.7
27,80,175,0.71
27,80,175,0.72
27,80,175,0.73
27,80,175,0.74
27,80,175,0.75
27,80,175,0.76
27,80,175,0.77
27,80,175,0.78
27,80,175,0.79
27,80,175,0.8
27,80,180,0.7
27,80,180,0.71
27,80,180,0.72
27,80,180,0.73
27,80,180,0.74
27,80,180,0.75
27,80,180,0.76
27,80,180,0.77
27,80,180,0.78
27,80,180,0.79
27,80,180,0.8
27,80,185,0.7
27,80,185,0.71
27,80,185,0.72
27,80,185,0.73
27,80,185,0.74
27,80,185,0.75
27,80,185,0.76
27,80,185,0.77
27,80,185,0.78
27,80,185,0.79
27,80,185,0.8
27,80,190,0.7
27,80,190,0.71
27,80,190,0.72
27,80,190,0.73
27,80,190,0.74
27,80,190,0.75
27,80,190,0.76
27,80,190,0.77
27,80,190,0.78
27,80,190,0.79
27,80,190,0.8
27,80,195,0.7
27,80,195,0.71
27,80,195,0.72
27,80,195,0.73
27,80,195,0.74
27,80,195,0.75
27,80,195,0.76
27,80,195,0.77
27,80,195,0.78
27,80,195,0.79
27,80,195,0.8
27,80,200,0.7
27,80,200,0.71
27,80,200,0.72
27,80,200,0.73
27,80,200,0.74
27,80,200,0.75
27,80,200,0.76
27,80,200,0.77
27,80,200,0.78
27,80,200,0.79
27,80,200,0.8
27,80,205,0.7
27,80,205,0.71
27,80,205,0.72
27,80,205,0.73
27,80,205,0.74
27,80,205,0.75
27,80,205,0.76
27,80,205,0.77
27,80,205,0.78
27,80,205,0.79
27,80,205,0.8
27,80,210,0.7
27,80,210,0.71
27,80,210,0.72
27,80,210,0.73
27,80,210,0.74
27,80,210,0.75
27,80,210,0.76
27,80,210,0.77
27,80,210,0.78
27,80,210,0.79
27,80,210,0.8
27,80,215,0.7
27,80,215,0.71
27,80,215,0.72
27,80,215,0.73
27,80,215,0.74
27,80,215,0.75
27,80,215,0.76
27,80,215,0.77
27,80,215,0.78
27,80,215,0.79
27,80,215,0.8
27,80,220,0.7
27,80,220,0.71
27,80,220,0.72
27,80,220,0.73
27,80,220,0.74
27,80,220,0.75
27,80,220,0.76
27,80,220,0.77
27,80,220,0.78
27,80,220,0.79
27,80,220,0.8
27,80,225,0.7
27,80,225,0.71
27,80,225,0.72
27,80,225,0.73
27,80,225,0.74
27,80,225,0.75
27,80,225,0.76
27,80,225,0.77
27,80,225,0.78
27,80,225,0.79
27,80,225,0.8
27,80,230,0.7
27,80,230,0.71
27,80,230,0.72
27,80,230,0.73
27,80,230,0.74
27,80,230,0.75
27,80,230,0.76
27,80,230,0.77
27,80,230,0.78
27,80,230,0.79
27,80,230,0.8
27,80,235,0.7
27,80,235,0.71
27,80,235,0.72
27,80,235,0.73
27,80,235,0.74
27,80,235,0.75
27,80,235,0.76
27,80,235,0.77
27,80,235,0.78
27,80,235,0.79
27,80,235,0.8
27,80,240,0.7
27,80,240,0.71
27,80,240,0.72
27,80,240,0.73
27,80,240,0.74
27,80,240,0.75
27,80,240,0.76
27,80,240,0.77
27,80,240,0.78
27,80,240,0.79
27,80,240,0.8
27,80,245,0.7
27,80,245,0.71
27,80,245,0.72
27,80,245,0.73
27,80,245,0.74
27,80,245,0.75
27,80,245,0.76
27,80,245,0.77
27,80,245,0.78
27,80,245,0.79
27,80,245,0.8
27,80,250,0.7
27,80,250,0.71
27,80,250,0.72
27,80,250,0.73
27,80,250,0.74
27,80,250,0.75
27,80,250,0.76
27,80,250,0.77
27,80,250,0.78
27,80,250,0.79
27,80,250,0.8
27,85,150,0.7
27,85,150,0.71
27,85,150,0.72
27,85,150,0.73
27,85,150,0.74
27,85,150,0.75
27,85,150,0.76
27,85,150,0.77
27,85,150,0.78
27,85,150,0.79
27,85,150,0.8
27,85,155,0.7
27,85,155,0.71
27,85,155,0.72
27,85,155,0.73
27,85,155,0.74
27,85,155,0.75
27,85,155,0.76
27,85,155,0.77
27,85,155,0.78
27,85,155,0.79
27,85,155,0.8
27,85,160,0.7
27,85,160,0.71
27,85,160,0.72
27,85,160,0.73
27,85,160,0.74
27,85,160,0.75
27,85,160,0.76
27,85,160,0.77
27,85,160,0.78
27,85,160,0.79
27,85,160,0.8
27,85,165,0.7
27,85,165,0.71
27,85,165,0.72
27,85,165,0.73
27,85,165,0.74
27,85,165,0.75
27,85,165,0.76
27,85,165,0.77
27,85,165,0.78
27,85,165,0.79
27,85,165,0.8
27,85,170,0.7
27,85,170,0.71
27,85,170,0.72
27,85,170,0.73
27,85,170,0.74
27,85,170,0.75
27,85,170,0.76
27,85,170,0.77
27,85,170,0.78
27,85,170,0.79
27,85,170,0.8
27,85,175,0.7
27,85,175,0.71
27,85,175,0.72
27,85,175,0.73
27,85,175,0.74
27,85,175,0.75
27,85,175,0.76
27,85,175,0.77
27,85,175,0.78
27,85,175,0.79
27,85,175,0.8
27,85,180,0.7
27,85,180,0.71
27,85,180,0.72
27,85,180,0.73
27,85,180,0.74
27,85,180,0.75
27,85,180,0.76
27,85,180,0.77
27,85,180,0.78
27,85,180,0.79
27,85,180,0.8
27,85,185,0.7
27,85,185,0.71
27,85,185,0.72
27,85,185,0.73
27,85,185,0.74
27,85,185,0.75
27,85,185,0.76
27,85,185,0.77
27,85,185,0.78
27,85,185,0.79
27,85,185,0.8
27,85,190,0.7
27,85,190,0.71
27,85,190,0.72
27,85,190,0.73
27,85,190,0.74
27,85,190,0.75
27,85,190,0.76
27,85,190,0.77
27,85,190,0.78
27,85,190,0.79
27,85,190,0.8
27,85,195,0.7
27,85,195,0.71
27,85,195,0.72
27,85,195,0.73
27,85,195,0.74
27,85,195,0.75
27,85,195,0.76
27,85,195,0.77
27,85,195,0.78
27,85,195,0.79
27,85,195,0.8
27,85,200,0.7
27,85,200,0.71
27,85,200,0.72
27,85,200,0.73
27,85,200,0.74
27,85,200,0.75
27,85,200,0.76
27,85,200,0.77
27,85,200,0.78
27,85,200,0.79
27,85,200,0.8
27,85,205,0.7
27,85,205,0.71
27,85,205,0.72
27,85,205,0.73
27,85,205,0.74
27,85,205,0.75
27,85,205,0.76
27,85,205,0.77
27,85,205,0.78
27,85,205,0.79
27,85,205,0.8
27,85,210,0.7
27,85,210,0.71
27,85,210,0.72
27,85,210,0.73
27,85,210,0.74
27,85,210,0.75
27,85,210,0.76
27,85,210,0.77
27,85,210,0.78
27,85,210,0.79
27,85,210,0.8
27,85,215,0.7
27,85,215,0.71
27,85,215,0.72
27,85,215,0.73
27,85,215,0.74
27,85,215,0.75
27,85,215,0.76
27,85,215,0.77
27,85,215,0.78
27,85,215,0.79
27,85,215,0.8
27,85,220,0.7
27,85,220,0.71
27,85,220,0.72
27,85,220,0.73
27,85,220,0.74
27,85,220,0.75
27,85,220,0.76
27,85,220,0.77
27,85,220,0.78
27,85,220,0.79
27,85,220,0.8
27,85,225,0.7
27,85,225,0.71
27,85,225,0.72
27,85,225,0.73
27,85,225,0.74
27,85,225,0.75
27,85,225,0.76
27,85,225,0.77
27,85,225,0.78
27,85,225,0.79
27,85,225,0.8
27,85,230,0.7
27,85,230,0.71
27,85,230,0.72
27,85,230,0.73
27,85,230,0.74
27,85,230,0.75
27,85,230,0.76
27,85,230,0.77
27,85,230,0.78
27,85,230,0.79
27,85,230,0.8
27,85,235,0.7
27,85,235,0.71
27,85,235,0.72
27,85,235,0.73
27,85,235,0.74
27,85,235,0.75
27,85,235,0.76
27,85,235,0.77
27,85,235,0.78
27,85,235,0.79
27,85,235,0.8
27,85,240,0.7
27,85,240,0.71
27,85,240,0.72
27,85,240,0.73
27,85,240,0.74
27,85,240,0.75
27,85,240,0.76
27,85,240,0.77
27,85,240,0.78
27,85,240,0.79
27,85,240,0.8
27,85,245,0.7
27,85,245,0.71
27,85,245,0.72
27,85,245,0.73
27,85,245,0.74
27,85,245,0.75
27,85,245,0.76
27,85,245,0.77
27,85,245,0.78
27,85,245,0.79
27,85,245,0.8
27,85,250,0.7
27,85,250,0.71
27,85,250,0.72
27,85,250,0.73
27,85,250,0.74
27,85,250,0.75
27,85,250,0.76
27,85,250,0.77
27,85,250,0.78
27,85,250,0.79
27,85,250,0.8
27,90,150,0.7
27,90,150,0.71
27,90,150,0.72
27,90,150,0.73
27,90,150,0.74
27,90,150,0.75
27,90,150,0.76
27,90,150,0.77
27,90,150,0.78
27,90,150,0.79
27,90,150,0.8
27,90,155,0.7
27,90,155,0.71
27,90,155,0.72
27,90,155,0.73
27,90,155,0.74
27,90,155,0.75
27,90,155,0.76
27,90,155,0.77
27,90,155,0.78
27,90,155,0.79
27,90,155,0.8
27,90,160,0.7
27,90,160,0.71
27,90,160,0.72
27,90,160,0.73
27,90,160,0.74
27,90,160,0.75
27,90,160,0.76
27,90,160,0.77
27,90,160,0.78
27,90,160,0.79
27,90,160,0.8
27,90,165,0.7
27,90,165,0.71
27,90,165,0.72
27,90,165,0.73
27,90,165,0.74
27,90,165,0.75
27,90,165,0.76
27,90,165,0.77
27,90,165,0.78
27,90,165,0.79
27,90,165,0.8
27,90,170,0.7
27,90,170,0.71
27,90,170,0.72
27,90,170,0.73
27,90,170,0.74
27,90,170,0.75
27,90,170,0.76
27,90,170,0.77
27,90,170,0.78
27,90,170,0.79
27,90,170,0.8
27,90,175,0.7
27,90,175,0.71
27,90,175,0.72
27,90,175,0.73
27,90,175,0.74
27,90,175,0.75
27,90,175,0.76
27,90,175,0.77
27,90,175,0.78
27,90,175,0.79
27,90,175,0.8
27,90,180,0.7
27,90,180,0.71
27,90,180,0.72
27,90,180,0.73
27,90,180,0.74
27,90,180,0.75
27,90,180,0.76
27,90,180,0.77
27,90,180,0.78
27,90,180,0.79
27,90,180,0.8
27,90,185,0.7
27,90,185,0.71
27,90,185,0.72
27,90,185,0.73
27,90,185,0.74
27,90,185,0.75
27,90,185,0.76
27,90,185,0.77
27,90,185,0.78
27,90,185,0.79
27,90,185,0.8
27,90,190,0.7
27,90,190,0.71
27,90,190,0.72
27,90,190,0.73
27,90,190,0.74
27,90,190,0.75
27,90,190,0.76
27,90,190,0.77
27,90,190,0.78
27,90,190,0.79
27,90,190,0.8
27,90,195,0.7
27,90,195,0.71
27,90,195,0.72
27,90,195,0.73
27,90,195,0.74
27,90,195,0.75
27,90,195,0.76
27,90,195,0.77
27,90,195,0.78
27,90,195,0.79
27,90,195,0.8
27,90,200,0.7
27,90,200,0.71
27,90,200,0.72
27,90,200,0.73
27,90,200,0.74
27,90,200,0.75
27,90,200,0.76
27,90,200,0.77
27,90,200,0.78
27,90,200,0.79
27,90,200,0.8
27,90,205,0.7
27,90,205,0.71
27,90,205,0.72
27,90,205,0.73
27,90,205,0.74
27,90,205,0.75
27,90,205,0.76
27,90,205,0.77
27,90,205,0.78
27,90,205,0.79
27,90,205,0.8
27,90,210,0.7
27,90,210,0.71
27,90,210,0.72
27,90,210,0.73
27,90,210,0.74
27,90,210,0.75
27,90,210,0.76
27,90,210,0.77
27,90,210,0.78
27,90,210,0.79
27,90,210,0.8
27,90,215,0.7
27,90,215,0.71
27,90,215,0.72
27,90,215,0.73
27,90,215,0.74
27,90,215,0.75
27,90,215,0.76
27,90,215,0.77
27,90,215,0.78
27,90,215,0.79
27,90,215,0.8
27,90,220,0.7
27,90,220,0.71
27,90,220,0.72
27,90,220,0.73
27,90,220,0.74
27,90,220,0.75
27,90,220,0.76
27,90,220,0.77
27,90,220,0.78
27,90,220,0.79
27,90,220,0.8
27,90,225,0.7
27,90,225,0.71
27,90,225,0.72
27,90,225,0.73
27,90,225,0.74
27,90,225,0.75
27,90,225,0.76
27,90,225,0.77
27,90,225,0.78
27,90,225,0.79
27,90,225,0.8
27,90,230,0.7
27,90,230,0.71
27,90,230,0.72
27,90,230,0.73
27,90,230,0.74
27,90,230,0.75
27,90,230,0.76
27,90,230,0.77
27,90,230,0.78
27,90,230,0.79
27,90,230,0.8
27,90,235,0.7
27,90,235,0.71
27,90,235,0.72
27,90,235,0.73
27,90,235,0.74
27,90,235,0.75
27,90,235,0.76
27,90,235,0.77
27,90,235,0.78
27,90,235,0.79
27,90,235,0.8
27,90,240,0.7
27,90,240,0.71
27,90,240,0.72
27,90,240,0.73
27,90,240,0.74
27,90,240,0.75
27,90,240,0.76
27,90,240,0.77
27,90,240,0.78
27,90,240,0.79
27,90,240,0.8
27,90,245,0.7
27,90,245,0.71
27,90,245,0.72
27,90,245,0.73
27,90,245,0.74
27,90,245,0.75
27,90,245,0.76
27,90,245,0.77
27,90,245,0.78
27,90,245,0.79
27,90,245,0.8
27,90,250,0.7
27,90,250,0.71
27,90,250,0.72
27,90,250,0.73
27,90,250,0.74
27,90,250,0.75
27,90,250,0.76
27,90,250,0.77
27,90,250,0.78
27,90,250,0.79
27,90,250,0.8
27,95,150,0.7
27,95,150,0.71
27,95,150,0.72
27,95,150,0.73
27,95,150,0.74
27,95,150,0.75
27,95,150,0.76
27,95,150,0.77
27,95,150,0.78
27,95,150,0.79
27,95,150,0.8
27,95,155,0.7
27,95,155,0.71
27,95,155,0.72
27,95,155,0.73
27,95,155,0.74
27,95,155,0.75
27,95,155,0.76
27,95,155,0.77
27,95,155,0.78
27,95,155,0.79
27,95,155,0.8
27,95,160,0.7
27,95,160,0.71
27,95,160,0.72
27,95,160,0.73
27,95,160,0.74
27,95,160,0.75
27,95,160,0.76
27,95,160,0.77
27,95,160,0.78
27,95,160,0.79
27,95,160,0.8
27,95,165,0.7
27,95,165,0.71
27,95,165,0.72
27,95,165,0.73
27,95,165,0.74
27,95,165,0.75
27,95,165,0.76
27,95,165,0.77
27,95,165,0.78
27,95,165,0.79
27,95,165,0.8
27,95,170,0.7
27,95,170,0.71
27,95,170,0.72
27,95,170,0.73
27,95,170,0.74
27,95,170,0.75
27,95,170,0.76
27,95,170,0.77
27,95,170,0.78
27,95,170,0.79
27,95,170,0.8
27,95,175,0.7
27,95,175,0.71
27,95,175,0.72
27,95,175,0.73
27,95,175,0.74
27,95,175,0.75
27,95,175,0.76
27,95,175,0.77
27,95,175,0.78
27,95,175,0.79
27,95,175,0.8
27,95,180,0.7
27,95,180,0.71
27,95,180,0.72
27,95,180,0.73
27,95,180,0.74
27,95,180,0.75
27,95,180,0.76
27,95,180,0.77
27,95,180,0.78
27,95,180,0.79
27,95,180,0.8
27,95,185,0.7
27,95,185,0.71
27,95,185,0.72
27,95,185,0.73
27,95,185,0.74
27,95,185,0.75
27,95,185,0.76
27,95,185,0.77
27,95,185,0.78
27,95,185,0.79
27,95,185,0.8
27,95,190,0.7
27,95,190,0.71
27,95,190,0.72
27,95,190,0.73
27,95,190,0.74
27,95,190,0.75
27,95,190,0.76
27,95,190,0.77
27,95,190,0.78
27,95,190,0.79
27,95,190,0.8
27,95,195,0.7
27,95,195,0.71
27,95,195,0.72
27,95,195,0.73
27,95,195,0.74
27,95,195,0.75
27,95,195,0.76
27,95,195,0.77
27,95,195,0.78
27,95,195,0.79
27,95,195,0.8
27,95,200,0.7
27,95,200,0.71
27,95,200,0.72
27,95,200,0.73
27,95,200,0.74
27,95,200,0.75
27,95,200,0.76
27,95,200,0.77
27,95,200,0.78
27,95,200,0.79
27,95,200,0.8
27,95,205,0.7
27,95,205,0.71
27,95,205,0.72
27,95,205,0.73
27,95,205,0.74
27,95,205,0.75
27,95,205,0.76
27,95,205,0.77
27,95,205,0.78
27,95,205,0.79
27,95,205,0.8
27,95,210,0.7
27,95,210,0.71
27,95,210,0.72
27,95,210,0.73
27,95,210,0.74
27,95,210,0.75
27,95,210,0.76
27,95,210,0.77
27,95,210,0.78
27,95,210,0.79
27,95,210,0.8
27,95,215,0.7
27,95,215,0.71
27,95,215,0.72
27,95,215,0.73
27,95,215,0.74
27,95,215,0.75
27,95,215,0.76
27,95,215,0.77
27,95,215,0.78
27,95,215,0.79
27,95,215,0.8
27,95,220,0.7
27,95,220,0.71
27,95,220,0.72
27,95,220,0.73
27,95,220,0.74
27,95,220,0.75
27,95,220,0.76
27,95,220,0.77
27,95,220,0.78
27,95,220,0.79
27,95,220,0.8
27,95,225,0.7
27,95,225,0.71
27,95,225,0.72
27,95,225,0.73
27,95,225,0.74
27,95,225,0.75
27,95,225,0.76
27,95,225,0.77
27,95,225,0.78
27,95,225,0.79
27,95,225,0.8
27,95,230,0.7
27,95,230,0.71
27,95,230,0.72
27,95,230,0.73
27,95,230,0.74
27,95,230,0.75
27,95,230,0.76
27,95,230,0.77
27,95,230,0.78
27,95,230,0.79
27,95,230,0.8
27,95,235,0.7
27,95,235,0.71
27,95,235,0.72
27,95,235,0.73
27,95,235,0.74
27,95,235,0.75
27,95,235,0.76
27,95,235,0.77
27,95,235,0.78
27,95,235,0.79
27,95,235,0.8
27,95,240,0.7
27,95,240,0.71
27,95,240,0.72
27,95,240,0.73
27,95,240,0.74
27,95,240,0.75
27,95,240,0.76
27,95,240,0.77
27,95,240,0.78
27,95,240,0.79
27,95,240,0.8
27,95,245,0.7
27,95,245,0.71
27,95,245,0.72
27,95,245,0.73
27,95,245,0.74
27,95,245,0.75
27,95,245,0.76
27,95,245,0.77
27,95,245,0.78
27,95,245,0.79
27,95,245,0.8
27,95,250,0.7
27,95,250,0.71
27,95,250,0.72
27,95,250,0.73
27,95,250,0.74
27,95,250,0.75
27,95,250,0.76
27,95,250,0.77
27,95,250,0.78
27,95,250,0.79
27,95,250,0.8
27,100,150,0.7
27,100,150,0.71
27,100,150,0.72
27,100,150,0.73
27,100,150,0.74
27,100,150,0.75
27,100,150,0.76
27,100,150,0.77
27,100,150,0.78
27,100,150,0.79
27,100,150,0.8
27,100,155,0.7
27,100,155,0.71
27,100,155,0.72
27,100,155,0.73
27,100,155,0.74
27,100,155,0.75
27,100,155,0.76
27,100,155,0.77
27,100,155,0.78
27,100,155,0.79
27,100,155,0.8
27,100,160,0.7
27,100,160,0.71
27,100,160,0.72
27,100,160,0.73
27,100,160,0.74
27,100,160,0.75
27,100,160,0.76
27,100,160,0.77
27,100,160,0.78
27,100,160,0.79
27,100,160,0.8
27,100,165,0.7
27,100,165,0.71
27,100,165,0.72
27,100,165,0.73
27,100,165,0.74
27,100,165,0.75
27,100,165,0.76
27,100,165,0.77
27,100,165,0.78
27,100,165,0.79
27,100,165,0.8
27,100,170,0.7
27,100,170,0.71
27,100,170,0.72
27,100,170,0.73
27,100,170,0.74
27,100,170,0.75
27,100,170,0.76
27,100,170,0.77
27,100,170,0.78
27,100,170,0.79
27,100,170,0.8
27,100,175,0.7
27,100,175,0.71
27,100,175,0.72
27,100,175,0.73
27,100,175,0.74
27,100,175,0.75
27,100,175,0.76
27,100,175,0.77
27,100,175,0.78
27,100,175,0.79
27,100,175,0.8
27,100,180,0.7
27,100,180,0.71
27,100,180,0.72
27,100,180,0.73
27,100,180,0.74
27,100,180,0.75
27,100,180,0.76
27,100,180,0.77
27,100,180,0.78
27,100,180,0.79
27,100,180,0.8
27,100,185,0.7
27,100,185,0.71
27,100,185,0.72
27,100,185,0.73
27,100,185,0.74
27,100,185,0.75
27,100,185,0.76
27,100,185,0.77
27,100,185,0.78
27,100,185,0.79
27,100,185,0.8
27,100,190,0.7
27,100,190,0.71
27,100,190,0.72
27,100,190,0.73
27,100,190,0.74
27,100,190,0.75
27,100,190,0.76
27,100,190,0.77
27,100,190,0.78
27,100,190,0.79
27,100,190,0.8
27,100,195,0.7
27,100,195,0.71
27,100,195,0.72
27,100,195,0.73
27,100,195,0.74
27,100,195,0.75
27,100,195,0.76
27,100,195,0.77
27,100,195,0.78
27,100,195,0.79
27,100,195,0.8
27,100,200,0.7
27,100,200,0.71
27,100,200,0.72
27,100,200,0.73
27,100,200,0.74
27,100,200,0.75
27,100,200,0.76
27,100,200,0.77
27,100,200,0.78
27,100,200,0.79
27,100,200,0.8
27,100,205,0.7
27,100,205,0.71
27,100,205,0.72
27,100,205,0.73
27,100,205,0.74
27,100,205,0.75
27,100,205,0.76
27,100,205,0.77
27,100,205,0.78
27,100,205,0.79
27,100,205,0.8
27,100,210,0.7
27,100,210,0.71
27,100,210,0.72
27,100,210,0.73
27,100,210,0.74
27,100,210,0.75
27,100,210,0.76
27,100,210,0.77
27,100,210,0.78
27,100,210,0.79
27,100,210,0.8
27,100,215,0.7
27,100,215,0.71
27,100,215,0.72
27,100,215,0.73
27,100,215,0.74
27,100,215,0.75
27,100,215,0.76
27,100,215,0.77
27,100,215,0.78
27,100,215,0.79
27,100,215,0.8
27,100,220,0.7
27,100,220,0.71
27,100,220,0.72
27,100,220,0.73
27,100,220,0.74
27,100,220,0.75
27,100,220,0.76
27,100,220,0.77
27,100,220,0.78
27,100,220,0.79
27,100,220,0.8
27,100,225,0.7
27,100,225,0.71
27,100,225,0.72
27,100,225,0.73
27,100,225,0.74
27,100,225,0.75
27,100,225,0.76
27,100,225,0.77
27,100,225,0.78
27,100,225,0.79
27,100,225,0.8
27,100,230,0.7
27,100,230,0.71
27,100,230,0.72
27,100,230,0.73
27,100,230,0.74
27,100,230,0.75
27,100,230,0.76
27,100,230,0.77
27,100,230,0.78
27,100,230,0.79
27,100,230,0.8
27,100,235,0.7
27,100,235,0.71
27,100,235,0.72
27,100,235,0.73
27,100,235,0.74
27,100,235,0.75
27,100,235,0.76
27,100,235,0.77
27,100,235,0.78
27,100,235,0.79
27,100,235,0.8
27,100,240,0.7
27,100,240,0.71
27,100,240,0.72
27,100,240,0.73
27,100,240,0.74
27,100,240,0.75
27,100,240,0.76
27,100,240,0.77
27,100,240,0.78
27,100,240,0.79
27,100,240,0.8
27,100,245,0.7
27,100,245,0.71
27,100,245,0.72
27,100,245,0.73
27,100,245,0.74
27,100,245,0.75
27,100,245,0.76
27,100,245,0.77
27,100,245,0.78
27,100,245,0.79
27,100,245,0.8
27,100,250,0.7
27,100,250,0.71
27,100,250,0.72
27,100,250,0.73
27,100,250,0.74
27,100,250,0.75
27,100,250,0.76
27,100,250,0.77
27,100,250,0.78
27,100,250,0.79
27,100,250,0.8
