25,25,150,0.7
25,25,150,0.71
25,25,150,0.72
25,25,150,0.73
25,25,150,0.74
25,25,150,0.75
25,25,150,0.76
25,25,150,0.77
25,25,150,0.78
25,25,150,0.79
25,25,150,0.8
25,25,155,0.7
25,25,155,0.71
25,25,155,0.72
25,25,155,0.73
25,25,155,0.74
25,25,155,0.75
25,25,155,0.76
25,25,155,0.77
25,25,155,0.78
25,25,155,0.79
25,25,155,0.8
25,25,160,0.7
25,25,160,0.71
25,25,160,0.72
25,25,160,0.73
25,25,160,0.74
25,25,160,0.75
25,25,160,0.76
25,25,160,0.77
25,25,160,0.78
25,25,160,0.79
25,25,160,0.8
25,25,165,0.7
25,25,165,0.71
25,25,165,0.72
25,25,165,0.73
25,25,165,0.74
25,25,165,0.75
25,25,165,0.76
25,25,165,0.77
25,25,165,0.78
25,25,165,0.79
25,25,165,0.8
25,25,170,0.7
25,25,170,0.71
25,25,170,0.72
25,25,170,0.73
25,25,170,0.74
25,25,170,0.75
25,25,170,0.76
25,25,170,0.77
25,25,170,0.78
25,25,170,0.79
25,25,170,0.8
25,25,175,0.7
25,25,175,0.71
25,25,175,0.72
25,25,175,0.73
25,25,175,0.74
25,25,175,0.75
25,25,175,0.76
25,25,175,0.77
25,25,175,0.78
25,25,175,0.79
25,25,175,0.8
25,25,180,0.7
25,25,180,0.71
25,25,180,0.72
25,25,180,0.73
25,25,180,0.74
25,25,180,0.75
25,25,180,0.76
25,25,180,0.77
25,25,180,0.78
25,25,180,0.79
25,25,180,0.8
25,25,185,0.7
25,25,185,0.71
25,25,185,0.72
25,25,185,0.73
25,25,185,0.74
25,25,185,0.75
25,25,185,0.76
25,25,185,0.77
25,25,185,0.78
25,25,185,0.79
25,25,185,0.8
25,25,190,0.7
25,25,190,0.71
25,25,190,0.72
25,25,190,0.73
25,25,190,0.74
25,25,190,0.75
25,25,190,0.76
25,25,190,0.77
25,25,190,0.78
25,25,190,0.79
25,25,190,0.8
25,25,195,0.7
25,25,195,0.71
25,25,195,0.72
25,25,195,0.73
25,25,195,0.74
25,25,195,0.75
25,25,195,0.76
25,25,195,0.77
25,25,195,0.78
25,25,195,0.79
25,25,195,0.8
25,25,200,0.7
25,25,200,0.71
25,25,200,0.72
25,25,200,0.73
25,25,200,0.74
25,25,200,0.75
25,25,200,0.76
25,25,200,0.77
25,25,200,0.78
25,25,200,0.79
25,25,200,0.8
25,25,205,0.7
25,25,205,0.71
25,25,205,0.72
25,25,205,0.73
25,25,205,0.74
25,25,205,0.75
25,25,205,0.76
25,25,205,0.77
25,25,205,0.78
25,25,205,0.79
25,25,205,0.8
25,25,210,0.7
25,25,210,0.71
25,25,210,0.72
25,25,210,0.73
25,25,210,0.74
25,25,210,0.75
25,25,210,0.76
25,25,210,0.77
25,25,210,0.78
25,25,210,0.79
25,25,210,0.8
25,25,215,0.7
25,25,215,0.71
25,25,215,0.72
25,25,215,0.73
25,25,215,0.74
25,25,215,0.75
25,25,215,0.76
25,25,215,0.77
25,25,215,0.78
25,25,215,0.79
25,25,215,0.8
25,25,220,0.7
25,25,220,0.71
25,25,220,0.72
25,25,220,0.73
25,25,220,0.74
25,25,220,0.75
25,25,220,0.76
25,25,220,0.77
25,25,220,0.78
25,25,220,0.79
25,25,220,0.8
25,25,225,0.7
25,25,225,0.71
25,25,225,0.72
25,25,225,0.73
25,25,225,0.74
25,25,225,0.75
25,25,225,0.76
25,25,225,0.77
25,25,225,0.78
25,25,225,0.79
25,25,225,0.8
25,25,230,0.7
25,25,230,0.71
25,25,230,0.72
25,25,230,0.73
25,25,230,0.74
25,25,230,0.75
25,25,230,0.76
25,25,230,0.77
25,25,230,0.78
25,25,230,0.79
25,25,230,0.8
25,25,235,0.7
25,25,235,0.71
25,25,235,0.72
25,25,235,0.73
25,25,235,0.74
25,25,235,0.75
25,25,235,0.76
25,25,235,0.77
25,25,235,0.78
25,25,235,0.79
25,25,235,0.8
25,25,240,0.7
25,25,240,0.71
25,25,240,0.72
25,25,240,0.73
25,25,240,0.74
25,25,240,0.75
25,25,240,0.76
25,25,240,0.77
25,25,240,0.78
25,25,240,0.79
25,25,240,0.8
25,25,245,0.7
25,25,245,0.71
25,25,245,0.72
25,25,245,0.73
25,25,245,0.74
25,25,245,0.75
25,25,245,0.76
25,25,245,0.77
25,25,245,0.78
25,25,245,0.79
25,25,245,0.8
25,25,250,0.7
25,25,250,0.71
25,25,250,0.72
25,25,250,0.73
25,25,250,0.74
25,25,250,0.75
25,25,250,0.76
25,25,250,0.77
25,25,250,0.78
25,25,250,0.79
25,25,250,0.8
25,30,150,0.7
25,30,150,0.71
25,30,150,0.72
25,30,150,0.73
25,30,150,0.74
25,30,150,0.75
25,30,150,0.76
25,30,150,0.77
25,30,150,0.78
25,30,150,0.79
25,30,150,0.8
25,30,155,0.7
25,30,155,0.71
25,30,155,0.72
25,30,155,0.73
25,30,155,0.74
25,30,155,0.75
25,30,155,0.76
25,30,155,0.77
25,30,155,0.78
25,30,155,0.79
25,30,155,0.8
25,30,160,0.7
25,30,160,0.71
25,30,160,0.72
25,30,160,0.73
25,30,160,0.74
25,30,160,0.75
25,30,160,0.76
25,30,160,0.77
25,30,160,0.78
25,30,160,0.79
25,30,160,0.8
25,30,165,0.7
25,30,165,0.71
25,30,165,0.72
25,30,165,0.73
25,30,165,0.74
25,30,165,0.75
25,30,165,0.76
25,30,165,0.77
25,30,165,0.78
25,30,165,0.79
25,30,165,0.8
25,30,170,0.7
25,30,170,0.71
25,30,170,0.72
25,30,170,0.73
25,30,170,0.74
25,30,170,0.75
25,30,170,0.76
25,30,170,0.77
25,30,170,0.78
25,30,170,0.79
25,30,170,0.8
25,30,175,0.7
25,30,175,0.71
25,30,175,0.72
25,30,175,0.73
25,30,175,0.74
25,30,175,0.75
25,30,175,0.76
25,30,175,0.77
25,30,175,0.78
25,30,175,0.79
25,30,175,0.8
25,30,180,0.7
25,30,180,0.71
25,30,180,0.72
25,30,180,0.73
25,30,180,0.74
25,30,180,0.75
25,30,180,0.76
25,30,180,0.77
25,30,180,0.78
25,30,180,0.79
25,30,180,0.8
25,30,185,0.7
25,30,185,0.71
25,30,185,0.72
25,30,185,0.73
25,30,185,0.74
25,30,185,0.75
25,30,185,0.76
25,30,185,0.77
25,30,185,0.78
25,30,185,0.79
25,30,185,0.8
25,30,190,0.7
25,30,190,0.71
25,30,190,0.72
25,30,190,0.73
25,30,190,0.74
25,30,190,0.75
25,30,190,0.76
25,30,190,0.77
25,30,190,0.78
25,30,190,0.79
25,30,190,0.8
25,30,195,0.7
25,30,195,0.71
25,30,195,0.72
25,30,195,0.73
25,30,195,0.74
25,30,195,0.75
25,30,195,0.76
25,30,195,0.77
25,30,195,0.78
25,30,195,0.79
25,30,195,0.8
25,30,200,0.7
25,30,200,0.71
25,30,200,0.72
25,30,200,0.73
25,30,200,0.74
25,30,200,0.75
25,30,200,0.76
25,30,200,0.77
25,30,200,0.78
25,30,200,0.79
25,30,200,0.8
25,30,205,0.7
25,30,205,0.71
25,30,205,0.72
25,30,205,0.73
25,30,205,0.74
25,30,205,0.75
25,30,205,0.76
25,30,205,0.77
25,30,205,0.78
25,30,205,0.79
25,30,205,0.8
25,30,210,0.7
25,30,210,0.71
25,30,210,0.72
25,30,210,0.73
25,30,210,0.74
25,30,210,0.75
25,30,210,0.76
25,30,210,0.77
25,30,210,0.78
25,30,210,0.79
25,30,210,0.8
25,30,215,0.7
25,30,215,0.71
25,30,215,0.72
25,30,215,0.73
25,30,215,0.74
25,30,215,0.75
25,30,215,0.76
25,30,215,0.77
25,30,215,0.78
25,30,215,0.79
25,30,215,0.8
25,30,220,0.7
25,30,220,0.71
25,30,220,0.72
25,30,220,0.73
25,30,220,0.74
25,30,220,0.75
25,30,220,0.76
25,30,220,0.77
25,30,220,0.78
25,30,220,0.79
25,30,220,0.8
25,30,225,0.7
25,30,225,0.71
25,30,225,0.72
25,30,225,0.73
25,30,225,0.74
25,30,225,0.75
25,30,225,0.76
25,30,225,0.77
25,30,225,0.78
25,30,225,0.79
25,30,225,0.8
25,30,230,0.7
25,30,230,0.71
25,30,230,0.72
25,30,230,0.73
25,30,230,0.74
25,30,230,0.75
25,30,230,0.76
25,30,230,0.77
25,30,230,0.78
25,30,230,0.79
25,30,230,0.8
25,30,235,0.7
25,30,235,0.71
25,30,235,0.72
25,30,235,0.73
25,30,235,0.74
25,30,235,0.75
25,30,235,0.76
25,30,235,0.77
25,30,235,0.78
25,30,235,0.79
25,30,235,0.8
25,30,240,0.7
25,30,240,0.71
25,30,240,0.72
25,30,240,0.73
25,30,240,0.74
25,30,240,0.75
25,30,240,0.76
25,30,240,0.77
25,30,240,0.78
25,30,240,0.79
25,30,240,0.8
25,30,245,0.7
25,30,245,0.71
25,30,245,0.72
25,30,245,0.73
25,30,245,0.74
25,30,245,0.75
25,30,245,0.76
25,30,245,0.77
25,30,245,0.78
25,30,245,0.79
25,30,245,0.8
25,30,250,0.7
25,30,250,0.71
25,30,250,0.72
25,30,250,0.73
25,30,250,0.74
25,30,250,0.75
25,30,250,0.76
25,30,250,0.77
25,30,250,0.78
25,30,250,0.79
25,30,250,0.8
25,35,150,0.7
25,35,150,0.71
25,35,150,0.72
25,35,150,0.73
25,35,150,0.74
25,35,150,0.75
25,35,150,0.76
25,35,150,0.77
25,35,150,0.78
25,35,150,0.79
25,35,150,0.8
25,35,155,0.7
25,35,155,0.71
25,35,155,0.72
25,35,155,0.73
25,35,155,0.74
25,35,155,0.75
25,35,155,0.76
25,35,155,0.77
25,35,155,0.78
25,35,155,0.79
25,35,155,0.8
25,35,160,0.7
25,35,160,0.71
25,35,160,0.72
25,35,160,0.73
25,35,160,0.74
25,35,160,0.75
25,35,160,0.76
25,35,160,0.77
25,35,160,0.78
25,35,160,0.79
25,35,160,0.8
25,35,165,0.7
25,35,165,0.71
25,35,165,0.72
25,35,165,0.73
25,35,165,0.74
25,35,165,0.75
25,35,165,0.76
25,35,165,0.77
25,35,165,0.78
25,35,165,0.79
25,35,165,0.8
25,35,170,0.7
25,35,170,0.71
25,35,170,0.72
25,35,170,0.73
25,35,170,0.74
25,35,170,0.75
25,35,170,0.76
25,35,170,0.77
25,35,170,0.78
25,35,170,0.79
25,35,170,0.8
25,35,175,0.7
25,35,175,0.71
25,35,175,0.72
25,35,175,0.73
25,35,175,0.74
25,35,175,0.75
25,35,175,0.76
25,35,175,0.77
25,35,175,0.78
25,35,175,0.79
25,35,175,0.8
25,35,180,0.7
25,35,180,0.71
25,35,180,0.72
25,35,180,0.73
25,35,180,0.74
25,35,180,0.75
25,35,180,0.76
25,35,180,0.77
25,35,180,0.78
25,35,180,0.79
25,35,180,0.8
25,35,185,0.7
25,35,185,0.71
25,35,185,0.72
25,35,185,0.73
25,35,185,0.74
25,35,185,0.75
25,35,185,0.76
25,35,185,0.77
25,35,185,0.78
25,35,185,0.79
25,35,185,0.8
25,35,190,0.7
25,35,190,0.71
25,35,190,0.72
25,35,190,0.73
25,35,190,0.74
25,35,190,0.75
25,35,190,0.76
25,35,190,0.77
25,35,190,0.78
25,35,190,0.79
25,35,190,0.8
25,35,195,0.7
25,35,195,0.71
25,35,195,0.72
25,35,195,0.73
25,35,195,0.74
25,35,195,0.75
25,35,195,0.76
25,35,195,0.77
25,35,195,0.78
25,35,195,0.79
25,35,195,0.8
25,35,200,0.7
25,35,200,0.71
25,35,200,0.72
25,35,200,0.73
25,35,200,0.74
25,35,200,0.75
25,35,200,0.76
25,35,200,0.77
25,35,200,0.78
25,35,200,0.79
25,35,200,0.8
25,35,205,0.7
25,35,205,0.71
25,35,205,0.72
25,35,205,0.73
25,35,205,0.74
25,35,205,0.75
25,35,205,0.76
25,35,205,0.77
25,35,205,0.78
25,35,205,0.79
25,35,205,0.8
25,35,210,0.7
25,35,210,0.71
25,35,210,0.72
25,35,210,0.73
25,35,210,0.74
25,35,210,0.75
25,35,210,0.76
25,35,210,0.77
25,35,210,0.78
25,35,210,0.79
25,35,210,0.8
25,35,215,0.7
25,35,215,0.71
25,35,215,0.72
25,35,215,0.73
25,35,215,0.74
25,35,215,0.75
25,35,215,0.76
25,35,215,0.77
25,35,215,0.78
25,35,215,0.79
25,35,215,0.8
25,35,220,0.7
25,35,220,0.71
25,35,220,0.72
25,35,220,0.73
25,35,220,0.74
25,35,220,0.75
25,35,220,0.76
25,35,220,0.77
25,35,220,0.78
25,35,220,0.79
25,35,220,0.8
25,35,225,0.7
25,35,225,0.71
25,35,225,0.72
25,35,225,0.73
25,35,225,0.74
25,35,225,0.75
25,35,225,0.76
25,35,225,0.77
25,35,225,0.78
25,35,225,0.79
25,35,225,0.8
25,35,230,0.7
25,35,230,0.71
25,35,230,0.72
25,35,230,0.73
25,35,230,0.74
25,35,230,0.75
25,35,230,0.76
25,35,230,0.77
25,35,230,0.78
25,35,230,0.79
25,35,230,0.8
25,35,235,0.7
25,35,235,0.71
25,35,235,0.72
25,35,235,0.73
25,35,235,0.74
25,35,235,0.75
25,35,235,0.76
25,35,235,0.77
25,35,235,0.78
25,35,235,0.79
25,35,235,0.8
25,35,240,0.7
25,35,240,0.71
25,35,240,0.72
25,35,240,0.73
25,35,240,0.74
25,35,240,0.75
25,35,240,0.76
25,35,240,0.77
25,35,240,0.78
25,35,240,0.79
25,35,240,0.8
25,35,245,0.7
25,35,245,0.71
25,35,245,0.72
25,35,245,0.73
25,35,245,0.74
25,35,245,0.75
25,35,245,0.76
25,35,245,0.77
25,35,245,0.78
25,35,245,0.79
25,35,245,0.8
25,35,250,0.7
25,35,250,0.71
25,35,250,0.72
25,35,250,0.73
25,35,250,0.74
25,35,250,0.75
25,35,250,0.76
25,35,250,0.77
25,35,250,0.78
25,35,250,0.79
25,35,250,0.8
25,40,150,0.7
25,40,150,0.71
25,40,150,0.72
25,40,150,0.73
25,40,150,0.74
25,40,150,0.75
25,40,150,0.76
25,40,150,0.77
25,40,150,0.78
25,40,150,0.79
25,40,150,0.8
25,40,155,0.7
25,40,155,0.71
25,40,155,0.72
25,40,155,0.73
25,40,155,0.74
25,40,155,0.75
25,40,155,0.76
25,40,155,0.77
25,40,155,0.78
25,40,155,0.79
25,40,155,0.8
25,40,160,0.7
25,40,160,0.71
25,40,160,0.72
25,40,160,0.73
25,40,160,0.74
25,40,160,0.75
25,40,160,0.76
25,40,160,0.77
25,40,160,0.78
25,40,160,0.79
25,40,160,0.8
25,40,165,0.7
25,40,165,0.71
25,40,165,0.72
25,40,165,0.73
25,40,165,0.74
25,40,165,0.75
25,40,165,0.76
25,40,165,0.77
25,40,165,0.78
25,40,165,0.79
25,40,165,0.8
25,40,170,0.7
25,40,170,0.71
25,40,170,0.72
25,40,170,0.73
25,40,170,0.74
25,40,170,0.75
25,40,170,0.76
25,40,170,0.77
25,40,170,0.78
25,40,170,0.79
25,40,170,0.8
25,40,175,0.7
25,40,175,0.71
25,40,175,0.72
25,40,175,0.73
25,40,175,0.74
25,40,175,0.75
25,40,175,0.76
25,40,175,0.77
25,40,175,0.78
25,40,175,0.79
25,40,175,0.8
25,40,180,0.7
25,40,180,0.71
25,40,180,0.72
25,40,180,0.73
25,40,180,0.74
25,40,180,0.75
25,40,180,0.76
25,40,180,0.77
25,40,180,0.78
25,40,180,0.79
25,40,180,0.8
25,40,185,0.7
25,40,185,0.71
25,40,185,0.72
25,40,185,0.73
25,40,185,0.74
25,40,185,0.75
25,40,185,0.76
25,40,185,0.77
25,40,185,0.78
25,40,185,0.79
25,40,185,0.8
25,40,190,0.7
25,40,190,0.71
25,40,190,0.72
25,40,190,0.73
25,40,190,0.74
25,40,190,0.75
25,40,190,0.76
25,40,190,0.77
25,40,190,0.78
25,40,190,0.79
25,40,190,0.8
25,40,195,0.7
25,40,195,0.71
25,40,195,0.72
25,40,195,0.73
25,40,195,0.74
25,40,195,0.75
25,40,195,0.76
25,40,195,0.77
25,40,195,0.78
25,40,195,0.79
25,40,195,0.8
25,40,200,0.7
25,40,200,0.71
25,40,200,0.72
25,40,200,0.73
25,40,200,0.74
25,40,200,0.75
25,40,200,0.76
25,40,200,0.77
25,40,200,0.78
25,40,200,0.79
25,40,200,0.8
25,40,205,0.7
25,40,205,0.71
25,40,205,0.72
25,40,205,0.73
25,40,205,0.74
25,40,205,0.75
25,40,205,0.76
25,40,205,0.77
25,40,205,0.78
25,40,205,0.79
25,40,205,0.8
25,40,210,0.7
25,40,210,0.71
25,40,210,0.72
25,40,210,0.73
25,40,210,0.74
25,40,210,0.75
25,40,210,0.76
25,40,210,0.77
25,40,210,0.78
25,40,210,0.79
25,40,210,0.8
25,40,215,0.7
25,40,215,0.71
25,40,215,0.72
25,40,215,0.73
25,40,215,0.74
25,40,215,0.75
25,40,215,0.76
25,40,215,0.77
25,40,215,0.78
25,40,215,0.79
25,40,215,0.8
25,40,220,0.7
25,40,220,0.71
25,40,220,0.72
25,40,220,0.73
25,40,220,0.74
25,40,220,0.75
25,40,220,0.76
25,40,220,0.77
25,40,220,0.78
25,40,220,0.79
25,40,220,0.8
25,40,225,0.7
25,40,225,0.71
25,40,225,0.72
25,40,225,0.73
25,40,225,0.74
25,40,225,0.75
25,40,225,0.76
25,40,225,0.77
25,40,225,0.78
25,40,225,0.79
25,40,225,0.8
25,40,230,0.7
25,40,230,0.71
25,40,230,0.72
25,40,230,0.73
25,40,230,0.74
25,40,230,0.75
25,40,230,0.76
25,40,230,0.77
25,40,230,0.78
25,40,230,0.79
25,40,230,0.8
25,40,235,0.7
25,40,235,0.71
25,40,235,0.72
25,40,235,0.73
25,40,235,0.74
25,40,235,0.75
25,40,235,0.76
25,40,235,0.77
25,40,235,0.78
25,40,235,0.79
25,40,235,0.8
25,40,240,0.7
25,40,240,0.71
25,40,240,0.72
25,40,240,0.73
25,40,240,0.74
25,40,240,0.75
25,40,240,0.76
25,40,240,0.77
25,40,240,0.78
25,40,240,0.79
25,40,240,0.8
25,40,245,0.7
25,40,245,0.71
25,40,245,0.72
25,40,245,0.73
25,40,245,0.74
25,40,245,0.75
25,40,245,0.76
25,40,245,0.77
25,40,245,0.78
25,40,245,0.79
25,40,245,0.8
25,40,250,0.7
25,40,250,0.71
25,40,250,0.72
25,40,250,0.73
25,40,250,0.74
25,40,250,0.75
25,40,250,0.76
25,40,250,0.77
25,40,250,0.78
25,40,250,0.79
25,40,250,0.8
25,45,150,0.7
25,45,150,0.71
25,45,150,0.72
25,45,150,0.73
25,45,150,0.74
25,45,150,0.75
25,45,150,0.76
25,45,150,0.77
25,45,150,0.78
25,45,150,0.79
25,45,150,0.8
25,45,155,0.7
25,45,155,0.71
25,45,155,0.72
25,45,155,0.73
25,45,155,0.74
25,45,155,0.75
25,45,155,0.76
25,45,155,0.77
25,45,155,0.78
25,45,155,0.79
25,45,155,0.8
25,45,160,0.7
25,45,160,0.71
25,45,160,0.72
25,45,160,0.73
25,45,160,0.74
25,45,160,0.75
25,45,160,0.76
25,45,160,0.77
25,45,160,0.78
25,45,160,0.79
25,45,160,0.8
25,45,165,0.7
25,45,165,0.71
25,45,165,0.72
25,45,165,0.73
25,45,165,0.74
25,45,165,0.75
25,45,165,0.76
25,45,165,0.77
25,45,165,0.78
25,45,165,0.79
25,45,165,0.8
25,45,170,0.7
25,45,170,0.71
25,45,170,0.72
25,45,170,0.73
25,45,170,0.74
25,45,170,0.75
25,45,170,0.76
25,45,170,0.77
25,45,170,0.78
25,45,170,0.79
25,45,170,0.8
25,45,175,0.7
25,45,175,0.71
25,45,175,0.72
25,45,175,0.73
25,45,175,0.74
25,45,175,0.75
25,45,175,0.76
25,45,175,0.77
25,45,175,0.78
25,45,175,0.79
25,45,175,0.8
25,45,180,0.7
25,45,180,0.71
25,45,180,0.72
25,45,180,0.73
25,45,180,0.74
25,45,180,0.75
25,45,180,0.76
25,45,180,0.77
25,45,180,0.78
25,45,180,0.79
25,45,180,0.8
25,45,185,0.7
25,45,185,0.71
25,45,185,0.72
25,45,185,0.73
25,45,185,0.74
25,45,185,0.75
25,45,185,0.76
25,45,185,0.77
25,45,185,0.78
25,45,185,0.79
25,45,185,0.8
25,45,190,0.7
25,45,190,0.71
25,45,190,0.72
25,45,190,0.73
25,45,190,0.74
25,45,190,0.75
25,45,190,0.76
25,45,190,0.77
25,45,190,0.78
25,45,190,0.79
25,45,190,0.8
25,45,195,0.7
25,45,195,0.71
25,45,195,0.72
25,45,195,0.73
25,45,195,0.74
25,45,195,0.75
25,45,195,0.76
25,45,195,0.77
25,45,195,0.78
25,45,195,0.79
25,45,195,0.8
25,45,200,0.7
25,45,200,0.71
25,45,200,0.72
25,45,200,0.73
25,45,200,0.74
25,45,200,0.75
25,45,200,0.76
25,45,200,0.77
25,45,200,0.78
25,45,200,0.79
25,45,200,0.8
25,45,205,0.7
25,45,205,0.71
25,45,205,0.72
25,45,205,0.73
25,45,205,0.74
25,45,205,0.75
25,45,205,0.76
25,45,205,0.77
25,45,205,0.78
25,45,205,0.79
25,45,205,0.8
25,45,210,0.7
25,45,210,0.71
25,45,210,0.72
25,45,210,0.73
25,45,210,0.74
25,45,210,0.75
25,45,210,0.76
25,45,210,0.77
25,45,210,0.78
25,45,210,0.79
25,45,210,0.8
25,45,215,0.7
25,45,215,0.71
25,45,215,0.72
25,45,215,0.73
25,45,215,0.74
25,45,215,0.75
25,45,215,0.76
25,45,215,0.77
25,45,215,0.78
25,45,215,0.79
25,45,215,0.8
25,45,220,0.7
25,45,220,0.71
25,45,220,0.72
25,45,220,0.73
25,45,220,0.74
25,45,220,0.75
25,45,220,0.76
25,45,220,0.77
25,45,220,0.78
25,45,220,0.79
25,45,220,0.8
25,45,225,0.7
25,45,225,0.71
25,45,225,0.72
25,45,225,0.73
25,45,225,0.74
25,45,225,0.75
25,45,225,0.76
25,45,225,0.77
25,45,225,0.78
25,45,225,0.79
25,45,225,0.8
25,45,230,0.7
25,45,230,0.71
25,45,230,0.72
25,45,230,0.73
25,45,230,0.74
25,45,230,0.75
25,45,230,0.76
25,45,230,0.77
25,45,230,0.78
25,45,230,0.79
25,45,230,0.8
25,45,235,0.7
25,45,235,0.71
25,45,235,0.72
25,45,235,0.73
25,45,235,0.74
25,45,235,0.75
25,45,235,0.76
25,45,235,0.77
25,45,235,0.78
25,45,235,0.79
25,45,235,0.8
25,45,240,0.7
25,45,240,0.71
25,45,240,0.72
25,45,240,0.73
25,45,240,0.74
25,45,240,0.75
25,45,240,0.76
25,45,240,0.77
25,45,240,0.78
25,45,240,0.79
25,45,240,0.8
25,45,245,0.7
25,45,245,0.71
25,45,245,0.72
25,45,245,0.73
25,45,245,0.74
25,45,245,0.75
25,45,245,0.76
25,45,245,0.77
25,45,245,0.78
25,45,245,0.79
25,45,245,0.8
25,45,250,0.7
25,45,250,0.71
25,45,250,0.72
25,45,250,0.73
25,45,250,0.74
25,45,250,0.75
25,45,250,0.76
25,45,250,0.77
25,45,250,0.78
25,45,250,0.79
25,45,250,0.8
25,50,150,0.7
25,50,150,0.71
25,50,150,0.72
25,50,150,0.73
25,50,150,0.74
25,50,150,0.75
25,50,150,0.76
25,50,150,0.77
25,50,150,0.78
25,50,150,0.79
25,50,150,0.8
25,50,155,0.7
25,50,155,0.71
25,50,155,0.72
25,50,155,0.73
25,50,155,0.74
25,50,155,0.75
25,50,155,0.76
25,50,155,0.77
25,50,155,0.78
25,50,155,0.79
25,50,155,0.8
25,50,160,0.7
25,50,160,0.71
25,50,160,0.72
25,50,160,0.73
25,50,160,0.74
25,50,160,0.75
25,50,160,0.76
25,50,160,0.77
25,50,160,0.78
25,50,160,0.79
25,50,160,0.8
25,50,165,0.7
25,50,165,0.71
25,50,165,0.72
25,50,165,0.73
25,50,165,0.74
25,50,165,0.75
25,50,165,0.76
25,50,165,0.77
25,50,165,0.78
25,50,165,0.79
25,50,165,0.8
25,50,170,0.7
25,50,170,0.71
25,50,170,0.72
25,50,170,0.73
25,50,170,0.74
25,50,170,0.75
25,50,170,0.76
25,50,170,0.77
25,50,170,0.78
25,50,170,0.79
25,50,170,0.8
25,50,175,0.7
25,50,175,0.71
25,50,175,0.72
25,50,175,0.73
25,50,175,0.74
25,50,175,0.75
25,50,175,0.76
25,50,175,0.77
25,50,175,0.78
25,50,175,0.79
25,50,175,0.8
25,50,180,0.7
25,50,180,0.71
25,50,180,0.72
25,50,180,0.73
25,50,180,0.74
25,50,180,0.75
25,50,180,0.76
25,50,180,0.77
25,50,180,0.78
25,50,180,0.79
25,50,180,0.8
25,50,185,0.7
25,50,185,0.71
25,50,185,0.72
25,50,185,0.73
25,50,185,0.74
25,50,185,0.75
25,50,185,0.76
25,50,185,0.77
25,50,185,0.78
25,50,185,0.79
25,50,185,0.8
25,50,190,0.7
25,50,190,0.71
25,50,190,0.72
25,50,190,0.73
25,50,190,0.74
25,50,190,0.75
25,50,190,0.76
25,50,190,0.77
25,50,190,0.78
25,50,190,0.79
25,50,190,0.8
25,50,195,0.7
25,50,195,0.71
25,50,195,0.72
25,50,195,0.73
25,50,195,0.74
25,50,195,0.75
25,50,195,0.76
25,50,195,0.77
25,50,195,0.78
25,50,195,0.79
25,50,195,0.8
25,50,200,0.7
25,50,200,0.71
25,50,200,0.72
25,50,200,0.73
25,50,200,0.74
25,50,200,0.75
25,50,200,0.76
25,50,200,0.77
25,50,200,0.78
25,50,200,0.79
25,50,200,0.8
25,50,205,0.7
25,50,205,0.71
25,50,205,0.72
25,50,205,0.73
25,50,205,0.74
25,50,205,0.75
25,50,205,0.76
25,50,205,0.77
25,50,205,0.78
25,50,205,0.79
25,50,205,0.8
25,50,210,0.7
25,50,210,0.71
25,50,210,0.72
25,50,210,0.73
25,50,210,0.74
25,50,210,0.75
25,50,210,0.76
25,50,210,0.77
25,50,210,0.78
25,50,210,0.79
25,50,210,0.8
25,50,215,0.7
25,50,215,0.71
25,50,215,0.72
25,50,215,0.73
25,50,215,0.74
25,50,215,0.75
25,50,215,0.76
25,50,215,0.77
25,50,215,0.78
25,50,215,0.79
25,50,215,0.8
25,50,220,0.7
25,50,220,0.71
25,50,220,0.72
25,50,220,0.73
25,50,220,0.74
25,50,220,0.75
25,50,220,0.76
25,50,220,0.77
25,50,220,0.78
25,50,220,0.79
25,50,220,0.8
25,50,225,0.7
25,50,225,0.71
25,50,225,0.72
25,50,225,0.73
25,50,225,0.74
25,50,225,0.75
25,50,225,0.76
25,50,225,0.77
25,50,225,0.78
25,50,225,0.79
25,50,225,0.8
25,50,230,0.7
25,50,230,0.71
25,50,230,0.72
25,50,230,0.73
25,50,230,0.74
25,50,230,0.75
25,50,230,0.76
25,50,230,0.77
25,50,230,0.78
25,50,230,0.79
25,50,230,0.8
25,50,235,0.7
25,50,235,0.71
25,50,235,0.72
25,50,235,0.73
25,50,235,0.74
25,50,235,0.75
25,50,235,0.76
25,50,235,0.77
25,50,235,0.78
25,50,235,0.79
25,50,235,0.8
25,50,240,0.7
25,50,240,0.71
25,50,240,0.72
25,50,240,0.73
25,50,240,0.74
25,50,240,0.75
25,50,240,0.76
25,50,240,0.77
25,50,240,0.78
25,50,240,0.79
25,50,240,0.8
25,50,245,0.7
25,50,245,0.71
25,50,245,0.72
25,50,245,0.73
25,50,245,0.74
25,50,245,0.75
25,50,245,0.76
25,50,245,0.77
25,50,245,0.78
25,50,245,0.79
25,50,245,0.8
25,50,250,0.7
25,50,250,0.71
25,50,250,0.72
25,50,250,0.73
25,50,250,0.74
25,50,250,0.75
25,50,250,0.76
25,50,250,0.77
25,50,250,0.78
25,50,250,0.79
25,50,250,0.8
25,55,150,0.7
25,55,150,0.71
25,55,150,0.72
25,55,150,0.73
25,55,150,0.74
25,55,150,0.75
25,55,150,0.76
25,55,150,0.77
25,55,150,0.78
25,55,150,0.79
25,55,150,0.8
25,55,155,0.7
25,55,155,0.71
25,55,155,0.72
25,55,155,0.73
25,55,155,0.74
25,55,155,0.75
25,55,155,0.76
25,55,155,0.77
25,55,155,0.78
25,55,155,0.79
25,55,155,0.8
25,55,160,0.7
25,55,160,0.71
25,55,160,0.72
25,55,160,0.73
25,55,160,0.74
25,55,160,0.75
25,55,160,0.76
25,55,160,0.77
25,55,160,0.78
25,55,160,0.79
25,55,160,0.8
25,55,165,0.7
25,55,165,0.71
25,55,165,0.72
25,55,165,0.73
25,55,165,0.74
25,55,165,0.75
25,55,165,0.76
25,55,165,0.77
25,55,165,0.78
25,55,165,0.79
25,55,165,0.8
25,55,170,0.7
25,55,170,0.71
25,55,170,0.72
25,55,170,0.73
25,55,170,0.74
25,55,170,0.75
25,55,170,0.76
25,55,170,0.77
25,55,170,0.78
25,55,170,0.79
25,55,170,0.8
25,55,175,0.7
25,55,175,0.71
25,55,175,0.72
25,55,175,0.73
25,55,175,0.74
25,55,175,0.75
25,55,175,0.76
25,55,175,0.77
25,55,175,0.78
25,55,175,0.79
25,55,175,0.8
25,55,180,0.7
25,55,180,0.71
25,55,180,0.72
25,55,180,0.73
25,55,180,0.74
25,55,180,0.75
25,55,180,0.76
25,55,180,0.77
25,55,180,0.78
25,55,180,0.79
25,55,180,0.8
25,55,185,0.7
25,55,185,0.71
25,55,185,0.72
25,55,185,0.73
25,55,185,0.74
25,55,185,0.75
25,55,185,0.76
25,55,185,0.77
25,55,185,0.78
25,55,185,0.79
25,55,185,0.8
25,55,190,0.7
25,55,190,0.71
25,55,190,0.72
25,55,190,0.73
25,55,190,0.74
25,55,190,0.75
25,55,190,0.76
25,55,190,0.77
25,55,190,0.78
25,55,190,0.79
25,55,190,0.8
25,55,195,0.7
25,55,195,0.71
25,55,195,0.72
25,55,195,0.73
25,55,195,0.74
25,55,195,0.75
25,55,195,0.76
25,55,195,0.77
25,55,195,0.78
25,55,195,0.79
25,55,195,0.8
25,55,200,0.7
25,55,200,0.71
25,55,200,0.72
25,55,200,0.73
25,55,200,0.74
25,55,200,0.75
25,55,200,0.76
25,55,200,0.77
25,55,200,0.78
25,55,200,0.79
25,55,200,0.8
25,55,205,0.7
25,55,205,0.71
25,55,205,0.72
25,55,205,0.73
25,55,205,0.74
25,55,205,0.75
25,55,205,0.76
25,55,205,0.77
25,55,205,0.78
25,55,205,0.79
25,55,205,0.8
25,55,210,0.7
25,55,210,0.71
25,55,210,0.72
25,55,210,0.73
25,55,210,0.74
25,55,210,0.75
25,55,210,0.76
25,55,210,0.77
25,55,210,0.78
25,55,210,0.79
25,55,210,0.8
25,55,215,0.7
25,55,215,0.71
25,55,215,0.72
25,55,215,0.73
25,55,215,0.74
25,55,215,0.75
25,55,215,0.76
25,55,215,0.77
25,55,215,0.78
25,55,215,0.79
25,55,215,0.8
25,55,220,0.7
25,55,220,0.71
25,55,220,0.72
25,55,220,0.73
25,55,220,0.74
25,55,220,0.75
25,55,220,0.76
25,55,220,0.77
25,55,220,0.78
25,55,220,0.79
25,55,220,0.8
25,55,225,0.7
25,55,225,0.71
25,55,225,0.72
25,55,225,0.73
25,55,225,0.74
25,55,225,0.75
25,55,225,0.76
25,55,225,0.77
25,55,225,0.78
25,55,225,0.79
25,55,225,0.8
25,55,230,0.7
25,55,230,0.71
25,55,230,0.72
25,55,230,0.73
25,55,230,0.74
25,55,230,0.75
25,55,230,0.76
25,55,230,0.77
25,55,230,0.78
25,55,230,0.79
25,55,230,0.8
25,55,235,0.7
25,55,235,0.71
25,55,235,0.72
25,55,235,0.73
25,55,235,0.74
25,55,235,0.75
25,55,235,0.76
25,55,235,0.77
25,55,235,0.78
25,55,235,0.79
25,55,235,0.8
25,55,240,0.7
25,55,240,0.71
25,55,240,0.72
25,55,240,0.73
25,55,240,0.74
25,55,240,0.75
25,55,240,0.76
25,55,240,0.77
25,55,240,0.78
25,55,240,0.79
25,55,240,0.8
25,55,245,0.7
25,55,245,0.71
25,55,245,0.72
25,55,245,0.73
25,55,245,0.74
25,55,245,0.75
25,55,245,0.76
25,55,245,0.77
25,55,245,0.78
25,55,245,0.79
25,55,245,0.8
25,55,250,0.7
25,55,250,0.71
25,55,250,0.72
25,55,250,0.73
25,55,250,0.74
25,55,250,0.75
25,55,250,0.76
25,55,250,0.77
25,55,250,0.78
25,55,250,0.79
25,55,250,0.8
25,60,150,0.7
25,60,150,0.71
25,60,150,0.72
25,60,150,0.73
25,60,150,0.74
25,60,150,0.75
25,60,150,0.76
25,60,150,0.77
25,60,150,0.78
25,60,150,0.79
25,60,150,0.8
25,60,155,0.7
25,60,155,0.71
25,60,155,0.72
25,60,155,0.73
25,60,155,0.74
25,60,155,0.75
25,60,155,0.76
25,60,155,0.77
25,60,155,0.78
25,60,155,0.79
25,60,155,0.8
25,60,160,0.7
25,60,160,0.71
25,60,160,0.72
25,60,160,0.73
25,60,160,0.74
25,60,160,0.75
25,60,160,0.76
25,60,160,0.77
25,60,160,0.78
25,60,160,0.79
25,60,160,0.8
25,60,165,0.7
25,60,165,0.71
25,60,165,0.72
25,60,165,0.73
25,60,165,0.74
25,60,165,0.75
25,60,165,0.76
25,60,165,0.77
25,60,165,0.78
25,60,165,0.79
25,60,165,0.8
25,60,170,0.7
25,60,170,0.71
25,60,170,0.72
25,60,170,0.73
25,60,170,0.74
25,60,170,0.75
25,60,170,0.76
25,60,170,0.77
25,60,170,0.78
25,60,170,0.79
25,60,170,0.8
25,60,175,0.7
25,60,175,0.71
25,60,175,0.72
25,60,175,0.73
25,60,175,0.74
25,60,175,0.75
25,60,175,0.76
25,60,175,0.77
25,60,175,0.78
25,60,175,0.79
25,60,175,0.8
25,60,180,0.7
25,60,180,0.71
25,60,180,0.72
25,60,180,0.73
25,60,180,0.74
25,60,180,0.75
25,60,180,0.76
25,60,180,0.77
25,60,180,0.78
25,60,180,0.79
25,60,180,0.8
25,60,185,0.7
25,60,185,0.71
25,60,185,0.72
25,60,185,0.73
25,60,185,0.74
25,60,185,0.75
25,60,185,0.76
25,60,185,0.77
25,60,185,0.78
25,60,185,0.79
25,60,185,0.8
25,60,190,0.7
25,60,190,0.71
25,60,190,0.72
25,60,190,0.73
25,60,190,0.74
25,60,190,0.75
25,60,190,0.76
25,60,190,0.77
25,60,190,0.78
25,60,190,0.79
25,60,190,0.8
25,60,195,0.7
25,60,195,0.71
25,60,195,0.72
25,60,195,0.73
25,60,195,0.74
25,60,195,0.75
25,60,195,0.76
25,60,195,0.77
25,60,195,0.78
25,60,195,0.79
25,60,195,0.8
25,60,200,0.7
25,60,200,0.71
25,60,200,0.72
25,60,200,0.73
25,60,200,0.74
25,60,200,0.75
25,60,200,0.76
25,60,200,0.77
25,60,200,0.78
25,60,200,0.79
25,60,200,0.8
25,60,205,0.7
25,60,205,0.71
25,60,205,0.72
25,60,205,0.73
25,60,205,0.74
25,60,205,0.75
25,60,205,0.76
25,60,205,0.77
25,60,205,0.78
25,60,205,0.79
25,60,205,0.8
25,60,210,0.7
25,60,210,0.71
25,60,210,0.72
25,60,210,0.73
25,60,210,0.74
25,60,210,0.75
25,60,210,0.76
25,60,210,0.77
25,60,210,0.78
25,60,210,0.79
25,60,210,0.8
25,60,215,0.7
25,60,215,0.71
25,60,215,0.72
25,60,215,0.73
25,60,215,0.74
25,60,215,0.75
25,60,215,0.76
25,60,215,0.77
25,60,215,0.78
25,60,215,0.79
25,60,215,0.8
25,60,220,0.7
25,60,220,0.71
25,60,220,0.72
25,60,220,0.73
25,60,220,0.74
25,60,220,0.75
25,60,220,0.76
25,60,220,0.77
25,60,220,0.78
25,60,220,0.79
25,60,220,0.8
25,60,225,0.7
25,60,225,0.71
25,60,225,0.72
25,60,225,0.73
25,60,225,0.74
25,60,225,0.75
25,60,225,0.76
25,60,225,0.77
25,60,225,0.78
25,60,225,0.79
25,60,225,0.8
25,60,230,0.7
25,60,230,0.71
25,60,230,0.72
25,60,230,0.73
25,60,230,0.74
25,60,230,0.75
25,60,230,0.76
25,60,230,0.77
25,60,230,0.78
25,60,230,0.79
25,60,230,0.8
25,60,235,0.7
25,60,235,0.71
25,60,235,0.72
25,60,235,0.73
25,60,235,0.74
25,60,235,0.75
25,60,235,0.76
25,60,235,0.77
25,60,235,0.78
25,60,235,0.79
25,60,235,0.8
25,60,240,0.7
25,60,240,0.71
25,60,240,0.72
25,60,240,0.73
25,60,240,0.74
25,60,240,0.75
25,60,240,0.76
25,60,240,0.77
25,60,240,0.78
25,60,240,0.79
25,60,240,0.8
25,60,245,0.7
25,60,245,0.71
25,60,245,0.72
25,60,245,0.73
25,60,245,0.74
25,60,245,0.75
25,60,245,0.76
25,60,245,0.77
25,60,245,0.78
25,60,245,0.79
25,60,245,0.8
25,60,250,0.7
25,60,250,0.71
25,60,250,0.72
25,60,250,0.73
25,60,250,0.74
25,60,250,0.75
25,60,250,0.76
25,60,250,0.77
25,60,250,0.78
25,60,250,0.79
25,60,250,0.8
25,65,150,0.7
25,65,150,0.71
25,65,150,0.72
25,65,150,0.73
25,65,150,0.74
25,65,150,0.75
25,65,150,0.76
25,65,150,0.77
25,65,150,0.78
25,65,150,0.79
25,65,150,0.8
25,65,155,0.7
25,65,155,0.71
25,65,155,0.72
25,65,155,0.73
25,65,155,0.74
25,65,155,0.75
25,65,155,0.76
25,65,155,0.77
25,65,155,0.78
25,65,155,0.79
25,65,155,0.8
25,65,160,0.7
25,65,160,0.71
25,65,160,0.72
25,65,160,0.73
25,65,160,0.74
25,65,160,0.75
25,65,160,0.76
25,65,160,0.77
25,65,160,0.78
25,65,160,0.79
25,65,160,0.8
25,65,165,0.7
25,65,165,0.71
25,65,165,0.72
25,65,165,0.73
25,65,165,0.74
25,65,165,0.75
25,65,165,0.76
25,65,165,0.77
25,65,165,0.78
25,65,165,0.79
25,65,165,0.8
25,65,170,0.7
25,65,170,0.71
25,65,170,0.72
25,65,170,0.73
25,65,170,0.74
25,65,170,0.75
25,65,170,0.76
25,65,170,0.77
25,65,170,0.78
25,65,170,0.79
25,65,170,0.8
25,65,175,0.7
25,65,175,0.71
25,65,175,0.72
25,65,175,0.73
25,65,175,0.74
25,65,175,0.75
25,65,175,0.76
25,65,175,0.77
25,65,175,0.78
25,65,175,0.79
25,65,175,0.8
25,65,180,0.7
25,65,180,0.71
25,65,180,0.72
25,65,180,0.73
25,65,180,0.74
25,65,180,0.75
25,65,180,0.76
25,65,180,0.77
25,65,180,0.78
25,65,180,0.79
25,65,180,0.8
25,65,185,0.7
25,65,185,0.71
25,65,185,0.72
25,65,185,0.73
25,65,185,0.74
25,65,185,0.75
25,65,185,0.76
25,65,185,0.77
25,65,185,0.78
25,65,185,0.79
25,65,185,0.8
25,65,190,0.7
25,65,190,0.71
25,65,190,0.72
25,65,190,0.73
25,65,190,0.74
25,65,190,0.75
25,65,190,0.76
25,65,190,0.77
25,65,190,0.78
25,65,190,0.79
25,65,190,0.8
25,65,195,0.7
25,65,195,0.71
25,65,195,0.72
25,65,195,0.73
25,65,195,0.74
25,65,195,0.75
25,65,195,0.76
25,65,195,0.77
25,65,195,0.78
25,65,195,0.79
25,65,195,0.8
25,65,200,0.7
25,65,200,0.71
25,65,200,0.72
25,65,200,0.73
25,65,200,0.74
25,65,200,0.75
25,65,200,0.76
25,65,200,0.77
25,65,200,0.78
25,65,200,0.79
25,65,200,0.8
25,65,205,0.7
25,65,205,0.71
25,65,205,0.72
25,65,205,0.73
25,65,205,0.74
25,65,205,0.75
25,65,205,0.76
25,65,205,0.77
25,65,205,0.78
25,65,205,0.79
25,65,205,0.8
25,65,210,0.7
25,65,210,0.71
25,65,210,0.72
25,65,210,0.73
25,65,210,0.74
25,65,210,0.75
25,65,210,0.76
25,65,210,0.77
25,65,210,0.78
25,65,210,0.79
25,65,210,0.8
25,65,215,0.7
25,65,215,0.71
25,65,215,0.72
25,65,215,0.73
25,65,215,0.74
25,65,215,0.75
25,65,215,0.76
25,65,215,0.77
25,65,215,0.78
25,65,215,0.79
25,65,215,0.8
25,65,220,0.7
25,65,220,0.71
25,65,220,0.72
25,65,220,0.73
25,65,220,0.74
25,65,220,0.75
25,65,220,0.76
25,65,220,0.77
25,65,220,0.78
25,65,220,0.79
25,65,220,0.8
25,65,225,0.7
25,65,225,0.71
25,65,225,0.72
25,65,225,0.73
25,65,225,0.74
25,65,225,0.75
25,65,225,0.76
25,65,225,0.77
25,65,225,0.78
25,65,225,0.79
25,65,225,0.8
25,65,230,0.7
25,65,230,0.71
25,65,230,0.72
25,65,230,0.73
25,65,230,0.74
25,65,230,0.75
25,65,230,0.76
25,65,230,0.77
25,65,230,0.78
25,65,230,0.79
25,65,230,0.8
25,65,235,0.7
25,65,235,0.71
25,65,235,0.72
25,65,235,0.73
25,65,235,0.74
25,65,235,0.75
25,65,235,0.76
25,65,235,0.77
25,65,235,0.78
25,65,235,0.79
25,65,235,0.8
25,65,240,0.7
25,65,240,0.71
25,65,240,0.72
25,65,240,0.73
25,65,240,0.74
25,65,240,0.75
25,65,240,0.76
25,65,240,0.77
25,65,240,0.78
25,65,240,0.79
25,65,240,0.8
25,65,245,0.7
25,65,245,0.71
25,65,245,0.72
25,65,245,0.73
25,65,245,0.74
25,65,245,0.75
25,65,245,0.76
25,65,245,0.77
25,65,245,0.78
25,65,245,0.79
25,65,245,0.8
25,65,250,0.7
25,65,250,0.71
25,65,250,0.72
25,65,250,0.73
25,65,250,0.74
25,65,250,0.75
25,65,250,0.76
25,65,250,0.77
25,65,250,0.78
25,65,250,0.79
25,65,250,0.8
25,70,150,0.7
25,70,150,0.71
25,70,150,0.72
25,70,150,0.73
25,70,150,0.74
25,70,150,0.75
25,70,150,0.76
25,70,150,0.77
25,70,150,0.78
25,70,150,0.79
25,70,150,0.8
25,70,155,0.7
25,70,155,0.71
25,70,155,0.72
25,70,155,0.73
25,70,155,0.74
25,70,155,0.75
25,70,155,0.76
25,70,155,0.77
25,70,155,0.78
25,70,155,0.79
25,70,155,0.8
25,70,160,0.7
25,70,160,0.71
25,70,160,0.72
25,70,160,0.73
25,70,160,0.74
25,70,160,0.75
25,70,160,0.76
25,70,160,0.77
25,70,160,0.78
25,70,160,0.79
25,70,160,0.8
25,70,165,0.7
25,70,165,0.71
25,70,165,0.72
25,70,165,0.73
25,70,165,0.74
25,70,165,0.75
25,70,165,0.76
25,70,165,0.77
25,70,165,0.78
25,70,165,0.79
25,70,165,0.8
25,70,170,0.7
25,70,170,0.71
25,70,170,0.72
25,70,170,0.73
25,70,170,0.74
25,70,170,0.75
25,70,170,0.76
25,70,170,0.77
25,70,170,0.78
25,70,170,0.79
25,70,170,0.8
25,70,175,0.7
25,70,175,0.71
25,70,175,0.72
25,70,175,0.73
25,70,175,0.74
25,70,175,0.75
25,70,175,0.76
25,70,175,0.77
25,70,175,0.78
25,70,175,0.79
25,70,175,0.8
25,70,180,0.7
25,70,180,0.71
25,70,180,0.72
25,70,180,0.73
25,70,180,0.74
25,70,180,0.75
25,70,180,0.76
25,70,180,0.77
25,70,180,0.78
25,70,180,0.79
25,70,180,0.8
25,70,185,0.7
25,70,185,0.71
25,70,185,0.72
25,70,185,0.73
25,70,185,0.74
25,70,185,0.75
25,70,185,0.76
25,70,185,0.77
25,70,185,0.78
25,70,185,0.79
25,70,185,0.8
25,70,190,0.7
25,70,190,0.71
25,70,190,0.72
25,70,190,0.73
25,70,190,0.74
25,70,190,0.75
25,70,190,0.76
25,70,190,0.77
25,70,190,0.78
25,70,190,0.79
25,70,190,0.8
25,70,195,0.7
25,70,195,0.71
25,70,195,0.72
25,70,195,0.73
25,70,195,0.74
25,70,195,0.75
25,70,195,0.76
25,70,195,0.77
25,70,195,0.78
25,70,195,0.79
25,70,195,0.8
25,70,200,0.7
25,70,200,0.71
25,70,200,0.72
25,70,200,0.73
25,70,200,0.74
25,70,200,0.75
25,70,200,0.76
25,70,200,0.77
25,70,200,0.78
25,70,200,0.79
25,70,200,0.8
25,70,205,0.7
25,70,205,0.71
25,70,205,0.72
25,70,205,0.73
25,70,205,0.74
25,70,205,0.75
25,70,205,0.76
25,70,205,0.77
25,70,205,0.78
25,70,205,0.79
25,70,205,0.8
25,70,210,0.7
25,70,210,0.71
25,70,210,0.72
25,70,210,0.73
25,70,210,0.74
25,70,210,0.75
25,70,210,0.76
25,70,210,0.77
25,70,210,0.78
25,70,210,0.79
25,70,210,0.8
25,70,215,0.7
25,70,215,0.71
25,70,215,0.72
25,70,215,0.73
25,70,215,0.74
25,70,215,0.75
25,70,215,0.76
25,70,215,0.77
25,70,215,0.78
25,70,215,0.79
25,70,215,0.8
25,70,220,0.7
25,70,220,0.71
25,70,220,0.72
25,70,220,0.73
25,70,220,0.74
25,70,220,0.75
25,70,220,0.76
25,70,220,0.77
25,70,220,0.78
25,70,220,0.79
25,70,220,0.8
25,70,225,0.7
25,70,225,0.71
25,70,225,0.72
25,70,225,0.73
25,70,225,0.74
25,70,225,0.75
25,70,225,0.76
25,70,225,0.77
25,70,225,0.78
25,70,225,0.79
25,70,225,0.8
25,70,230,0.7
25,70,230,0.71
25,70,230,0.72
25,70,230,0.73
25,70,230,0.74
25,70,230,0.75
25,70,230,0.76
25,70,230,0.77
25,70,230,0.78
25,70,230,0.79
25,70,230,0.8
25,70,235,0.7
25,70,235,0.71
25,70,235,0.72
25,70,235,0.73
25,70,235,0.74
25,70,235,0.75
25,70,235,0.76
25,70,235,0.77
25,70,235,0.78
25,70,235,0.79
25,70,235,0.8
25,70,240,0.7
25,70,240,0.71
25,70,240,0.72
25,70,240,0.73
25,70,240,0.74
25,70,240,0.75
25,70,240,0.76
25,70,240,0.77
25,70,240,0.78
25,70,240,0.79
25,70,240,0.8
25,70,245,0.7
25,70,245,0.71
25,70,245,0.72
25,70,245,0.73
25,70,245,0.74
25,70,245,0.75
25,70,245,0.76
25,70,245,0.77
25,70,245,0.78
25,70,245,0.79
25,70,245,0.8
25,70,250,0.7
25,70,250,0.71
25,70,250,0.72
25,70,250,0.73
25,70,250,0.74
25,70,250,0.75
25,70,250,0.76
25,70,250,0.77
25,70,250,0.78
25,70,250,0.79
25,70,250,0.8
25,75,150,0.7
25,75,150,0.71
25,75,150,0.72
25,75,150,0.73
25,75,150,0.74
25,75,150,0.75
25,75,150,0.76
25,75,150,0.77
25,75,150,0.78
25,75,150,0.79
25,75,150,0.8
25,75,155,0.7
25,75,155,0.71
25,75,155,0.72
25,75,155,0.73
25,75,155,0.74
25,75,155,0.75
25,75,155,0.76
25,75,155,0.77
25,75,155,0.78
25,75,155,0.79
25,75,155,0.8
25,75,160,0.7
25,75,160,0.71
25,75,160,0.72
25,75,160,0.73
25,75,160,0.74
25,75,160,0.75
25,75,160,0.76
25,75,160,0.77
25,75,160,0.78
25,75,160,0.79
25,75,160,0.8
25,75,165,0.7
25,75,165,0.71
25,75,165,0.72
25,75,165,0.73
25,75,165,0.74
25,75,165,0.75
25,75,165,0.76
25,75,165,0.77
25,75,165,0.78
25,75,165,0.79
25,75,165,0.8
25,75,170,0.7
25,75,170,0.71
25,75,170,0.72
25,75,170,0.73
25,75,170,0.74
25,75,170,0.75
25,75,170,0.76
25,75,170,0.77
25,75,170,0.78
25,75,170,0.79
25,75,170,0.8
25,75,175,0.7
25,75,175,0.71
25,75,175,0.72
25,75,175,0.73
25,75,175,0.74
25,75,175,0.75
25,75,175,0.76
25,75,175,0.77
25,75,175,0.78
25,75,175,0.79
25,75,175,0.8
25,75,180,0.7
25,75,180,0.71
25,75,180,0.72
25,75,180,0.73
25,75,180,0.74
25,75,180,0.75
25,75,180,0.76
25,75,180,0.77
25,75,180,0.78
25,75,180,0.79
25,75,180,0.8
25,75,185,0.7
25,75,185,0.71
25,75,185,0.72
25,75,185,0.73
25,75,185,0.74
25,75,185,0.75
25,75,185,0.76
25,75,185,0.77
25,75,185,0.78
25,75,185,0.79
25,75,185,0.8
25,75,190,0.7
25,75,190,0.71
25,75,190,0.72
25,75,190,0.73
25,75,190,0.74
25,75,190,0.75
25,75,190,0.76
25,75,190,0.77
25,75,190,0.78
25,75,190,0.79
25,75,190,0.8
25,75,195,0.7
25,75,195,0.71
25,75,195,0.72
25,75,195,0.73
25,75,195,0.74
25,75,195,0.75
25,75,195,0.76
25,75,195,0.77
25,75,195,0.78
25,75,195,0.79
25,75,195,0.8
25,75,200,0.7
25,75,200,0.71
25,75,200,0.72
25,75,200,0.73
25,75,200,0.74
25,75,200,0.75
25,75,200,0.76
25,75,200,0.77
25,75,200,0.78
25,75,200,0.79
25,75,200,0.8
25,75,205,0.7
25,75,205,0.71
25,75,205,0.72
25,75,205,0.73
25,75,205,0.74
25,75,205,0.75
25,75,205,0.76
25,75,205,0.77
25,75,205,0.78
25,75,205,0.79
25,75,205,0.8
25,75,210,0.7
25,75,210,0.71
25,75,210,0.72
25,75,210,0.73
25,75,210,0.74
25,75,210,0.75
25,75,210,0.76
25,75,210,0.77
25,75,210,0.78
25,75,210,0.79
25,75,210,0.8
25,75,215,0.7
25,75,215,0.71
25,75,215,0.72
25,75,215,0.73
25,75,215,0.74
25,75,215,0.75
25,75,215,0.76
25,75,215,0.77
25,75,215,0.78
25,75,215,0.79
25,75,215,0.8
25,75,220,0.7
25,75,220,0.71
25,75,220,0.72
25,75,220,0.73
25,75,220,0.74
25,75,220,0.75
25,75,220,0.76
25,75,220,0.77
25,75,220,0.78
25,75,220,0.79
25,75,220,0.8
25,75,225,0.7
25,75,225,0.71
25,75,225,0.72
25,75,225,0.73
25,75,225,0.74
25,75,225,0.75
25,75,225,0.76
25,75,225,0.77
25,75,225,0.78
25,75,225,0.79
25,75,225,0.8
25,75,230,0.7
25,75,230,0.71
25,75,230,0.72
25,75,230,0.73
25,75,230,0.74
25,75,230,0.75
25,75,230,0.76
25,75,230,0.77
25,75,230,0.78
25,75,230,0.79
25,75,230,0.8
25,75,235,0.7
25,75,235,0.71
25,75,235,0.72
25,75,235,0.73
25,75,235,0.74
25,75,235,0.75
25,75,235,0.76
25,75,235,0.77
25,75,235,0.78
25,75,235,0.79
25,75,235,0.8
25,75,240,0.7
25,75,240,0.71
25,75,240,0.72
25,75,240,0.73
25,75,240,0.74
25,75,240,0.75
25,75,240,0.76
25,75,240,0.77
25,75,240,0.78
25,75,240,0.79
25,75,240,0.8
25,75,245,0.7
25,75,245,0.71
25,75,245,0.72
25,75,245,0.73
25,75,245,0.74
25,75,245,0.75
25,75,245,0.76
25,75,245,0.77
25,75,245,0.78
25,75,245,0.79
25,75,245,0.8
25,75,250,0.7
25,75,250,0.71
25,75,250,0.72
25,75,250,0.73
25,75,250,0.74
25,75,250,0.75
25,75,250,0.76
25,75,250,0.77
25,75,250,0.78
25,75,250,0.79
25,75,250,0.8
25,80,150,0.7
25,80,150,0.71
25,80,150,0.72
25,80,150,0.73
25,80,150,0.74
25,80,150,0.75
25,80,150,0.76
25,80,150,0.77
25,80,150,0.78
25,80,150,0.79
25,80,150,0.8
25,80,155,0.7
25,80,155,0.71
25,80,155,0.72
25,80,155,0.73
25,80,155,0.74
25,80,155,0.75
25,80,155,0.76
25,80,155,0.77
25,80,155,0.78
25,80,155,0.79
25,80,155,0.8
25,80,160,0.7
25,80,160,0.71
25,80,160,0.72
25,80,160,0.73
25,80,160,0.74
25,80,160,0.75
25,80,160,0.76
25,80,160,0.77
25,80,160,0.78
25,80,160,0.79
25,80,160,0.8
25,80,165,0.7
25,80,165,0.71
25,80,165,0.72
25,80,165,0.73
25,80,165,0.74
25,80,165,0.75
25,80,165,0.76
25,80,165,0.77
25,80,165,0.78
25,80,165,0.79
25,80,165,0.8
25,80,170,0.7
25,80,170,0.71
25,80,170,0.72
25,80,170,0.73
25,80,170,0.74
25,80,170,0.75
25,80,170,0.76
25,80,170,0.77
25,80,170,0.78
25,80,170,0.79
25,80,170,0.8
25,80,175,0.7
25,80,175,0.71
25,80,175,0.72
25,80,175,0.73
25,80,175,0.74
25,80,175,0.75
25,80,175,0.76
25,80,175,0.77
25,80,175,0.78
25,80,175,0.79
25,80,175,0.8
25,80,180,0.7
25,80,180,0.71
25,80,180,0.72
25,80,180,0.73
25,80,180,0.74
25,80,180,0.75
25,80,180,0.76
25,80,180,0.77
25,80,180,0.78
25,80,180,0.79
25,80,180,0.8
25,80,185,0.7
25,80,185,0.71
25,80,185,0.72
25,80,185,0.73
25,80,185,0.74
25,80,185,0.75
25,80,185,0.76
25,80,185,0.77
25,80,185,0.78
25,80,185,0.79
25,80,185,0.8
25,80,190,0.7
25,80,190,0.71
25,80,190,0.72
25,80,190,0.73
25,80,190,0.74
25,80,190,0.75
25,80,190,0.76
25,80,190,0.77
25,80,190,0.78
25,80,190,0.79
25,80,190,0.8
25,80,195,0.7
25,80,195,0.71
25,80,195,0.72
25,80,195,0.73
25,80,195,0.74
25,80,195,0.75
25,80,195,0.76
25,80,195,0.77
25,80,195,0.78
25,80,195,0.79
25,80,195,0.8
25,80,200,0.7
25,80,200,0.71
25,80,200,0.72
25,80,200,0.73
25,80,200,0.74
25,80,200,0.75
25,80,200,0.76
25,80,200,0.77
25,80,200,0.78
25,80,200,0.79
25,80,200,0.8
25,80,205,0.7
25,80,205,0.71
25,80,205,0.72
25,80,205,0.73
25,80,205,0.74
25,80,205,0.75
25,80,205,0.76
25,80,205,0.77
25,80,205,0.78
25,80,205,0.79
25,80,205,0.8
25,80,210,0.7
25,80,210,0.71
25,80,210,0.72
25,80,210,0.73
25,80,210,0.74
25,80,210,0.75
25,80,210,0.76
25,80,210,0.77
25,80,210,0.78
25,80,210,0.79
25,80,210,0.8
25,80,215,0.7
25,80,215,0.71
25,80,215,0.72
25,80,215,0.73
25,80,215,0.74
25,80,215,0.75
25,80,215,0.76
25,80,215,0.77
25,80,215,0.78
25,80,215,0.79
25,80,215,0.8
25,80,220,0.7
25,80,220,0.71
25,80,220,0.72
25,80,220,0.73
25,80,220,0.74
25,80,220,0.75
25,80,220,0.76
25,80,220,0.77
25,80,220,0.78
25,80,220,0.79
25,80,220,0.8
25,80,225,0.7
25,80,225,0.71
25,80,225,0.72
25,80,225,0.73
25,80,225,0.74
25,80,225,0.75
25,80,225,0.76
25,80,225,0.77
25,80,225,0.78
25,80,225,0.79
25,80,225,0.8
25,80,230,0.7
25,80,230,0.71
25,80,230,0.72
25,80,230,0.73
25,80,230,0.74
25,80,230,0.75
25,80,230,0.76
25,80,230,0.77
25,80,230,0.78
25,80,230,0.79
25,80,230,0.8
25,80,235,0.7
25,80,235,0.71
25,80,235,0.72
25,80,235,0.73
25,80,235,0.74
25,80,235,0.75
25,80,235,0.76
25,80,235,0.77
25,80,235,0.78
25,80,235,0.79
25,80,235,0.8
25,80,240,0.7
25,80,240,0.71
25,80,240,0.72
25,80,240,0.73
25,80,240,0.74
25,80,240,0.75
25,80,240,0.76
25,80,240,0.77
25,80,240,0.78
25,80,240,0.79
25,80,240,0.8
25,80,245,0.7
25,80,245,0.71
25,80,245,0.72
25,80,245,0.73
25,80,245,0.74
25,80,245,0.75
25,80,245,0.76
25,80,245,0.77
25,80,245,0.78
25,80,245,0.79
25,80,245,0.8
25,80,250,0.7
25,80,250,0.71
25,80,250,0.72
25,80,250,0.73
25,80,250,0.74
25,80,250,0.75
25,80,250,0.76
25,80,250,0.77
25,80,250,0.78
25,80,250,0.79
25,80,250,0.8
25,85,150,0.7
25,85,150,0.71
25,85,150,0.72
25,85,150,0.73
25,85,150,0.74
25,85,150,0.75
25,85,150,0.76
25,85,150,0.77
25,85,150,0.78
25,85,150,0.79
25,85,150,0.8
25,85,155,0.7
25,85,155,0.71
25,85,155,0.72
25,85,155,0.73
25,85,155,0.74
25,85,155,0.75
25,85,155,0.76
25,85,155,0.77
25,85,155,0.78
25,85,155,0.79
25,85,155,0.8
25,85,160,0.7
25,85,160,0.71
25,85,160,0.72
25,85,160,0.73
25,85,160,0.74
25,85,160,0.75
25,85,160,0.76
25,85,160,0.77
25,85,160,0.78
25,85,160,0.79
25,85,160,0.8
25,85,165,0.7
25,85,165,0.71
25,85,165,0.72
25,85,165,0.73
25,85,165,0.74
25,85,165,0.75
25,85,165,0.76
25,85,165,0.77
25,85,165,0.78
25,85,165,0.79
25,85,165,0.8
25,85,170,0.7
25,85,170,0.71
25,85,170,0.72
25,85,170,0.73
25,85,170,0.74
25,85,170,0.75
25,85,170,0.76
25,85,170,0.77
25,85,170,0.78
25,85,170,0.79
25,85,170,0.8
25,85,175,0.7
25,85,175,0.71
25,85,175,0.72
25,85,175,0.73
25,85,175,0.74
25,85,175,0.75
25,85,175,0.76
25,85,175,0.77
25,85,175,0.78
25,85,175,0.79
25,85,175,0.8
25,85,180,0.7
25,85,180,0.71
25,85,180,0.72
25,85,180,0.73
25,85,180,0.74
25,85,180,0.75
25,85,180,0.76
25,85,180,0.77
25,85,180,0.78
25,85,180,0.79
25,85,180,0.8
25,85,185,0.7
25,85,185,0.71
25,85,185,0.72
25,85,185,0.73
25,85,185,0.74
25,85,185,0.75
25,85,185,0.76
25,85,185,0.77
25,85,185,0.78
25,85,185,0.79
25,85,185,0.8
25,85,190,0.7
25,85,190,0.71
25,85,190,0.72
25,85,190,0.73
25,85,190,0.74
25,85,190,0.75
25,85,190,0.76
25,85,190,0.77
25,85,190,0.78
25,85,190,0.79
25,85,190,0.8
25,85,195,0.7
25,85,195,0.71
25,85,195,0.72
25,85,195,0.73
25,85,195,0.74
25,85,195,0.75
25,85,195,0.76
25,85,195,0.77
25,85,195,0.78
25,85,195,0.79
25,85,195,0.8
25,85,200,0.7
25,85,200,0.71
25,85,200,0.72
25,85,200,0.73
25,85,200,0.74
25,85,200,0.75
25,85,200,0.76
25,85,200,0.77
25,85,200,0.78
25,85,200,0.79
25,85,200,0.8
25,85,205,0.7
25,85,205,0.71
25,85,205,0.72
25,85,205,0.73
25,85,205,0.74
25,85,205,0.75
25,85,205,0.76
25,85,205,0.77
25,85,205,0.78
25,85,205,0.79
25,85,205,0.8
25,85,210,0.7
25,85,210,0.71
25,85,210,0.72
25,85,210,0.73
25,85,210,0.74
25,85,210,0.75
25,85,210,0.76
25,85,210,0.77
25,85,210,0.78
25,85,210,0.79
25,85,210,0.8
25,85,215,0.7
25,85,215,0.71
25,85,215,0.72
25,85,215,0.73
25,85,215,0.74
25,85,215,0.75
25,85,215,0.76
25,85,215,0.77
25,85,215,0.78
25,85,215,0.79
25,85,215,0.8
25,85,220,0.7
25,85,220,0.71
25,85,220,0.72
25,85,220,0.73
25,85,220,0.74
25,85,220,0.75
25,85,220,0.76
25,85,220,0.77
25,85,220,0.78
25,85,220,0.79
25,85,220,0.8
25,85,225,0.7
25,85,225,0.71
25,85,225,0.72
25,85,225,0.73
25,85,225,0.74
25,85,225,0.75
25,85,225,0.76
25,85,225,0.77
25,85,225,0.78
25,85,225,0.79
25,85,225,0.8
25,85,230,0.7
25,85,230,0.71
25,85,230,0.72
25,85,230,0.73
25,85,230,0.74
25,85,230,0.75
25,85,230,0.76
25,85,230,0.77
25,85,230,0.78
25,85,230,0.79
25,85,230,0.8
25,85,235,0.7
25,85,235,0.71
25,85,235,0.72
25,85,235,0.73
25,85,235,0.74
25,85,235,0.75
25,85,235,0.76
25,85,235,0.77
25,85,235,0.78
25,85,235,0.79
25,85,235,0.8
25,85,240,0.7
25,85,240,0.71
25,85,240,0.72
25,85,240,0.73
25,85,240,0.74
25,85,240,0.75
25,85,240,0.76
25,85,240,0.77
25,85,240,0.78
25,85,240,0.79
25,85,240,0.8
25,85,245,0.7
25,85,245,0.71
25,85,245,0.72
25,85,245,0.73
25,85,245,0.74
25,85,245,0.75
25,85,245,0.76
25,85,245,0.77
25,85,245,0.78
25,85,245,0.79
25,85,245,0.8
25,85,250,0.7
25,85,250,0.71
25,85,250,0.72
25,85,250,0.73
25,85,250,0.74
25,85,250,0.75
25,85,250,0.76
25,85,250,0.77
25,85,250,0.78
25,85,250,0.79
25,85,250,0.8
25,90,150,0.7
25,90,150,0.71
25,90,150,0.72
25,90,150,0.73
25,90,150,0.74
25,90,150,0.75
25,90,150,0.76
25,90,150,0.77
25,90,150,0.78
25,90,150,0.79
25,90,150,0.8
25,90,155,0.7
25,90,155,0.71
25,90,155,0.72
25,90,155,0.73
25,90,155,0.74
25,90,155,0.75
25,90,155,0.76
25,90,155,0.77
25,90,155,0.78
25,90,155,0.79
25,90,155,0.8
25,90,160,0.7
25,90,160,0.71
25,90,160,0.72
25,90,160,0.73
25,90,160,0.74
25,90,160,0.75
25,90,160,0.76
25,90,160,0.77
25,90,160,0.78
25,90,160,0.79
25,90,160,0.8
25,90,165,0.7
25,90,165,0.71
25,90,165,0.72
25,90,165,0.73
25,90,165,0.74
25,90,165,0.75
25,90,165,0.76
25,90,165,0.77
25,90,165,0.78
25,90,165,0.79
25,90,165,0.8
25,90,170,0.7
25,90,170,0.71
25,90,170,0.72
25,90,170,0.73
25,90,170,0.74
25,90,170,0.75
25,90,170,0.76
25,90,170,0.77
25,90,170,0.78
25,90,170,0.79
25,90,170,0.8
25,90,175,0.7
25,90,175,0.71
25,90,175,0.72
25,90,175,0.73
25,90,175,0.74
25,90,175,0.75
25,90,175,0.76
25,90,175,0.77
25,90,175,0.78
25,90,175,0.79
25,90,175,0.8
25,90,180,0.7
25,90,180,0.71
25,90,180,0.72
25,90,180,0.73
25,90,180,0.74
25,90,180,0.75
25,90,180,0.76
25,90,180,0.77
25,90,180,0.78
25,90,180,0.79
25,90,180,0.8
25,90,185,0.7
25,90,185,0.71
25,90,185,0.72
25,90,185,0.73
25,90,185,0.74
25,90,185,0.75
25,90,185,0.76
25,90,185,0.77
25,90,185,0.78
25,90,185,0.79
25,90,185,0.8
25,90,190,0.7
25,90,190,0.71
25,90,190,0.72
25,90,190,0.73
25,90,190,0.74
25,90,190,0.75
25,90,190,0.76
25,90,190,0.77
25,90,190,0.78
25,90,190,0.79
25,90,190,0.8
25,90,195,0.7
25,90,195,0.71
25,90,195,0.72
25,90,195,0.73
25,90,195,0.74
25,90,195,0.75
25,90,195,0.76
25,90,195,0.77
25,90,195,0.78
25,90,195,0.79
25,90,195,0.8
25,90,200,0.7
25,90,200,0.71
25,90,200,0.72
25,90,200,0.73
25,90,200,0.74
25,90,200,0.75
25,90,200,0.76
25,90,200,0.77
25,90,200,0.78
25,90,200,0.79
25,90,200,0.8
25,90,205,0.7
25,90,205,0.71
25,90,205,0.72
25,90,205,0.73
25,90,205,0.74
25,90,205,0.75
25,90,205,0.76
25,90,205,0.77
25,90,205,0.78
25,90,205,0.79
25,90,205,0.8
25,90,210,0.7
25,90,210,0.71
25,90,210,0.72
25,90,210,0.73
25,90,210,0.74
25,90,210,0.75
25,90,210,0.76
25,90,210,0.77
25,90,210,0.78
25,90,210,0.79
25,90,210,0.8
25,90,215,0.7
25,90,215,0.71
25,90,215,0.72
25,90,215,0.73
25,90,215,0.74
25,90,215,0.75
25,90,215,0.76
25,90,215,0.77
25,90,215,0.78
25,90,215,0.79
25,90,215,0.8
25,90,220,0.7
25,90,220,0.71
25,90,220,0.72
25,90,220,0.73
25,90,220,0.74
25,90,220,0.75
25,90,220,0.76
25,90,220,0.77
25,90,220,0.78
25,90,220,0.79
25,90,220,0.8
25,90,225,0.7
25,90,225,0.71
25,90,225,0.72
25,90,225,0.73
25,90,225,0.74
25,90,225,0.75
25,90,225,0.76
25,90,225,0.77
25,90,225,0.78
25,90,225,0.79
25,90,225,0.8
25,90,230,0.7
25,90,230,0.71
25,90,230,0.72
25,90,230,0.73
25,90,230,0.74
25,90,230,0.75
25,90,230,0.76
25,90,230,0.77
25,90,230,0.78
25,90,230,0.79
25,90,230,0.8
25,90,235,0.7
25,90,235,0.71
25,90,235,0.72
25,90,235,0.73
25,90,235,0.74
25,90,235,0.75
25,90,235,0.76
25,90,235,0.77
25,90,235,0.78
25,90,235,0.79
25,90,235,0.8
25,90,240,0.7
25,90,240,0.71
25,90,240,0.72
25,90,240,0.73
25,90,240,0.74
25,90,240,0.75
25,90,240,0.76
25,90,240,0.77
25,90,240,0.78
25,90,240,0.79
25,90,240,0.8
25,90,245,0.7
25,90,245,0.71
25,90,245,0.72
25,90,245,0.73
25,90,245,0.74
25,90,245,0.75
25,90,245,0.76
25,90,245,0.77
25,90,245,0.78
25,90,245,0.79
25,90,245,0.8
25,90,250,0.7
25,90,250,0.71
25,90,250,0.72
25,90,250,0.73
25,90,250,0.74
25,90,250,0.75
25,90,250,0.76
25,90,250,0.77
25,90,250,0.78
25,90,250,0.79
25,90,250,0.8
25,95,150,0.7
25,95,150,0.71
25,95,150,0.72
25,95,150,0.73
25,95,150,0.74
25,95,150,0.75
25,95,150,0.76
25,95,150,0.77
25,95,150,0.78
25,95,150,0.79
25,95,150,0.8
25,95,155,0.7
25,95,155,0.71
25,95,155,0.72
25,95,155,0.73
25,95,155,0.74
25,95,155,0.75
25,95,155,0.76
25,95,155,0.77
25,95,155,0.78
25,95,155,0.79
25,95,155,0.8
25,95,160,0.7
25,95,160,0.71
25,95,160,0.72
25,95,160,0.73
25,95,160,0.74
25,95,160,0.75
25,95,160,0.76
25,95,160,0.77
25,95,160,0.78
25,95,160,0.79
25,95,160,0.8
25,95,165,0.7
25,95,165,0.71
25,95,165,0.72
25,95,165,0.73
25,95,165,0.74
25,95,165,0.75
25,95,165,0.76
25,95,165,0.77
25,95,165,0.78
25,95,165,0.79
25,95,165,0.8
25,95,170,0.7
25,95,170,0.71
25,95,170,0.72
25,95,170,0.73
25,95,170,0.74
25,95,170,0.75
25,95,170,0.76
25,95,170,0.77
25,95,170,0.78
25,95,170,0.79
25,95,170,0.8
25,95,175,0.7
25,95,175,0.71
25,95,175,0.72
25,95,175,0.73
25,95,175,0.74
25,95,175,0.75
25,95,175,0.76
25,95,175,0.77
25,95,175,0.78
25,95,175,0.79
25,95,175,0.8
25,95,180,0.7
25,95,180,0.71
25,95,180,0.72
25,95,180,0.73
25,95,180,0.74
25,95,180,0.75
25,95,180,0.76
25,95,180,0.77
25,95,180,0.78
25,95,180,0.79
25,95,180,0.8
25,95,185,0.7
25,95,185,0.71
25,95,185,0.72
25,95,185,0.73
25,95,185,0.74
25,95,185,0.75
25,95,185,0.76
25,95,185,0.77
25,95,185,0.78
25,95,185,0.79
25,95,185,0.8
25,95,190,0.7
25,95,190,0.71
25,95,190,0.72
25,95,190,0.73
25,95,190,0.74
25,95,190,0.75
25,95,190,0.76
25,95,190,0.77
25,95,190,0.78
25,95,190,0.79
25,95,190,0.8
25,95,195,0.7
25,95,195,0.71
25,95,195,0.72
25,95,195,0.73
25,95,195,0.74
25,95,195,0.75
25,95,195,0.76
25,95,195,0.77
25,95,195,0.78
25,95,195,0.79
25,95,195,0.8
25,95,200,0.7
25,95,200,0.71
25,95,200,0.72
25,95,200,0.73
25,95,200,0.74
25,95,200,0.75
25,95,200,0.76
25,95,200,0.77
25,95,200,0.78
25,95,200,0.79
25,95,200,0.8
25,95,205,0.7
25,95,205,0.71
25,95,205,0.72
25,95,205,0.73
25,95,205,0.74
25,95,205,0.75
25,95,205,0.76
25,95,205,0.77
25,95,205,0.78
25,95,205,0.79
25,95,205,0.8
25,95,210,0.7
25,95,210,0.71
25,95,210,0.72
25,95,210,0.73
25,95,210,0.74
25,95,210,0.75
25,95,210,0.76
25,95,210,0.77
25,95,210,0.78
25,95,210,0.79
25,95,210,0.8
25,95,215,0.7
25,95,215,0.71
25,95,215,0.72
25,95,215,0.73
25,95,215,0.74
25,95,215,0.75
25,95,215,0.76
25,95,215,0.77
25,95,215,0.78
25,95,215,0.79
25,95,215,0.8
25,95,220,0.7
25,95,220,0.71
25,95,220,0.72
25,95,220,0.73
25,95,220,0.74
25,95,220,0.75
25,95,220,0.76
25,95,220,0.77
25,95,220,0.78
25,95,220,0.79
25,95,220,0.8
25,95,225,0.7
25,95,225,0.71
25,95,225,0.72
25,95,225,0.73
25,95,225,0.74
25,95,225,0.75
25,95,225,0.76
25,95,225,0.77
25,95,225,0.78
25,95,225,0.79
25,95,225,0.8
25,95,230,0.7
25,95,230,0.71
25,95,230,0.72
25,95,230,0.73
25,95,230,0.74
25,95,230,0.75
25,95,230,0.76
25,95,230,0.77
25,95,230,0.78
25,95,230,0.79
25,95,230,0.8
25,95,235,0.7
25,95,235,0.71
25,95,235,0.72
25,95,235,0.73
25,95,235,0.74
25,95,235,0.75
25,95,235,0.76
25,95,235,0.77
25,95,235,0.78
25,95,235,0.79
25,95,235,0.8
25,95,240,0.7
25,95,240,0.71
25,95,240,0.72
25,95,240,0.73
25,95,240,0.74
25,95,240,0.75
25,95,240,0.76
25,95,240,0.77
25,95,240,0.78
25,95,240,0.79
25,95,240,0.8
25,95,245,0.7
25,95,245,0.71
25,95,245,0.72
25,95,245,0.73
25,95,245,0.74
25,95,245,0.75
25,95,245,0.76
25,95,245,0.77
25,95,245,0.78
25,95,245,0.79
25,95,245,0.8
25,95,250,0.7
25,95,250,0.71
25,95,250,0.72
25,95,250,0.73
25,95,250,0.74
25,95,250,0.75
25,95,250,0.76
25,95,250,0.77
25,95,250,0.78
25,95,250,0.79
25,95,250,0.8
25,100,150,0.7
25,100,150,0.71
25,100,150,0.72
25,100,150,0.73
25,100,150,0.74
25,100,150,0.75
25,100,150,0.76
25,100,150,0.77
25,100,150,0.78
25,100,150,0.79
25,100,150,0.8
25,100,155,0.7
25,100,155,0.71
25,100,155,0.72
25,100,155,0.73
25,100,155,0.74
25,100,155,0.75
25,100,155,0.76
25,100,155,0.77
25,100,155,0.78
25,100,155,0.79
25,100,155,0.8
25,100,160,0.7
25,100,160,0.71
25,100,160,0.72
25,100,160,0.73
25,100,160,0.74
25,100,160,0.75
25,100,160,0.76
25,100,160,0.77
25,100,160,0.78
25,100,160,0.79
25,100,160,0.8
25,100,165,0.7
25,100,165,0.71
25,100,165,0.72
25,100,165,0.73
25,100,165,0.74
25,100,165,0.75
25,100,165,0.76
25,100,165,0.77
25,100,165,0.78
25,100,165,0.79
25,100,165,0.8
25,100,170,0.7
25,100,170,0.71
25,100,170,0.72
25,100,170,0.73
25,100,170,0.74
25,100,170,0.75
25,100,170,0.76
25,100,170,0.77
25,100,170,0.78
25,100,170,0.79
25,100,170,0.8
25,100,175,0.7
25,100,175,0.71
25,100,175,0.72
25,100,175,0.73
25,100,175,0.74
25,100,175,0.75
25,100,175,0.76
25,100,175,0.77
25,100,175,0.78
25,100,175,0.79
25,100,175,0.8
25,100,180,0.7
25,100,180,0.71
25,100,180,0.72
25,100,180,0.73
25,100,180,0.74
25,100,180,0.75
25,100,180,0.76
25,100,180,0.77
25,100,180,0.78
25,100,180,0.79
25,100,180,0.8
25,100,185,0.7
25,100,185,0.71
25,100,185,0.72
25,100,185,0.73
25,100,185,0.74
25,100,185,0.75
25,100,185,0.76
25,100,185,0.77
25,100,185,0.78
25,100,185,0.79
25,100,185,0.8
25,100,190,0.7
25,100,190,0.71
25,100,190,0.72
25,100,190,0.73
25,100,190,0.74
25,100,190,0.75
25,100,190,0.76
25,100,190,0.77
25,100,190,0.78
25,100,190,0.79
25,100,190,0.8
25,100,195,0.7
25,100,195,0.71
25,100,195,0.72
25,100,195,0.73
25,100,195,0.74
25,100,195,0.75
25,100,195,0.76
25,100,195,0.77
25,100,195,0.78
25,100,195,0.79
25,100,195,0.8
25,100,200,0.7
25,100,200,0.71
25,100,200,0.72
25,100,200,0.73
25,100,200,0.74
25,100,200,0.75
25,100,200,0.76
25,100,200,0.77
25,100,200,0.78
25,100,200,0.79
25,100,200,0.8
25,100,205,0.7
25,100,205,0.71
25,100,205,0.72
25,100,205,0.73
25,100,205,0.74
25,100,205,0.75
25,100,205,0.76
25,100,205,0.77
25,100,205,0.78
25,100,205,0.79
25,100,205,0.8
25,100,210,0.7
25,100,210,0.71
25,100,210,0.72
25,100,210,0.73
25,100,210,0.74
25,100,210,0.75
25,100,210,0.76
25,100,210,0.77
25,100,210,0.78
25,100,210,0.79
25,100,210,0.8
25,100,215,0.7
25,100,215,0.71
25,100,215,0.72
25,100,215,0.73
25,100,215,0.74
25,100,215,0.75
25,100,215,0.76
25,100,215,0.77
25,100,215,0.78
25,100,215,0.79
25,100,215,0.8
25,100,220,0.7
25,100,220,0.71
25,100,220,0.72
25,100,220,0.73
25,100,220,0.74
25,100,220,0.75
25,100,220,0.76
25,100,220,0.77
25,100,220,0.78
25,100,220,0.79
25,100,220,0.8
25,100,225,0.7
25,100,225,0.71
25,100,225,0.72
25,100,225,0.73
25,100,225,0.74
25,100,225,0.75
25,100,225,0.76
25,100,225,0.77
25,100,225,0.78
25,100,225,0.79
25,100,225,0.8
25,100,230,0.7
25,100,230,0.71
25,100,230,0.72
25,100,230,0.73
25,100,230,0.74
25,100,230,0.75
25,100,230,0.76
25,100,230,0.77
25,100,230,0.78
25,100,230,0.79
25,100,230,0.8
25,100,235,0.7
25,100,235,0.71
25,100,235,0.72
25,100,235,0.73
25,100,235,0.74
25,100,235,0.75
25,100,235,0.76
25,100,235,0.77
25,100,235,0.78
25,100,235,0.79
25,100,235,0.8
25,100,240,0.7
25,100,240,0.71
25,100,240,0.72
25,100,240,0.73
25,100,240,0.74
25,100,240,0.75
25,100,240,0.76
25,100,240,0.77
25,100,240,0.78
25,100,240,0.79
25,100,240,0.8
25,100,245,0.7
25,100,245,0.71
25,100,245,0.72
25,100,245,0.73
25,100,245,0.74
25,100,245,0.75
25,100,245,0.76
25,100,245,0.77
25,100,245,0.78
25,100,245,0.79
25,100,245,0.8
25,100,250,0.7
25,100,250,0.71
25,100,250,0.72
25,100,250,0.73
25,100,250,0.74
25,100,250,0.75
25,100,250,0.76
25,100,250,0.77
25,100,250,0.78
25,100,250,0.79
25,100,250,0.8
26,25,150,0.7
26,25,150,0.71
26,25,150,0.72
26,25,150,0.73
26,25,150,0.74
26,25,150,0.75
26,25,150,0.76
26,25,150,0.77
26,25,150,0.78
26,25,150,0.79
26,25,150,0.8
26,25,155,0.7
26,25,155,0.71
26,25,155,0.72
26,25,155,0.73
26,25,155,0.74
26,25,155,0.75
26,25,155,0.76
26,25,155,0.77
26,25,155,0.78
26,25,155,0.79
26,25,155,0.8
26,25,160,0.7
26,25,160,0.71
26,25,160,0.72
26,25,160,0.73
26,25,160,0.74
26,25,160,0.75
26,25,160,0.76
26,25,160,0.77
26,25,160,0.78
26,25,160,0.79
26,25,160,0.8
26,25,165,0.7
26,25,165,0.71
26,25,165,0.72
26,25,165,0.73
26,25,165,0.74
26,25,165,0.75
26,25,165,0.76
26,25,165,0.77
26,25,165,0.78
26,25,165,0.79
26,25,165,0.8
26,25,170,0.7
26,25,170,0.71
26,25,170,0.72
26,25,170,0.73
26,25,170,0.74
26,25,170,0.75
26,25,170,0.76
26,25,170,0.77
26,25,170,0.78
26,25,170,0.79
26,25,170,0.8
26,25,175,0.7
26,25,175,0.71
26,25,175,0.72
26,25,175,0.73
26,25,175,0.74
26,25,175,0.75
26,25,175,0.76
26,25,175,0.77
26,25,175,0.78
26,25,175,0.79
26,25,175,0.8
26,25,180,0.7
26,25,180,0.71
26,25,180,0.72
26,25,180,0.73
26,25,180,0.74
26,25,180,0.75
26,25,180,0.76
26,25,180,0.77
26,25,180,0.78
26,25,180,0.79
26,25,180,0.8
26,25,185,0.7
26,25,185,0.71
26,25,185,0.72
26,25,185,0.73
26,25,185,0.74
26,25,185,0.75
26,25,185,0.76
26,25,185,0.77
26,25,185,0.78
26,25,185,0.79
26,25,185,0.8
26,25,190,0.7
26,25,190,0.71
26,25,190,0.72
26,25,190,0.73
26,25,190,0.74
26,25,190,0.75
26,25,190,0.76
26,25,190,0.77
26,25,190,0.78
26,25,190,0.79
26,25,190,0.8
26,25,195,0.7
26,25,195,0.71
26,25,195,0.72
26,25,195,0.73
26,25,195,0.74
26,25,195,0.75
26,25,195,0.76
26,25,195,0.77
26,25,195,0.78
26,25,195,0.79
26,25,195,0.8
26,25,200,0.7
26,25,200,0.71
26,25,200,0.72
26,25,200,0.73
26,25,200,0.74
26,25,200,0.75
26,25,200,0.76
26,25,200,0.77
26,25,200,0.78
26,25,200,0.79
26,25,200,0.8
26,25,205,0.7
26,25,205,0.71
26,25,205,0.72
26,25,205,0.73
26,25,205,0.74
26,25,205,0.75
26,25,205,0.76
26,25,205,0.77
26,25,205,0.78
26,25,205,0.79
26,25,205,0.8
26,25,210,0.7
26,25,210,0.71
26,25,210,0.72
26,25,210,0.73
26,25,210,0.74
26,25,210,0.75
26,25,210,0.76
26,25,210,0.77
26,25,210,0.78
26,25,210,0.79
26,25,210,0.8
26,25,215,0.7
26,25,215,0.71
26,25,215,0.72
26,25,215,0.73
26,25,215,0.74
26,25,215,0.75
26,25,215,0.76
26,25,215,0.77
26,25,215,0.78
26,25,215,0.79
26,25,215,0.8
26,25,220,0.7
26,25,220,0.71
26,25,220,0.72
26,25,220,0.73
26,25,220,0.74
26,25,220,0.75
26,25,220,0.76
26,25,220,0.77
26,25,220,0.78
26,25,220,0.79
26,25,220,0.8
26,25,225,0.7
26,25,225,0.71
26,25,225,0.72
26,25,225,0.73
26,25,225,0.74
26,25,225,0.75
26,25,225,0.76
26,25,225,0.77
26,25,225,0.78
26,25,225,0.79
26,25,225,0.8
26,25,230,0.7
26,25,230,0.71
26,25,230,0.72
26,25,230,0.73
26,25,230,0.74
26,25,230,0.75
26,25,230,0.76
26,25,230,0.77
26,25,230,0.78
26,25,230,0.79
26,25,230,0.8
26,25,235,0.7
26,25,235,0.71
26,25,235,0.72
26,25,235,0.73
26,25,235,0.74
26,25,235,0.75
26,25,235,0.76
26,25,235,0.77
26,25,235,0.78
26,25,235,0.79
26,25,235,0.8
26,25,240,0.7
26,25,240,0.71
26,25,240,0.72
26,25,240,0.73
26,25,240,0.74
26,25,240,0.75
26,25,240,0.76
26,25,240,0.77
26,25,240,0.78
26,25,240,0.79
26,25,240,0.8
26,25,245,0.7
26,25,245,0.71
26,25,245,0.72
26,25,245,0.73
26,25,245,0.74
26,25,245,0.75
26,25,245,0.76
26,25,245,0.77
26,25,245,0.78
26,25,245,0.79
26,25,245,0.8
26,25,250,0.7
26,25,250,0.71
26,25,250,0.72
26,25,250,0.73
26,25,250,0.74
26,25,250,0.75
26,25,250,0.76
26,25,250,0.77
26,25,250,0.78
26,25,250,0.79
26,25,250,0.8
26,30,150,0.7
26,30,150,0.71
26,30,150,0.72
26,30,150,0.73
26,30,150,0.74
26,30,150,0.75
26,30,150,0.76
26,30,150,0.77
26,30,150,0.78
26,30,150,0.79
26,30,150,0.8
26,30,155,0.7
26,30,155,0.71
26,30,155,0.72
26,30,155,0.73
26,30,155,0.74
26,30,155,0.75
26,30,155,0.76
26,30,155,0.77
26,30,155,0.78
26,30,155,0.79
26,30,155,0.8
26,30,160,0.7
26,30,160,0.71
26,30,160,0.72
26,30,160,0.73
26,30,160,0.74
26,30,160,0.75
26,30,160,0.76
26,30,160,0.77
26,30,160,0.78
26,30,160,0.79
26,30,160,0.8
26,30,165,0.7
26,30,165,0.71
26,30,165,0.72
26,30,165,0.73
26,30,165,0.74
26,30,165,0.75
26,30,165,0.76
26,30,165,0.77
26,30,165,0.78
26,30,165,0.79
26,30,165,0.8
26,30,170,0.7
26,30,170,0.71
26,30,170,0.72
26,30,170,0.73
26,30,170,0.74
26,30,170,0.75
26,30,170,0.76
26,30,170,0.77
26,30,170,0.78
26,30,170,0.79
26,30,170,0.8
26,30,175,0.7
26,30,175,0.71
26,30,175,0.72
26,30,175,0.73
26,30,175,0.74
26,30,175,0.75
26,30,175,0.76
26,30,175,0.77
26,30,175,0.78
26,30,175,0.79
26,30,175,0.8
26,30,180,0.7
26,30,180,0.71
26,30,180,0.72
26,30,180,0.73
26,30,180,0.74
26,30,180,0.75
26,30,180,0.76
